2.861159999999999854e+02 8.327329999999999472e+02 2.802250000000000227e+02 8.917259999999999991e+02 3.135799999999999841e+02 8.554600000000000364e+02 2.909429999999999836e+02 8.817129999999999654e+02 3.201340000000000146e+02 8.547440000000000282e+02 2.966920000000000073e+02 8.322799999999999727e+02
2.854449999999999932e+02 8.343070000000000164e+02 2.806510000000000105e+02 8.905679999999999836e+02 3.134460000000000264e+02 8.554589999999999463e+02 2.909900000000000091e+02 8.815900000000000318e+02 3.200819999999999936e+02 8.547450000000000045e+02 2.966920000000000073e+02 8.322799999999999727e+02
2.847719999999999914e+02 8.359370000000000118e+02 2.810559999999999832e+02 8.894790000000000418e+02 3.134259999999999877e+02 8.554589999999999463e+02 2.910360000000000014e+02 8.814669999999999845e+02 3.200430000000000064e+02 8.547469999999999573e+02 2.966920000000000073e+02 8.322799999999999727e+02
2.841039999999999850e+02 8.375919999999999845e+02 2.814680000000000177e+02 8.883830000000000382e+02 3.134270000000000209e+02 8.554589999999999463e+02 2.910830000000000268e+02 8.813460000000000036e+02 3.200419999999999732e+02 8.547469999999999573e+02 2.966920000000000073e+02 8.322799999999999727e+02
2.834159999999999968e+02 8.393110000000000355e+02 2.817839999999999918e+02 8.875460000000000491e+02 3.134270000000000209e+02 8.554589999999999463e+02 2.911290000000000191e+02 8.812269999999999754e+02 3.200430000000000064e+02 8.547469999999999573e+02 2.966920000000000073e+02 8.322799999999999727e+02
2.827200000000000273e+02 8.410589999999999691e+02 2.820629999999999882e+02 8.868170000000000073e+02 3.134270000000000209e+02 8.554589999999999463e+02 2.911750000000000114e+02 8.811100000000000136e+02 3.200430000000000064e+02 8.547469999999999573e+02 2.966920000000000073e+02 8.322799999999999727e+02
2.820520000000000209e+02 8.427559999999999718e+02 2.823140000000000214e+02 8.861580000000000155e+02 3.134270000000000209e+02 8.554589999999999463e+02 2.912200000000000273e+02 8.809930000000000518e+02 3.200430000000000064e+02 8.547469999999999573e+02 2.966920000000000073e+02 8.322799999999999727e+02
2.813620000000000232e+02 8.445270000000000437e+02 2.825400000000000205e+02 8.855639999999999645e+02 3.134270000000000209e+02 8.554589999999999463e+02 2.912649999999999864e+02 8.808780000000000427e+02 3.200430000000000064e+02 8.547469999999999573e+02 2.966920000000000073e+02 8.322799999999999727e+02
2.807189999999999941e+02 8.462219999999999800e+02 2.827409999999999854e+02 8.850339999999999918e+02 3.134270000000000209e+02 8.554589999999999463e+02 2.913100000000000023e+02 8.807640000000000100e+02 3.200430000000000064e+02 8.547469999999999573e+02 2.966920000000000073e+02 8.322799999999999727e+02
2.800880000000000223e+02 8.478519999999999754e+02 2.829300000000000068e+02 8.845359999999999445e+02 3.134270000000000209e+02 8.554589999999999463e+02 2.913550000000000182e+02 8.806509999999999536e+02 3.200430000000000064e+02 8.547469999999999573e+02 2.966920000000000073e+02 8.322799999999999727e+02
2.794839999999999804e+02 8.494120000000000346e+02 2.830989999999999895e+02 8.840879999999999654e+02 3.134270000000000209e+02 8.554589999999999463e+02 2.913999999999999773e+02 8.805380000000000109e+02 3.200430000000000064e+02 8.547469999999999573e+02 2.966920000000000073e+02 8.322799999999999727e+02
2.789100000000000250e+02 8.508999999999999773e+02 2.832509999999999764e+02 8.836849999999999454e+02 3.134270000000000209e+02 8.554589999999999463e+02 2.914440000000000168e+02 8.804260000000000446e+02 3.200430000000000064e+02 8.547469999999999573e+02 2.966920000000000073e+02 8.322799999999999727e+02
2.783509999999999991e+02 8.523630000000000564e+02 2.833890000000000100e+02 8.833150000000000546e+02 3.134270000000000209e+02 8.554589999999999463e+02 2.914889999999999759e+02 8.803150000000000546e+02 3.200430000000000064e+02 8.547469999999999573e+02 2.966920000000000073e+02 8.322799999999999727e+02
2.777959999999999923e+02 8.538329999999999700e+02 2.835160000000000196e+02 8.829759999999999991e+02 3.134270000000000209e+02 8.554589999999999463e+02 2.915330000000000155e+02 8.802039999999999509e+02 3.200430000000000064e+02 8.547469999999999573e+02 2.966920000000000073e+02 8.322799999999999727e+02
2.772400000000000091e+02 8.553099999999999454e+02 2.836309999999999718e+02 8.826689999999999827e+02 3.134270000000000209e+02 8.554589999999999463e+02 2.915779999999999745e+02 8.800929999999999609e+02 3.200430000000000064e+02 8.547469999999999573e+02 2.966920000000000073e+02 8.322799999999999727e+02
2.766739999999999782e+02 8.567960000000000491e+02 2.837339999999999804e+02 8.823909999999999627e+02 3.134270000000000209e+02 8.554589999999999463e+02 2.916220000000000141e+02 8.799829999999999472e+02 3.200430000000000064e+02 8.547469999999999573e+02 2.966920000000000073e+02 8.322799999999999727e+02
2.760989999999999895e+02 8.582970000000000255e+02 2.838260000000000218e+02 8.821430000000000291e+02 3.134270000000000209e+02 8.554589999999999463e+02 2.916669999999999732e+02 8.798730000000000473e+02 3.200430000000000064e+02 8.547469999999999573e+02 2.966920000000000073e+02 8.322799999999999727e+02
2.755219999999999914e+02 8.598010000000000446e+02 2.839060000000000059e+02 8.819239999999999782e+02 3.134270000000000209e+02 8.554589999999999463e+02 2.917119999999999891e+02 8.797640000000000100e+02 3.200430000000000064e+02 8.547469999999999573e+02 2.966920000000000073e+02 8.322799999999999727e+02
2.749449999999999932e+02 8.613060000000000400e+02 2.839839999999999804e+02 8.817119999999999891e+02 3.134270000000000209e+02 8.554589999999999463e+02 2.917559999999999718e+02 8.796539999999999964e+02 3.200430000000000064e+02 8.547469999999999573e+02 2.966920000000000073e+02 8.322799999999999727e+02
2.743659999999999854e+02 8.628229999999999791e+02 2.840600000000000023e+02 8.815080000000000382e+02 3.134270000000000209e+02 8.554589999999999463e+02 2.918009999999999877e+02 8.795449999999999591e+02 3.200430000000000064e+02 8.547469999999999573e+02 2.966920000000000073e+02 8.322799999999999727e+02
2.738190000000000168e+02 8.642980000000000018e+02 2.841259999999999764e+02 8.813279999999999745e+02 3.134270000000000209e+02 8.554589999999999463e+02 2.918460000000000036e+02 8.794349999999999454e+02 3.200430000000000064e+02 8.547469999999999573e+02 2.966920000000000073e+02 8.322799999999999727e+02
2.732970000000000255e+02 8.656979999999999791e+02 2.841800000000000068e+02 8.811829999999999927e+02 3.134270000000000209e+02 8.554589999999999463e+02 2.918919999999999959e+02 8.793260000000000218e+02 3.200430000000000064e+02 8.547469999999999573e+02 2.966920000000000073e+02 8.322799999999999727e+02
2.727970000000000255e+02 8.670489999999999782e+02 2.842330000000000041e+02 8.810370000000000346e+02 3.134270000000000209e+02 8.554589999999999463e+02 2.919370000000000118e+02 8.792160000000000082e+02 3.200430000000000064e+02 8.547469999999999573e+02 2.966920000000000073e+02 8.322799999999999727e+02
2.723000000000000114e+02 8.683970000000000482e+02 2.842780000000000200e+02 8.809149999999999636e+02 3.134270000000000209e+02 8.554589999999999463e+02 2.919820000000000277e+02 8.791069999999999709e+02 3.200430000000000064e+02 8.547469999999999573e+02 2.966920000000000073e+02 8.322799999999999727e+02
2.718009999999999877e+02 8.697409999999999854e+02 2.843220000000000027e+02 8.807939999999999827e+02 3.134270000000000209e+02 8.554589999999999463e+02 2.920090000000000146e+02 8.790410000000000537e+02 3.200430000000000064e+02 8.547469999999999573e+02 2.966920000000000073e+02 8.322799999999999727e+02
2.713079999999999927e+02 8.710779999999999745e+02 2.843659999999999854e+02 8.806739999999999782e+02 3.134270000000000209e+02 8.554589999999999463e+02 2.920040000000000191e+02 8.790520000000000209e+02 3.200430000000000064e+02 8.547469999999999573e+02 2.966920000000000073e+02 8.322799999999999727e+02
2.708240000000000123e+02 8.724120000000000346e+02 2.844100000000000250e+02 8.805539999999999736e+02 3.134270000000000209e+02 8.554589999999999463e+02 2.920040000000000191e+02 8.790520000000000209e+02 3.200430000000000064e+02 8.547469999999999573e+02 2.966920000000000073e+02 8.322799999999999727e+02
2.703399999999999750e+02 8.737530000000000427e+02 2.844549999999999841e+02 8.804329999999999927e+02 3.134270000000000209e+02 8.554589999999999463e+02 2.920040000000000191e+02 8.790520000000000209e+02 3.200430000000000064e+02 8.547469999999999573e+02 2.966920000000000073e+02 8.322799999999999727e+02
2.698519999999999754e+02 8.751009999999999991e+02 2.844990000000000236e+02 8.803110000000000355e+02 3.134270000000000209e+02 8.554589999999999463e+02 2.920040000000000191e+02 8.790520000000000209e+02 3.200430000000000064e+02 8.547469999999999573e+02 2.966920000000000073e+02 8.322799999999999727e+02
2.693570000000000277e+02 8.764550000000000409e+02 2.845439999999999827e+02 8.801889999999999645e+02 3.134270000000000209e+02 8.554589999999999463e+02 2.920040000000000191e+02 8.790520000000000209e+02 3.200430000000000064e+02 8.547469999999999573e+02 2.966920000000000073e+02 8.322799999999999727e+02
2.688609999999999900e+02 8.778099999999999454e+02 2.845889999999999986e+02 8.800670000000000073e+02 3.134270000000000209e+02 8.554589999999999463e+02 2.920040000000000191e+02 8.790520000000000209e+02 3.200430000000000064e+02 8.547469999999999573e+02 2.966920000000000073e+02 8.322799999999999727e+02
2.683600000000000136e+02 8.791620000000000346e+02 2.846329999999999814e+02 8.799460000000000264e+02 3.134270000000000209e+02 8.554589999999999463e+02 2.920040000000000191e+02 8.790520000000000209e+02 3.200430000000000064e+02 8.547469999999999573e+02 2.966920000000000073e+02 8.322799999999999727e+02
2.678550000000000182e+02 8.805090000000000146e+02 2.846770000000000209e+02 8.798239999999999554e+02 3.134270000000000209e+02 8.554589999999999463e+02 2.920040000000000191e+02 8.790520000000000209e+02 3.200430000000000064e+02 8.547469999999999573e+02 2.966920000000000073e+02 8.322799999999999727e+02
2.673480000000000132e+02 8.818529999999999518e+02 2.847250000000000227e+02 8.796979999999999791e+02 3.134270000000000209e+02 8.554589999999999463e+02 2.920040000000000191e+02 8.790520000000000209e+02 3.200430000000000064e+02 8.547469999999999573e+02 2.966920000000000073e+02 8.322799999999999727e+02
2.668480000000000132e+02 8.832010000000000218e+02 2.847679999999999723e+02 8.795750000000000455e+02 3.134270000000000209e+02 8.554589999999999463e+02 2.920040000000000191e+02 8.790520000000000209e+02 3.200430000000000064e+02 8.547469999999999573e+02 2.966920000000000073e+02 8.322799999999999727e+02
2.663509999999999991e+02 8.845510000000000446e+02 2.848059999999999832e+02 8.794729999999999563e+02 3.134270000000000209e+02 8.554589999999999463e+02 2.920040000000000191e+02 8.790520000000000209e+02 3.200430000000000064e+02 8.547469999999999573e+02 2.966920000000000073e+02 8.322799999999999727e+02
2.658360000000000127e+02 8.859819999999999709e+02 2.848249999999999886e+02 8.794189999999999827e+02 3.134270000000000209e+02 8.554589999999999463e+02 2.920040000000000191e+02 8.790520000000000209e+02 3.200430000000000064e+02 8.547469999999999573e+02 2.966920000000000073e+02 8.322799999999999727e+02
2.653500000000000227e+02 8.873410000000000082e+02 2.848190000000000168e+02 8.794379999999999882e+02 3.134270000000000209e+02 8.554589999999999463e+02 2.920040000000000191e+02 8.790520000000000209e+02 3.200430000000000064e+02 8.547469999999999573e+02 2.966920000000000073e+02 8.322799999999999727e+02
2.648709999999999809e+02 8.886839999999999691e+02 2.848170000000000073e+02 8.794410000000000309e+02 3.134270000000000209e+02 8.554589999999999463e+02 2.920040000000000191e+02 8.790520000000000209e+02 3.200430000000000064e+02 8.547469999999999573e+02 2.966920000000000073e+02 8.322799999999999727e+02
2.643910000000000196e+02 8.900370000000000346e+02 2.848159999999999741e+02 8.794429999999999836e+02 3.134270000000000209e+02 8.554589999999999463e+02 2.920040000000000191e+02 8.790520000000000209e+02 3.200430000000000064e+02 8.547469999999999573e+02 2.966920000000000073e+02 8.322799999999999727e+02
2.639139999999999873e+02 8.913970000000000482e+02 2.848159999999999741e+02 8.794429999999999836e+02 3.134270000000000209e+02 8.554589999999999463e+02 2.920040000000000191e+02 8.790520000000000209e+02 3.200430000000000064e+02 8.547469999999999573e+02 2.966920000000000073e+02 8.322799999999999727e+02
2.634379999999999882e+02 8.927590000000000146e+02 2.848159999999999741e+02 8.794429999999999836e+02 3.134270000000000209e+02 8.554589999999999463e+02 2.920040000000000191e+02 8.790520000000000209e+02 3.200430000000000064e+02 8.547469999999999573e+02 2.966920000000000073e+02 8.322799999999999727e+02
2.627459999999999809e+02 8.947319999999999709e+02 2.848159999999999741e+02 8.794429999999999836e+02 3.134270000000000209e+02 8.554589999999999463e+02 2.920040000000000191e+02 8.790520000000000209e+02 3.200430000000000064e+02 8.547469999999999573e+02 2.966920000000000073e+02 8.322799999999999727e+02
2.623020000000000209e+02 8.959790000000000418e+02 2.848159999999999741e+02 8.794429999999999836e+02 3.134270000000000209e+02 8.554589999999999463e+02 2.920040000000000191e+02 8.790520000000000209e+02 3.200430000000000064e+02 8.547469999999999573e+02 2.966920000000000073e+02 8.322799999999999727e+02
2.618570000000000277e+02 8.972129999999999654e+02 2.848159999999999741e+02 8.794429999999999836e+02 3.134270000000000209e+02 8.554589999999999463e+02 2.920040000000000191e+02 8.790520000000000209e+02 3.200430000000000064e+02 8.547469999999999573e+02 2.966920000000000073e+02 8.322799999999999727e+02
2.614340000000000259e+02 8.983680000000000518e+02 2.848159999999999741e+02 8.794429999999999836e+02 3.134270000000000209e+02 8.554589999999999463e+02 2.920040000000000191e+02 8.790520000000000209e+02 3.200430000000000064e+02 8.547469999999999573e+02 2.966920000000000073e+02 8.322799999999999727e+02
2.610430000000000064e+02 8.994249999999999545e+02 2.848159999999999741e+02 8.794429999999999836e+02 3.134270000000000209e+02 8.554589999999999463e+02 2.920040000000000191e+02 8.790520000000000209e+02 3.200430000000000064e+02 8.547469999999999573e+02 2.966920000000000073e+02 8.322799999999999727e+02
2.606859999999999786e+02 9.003809999999999718e+02 2.848159999999999741e+02 8.794429999999999836e+02 3.134270000000000209e+02 8.554589999999999463e+02 2.920040000000000191e+02 8.790520000000000209e+02 3.200430000000000064e+02 8.547469999999999573e+02 2.966920000000000073e+02 8.322799999999999727e+02
2.603639999999999759e+02 9.012400000000000091e+02 2.848159999999999741e+02 8.794429999999999836e+02 3.134270000000000209e+02 8.554589999999999463e+02 2.920040000000000191e+02 8.790520000000000209e+02 3.200430000000000064e+02 8.547469999999999573e+02 2.966920000000000073e+02 8.322799999999999727e+02
2.600769999999999982e+02 9.020030000000000427e+02 2.848159999999999741e+02 8.794429999999999836e+02 3.134270000000000209e+02 8.554589999999999463e+02 2.920040000000000191e+02 8.790520000000000209e+02 3.200430000000000064e+02 8.547469999999999573e+02 2.966920000000000073e+02 8.322799999999999727e+02
2.598220000000000027e+02 9.026799999999999500e+02 2.848159999999999741e+02 8.794429999999999836e+02 3.134270000000000209e+02 8.554589999999999463e+02 2.920040000000000191e+02 8.790520000000000209e+02 3.200430000000000064e+02 8.547469999999999573e+02 2.966920000000000073e+02 8.322799999999999727e+02
2.593860000000000241e+02 9.038329999999999700e+02 2.848159999999999741e+02 8.794429999999999836e+02 3.134270000000000209e+02 8.554589999999999463e+02 2.920040000000000191e+02 8.790520000000000209e+02 3.200430000000000064e+02 8.547469999999999573e+02 2.966920000000000073e+02 8.322799999999999727e+02
2.591890000000000214e+02 9.043559999999999945e+02 2.848159999999999741e+02 8.794429999999999836e+02 3.134270000000000209e+02 8.554589999999999463e+02 2.920040000000000191e+02 8.790520000000000209e+02 3.200430000000000064e+02 8.547469999999999573e+02 2.966920000000000073e+02 8.322799999999999727e+02
2.590240000000000009e+02 9.047899999999999636e+02 2.848159999999999741e+02 8.794429999999999836e+02 3.134270000000000209e+02 8.554589999999999463e+02 2.920040000000000191e+02 8.790520000000000209e+02 3.200430000000000064e+02 8.547469999999999573e+02 2.966920000000000073e+02 8.322799999999999727e+02
2.588890000000000100e+02 9.051440000000000055e+02 2.848159999999999741e+02 8.794429999999999836e+02 3.134270000000000209e+02 8.554589999999999463e+02 2.920040000000000191e+02 8.790520000000000209e+02 3.200430000000000064e+02 8.547469999999999573e+02 2.966920000000000073e+02 8.322799999999999727e+02
2.587819999999999823e+02 9.054249999999999545e+02 2.848159999999999741e+02 8.794429999999999836e+02 3.134270000000000209e+02 8.554589999999999463e+02 2.920040000000000191e+02 8.790520000000000209e+02 3.200430000000000064e+02 8.547469999999999573e+02 2.966920000000000073e+02 8.322799999999999727e+02
2.586990000000000123e+02 9.056420000000000528e+02 2.848159999999999741e+02 8.794429999999999836e+02 3.134270000000000209e+02 8.554589999999999463e+02 2.920040000000000191e+02 8.790520000000000209e+02 3.200430000000000064e+02 8.547469999999999573e+02 2.966920000000000073e+02 8.322799999999999727e+02
2.586419999999999959e+02 9.057989999999999782e+02 2.848159999999999741e+02 8.794429999999999836e+02 3.134270000000000209e+02 8.554589999999999463e+02 2.920040000000000191e+02 8.790520000000000209e+02 3.200430000000000064e+02 8.547469999999999573e+02 2.966920000000000073e+02 8.322799999999999727e+02
2.586120000000000232e+02 9.058819999999999482e+02 2.848159999999999741e+02 8.794429999999999836e+02 3.134270000000000209e+02 8.554589999999999463e+02 2.920040000000000191e+02 8.790520000000000209e+02 3.200430000000000064e+02 8.547469999999999573e+02 2.966920000000000073e+02 8.322799999999999727e+02
2.586100000000000136e+02 9.058890000000000100e+02 2.848159999999999741e+02 8.794429999999999836e+02 3.134270000000000209e+02 8.554589999999999463e+02 2.920040000000000191e+02 8.790520000000000209e+02 3.200430000000000064e+02 8.547469999999999573e+02 2.966920000000000073e+02 8.322799999999999727e+02
2.586120000000000232e+02 9.058869999999999436e+02 2.848159999999999741e+02 8.794429999999999836e+02 3.134270000000000209e+02 8.554589999999999463e+02 2.920040000000000191e+02 8.790520000000000209e+02 3.200430000000000064e+02 8.547469999999999573e+02 2.966920000000000073e+02 8.322799999999999727e+02
2.586129999999999995e+02 9.058849999999999909e+02 2.848159999999999741e+02 8.794429999999999836e+02 3.134270000000000209e+02 8.554589999999999463e+02 2.920040000000000191e+02 8.790520000000000209e+02 3.200430000000000064e+02 8.547469999999999573e+02 2.966920000000000073e+02 8.322799999999999727e+02
2.586129999999999995e+02 9.058849999999999909e+02 2.848159999999999741e+02 8.794429999999999836e+02 3.134270000000000209e+02 8.554589999999999463e+02 2.920040000000000191e+02 8.790520000000000209e+02 3.200430000000000064e+02 8.547469999999999573e+02 2.966920000000000073e+02 8.322799999999999727e+02
2.586129999999999995e+02 9.058849999999999909e+02 2.848159999999999741e+02 8.794429999999999836e+02 3.134270000000000209e+02 8.554589999999999463e+02 2.920040000000000191e+02 8.790520000000000209e+02 3.200430000000000064e+02 8.547469999999999573e+02 2.966920000000000073e+02 8.322799999999999727e+02
2.586139999999999759e+02 9.058849999999999909e+02 2.848159999999999741e+02 8.794429999999999836e+02 3.134270000000000209e+02 8.554589999999999463e+02 2.920040000000000191e+02 8.790520000000000209e+02 3.200430000000000064e+02 8.547469999999999573e+02 2.966920000000000073e+02 8.322799999999999727e+02
2.586139999999999759e+02 9.058849999999999909e+02 2.848159999999999741e+02 8.794429999999999836e+02 3.134270000000000209e+02 8.554589999999999463e+02 2.920040000000000191e+02 8.790520000000000209e+02 3.200430000000000064e+02 8.547469999999999573e+02 2.966920000000000073e+02 8.322799999999999727e+02
2.586120000000000232e+02 9.058920000000000528e+02 2.848159999999999741e+02 8.794429999999999836e+02 3.134270000000000209e+02 8.554589999999999463e+02 2.920040000000000191e+02 8.790520000000000209e+02 3.200430000000000064e+02 8.547469999999999573e+02 2.966920000000000073e+02 8.322799999999999727e+02
2.586030000000000086e+02 9.059160000000000537e+02 2.848159999999999741e+02 8.794429999999999836e+02 3.134270000000000209e+02 8.554589999999999463e+02 2.920040000000000191e+02 8.790520000000000209e+02 3.200430000000000064e+02 8.547469999999999573e+02 2.966920000000000073e+02 8.322799999999999727e+02
2.585869999999999891e+02 9.059579999999999700e+02 2.848159999999999741e+02 8.794429999999999836e+02 3.134270000000000209e+02 8.554589999999999463e+02 2.920040000000000191e+02 8.790520000000000209e+02 3.200430000000000064e+02 8.547469999999999573e+02 2.966920000000000073e+02 8.322799999999999727e+02
2.585649999999999977e+02 9.060159999999999627e+02 2.848159999999999741e+02 8.794429999999999836e+02 3.134270000000000209e+02 8.554589999999999463e+02 2.920040000000000191e+02 8.790520000000000209e+02 3.200430000000000064e+02 8.547469999999999573e+02 2.966920000000000073e+02 8.322799999999999727e+02
2.585169999999999959e+02 9.061440000000000055e+02 2.848159999999999741e+02 8.794429999999999836e+02 3.134270000000000209e+02 8.554589999999999463e+02 2.920040000000000191e+02 8.790520000000000209e+02 3.200430000000000064e+02 8.547469999999999573e+02 2.966920000000000073e+02 8.322799999999999727e+02
2.584820000000000277e+02 9.062369999999999663e+02 2.848159999999999741e+02 8.794429999999999836e+02 3.134270000000000209e+02 8.554589999999999463e+02 2.920040000000000191e+02 8.790520000000000209e+02 3.200430000000000064e+02 8.547469999999999573e+02 2.966920000000000073e+02 8.322799999999999727e+02
2.584390000000000214e+02 9.063490000000000464e+02 2.848159999999999741e+02 8.794429999999999836e+02 3.134270000000000209e+02 8.554589999999999463e+02 2.920040000000000191e+02 8.790520000000000209e+02 3.200430000000000064e+02 8.547469999999999573e+02 2.966920000000000073e+02 8.322799999999999727e+02
2.583860000000000241e+02 9.064890000000000327e+02 2.848159999999999741e+02 8.794429999999999836e+02 3.134270000000000209e+02 8.554589999999999463e+02 2.920040000000000191e+02 8.790520000000000209e+02 3.200430000000000064e+02 8.547469999999999573e+02 2.966920000000000073e+02 8.322799999999999727e+02
2.583190000000000168e+02 9.066660000000000537e+02 2.848159999999999741e+02 8.794429999999999836e+02 3.134270000000000209e+02 8.554589999999999463e+02 2.920040000000000191e+02 8.790520000000000209e+02 3.200430000000000064e+02 8.547469999999999573e+02 2.966920000000000073e+02 8.322799999999999727e+02
2.582379999999999995e+02 9.068819999999999482e+02 2.848159999999999741e+02 8.794429999999999836e+02 3.134270000000000209e+02 8.554589999999999463e+02 2.920040000000000191e+02 8.790520000000000209e+02 3.200430000000000064e+02 8.547469999999999573e+02 2.966920000000000073e+02 8.322799999999999727e+02
2.581410000000000196e+02 9.071380000000000337e+02 2.848159999999999741e+02 8.794429999999999836e+02 3.134270000000000209e+02 8.554589999999999463e+02 2.920040000000000191e+02 8.790520000000000209e+02 3.200430000000000064e+02 8.547469999999999573e+02 2.966920000000000073e+02 8.322799999999999727e+02
2.580289999999999964e+02 9.074320000000000164e+02 2.848159999999999741e+02 8.794429999999999836e+02 3.134270000000000209e+02 8.554589999999999463e+02 2.920040000000000191e+02 8.790520000000000209e+02 3.200430000000000064e+02 8.547469999999999573e+02 2.966920000000000073e+02 8.322799999999999727e+02
2.579049999999999727e+02 9.077619999999999436e+02 2.848159999999999741e+02 8.794429999999999836e+02 3.134270000000000209e+02 8.554589999999999463e+02 2.920020000000000095e+02 8.790539999999999736e+02 3.200430000000000064e+02 8.547469999999999573e+02 2.966920000000000073e+02 8.322799999999999727e+02
2.577649999999999864e+02 9.081319999999999482e+02 2.848159999999999741e+02 8.794429999999999836e+02 3.134270000000000209e+02 8.554589999999999463e+02 2.920020000000000095e+02 8.790529999999999973e+02 3.200430000000000064e+02 8.547469999999999573e+02 2.966920000000000073e+02 8.322799999999999727e+02
2.586100000000000136e+02 9.058890000000000100e+02 2.848159999999999741e+02 8.794429999999999836e+02 3.134270000000000209e+02 8.554589999999999463e+02 2.920040000000000191e+02 8.790520000000000209e+02 3.200430000000000064e+02 8.547469999999999573e+02 2.966920000000000073e+02 8.322799999999999727e+02
2.586120000000000232e+02 9.058869999999999436e+02 2.848159999999999741e+02 8.794429999999999836e+02 3.134270000000000209e+02 8.554589999999999463e+02 2.920040000000000191e+02 8.790520000000000209e+02 3.200430000000000064e+02 8.547469999999999573e+02 2.966920000000000073e+02 8.322799999999999727e+02
2.586129999999999995e+02 9.058849999999999909e+02 2.848159999999999741e+02 8.794429999999999836e+02 3.134270000000000209e+02 8.554589999999999463e+02 2.920040000000000191e+02 8.790520000000000209e+02 3.200430000000000064e+02 8.547469999999999573e+02 2.966920000000000073e+02 8.322799999999999727e+02
2.586129999999999995e+02 9.058849999999999909e+02 2.848159999999999741e+02 8.794429999999999836e+02 3.134270000000000209e+02 8.554589999999999463e+02 2.920040000000000191e+02 8.790520000000000209e+02 3.200430000000000064e+02 8.547469999999999573e+02 2.966920000000000073e+02 8.322799999999999727e+02
2.586129999999999995e+02 9.058849999999999909e+02 2.848159999999999741e+02 8.794429999999999836e+02 3.134270000000000209e+02 8.554589999999999463e+02 2.920040000000000191e+02 8.790520000000000209e+02 3.200430000000000064e+02 8.547469999999999573e+02 2.966920000000000073e+02 8.322799999999999727e+02
2.586139999999999759e+02 9.058849999999999909e+02 2.848159999999999741e+02 8.794429999999999836e+02 3.134270000000000209e+02 8.554589999999999463e+02 2.920040000000000191e+02 8.790520000000000209e+02 3.200430000000000064e+02 8.547469999999999573e+02 2.966920000000000073e+02 8.322799999999999727e+02
2.586139999999999759e+02 9.058849999999999909e+02 2.848159999999999741e+02 8.794429999999999836e+02 3.134270000000000209e+02 8.554589999999999463e+02 2.920040000000000191e+02 8.790520000000000209e+02 3.200430000000000064e+02 8.547469999999999573e+02 2.966920000000000073e+02 8.322799999999999727e+02
2.586120000000000232e+02 9.058920000000000528e+02 2.848159999999999741e+02 8.794429999999999836e+02 3.134270000000000209e+02 8.554589999999999463e+02 2.920040000000000191e+02 8.790520000000000209e+02 3.200430000000000064e+02 8.547469999999999573e+02 2.966920000000000073e+02 8.322799999999999727e+02
2.586030000000000086e+02 9.059160000000000537e+02 2.848159999999999741e+02 8.794429999999999836e+02 3.134270000000000209e+02 8.554589999999999463e+02 2.920040000000000191e+02 8.790520000000000209e+02 3.200430000000000064e+02 8.547469999999999573e+02 2.966920000000000073e+02 8.322799999999999727e+02
2.585869999999999891e+02 9.059579999999999700e+02 2.848159999999999741e+02 8.794429999999999836e+02 3.134270000000000209e+02 8.554589999999999463e+02 2.920040000000000191e+02 8.790520000000000209e+02 3.200430000000000064e+02 8.547469999999999573e+02 2.966920000000000073e+02 8.322799999999999727e+02
2.585649999999999977e+02 9.060159999999999627e+02 2.848159999999999741e+02 8.794429999999999836e+02 3.134270000000000209e+02 8.554589999999999463e+02 2.920040000000000191e+02 8.790520000000000209e+02 3.200430000000000064e+02 8.547469999999999573e+02 2.966920000000000073e+02 8.322799999999999727e+02
2.585169999999999959e+02 9.061440000000000055e+02 2.848159999999999741e+02 8.794429999999999836e+02 3.134270000000000209e+02 8.554589999999999463e+02 2.920040000000000191e+02 8.790520000000000209e+02 3.200430000000000064e+02 8.547469999999999573e+02 2.966920000000000073e+02 8.322799999999999727e+02
2.584820000000000277e+02 9.062369999999999663e+02 2.848159999999999741e+02 8.794429999999999836e+02 3.134270000000000209e+02 8.554589999999999463e+02 2.920040000000000191e+02 8.790520000000000209e+02 3.200430000000000064e+02 8.547469999999999573e+02 2.966920000000000073e+02 8.322799999999999727e+02
2.584390000000000214e+02 9.063490000000000464e+02 2.848159999999999741e+02 8.794429999999999836e+02 3.134270000000000209e+02 8.554589999999999463e+02 2.920040000000000191e+02 8.790520000000000209e+02 3.200430000000000064e+02 8.547469999999999573e+02 2.966920000000000073e+02 8.322799999999999727e+02
2.583860000000000241e+02 9.064890000000000327e+02 2.848159999999999741e+02 8.794429999999999836e+02 3.134270000000000209e+02 8.554589999999999463e+02 2.920040000000000191e+02 8.790520000000000209e+02 3.200430000000000064e+02 8.547469999999999573e+02 2.966920000000000073e+02 8.322799999999999727e+02
2.583190000000000168e+02 9.066660000000000537e+02 2.848159999999999741e+02 8.794429999999999836e+02 3.134270000000000209e+02 8.554589999999999463e+02 2.920040000000000191e+02 8.790520000000000209e+02 3.200430000000000064e+02 8.547469999999999573e+02 2.966920000000000073e+02 8.322799999999999727e+02
2.582379999999999995e+02 9.068819999999999482e+02 2.848159999999999741e+02 8.794429999999999836e+02 3.134270000000000209e+02 8.554589999999999463e+02 2.920040000000000191e+02 8.790520000000000209e+02 3.200430000000000064e+02 8.547469999999999573e+02 2.966920000000000073e+02 8.322799999999999727e+02
2.581410000000000196e+02 9.071380000000000337e+02 2.848159999999999741e+02 8.794429999999999836e+02 3.134270000000000209e+02 8.554589999999999463e+02 2.920040000000000191e+02 8.790520000000000209e+02 3.200430000000000064e+02 8.547469999999999573e+02 2.966920000000000073e+02 8.322799999999999727e+02
2.580289999999999964e+02 9.074320000000000164e+02 2.848159999999999741e+02 8.794429999999999836e+02 3.134270000000000209e+02 8.554589999999999463e+02 2.920040000000000191e+02 8.790520000000000209e+02 3.200430000000000064e+02 8.547469999999999573e+02 2.966920000000000073e+02 8.322799999999999727e+02
2.579049999999999727e+02 9.077619999999999436e+02 2.848159999999999741e+02 8.794429999999999836e+02 3.134270000000000209e+02 8.554589999999999463e+02 2.920020000000000095e+02 8.790539999999999736e+02 3.200430000000000064e+02 8.547469999999999573e+02 2.966920000000000073e+02 8.322799999999999727e+02
