2 2 0.003141019821166992
2 4 0.004060029983520508
2 6 0.0043370723724365234
3 7 0.00542759895324707
4 8 0.005946159362792969
5 9 0.007390499114990234
6 10 0.008800029754638672
7 11 0.012629032135009766
8 12 0.016063928604125977
2 2 0.005220890045166016
2 4 0.003953456878662109
2 6 0.004175662994384766
3 7 0.004773378372192383
4 8 0.005795478820800781
5 9 0.007135629653930664
6 10 0.008931636810302734
7 11 0.010850191116333008
8 12 0.012985467910766602
2 2 0.004979372024536133
2 4 0.004127979278564453
2 6 0.004179954528808594
3 7 0.0050199031829833984
4 8 0.005864858627319336
5 9 0.007022380828857422
6 10 0.010067224502563477
7 11 0.01051950454711914
8 12 0.012801408767700195
2 2 0.004080223083496094
2 4 0.004137516021728516
2 6 0.0041882991790771484
3 7 0.004805803298950195
4 8 0.005743265151977539
5 9 0.0069997310638427734
6 10 0.008464574813842773
7 11 0.010326862335205078
8 12 0.01282811164855957
2 2 0.0046634674072265625
2 4 0.003934144973754883
2 6 0.004084348678588867
3 7 0.004776954650878906
4 8 0.0057184696197509766
5 9 0.006858348846435547
6 10 0.008335113525390625
7 11 0.01015329360961914
8 12 0.012457609176635742
