2 2 0.0007478466033935547
2 2 0.0007478466033935547
2 2 0.000997159957885742
2 4 0.001582686424255371
2 4 0.0015053024291992188
2 4 0.001207155227661133
2 6 0.0016876220703125
2 6 0.0012915849685668945
2 6 0.0016876220703125
3 7 0.002639288902282715
3 7 0.00246163368225098
3 7 0.002645535469055176
4 8 0.002645535469055176
4 8 0.002745535469055176
4 8 0.002245535469055176
5 9 0.003552789688110352
5 9 0.004423089981079102
5 9 0.00546719741821289
6 10 0.00546719741821289
6 10 0.00616719741821289
6 10 0.00556719741821289
7 11 0.00646719741821289
7 11 0.00836719741821289
7 11 0.00736719731482128
8 12 0.00846719741821289
8 12 0.00896719741821289
8 12 0.00876719741821289