13151.273050 14498.084044 13401.460030 14000.857602 13397.885657 14000.982582 13010.148324 14193.716467 13001.047730 14433.889676 13146.926094 14495.017064
13151.273050 14498.084044 13401.460030 14000.857602 13397.885657 14000.982582 13010.148324 14193.716467 13001.047730 14433.889676 13146.926094 14495.017064
13151.273050 14498.084044 13401.460030 14000.857602 13397.885657 14000.982582 13010.148324 14193.716467 13001.047730 14433.889676 13146.926094 14495.017064
13151.273050 14498.084044 13401.460030 14000.857602 13397.885657 14000.982582 13010.148324 14193.716467 13001.047730 14433.889676 13146.926094 14495.017064
13151.273050 14498.084044 13401.460030 14000.857602 13397.885657 14000.982582 13010.148324 14193.716467 13001.047730 14433.889676 13146.926094 14495.017064
13151.273050 14498.084044 13401.460030 14000.857602 13397.885657 14000.982582 13010.148324 14193.716467 13001.047730 14433.889676 13146.926094 14495.017064
13151.273050 14498.084044 13401.460030 14000.857602 13397.885657 14000.982582 13010.148324 14193.716467 13001.047730 14433.889676 13146.926094 14495.017064
13151.273050 14498.084044 13401.460030 14000.857602 13397.885657 14000.982582 13010.148324 14193.716467 13001.047730 14433.889676 13146.926094 14495.017064
13151.273050 14498.084044 13401.460030 14000.857602 13397.885657 14000.982582 13010.148324 14193.716467 13001.047730 14433.889676 13146.926094 14495.017064
13151.273050 14498.084044 13401.460030 14000.857602 13397.885657 14000.982582 13010.148324 14193.716467 13001.047730 14433.889676 13146.926094 14495.017064
13135.380511 14486.871119 13394.307590 14008.015111 13395.850832 14006.022926 13023.418356 14193.202018 13008.806981 14433.781865 13129.448386 14482.685729
13135.380511 14486.871119 13394.307590 14008.015111 13395.850832 14006.022926 13023.418356 14193.202018 13008.806981 14433.781865 13129.448386 14482.685729
13135.380511 14486.871119 13394.307590 14008.015111 13395.850832 14006.022926 13023.418356 14193.202018 13008.806981 14433.781865 13129.448386 14482.685729
13135.380511 14486.871119 13394.307590 14008.015111 13395.850832 14006.022926 13023.418356 14193.202018 13008.806981 14433.781865 13129.448386 14482.685729
13135.380511 14486.871119 13394.307590 14008.015111 13395.850832 14006.022926 13023.418356 14193.202018 13008.806981 14433.781865 13129.448386 14482.685729
13135.380511 14486.871119 13394.307590 14008.015111 13395.850832 14006.022926 13023.418356 14193.202018 13008.806981 14433.781865 13129.448386 14482.685729
13135.380511 14486.871119 13394.307590 14008.015111 13395.850832 14006.022926 13023.418356 14193.202018 13008.806981 14433.781865 13129.448386 14482.685729
13135.380511 14486.871119 13394.307590 14008.015111 13395.850832 14006.022926 13023.418356 14193.202018 13008.806981 14433.781865 13129.448386 14482.685729
13135.380511 14486.871119 13394.307590 14008.015111 13395.850832 14006.022926 13023.418356 14193.202018 13008.806981 14433.781865 13129.448386 14482.685729
13135.380511 14486.871119 13394.307590 14008.015111 13395.850832 14006.022926 13023.418356 14193.202018 13008.806981 14433.781865 13129.448386 14482.685729
13118.679046 14475.087459 13388.587567 14013.960792 13391.527304 14011.604208 13036.428583 14192.697641 13015.020838 14434.283722 13114.205237 14472.056383
13118.679046 14475.087459 13388.587567 14013.960792 13391.527304 14011.604208 13036.428583 14192.697641 13015.020838 14434.283722 13114.205237 14472.056383
13118.679046 14475.087459 13388.587567 14013.960792 13391.527304 14011.604208 13036.428583 14192.697641 13015.020838 14434.283722 13114.205237 14472.056383
13118.679046 14475.087459 13388.587567 14013.960792 13391.527304 14011.604208 13036.428583 14192.697641 13015.020838 14434.283722 13114.205237 14472.056383
13118.679046 14475.087459 13388.587567 14013.960792 13391.527304 14011.604208 13036.428583 14192.697641 13015.020838 14434.283722 13114.205237 14472.056383
13118.679046 14475.087459 13388.587567 14013.960792 13391.527304 14011.604208 13036.428583 14192.697641 13015.020838 14434.283722 13114.205237 14472.056383
13118.679046 14475.087459 13388.587567 14013.960792 13391.527304 14011.604208 13036.428583 14192.697641 13015.020838 14434.283722 13114.205237 14472.056383
13118.679046 14475.087459 13388.587567 14013.960792 13391.527304 14011.604208 13036.428583 14192.697641 13015.020838 14434.283722 13114.205237 14472.056383
13118.679046 14475.087459 13388.587567 14013.960792 13391.527304 14011.604208 13036.428583 14192.697641 13015.020838 14434.283722 13114.205237 14472.056383
13118.679046 14475.087459 13388.587567 14013.960792 13391.527304 14011.604208 13036.428583 14192.697641 13015.020838 14434.283722 13114.205237 14472.056383
13104.788822 14467.189030 13382.449099 14018.219566 13385.597177 14016.122659 13049.648652 14192.185128 13021.143135 14435.323710 13100.329350 14464.883925
13104.788822 14467.189030 13382.449099 14018.219566 13385.597177 14016.122659 13049.648652 14192.185128 13021.143135 14435.323710 13100.329350 14464.883925
13104.788822 14467.189030 13382.449099 14018.219566 13385.597177 14016.122659 13049.648652 14192.185128 13021.143135 14435.323710 13100.329350 14464.883925
13104.788822 14467.189030 13382.449099 14018.219566 13385.597177 14016.122659 13049.648652 14192.185128 13021.143135 14435.323710 13100.329350 14464.883925
13104.788822 14467.189030 13382.449099 14018.219566 13385.597177 14016.122659 13049.648652 14192.185128 13021.143135 14435.323710 13100.329350 14464.883925
13104.788822 14467.189030 13382.449099 14018.219566 13385.597177 14016.122659 13049.648652 14192.185128 13021.143135 14435.323710 13100.329350 14464.883925
13104.788822 14467.189030 13382.449099 14018.219566 13385.597177 14016.122659 13049.648652 14192.185128 13021.143135 14435.323710 13100.329350 14464.883925
13104.788822 14467.189030 13382.449099 14018.219566 13385.597177 14016.122659 13049.648652 14192.185128 13021.143135 14435.323710 13100.329350 14464.883925
13104.788822 14467.189030 13382.449099 14018.219566 13385.597177 14016.122659 13049.648652 14192.185128 13021.143135 14435.323710 13100.329350 14464.883925
13104.788822 14467.189030 13382.449099 14018.219566 13385.597177 14016.122659 13049.648652 14192.185128 13021.143135 14435.323710 13100.329350 14464.883925
13092.662966 14460.921165 13375.364243 14021.414369 13378.661898 14020.213433 13063.328376 14191.654796 13026.062663 14436.159384 13074.497636 14448.108975
13092.662966 14460.921165 13375.364243 14021.414369 13378.661898 14020.213433 13063.328376 14191.654796 13026.062663 14436.159384 13074.497636 14448.108975
13092.662966 14460.921165 13375.364243 14021.414369 13378.661898 14020.213433 13063.328376 14191.654796 13026.062663 14436.159384 13074.497636 14448.108975
13092.662966 14460.921165 13375.364243 14021.414369 13378.661898 14020.213433 13063.328376 14191.654796 13026.062663 14436.159384 13074.497636 14448.108975
13092.662966 14460.921165 13375.364243 14021.414369 13378.661898 14020.213433 13063.328376 14191.654796 13026.062663 14436.159384 13074.497636 14448.108975
13092.662966 14460.921165 13375.364243 14021.414369 13378.661898 14020.213433 13063.328376 14191.654796 13026.062663 14436.159384 13074.497636 14448.108975
13092.662966 14460.921165 13375.364243 14021.414369 13378.661898 14020.213433 13063.328376 14191.654796 13026.062663 14436.159384 13074.497636 14448.108975
13092.662966 14460.921165 13375.364243 14021.414369 13378.661898 14020.213433 13063.328376 14191.654796 13026.062663 14436.159384 13074.497636 14448.108975
13092.662966 14460.921165 13375.364243 14021.414369 13378.661898 14020.213433 13063.328376 14191.654796 13026.062663 14436.159384 13074.497636 14448.108975
13092.662966 14460.921165 13375.364243 14021.414369 13378.661898 14020.213433 13063.328376 14191.654796 13026.062663 14436.159384 13074.497636 14448.108975
13076.495853 14439.395151 13367.600243 14022.503364 13370.967284 14022.031096 13076.618393 14191.139572 13032.165242 14437.196022 13077.401086 14435.447613
13076.495853 14439.395151 13367.600243 14022.503364 13370.967284 14022.031096 13076.618393 14191.139572 13032.165242 14437.196022 13077.401086 14435.447613
13076.495853 14439.395151 13367.600243 14022.503364 13370.967284 14022.031096 13076.618393 14191.139572 13032.165242 14437.196022 13077.401086 14435.447613
13076.495853 14439.395151 13367.600243 14022.503364 13370.967284 14022.031096 13076.618393 14191.139572 13032.165242 14437.196022 13077.401086 14435.447613
13076.495853 14439.395151 13367.600243 14022.503364 13370.967284 14022.031096 13076.618393 14191.139572 13032.165242 14437.196022 13077.401086 14435.447613
13076.495853 14439.395151 13367.600243 14022.503364 13370.967284 14022.031096 13076.618393 14191.139572 13032.165242 14437.196022 13077.401086 14435.447613
13076.495853 14439.395151 13367.600243 14022.503364 13370.967284 14022.031096 13076.618393 14191.139572 13032.165242 14437.196022 13077.401086 14435.447613
13076.495853 14439.395151 13367.600243 14022.503364 13370.967284 14022.031096 13076.618393 14191.139572 13032.165242 14437.196022 13077.401086 14435.447613
13076.495853 14439.395151 13367.600243 14022.503364 13370.967284 14022.031096 13076.618393 14191.139572 13032.165242 14437.196022 13077.401086 14435.447613
13076.495853 14439.395151 13367.600243 14022.503364 13370.967284 14022.031096 13076.618393 14191.139572 13032.165242 14437.196022 13077.401086 14435.447613
13079.372482 14426.850753 13360.390815 14023.514574 13363.767759 14023.040916 13089.688575 14190.632870 13038.701608 14438.306346 13080.476643 14422.035732
13079.372482 14426.850753 13360.390815 14023.514574 13363.767759 14023.040916 13089.688575 14190.632870 13038.701608 14438.306346 13080.476643 14422.035732
13079.372482 14426.850753 13360.390815 14023.514574 13363.767759 14023.040916 13089.688575 14190.632870 13038.701608 14438.306346 13080.476643 14422.035732
13079.372482 14426.850753 13360.390815 14023.514574 13363.767759 14023.040916 13089.688575 14190.632870 13038.701608 14438.306346 13080.476643 14422.035732
13079.372482 14426.850753 13360.390815 14023.514574 13363.767759 14023.040916 13089.688575 14190.632870 13038.701608 14438.306346 13080.476643 14422.035732
13079.372482 14426.850753 13360.390815 14023.514574 13363.767759 14023.040916 13089.688575 14190.632870 13038.701608 14438.306346 13080.476643 14422.035732
13079.372482 14426.850753 13360.390815 14023.514574 13363.767759 14023.040916 13089.688575 14190.632870 13038.701608 14438.306346 13080.476643 14422.035732
13079.372482 14426.850753 13360.390815 14023.514574 13363.767759 14023.040916 13089.688575 14190.632870 13038.701608 14438.306346 13080.476643 14422.035732
13079.372482 14426.850753 13360.390815 14023.514574 13363.767759 14023.040916 13089.688575 14190.632870 13038.701608 14438.306346 13080.476643 14422.035732
13079.372482 14426.850753 13360.390815 14023.514574 13363.767759 14023.040916 13089.688575 14190.632870 13038.701608 14438.306346 13080.476643 14422.035732
13082.374279 14413.760524 13352.914004 14024.563287 13356.172111 14024.106298 13102.409019 14190.139727 13043.335231 14439.093454 13083.563375 14408.575116
13082.374279 14413.760524 13352.914004 14024.563287 13356.172111 14024.106298 13102.409019 14190.139727 13043.335231 14439.093454 13083.563375 14408.575116
13082.374279 14413.760524 13352.914004 14024.563287 13356.172111 14024.106298 13102.409019 14190.139727 13043.335231 14439.093454 13083.563375 14408.575116
13082.374279 14413.760524 13352.914004 14024.563287 13356.172111 14024.106298 13102.409019 14190.139727 13043.335231 14439.093454 13083.563375 14408.575116
13082.374279 14413.760524 13352.914004 14024.563287 13356.172111 14024.106298 13102.409019 14190.139727 13043.335231 14439.093454 13083.563375 14408.575116
13082.374279 14413.760524 13352.914004 14024.563287 13356.172111 14024.106298 13102.409019 14190.139727 13043.335231 14439.093454 13083.563375 14408.575116
13082.374279 14413.760524 13352.914004 14024.563287 13356.172111 14024.106298 13102.409019 14190.139727 13043.335231 14439.093454 13083.563375 14408.575116
13082.374279 14413.760524 13352.914004 14024.563287 13356.172111 14024.106298 13102.409019 14190.139727 13043.335231 14439.093454 13083.563375 14408.575116
13082.374279 14413.760524 13352.914004 14024.563287 13356.172111 14024.106298 13102.409019 14190.139727 13043.335231 14439.093454 13083.563375 14408.575116
13082.374279 14413.760524 13352.914004 14024.563287 13356.172111 14024.106298 13102.409019 14190.139727 13043.335231 14439.093454 13083.563375 14408.575116
13085.376076 14400.670294 13344.882622 14025.689785 13348.219953 14025.221684 13110.942609 14189.808899 13049.329365 14440.111670 13089.007985 14393.009328
13085.376076 14400.670294 13344.882622 14025.689785 13348.219953 14025.221684 13110.942609 14189.808899 13049.329365 14440.111670 13089.007985 14393.009328
13085.376076 14400.670294 13344.882622 14025.689785 13348.219953 14025.221684 13110.942609 14189.808899 13049.329365 14440.111670 13089.007985 14393.009328
13085.376076 14400.670294 13344.882622 14025.689785 13348.219953 14025.221684 13110.942609 14189.808899 13049.329365 14440.111670 13089.007985 14393.009328
13085.376076 14400.670294 13344.882622 14025.689785 13348.219953 14025.221684 13110.942609 14189.808899 13049.329365 14440.111670 13089.007985 14393.009328
13085.376076 14400.670294 13344.882622 14025.689785 13348.219953 14025.221684 13110.942609 14189.808899 13049.329365 14440.111670 13089.007985 14393.009328
13085.376076 14400.670294 13344.882622 14025.689785 13348.219953 14025.221684 13110.942609 14189.808899 13049.329365 14440.111670 13089.007985 14393.009328
13085.376076 14400.670294 13344.882622 14025.689785 13348.219953 14025.221684 13110.942609 14189.808899 13049.329365 14440.111670 13089.007985 14393.009328
13085.376076 14400.670294 13344.882622 14025.689785 13348.219953 14025.221684 13110.942609 14189.808899 13049.329365 14440.111670 13089.007985 14393.009328
13085.376076 14400.670294 13344.882622 14025.689785 13348.219953 14025.221684 13110.942609 14189.808899 13049.329365 14440.111670 13089.007985 14393.009328
13091.089629 14385.264190 13337.722709 14026.694050 13340.931301 14026.244006 13116.428488 14189.596223 13054.031999 14440.910501 13092.576888 14379.730569
13091.089629 14385.264190 13337.722709 14026.694050 13340.931301 14026.244006 13116.428488 14189.596223 13054.031999 14440.910501 13092.576888 14379.730569
13091.089629 14385.264190 13337.722709 14026.694050 13340.931301 14026.244006 13116.428488 14189.596223 13054.031999 14440.910501 13092.576888 14379.730569
13091.089629 14385.264190 13337.722709 14026.694050 13340.931301 14026.244006 13116.428488 14189.596223 13054.031999 14440.910501 13092.576888 14379.730569
13091.089629 14385.264190 13337.722709 14026.694050 13340.931301 14026.244006 13116.428488 14189.596223 13054.031999 14440.910501 13092.576888 14379.730569
13091.089629 14385.264190 13337.722709 14026.694050 13340.931301 14026.244006 13116.428488 14189.596223 13054.031999 14440.910501 13092.576888 14379.730569
13091.089629 14385.264190 13337.722709 14026.694050 13340.931301 14026.244006 13116.428488 14189.596223 13054.031999 14440.910501 13092.576888 14379.730569
13091.089629 14385.264190 13337.722709 14026.694050 13340.931301 14026.244006 13116.428488 14189.596223 13054.031999 14440.910501 13092.576888 14379.730569
13091.089629 14385.264190 13337.722709 14026.694050 13340.931301 14026.244006 13116.428488 14189.596223 13054.031999 14440.910501 13092.576888 14379.730569
13091.089629 14385.264190 13337.722709 14026.694050 13340.931301 14026.244006 13116.428488 14189.596223 13054.031999 14440.910501 13092.576888 14379.730569
13094.681892 14371.898516 13329.879485 14027.794157 13333.662454 14027.263550 13119.566131 14189.474584 13091.635376 14454.543518 13095.995248 14367.011933
13094.681892 14371.898516 13329.879485 14027.794157 13333.662454 14027.263550 13119.566131 14189.474584 13091.635376 14454.543518 13095.995248 14367.011933
13094.681892 14371.898516 13329.879485 14027.794157 13333.662454 14027.263550 13119.566131 14189.474584 13091.635376 14454.543518 13095.995248 14367.011933
13094.681892 14371.898516 13329.879485 14027.794157 13333.662454 14027.263550 13119.566131 14189.474584 13091.635376 14454.543518 13095.995248 14367.011933
13094.681892 14371.898516 13329.879485 14027.794157 13333.662454 14027.263550 13119.566131 14189.474584 13091.635376 14454.543518 13095.995248 14367.011933
13094.681892 14371.898516 13329.879485 14027.794157 13333.662454 14027.263550 13119.566131 14189.474584 13091.635376 14454.543518 13095.995248 14367.011933
13094.681892 14371.898516 13329.879485 14027.794157 13333.662454 14027.263550 13119.566131 14189.474584 13091.635376 14454.543518 13095.995248 14367.011933
13094.681892 14371.898516 13329.879485 14027.794157 13333.662454 14027.263550 13119.566131 14189.474584 13091.635376 14454.543518 13095.995248 14367.011933
13094.681892 14371.898516 13329.879485 14027.794157 13333.662454 14027.263550 13119.566131 14189.474584 13091.635376 14454.543518 13095.995248 14367.011933
13094.681892 14371.898516 13329.879485 14027.794157 13333.662454 14027.263550 13119.566131 14189.474584 13091.635376 14454.543518 13095.995248 14367.011933
13098.196288 14358.822560 13322.521511 14028.826202 13325.720199 14028.377547 13124.643345 14195.949994 13098.343486 14453.487102 13099.452542 14354.148437
13098.196288 14358.822560 13322.521511 14028.826202 13325.720199 14028.377547 13124.643345 14195.949994 13098.343486 14453.487102 13099.452542 14354.148437
13098.196288 14358.822560 13322.521511 14028.826202 13325.720199 14028.377547 13124.643345 14195.949994 13098.343486 14453.487102 13099.452542 14354.148437
13098.196288 14358.822560 13322.521511 14028.826202 13325.720199 14028.377547 13124.643345 14195.949994 13098.343486 14453.487102 13099.452542 14354.148437
13098.196288 14358.822560 13322.521511 14028.826202 13325.720199 14028.377547 13124.643345 14195.949994 13098.343486 14453.487102 13099.452542 14354.148437
13098.196288 14358.822560 13322.521511 14028.826202 13325.720199 14028.377547 13124.643345 14195.949994 13098.343486 14453.487102 13099.452542 14354.148437
13098.196288 14358.822560 13322.521511 14028.826202 13325.720199 14028.377547 13124.643345 14195.949994 13098.343486 14453.487102 13099.452542 14354.148437
13098.196288 14358.822560 13322.521511 14028.826202 13325.720199 14028.377547 13124.643345 14195.949994 13098.343486 14453.487102 13099.452542 14354.148437
13098.196288 14358.822560 13322.521511 14028.826202 13325.720199 14028.377547 13124.643345 14195.949994 13098.343486 14453.487102 13099.452542 14354.148437
13098.196288 14358.822560 13322.521511 14028.826202 13325.720199 14028.377547 13124.643345 14195.949994 13098.343486 14453.487102 13099.452542 14354.148437
13101.767786 14345.534144 13315.133828 14029.862414 13318.154261 14029.438761 13124.630452 14202.749981 13106.568188 14457.357810 13102.800821 14341.690547
13101.767786 14345.534144 13315.133828 14029.862414 13318.154261 14029.438761 13124.630452 14202.749981 13106.568188 14457.357810 13102.800821 14341.690547
13101.767786 14345.534144 13315.133828 14029.862414 13318.154261 14029.438761 13124.630452 14202.749981 13106.568188 14457.357810 13102.800821 14341.690547
13101.767786 14345.534144 13315.133828 14029.862414 13318.154261 14029.438761 13124.630452 14202.749981 13106.568188 14457.357810 13102.800821 14341.690547
13101.767786 14345.534144 13315.133828 14029.862414 13318.154261 14029.438761 13124.630452 14202.749981 13106.568188 14457.357810 13102.800821 14341.690547
13101.767786 14345.534144 13315.133828 14029.862414 13318.154261 14029.438761 13124.630452 14202.749981 13106.568188 14457.357810 13102.800821 14341.690547
13101.767786 14345.534144 13315.133828 14029.862414 13318.154261 14029.438761 13124.630452 14202.749981 13106.568188 14457.357810 13102.800821 14341.690547
13101.767786 14345.534144 13315.133828 14029.862414 13318.154261 14029.438761 13124.630452 14202.749981 13106.568188 14457.357810 13102.800821 14341.690547
13101.767786 14345.534144 13315.133828 14029.862414 13318.154261 14029.438761 13124.630452 14202.749981 13106.568188 14457.357810 13102.800821 14341.690547
13101.767786 14345.534144 13315.133828 14029.862414 13318.154261 14029.438761 13124.630452 14202.749981 13106.568188 14457.357810 13102.800821 14341.690547
13105.126448 14333.037625 13306.983609 14031.005581 13310.103073 14030.568038 13124.613862 14211.499966 13121.831122 14466.347073 13106.221777 14328.962253
13105.126448 14333.037625 13306.983609 14031.005581 13310.103073 14030.568038 13124.613862 14211.499966 13121.831122 14466.347073 13106.221777 14328.962253
13105.126448 14333.037625 13306.983609 14031.005581 13310.103073 14030.568038 13124.613862 14211.499966 13121.831122 14466.347073 13106.221777 14328.962253
13105.126448 14333.037625 13306.983609 14031.005581 13310.103073 14030.568038 13124.613862 14211.499966 13121.831122 14466.347073 13106.221777 14328.962253
13105.126448 14333.037625 13306.983609 14031.005581 13310.103073 14030.568038 13124.613862 14211.499966 13121.831122 14466.347073 13106.221777 14328.962253
13105.126448 14333.037625 13306.983609 14031.005581 13310.103073 14030.568038 13124.613862 14211.499966 13121.831122 14466.347073 13106.221777 14328.962253
13105.126448 14333.037625 13306.983609 14031.005581 13310.103073 14030.568038 13124.613862 14211.499966 13121.831122 14466.347073 13106.221777 14328.962253
13105.126448 14333.037625 13306.983609 14031.005581 13310.103073 14030.568038 13124.613862 14211.499966 13121.831122 14466.347073 13106.221777 14328.962253
13105.126448 14333.037625 13306.983609 14031.005581 13310.103073 14030.568038 13124.613862 14211.499966 13121.831122 14466.347073 13106.221777 14328.962253
13105.126448 14333.037625 13306.983609 14031.005581 13310.103073 14030.568038 13124.613862 14211.499966 13121.831122 14466.347073 13106.221777 14328.962253
13108.684969 14319.797495 13290.382223 14036.509388 13302.596553 14031.620918 13124.594276 14221.829947 13132.004299 14473.506686 13109.743960 14315.857326
13108.684969 14319.797495 13290.382223 14036.509388 13302.596553 14031.620918 13124.594276 14221.829947 13132.004299 14473.506686 13109.743960 14315.857326
13108.684969 14319.797495 13290.382223 14036.509388 13302.596553 14031.620918 13124.594276 14221.829947 13132.004299 14473.506686 13109.743960 14315.857326
13108.684969 14319.797495 13290.382223 14036.509388 13302.596553 14031.620918 13124.594276 14221.829947 13132.004299 14473.506686 13109.743960 14315.857326
13108.684969 14319.797495 13290.382223 14036.509388 13302.596553 14031.620918 13124.594276 14221.829947 13132.004299 14473.506686 13109.743960 14315.857326
13108.684969 14319.797495 13290.382223 14036.509388 13302.596553 14031.620918 13124.594276 14221.829947 13132.004299 14473.506686 13109.743960 14315.857326
13108.684969 14319.797495 13290.382223 14036.509388 13302.596553 14031.620918 13124.594276 14221.829947 13132.004299 14473.506686 13109.743960 14315.857326
13108.684969 14319.797495 13290.382223 14036.509388 13302.596553 14031.620918 13124.594276 14221.829947 13132.004299 14473.506686 13109.743960 14315.857326
13108.684969 14319.797495 13290.382223 14036.509388 13302.596553 14031.620918 13124.594276 14221.829947 13132.004299 14473.506686 13109.743960 14315.857326
13108.684969 14319.797495 13290.382223 14036.509388 13302.596553 14031.620918 13124.594276 14221.829947 13132.004299 14473.506686 13109.743960 14315.857326
13112.012484 14307.416864 13282.353551 14037.418686 13285.841254 14037.023681 13124.571353 14233.919925 13141.024407 14479.854800 13113.234995 14302.868285
13112.012484 14307.416864 13282.353551 14037.418686 13285.841254 14037.023681 13124.571353 14233.919925 13141.024407 14479.854800 13113.234995 14302.868285
13112.012484 14307.416864 13282.353551 14037.418686 13285.841254 14037.023681 13124.571353 14233.919925 13141.024407 14479.854800 13113.234995 14302.868285
13112.012484 14307.416864 13282.353551 14037.418686 13285.841254 14037.023681 13124.571353 14233.919925 13141.024407 14479.854800 13113.234995 14302.868285
13112.012484 14307.416864 13282.353551 14037.418686 13285.841254 14037.023681 13124.571353 14233.919925 13141.024407 14479.854800 13113.234995 14302.868285
13112.012484 14307.416864 13282.353551 14037.418686 13285.841254 14037.023681 13124.571353 14233.919925 13141.024407 14479.854800 13113.234995 14302.868285
13112.012484 14307.416864 13282.353551 14037.418686 13285.841254 14037.023681 13124.571353 14233.919925 13141.024407 14479.854800 13113.234995 14302.868285
13112.012484 14307.416864 13282.353551 14037.418686 13285.841254 14037.023681 13124.571353 14233.919925 13141.024407 14479.854800 13113.234995 14302.868285
13112.012484 14307.416864 13282.353551 14037.418686 13285.841254 14037.023681 13124.571353 14233.919925 13141.024407 14479.854800 13113.234995 14302.868285
13112.012484 14307.416864 13282.353551 14037.418686 13285.841254 14037.023681 13124.571353 14233.919925 13141.024407 14479.854800 13113.234995 14302.868285
13114.524992 14298.068618 13274.324879 14038.327984 13277.663535 14037.949860 13124.545548 14247.529901 13148.204512 14484.907968 13116.053780 14292.380480
13114.524992 14298.068618 13274.324879 14038.327984 13277.663535 14037.949860 13124.545548 14247.529901 13148.204512 14484.907968 13116.053780 14292.380480
13114.524992 14298.068618 13274.324879 14038.327984 13277.663535 14037.949860 13124.545548 14247.529901 13148.204512 14484.907968 13116.053780 14292.380480
13114.524992 14298.068618 13274.324879 14038.327984 13277.663535 14037.949860 13124.545548 14247.529901 13148.204512 14484.907968 13116.053780 14292.380480
13114.524992 14298.068618 13274.324879 14038.327984 13277.663535 14037.949860 13124.545548 14247.529901 13148.204512 14484.907968 13116.053780 14292.380480
13114.524992 14298.068618 13274.324879 14038.327984 13277.663535 14037.949860 13124.545548 14247.529901 13148.204512 14484.907968 13116.053780 14292.380480
13114.524992 14298.068618 13274.324879 14038.327984 13277.663535 14037.949860 13124.545548 14247.529901 13148.204512 14484.907968 13116.053780 14292.380480
13114.524992 14298.068618 13274.324879 14038.327984 13277.663535 14037.949860 13124.545548 14247.529901 13148.204512 14484.907968 13116.053780 14292.380480
13114.524992 14298.068618 13274.324879 14038.327984 13277.663535 14037.949860 13124.545548 14247.529901 13148.204512 14484.907968 13116.053780 14292.380480
13114.524992 14298.068618 13274.324879 14038.327984 13277.663535 14037.949860 13124.545548 14247.529901 13148.204512 14484.907968 13116.053780 14292.380480
13116.726031 14289.879245 13266.991760 14039.158506 13269.813719 14038.838901 13134.343422 14258.423298 13153.732701 14488.798561 13118.452654 14285.191152
13116.726031 14289.879245 13266.991760 14039.158506 13269.813719 14038.838901 13134.343422 14258.423298 13153.732701 14488.798561 13118.452654 14285.191152
13116.726031 14289.879245 13266.991760 14039.158506 13269.813719 14038.838901 13134.343422 14258.423298 13153.732701 14488.798561 13118.452654 14285.191152
13116.726031 14289.879245 13266.991760 14039.158506 13269.813719 14038.838901 13134.343422 14258.423298 13153.732701 14488.798561 13118.452654 14285.191152
13116.726031 14289.879245 13266.991760 14039.158506 13269.813719 14038.838901 13134.343422 14258.423298 13153.732701 14488.798561 13118.452654 14285.191152
13116.726031 14289.879245 13266.991760 14039.158506 13269.813719 14038.838901 13134.343422 14258.423298 13153.732701 14488.798561 13118.452654 14285.191152
13116.726031 14289.879245 13266.991760 14039.158506 13269.813719 14038.838901 13134.343422 14258.423298 13153.732701 14488.798561 13118.452654 14285.191152
13116.726031 14289.879245 13266.991760 14039.158506 13269.813719 14038.838901 13134.343422 14258.423298 13153.732701 14488.798561 13118.452654 14285.191152
13116.726031 14289.879245 13266.991760 14039.158506 13269.813719 14038.838901 13134.343422 14258.423298 13153.732701 14488.798561 13118.452654 14285.191152
13116.726031 14289.879245 13266.991760 14039.158506 13269.813719 14038.838901 13134.343422 14258.423298 13153.732701 14488.798561 13118.452654 14285.191152
13118.798295 14284.491915 13259.022707 14040.061052 13262.520346 14039.664922 13146.179014 14257.839118 13158.811112 14492.372613 13120.309365 14281.434994
13118.798295 14284.491915 13259.022707 14040.061052 13262.520346 14039.664922 13146.179014 14257.839118 13158.811112 14492.372613 13120.309365 14281.434994
13118.798295 14284.491915 13259.022707 14040.061052 13262.520346 14039.664922 13146.179014 14257.839118 13158.811112 14492.372613 13120.309365 14281.434994
13118.798295 14284.491915 13259.022707 14040.061052 13262.520346 14039.664922 13146.179014 14257.839118 13158.811112 14492.372613 13120.309365 14281.434994
13118.798295 14284.491915 13259.022707 14040.061052 13262.520346 14039.664922 13146.179014 14257.839118 13158.811112 14492.372613 13120.309365 14281.434994
13118.798295 14284.491915 13259.022707 14040.061052 13262.520346 14039.664922 13146.179014 14257.839118 13158.811112 14492.372613 13120.309365 14281.434994
13118.798295 14284.491915 13259.022707 14040.061052 13262.520346 14039.664922 13146.179014 14257.839118 13158.811112 14492.372613 13120.309365 14281.434994
13118.798295 14284.491915 13259.022707 14040.061052 13262.520346 14039.664922 13146.179014 14257.839118 13158.811112 14492.372613 13120.309365 14281.434994
13118.798295 14284.491915 13259.022707 14040.061052 13262.520346 14039.664922 13146.179014 14257.839118 13158.811112 14492.372613 13120.309365 14281.434994
13118.798295 14284.491915 13259.022707 14040.061052 13262.520346 14039.664922 13146.179014 14257.839118 13158.811112 14492.372613 13120.309365 14281.434994
