240.639200 41.095000 93.295706 201.942901 166.306372 209.090580 133.593070 165.029260 177.528341 143.500808 147.207438 156.290335
240.623415 41.092387 93.545231 202.056821 166.452203 209.051026 133.674016 165.046683 177.525324 143.520579 147.103698 156.133789
240.590562 41.086948 93.797030 202.171780 166.612511 209.007546 133.746946 165.062381 177.519696 143.557452 147.002996 155.981827
240.535511 41.077835 94.046100 202.285492 166.783338 208.961211 133.789961 165.071639 177.511523 143.611276 146.897930 155.823280
240.465267 41.066206 94.295989 202.399578 166.969029 208.910846 133.917909 165.097451 177.502411 143.671491 146.793858 155.666233
240.375760 41.054645 94.895177 202.640531 167.164229 208.858104 133.998401 165.112573 177.496636 143.709656 146.566815 155.304368
240.272605 41.070062 95.117833 202.761509 167.374938 208.801420 134.078499 165.127620 177.551753 143.767408 146.473933 155.145072
240.155605 41.087549 95.299289 202.865768 167.587578 208.744216 134.152996 165.141615 177.626737 143.771571 146.386692 154.985784
240.027033 41.106764 95.444447 202.959149 167.797901 208.687636 134.221596 165.154502 177.698427 143.775552 146.299400 154.812640
239.893812 41.126675 95.552769 203.028832 168.009961 208.630589 134.265921 165.162829 177.777006 143.779916 146.207112 154.648621
239.757074 41.142075 95.728447 203.092732 168.217000 208.574892 134.394396 165.179974 177.855485 143.784273 146.114823 154.484603
239.626934 41.115130 95.864153 203.087203 168.425984 208.518723 134.468256 165.185934 177.935262 143.788703 146.021978 154.317241
239.492192 41.087231 96.045354 202.989743 168.831638 208.426592 134.542515 165.191926 178.010546 143.792884 145.935203 154.154536
239.362052 41.060286 96.132355 202.885211 169.016906 208.390768 134.620561 165.198223 178.090223 143.797308 145.843858 153.992511
239.233871 41.033746 96.214557 202.786443 169.158778 208.363334 134.699704 165.204610 178.163410 143.801372 145.748584 153.823517
239.104025 41.006862 96.299830 202.683986 169.270512 208.351528 134.774660 165.210658 178.240392 143.805646 145.637097 153.601721
238.975942 40.980342 96.387470 202.578686 169.350185 208.345516 134.846527 165.216457 178.294309 143.808640 145.527919 153.372673
238.844627 40.953153 96.471591 202.477612 169.390969 208.342438 134.906332 165.221283 178.372561 143.751224 145.449095 153.199026
238.715662 40.926451 96.556161 202.376001 169.408320 208.341129 134.938229 165.223856 178.382825 143.679252 145.369981 153.024742
238.600061 40.855694 96.642137 202.272699 169.420286 208.340226 134.999464 165.164620 178.392963 143.608171 145.306244 152.884331
238.486512 40.785108 96.730353 202.166706 169.424673 208.339894 135.015074 165.097101 178.403779 143.532339 145.255114 152.771693
238.363923 40.734110 96.809357 202.071782 169.427665 208.339669 135.033792 165.016137 178.413931 143.461159 145.218409 152.690834
238.241857 40.692695 96.910052 201.977275 169.429061 208.339563 135.056205 164.919194 178.425424 143.380574 145.193856 152.636745
238.154830 40.663168 96.964268 201.947405 169.429460 208.339533 135.080622 164.813580 178.435689 143.308603 145.178439 152.602781
238.090908 40.641481 96.996850 201.929454 169.429858 208.339503 135.099408 164.732323 178.445953 143.236631 145.165542 152.574371
238.059374 40.630782 97.182061 201.945390 169.429858 208.339503 135.201671 164.604171 178.456924 143.159709 145.129934 152.575911
238.044696 40.625802 97.246220 201.985188 169.429858 208.339503 135.231218 164.589032 178.467429 143.086055 145.117447 152.548413
238.040056 40.624228 97.307152 202.027347 169.429858 208.339503 135.247772 164.580550 178.478061 143.011509 145.104010 152.518821
238.000582 40.528545 97.328106 202.052451 169.429858 208.339503 135.254892 164.576902 178.489526 142.931123 145.098635 152.506984
238.010324 40.489955 97.438840 202.181058 169.429858 208.339503 135.258096 164.575261 178.499960 142.857963 145.096609 152.502522
238.023371 40.438277 97.485981 202.230480 169.429858 208.339503 135.258630 164.574987 178.510522 142.783912 145.095782 152.500701
238.041216 40.367595 97.546927 202.294374 169.429858 208.339503 135.258800 164.574900 178.518866 142.725404 145.095617 152.500337
238.063737 40.278394 97.622555 202.364095 169.429858 208.339503 135.339369 164.610454 178.468986 142.638228 145.095617 152.500337
238.089904 40.174746 97.715849 202.443175 169.429858 208.339503 135.380111 164.630029 178.380208 142.618244 145.095617 152.500337
238.119622 40.057039 97.827898 202.532267 169.429858 208.339503 135.442304 164.659912 178.276600 142.594920 145.095617 152.500337
238.152741 39.925856 97.957852 202.631156 169.429858 208.339503 135.514593 164.694644 178.151628 142.566788 145.095617 152.500337
238.186008 39.794090 98.099663 202.739067 169.429858 208.339503 135.553081 164.713137 178.025875 142.538480 145.095617 152.500337
238.172125 39.668319 98.251501 202.854608 169.429858 208.339503 135.623541 164.803409 177.897516 142.507720 145.095617 152.500337
238.137351 39.539427 98.430070 202.945538 169.429858 208.339503 135.609483 164.882875 177.769802 142.475977 145.095617 152.500337
238.062649 39.429640 98.642956 202.996045 169.429858 208.339503 135.596000 164.959091 177.549166 142.421101 145.095617 152.500337
237.984295 39.320935 98.856377 203.003662 169.429858 208.339503 135.583110 165.031960 177.422530 142.389580 145.095617 152.500337
237.905707 39.211906 99.068857 202.967451 169.429858 208.339503 135.568669 165.113593 177.295991 142.358083 145.095617 152.500337
237.827635 39.103615 99.262864 202.874644 169.429858 208.339503 135.555622 165.187347 177.168578 142.326369 145.095617 152.500337
237.770851 39.024850 99.433158 202.745880 169.429858 208.339503 135.543271 165.257163 177.041554 142.294751 145.095617 152.500337
237.731142 38.969771 99.588961 202.606473 169.429858 208.339503 135.536617 165.294779 176.911691 142.261738 145.095617 152.500337
237.708627 38.938541 99.709009 202.482796 169.429858 208.339503 135.515795 165.417319 176.780450 142.225696 145.095617 152.500337
237.607842 38.829186 99.907900 202.315550 169.429858 208.339503 135.503129 165.494182 176.647281 142.189125 145.095617 152.500337
237.552495 38.776231 100.011304 202.193978 169.429858 208.339503 135.491341 165.565717 176.518752 142.153780 145.095617 152.500337
237.378673 38.677456 100.114642 202.072481 169.429858 208.339503 135.478285 165.644949 176.393408 142.119300 145.095617 152.500337
237.277721 38.629882 100.220054 201.948547 169.429858 208.339503 135.466578 165.715991 176.265557 142.084130 145.095617 152.500337
237.163200 38.575915 100.325401 201.824690 169.429858 208.339503 135.490999 165.814501 176.141370 142.049968 145.095617 152.500337
237.044156 38.519815 100.427833 201.704260 169.429858 208.339503 135.578789 165.813177 176.012362 142.014480 145.095617 152.500337
236.927193 38.464697 100.534217 201.579183 169.429858 208.339503 135.685577 165.811567 175.676165 141.921094 145.095617 152.500337
236.715245 38.374550 100.640665 201.454031 169.429858 208.339503 135.809563 165.809698 175.478980 141.847909 145.095617 152.500337
236.589760 38.325860 100.739080 201.338323 169.429858 208.339503 135.947447 165.807620 175.357264 141.791863 145.095617 152.500337
236.461852 38.276230 100.809117 201.255980 169.429858 208.339503 136.082132 165.805589 175.234094 141.735148 145.095617 152.500337
236.334036 38.226635 100.858875 201.197479 169.429858 208.339503 136.218017 165.803541 175.102010 141.703180 145.095617 152.500337
236.205475 38.176751 100.886540 201.164953 169.429858 208.339503 136.352801 165.801509 174.972893 141.690888 145.095617 152.500337
236.078871 38.127627 100.897425 201.152156 169.429858 208.339503 136.484386 165.799525 174.856606 141.643870 145.095617 152.500337
235.959444 38.078219 100.903839 201.144615 169.429858 208.339503 136.679188 165.796272 174.751775 141.567139 145.095617 152.500337
235.840619 38.023544 100.907143 201.140730 169.429858 208.339503 136.808165 165.793817 174.620452 141.560312 145.095617 152.500337
235.714890 37.965693 100.909152 201.138369 169.429858 208.339503 136.945840 165.791196 174.484055 141.550123 145.051124 152.395658
235.591523 37.908928 100.909216 201.138292 169.429858 208.339503 137.080516 165.788632 174.357941 141.513584 145.036222 152.358645
235.468883 37.852498 100.909216 201.138292 169.429858 208.339503 137.213691 165.786097 174.135795 141.449233 145.015755 152.307811
235.348696 37.797196 100.909540 201.137912 169.429858 208.339503 137.408794 165.783546 173.911388 141.390873 144.987968 152.238795
235.230598 37.742856 100.912326 201.134636 169.429858 208.339503 137.543586 165.782091 173.786562 141.359948 144.952039 152.149556
235.111773 37.688181 100.915501 201.130904 169.429858 208.339503 137.680078 165.780617 173.659794 141.328543 144.909387 152.043620
234.993584 37.633799 100.922693 201.122448 169.429858 208.339503 137.809870 165.779216 173.530406 141.296488 144.860498 151.922192
234.868088 37.576410 100.927098 201.117269 169.429858 208.339503 137.940463 165.777806 173.304538 141.240531 144.806230 151.787407
234.741023 37.522316 100.936039 201.106757 169.429858 208.339503 138.070155 165.776405 173.174368 141.208303 144.744642 151.634440
234.615890 37.469045 100.940510 201.101501 169.429858 208.339503 138.208147 165.774916 173.044159 141.175415 144.684253 151.467338
234.488365 37.414756 100.945563 201.095559 169.429858 208.339503 138.341839 165.773472 172.914184 141.141607 144.620451 151.287097
234.361024 37.360545 100.953079 201.086723 169.429858 208.339503 138.439334 165.772420 172.790694 141.109485 144.555980 151.104971
234.241964 37.309859 100.956189 201.083067 169.429858 208.339503 138.503430 165.771728 172.695252 141.050529 144.464595 150.837654
234.130541 37.262425 100.957614 201.081391 169.429858 208.339503 138.536128 165.771375 172.579896 141.020501 144.405852 150.660330
234.040372 37.224038 100.957808 201.081162 169.429858 208.339503 138.604001 165.704912 172.391213 140.977459 144.347574 150.476793
233.980934 37.198734 100.957873 201.081086 169.429858 208.339503 138.622733 165.626827 172.260876 140.950982 144.296122 150.298051
233.947166 37.184359 100.957873 201.081086 169.429858 208.339503 138.644988 165.534059 172.125736 140.923529 144.243675 150.115850
233.872170 37.042481 100.957873 201.081086 169.429858 208.339503 138.671629 165.423010 171.897692 140.877243 144.169135 149.843563
233.907697 36.973154 100.957873 201.081086 169.429858 208.339503 138.722194 165.217971 171.770783 140.851468 144.120665 149.663368
233.949061 36.892436 100.959298 201.079410 169.429858 208.339503 138.759459 165.083540 171.641228 140.825156 144.070715 149.477668
233.997540 36.797834 100.963834 201.074078 169.429858 208.339503 138.832290 164.944322 171.514025 140.799322 144.021258 149.293803
234.052313 36.690951 100.968110 201.069051 169.474680 208.283404 138.878611 164.777223 171.383040 140.773860 143.971490 149.108780
234.115842 36.566981 100.973423 201.062805 169.473768 208.239114 138.926709 164.599106 171.245080 140.762829 143.921818 148.921572
234.166738 36.467663 100.981586 201.053207 169.472577 208.181226 138.976508 164.410676 171.114397 140.752381 143.881479 148.737234
234.201809 36.399226 100.992147 201.040791 169.471066 208.107842 139.030497 164.206389 170.978929 140.741560 143.840178 148.548501
234.227348 36.349389 100.996747 201.035382 169.469084 208.011562 139.105182 163.927563 170.844955 140.730858 143.799262 148.361525
234.244100 36.316700 101.003744 201.027156 169.466736 207.897486 139.154746 163.748392 170.711979 140.720236 143.759008 148.177578
234.244100 36.316700 101.005040 201.025632 169.464065 207.767714 139.197358 163.612531 170.580298 140.709717 143.718199 147.991091
234.244100 36.316700 101.005817 201.024718 169.461110 207.624144 139.231490 163.505753 170.489388 140.702455 143.684765 147.838306
234.244100 36.316700 101.006206 201.024261 169.457891 207.467777 139.254325 163.434314 170.424395 140.697264 143.660651 147.728114
234.244100 36.316700 101.006400 201.024032 169.454419 207.299113 139.269795 163.396163 170.383525 140.693999 143.643165 147.648205
234.364877 36.093401 101.006465 201.023956 169.450657 207.116352 139.284499 163.374478 170.370367 140.692948 143.636880 147.619484
234.372910 36.078532 101.006465 201.023956 169.446675 206.922893 139.287361 163.370257 170.361396 140.692231 143.633139 147.602389
234.375714 36.073341 101.006465 201.023956 169.442824 206.735832 139.287400 163.370200 170.358505 140.692000 143.632690 147.600338
234.377093 36.070790 101.006465 201.023956 169.438972 206.548672 139.287400 163.370200 170.358206 140.691976 143.632519 147.599556
234.378043 36.069030 101.006465 201.023956 169.434979 206.354713 139.287400 163.370200 170.358106 140.691968 143.632390 147.598970
234.378471 36.068239 101.006465 201.023956 169.430988 206.160854 139.287400 163.370200 170.358106 140.691968 143.632390 147.598970
234.379945 36.065511 101.006465 201.023956 169.432751 205.971009 139.287400 163.370200 170.358106 140.691968 143.632390 147.598970
234.381656 36.062344 101.006465 201.023956 169.463591 205.787279 139.287400 163.370200 170.358106 140.691968 143.632390 147.598970
234.383034 36.059792 101.007696 201.022509 169.495440 205.597534 139.287400 163.370200 170.358106 140.691968 143.632390 147.598970
234.387170 36.052138 101.013462 201.015730 169.527472 205.406703 139.287400 163.370200 170.358106 140.691968 143.632390 147.598970
234.390117 36.046683 101.019034 201.009179 169.558825 205.219916 139.287400 163.370200 170.358106 140.691968 143.632390 147.598970
234.393729 36.039997 101.029206 200.997220 169.590906 205.028790 139.287400 163.370200 170.358106 140.691968 143.632390 147.598970
234.396486 36.034894 101.039831 200.984727 169.621646 204.845652 139.287400 163.370200 170.358106 140.691968 143.632390 147.598970
234.400574 36.027328 101.050910 200.971701 169.653330 204.656893 139.287400 163.370200 170.358106 140.691968 143.632390 147.598970
234.403521 36.021873 101.056223 200.965455 169.684501 204.471191 139.287400 163.370200 170.358106 140.691968 143.632390 147.598970
234.405803 36.017650 101.066265 200.953648 169.715556 204.286179 139.287400 163.370200 170.358106 140.691968 143.632390 147.598970
234.410319 36.009292 101.084471 200.932244 169.746512 204.101759 139.287400 163.370200 170.358106 140.691968 143.632390 147.598970
234.411792 36.006564 101.092505 200.922798 169.777467 203.917339 139.287400 163.370200 170.358106 140.691968 143.632390 147.598970
234.412743 36.004805 101.098401 200.915866 169.809251 203.727988 139.287400 163.370200 170.358106 140.691968 143.632390 147.598970
234.413266 36.003837 101.101511 200.912210 169.840819 203.539919 139.287400 163.370200 170.358106 140.691968 143.632390 147.598970
234.413789 36.002869 101.106305 200.906573 169.872834 203.349187 139.287400 163.370200 170.358106 140.691968 143.632390 147.598970
234.414264 36.001989 101.114533 200.896899 169.910473 203.162768 139.287400 163.370200 170.358106 140.691968 143.632390 147.598970
234.414454 36.001637 101.130277 200.878389 169.948877 202.978426 139.287400 163.370200 170.358106 140.691968 143.632390 147.598970
234.414549 36.001461 101.157683 200.846168 169.987608 202.792518 139.287400 163.370200 170.358106 140.691968 143.632390 147.598970
234.414597 36.001373 101.178804 200.821335 170.026236 202.607099 139.287400 163.370200 170.358106 140.691968 143.570410 147.584470
234.414597 36.001373 101.193187 200.804425 170.064803 202.421973 139.287400 163.370200 170.358106 140.691968 143.527304 147.599033
234.414597 36.001373 101.198630 200.798026 170.103085 202.238219 139.287400 163.370200 170.358106 140.691968 143.464776 147.620158
234.414597 36.001373 101.200703 200.795589 170.141795 202.052408 139.287400 163.370200 170.358106 140.691968 143.394574 147.643876
234.414597 36.001373 101.200962 200.795284 170.180566 201.866304 139.287400 163.370200 170.358106 140.691968 143.320109 147.669034
234.414597 36.001373 101.200962 200.795284 170.218807 201.682745 139.287400 163.370200 170.358106 140.691968 143.234211 147.663256
234.414597 36.001373 101.200962 200.795284 170.257803 201.495564 139.287400 163.370200 170.358106 140.691968 143.172823 147.684004
234.414597 36.001373 101.200962 200.795284 170.297410 201.305446 139.287400 163.370200 170.358106 140.691968 143.133887 147.697164
234.414597 36.001373 101.207894 200.787134 170.336753 201.116600 139.287400 163.370200 170.358106 140.691968 143.119392 147.702063
234.416070 35.998646 101.222342 200.770147 170.376115 200.927657 139.287400 163.370200 170.354418 140.691674 143.112761 147.704305
234.422630 35.986505 101.235171 200.755065 170.414683 200.742532 139.287400 163.370200 170.348537 140.691204 143.111150 147.704849
234.427811 35.976915 101.245926 200.742420 170.453372 200.556819 139.287400 163.370200 170.330195 140.689739 143.111056 147.704881
234.434038 35.965389 101.248129 200.739830 170.492837 200.367386 139.287400 163.370200 170.308564 140.688011 143.111056 147.704881
234.437698 35.958615 101.249489 200.738230 170.532016 200.179324 139.287400 163.370200 170.273077 140.685176 143.111056 147.704881
234.439504 35.955272 101.249600 200.738100 170.571093 199.991751 139.287400 163.370200 170.224033 140.681259 143.111056 147.704881
234.442166 35.950345 101.249600 200.738100 170.609029 199.809661 139.287400 163.370200 170.153956 140.675661 143.111056 147.704881
234.445731 35.943746 101.249600 200.738100 170.648085 199.622186 139.287400 163.370200 170.061152 140.668248 143.111056 147.704881
234.447157 35.941107 101.249600 200.738100 170.687366 199.433634 139.287400 163.370200 169.868200 140.652862 143.111056 147.704881
234.448345 35.938907 101.249600 200.738100 170.725669 199.249781 139.287400 163.370200 169.780279 140.645849 143.111056 147.704881
234.448868 35.937939 101.249600 200.738100 170.763522 199.068083 139.287400 163.370200 169.713392 140.640514 143.111056 147.704881
234.449439 35.936884 101.249600 200.738100 170.798847 198.898523 139.541186 163.232173 169.633047 140.634105 143.111056 147.704881
234.449866 35.936092 101.249600 200.738100 170.830459 198.746781 139.576464 163.233437 169.540042 140.626687 143.111056 147.704881
234.450057 35.935740 101.249600 200.738100 170.858870 198.610409 139.632528 163.235446 169.451285 140.616005 143.111056 147.704881
234.450152 35.935564 101.249600 200.738100 170.886301 198.478736 139.709508 163.249333 169.370479 140.606191 143.111056 147.704881
234.450199 35.935476 101.249600 200.738100 170.925026 198.222101 139.796721 163.281339 169.291062 140.596546 143.111056 147.704881
234.450294 35.935300 101.249600 200.738100 170.926202 198.083106 139.901771 163.319890 169.204399 140.586020 143.111056 147.704881
234.450294 35.935300 101.249600 200.738100 170.927397 197.941911 140.001751 163.356580 169.127568 140.576655 143.111056 147.704881
234.452005 35.932133 101.249600 200.738100 170.928739 197.783316 140.068968 163.381248 169.066525 140.569171 143.111056 147.704881
234.458090 35.920871 101.249600 200.738100 170.930192 197.611522 140.105580 163.394684 169.002802 140.561359 143.111056 147.704881
234.467644 35.903187 101.249600 200.738100 170.931614 197.443428 140.127923 163.402883 168.921907 140.551442 143.111056 147.704881
234.482664 35.875385 101.249600 200.738100 170.933090 197.269035 140.149327 163.410738 168.831068 140.539663 143.111056 147.704881
234.491030 35.859901 101.249600 200.738100 170.934644 197.085341 140.163878 163.416078 168.550482 140.538560 143.111056 147.704881
234.503722 35.836410 101.249600 200.738100 170.931524 196.899538 140.177678 163.421142 168.435468 140.522718 143.111056 147.704881
234.511660 35.821717 101.249600 200.738100 170.922751 196.712744 140.197111 163.428274 168.305990 140.504884 143.111056 147.704881
234.514322 35.816790 101.249600 200.738100 170.913979 196.525950 140.222177 163.437472 168.172847 140.486545 143.111056 147.704881
234.516413 35.812919 101.249600 200.738100 170.905361 196.342452 140.238418 163.443432 168.042181 140.468547 143.111056 147.704881
234.518029 35.809928 101.249600 200.738100 170.896658 196.157457 140.256912 163.450219 167.914784 140.451000 143.111056 147.704881
234.519170 35.807816 101.249600 200.738100 170.886992 195.964098 140.294932 163.464172 167.786891 140.433384 143.111056 147.704881
234.520121 35.806057 101.249600 200.738100 170.877561 195.775434 140.336802 163.479537 167.658252 140.417638 143.111056 147.704881
234.520596 35.805177 101.249600 200.738100 170.868270 195.589566 140.391533 163.499622 167.523149 140.401196 143.111056 147.704881
234.520881 35.804649 101.249600 200.738100 170.858825 195.400602 140.430774 163.514023 167.389634 140.384948 143.001138 147.747790
234.521071 35.804297 101.249600 200.738100 170.869768 195.208845 140.468419 163.527838 167.256714 140.368772 142.971021 147.760527
234.521262 35.803945 101.249600 200.738100 170.886743 195.019002 140.498287 163.543339 167.128560 140.353176 142.924049 147.780394
234.521452 35.803593 101.277617 200.702413 170.881011 194.395379 140.515924 163.556490 166.998718 140.337375 142.856355 147.809025
234.521594 35.803329 101.296314 200.677560 170.822033 194.217081 140.534201 163.570120 166.773353 140.312612 142.789674 147.837227
234.521594 35.803329 101.326433 200.637525 170.825180 194.032941 140.552078 163.583450 166.638104 140.301548 142.715321 147.865638
234.526300 35.794619 101.364247 200.587261 170.838218 193.844492 140.579976 163.604253 166.506842 140.290816 142.663609 147.885233
234.538897 35.771304 101.410298 200.526049 170.851118 193.658038 140.613966 163.629599 166.373885 140.279956 142.626578 147.899265
234.550209 35.750365 101.466208 200.451731 170.864211 193.468790 140.665512 163.668037 166.267440 140.271261 142.569723 147.920809
234.558433 35.735144 101.530835 200.365826 170.889734 193.288233 140.699823 163.693622 166.187805 140.264756 142.527175 147.936932
234.566751 35.719748 101.602796 200.270173 170.917506 193.101790 140.963426 163.877738 166.131193 140.260132 142.484627 147.953054
234.580628 35.628583 101.687142 200.158057 170.945351 192.914853 141.038812 163.899632 166.089134 140.256697 142.433570 147.972401
234.583556 35.623693 101.779964 200.034674 170.971826 192.737114 141.119414 163.940066 166.068203 140.254987 142.405517 147.983032
234.587357 35.617343 101.883487 199.897067 171.006912 192.551600 141.208391 164.005758 166.060030 140.254320 142.364185 147.998694
234.590028 35.612882 101.997050 199.746114 171.052150 192.366961 141.314584 164.084161 166.056044 140.253994 142.320047 148.015419
234.592340 35.609021 102.116806 199.586931 171.097863 192.180379 141.419313 164.162180 166.045180 140.253107 142.222854 148.102461
234.593727 35.606705 102.247322 199.413444 171.142220 191.999334 141.522914 164.242026 166.029333 140.251812 142.124922 148.160475
234.594446 35.605503 102.387698 199.226851 171.183198 191.832080 141.625090 164.320773 166.009100 140.250160 142.054841 148.158092
234.595011 35.604560 102.535408 199.030509 171.225865 191.657931 141.733365 164.404221 165.991558 140.248727 142.035769 148.009854
234.595268 35.604131 102.692015 198.822340 171.274596 191.496116 141.834317 164.491259 165.984681 140.248165 142.048191 147.866864
234.595473 35.603787 102.855597 198.604901 171.323950 191.333125 141.938501 164.581450 165.979200 140.247717 142.001931 147.758093
234.595576 35.603616 103.021342 198.384586 171.371450 191.176258 142.039888 164.669219 165.965445 140.246594 141.950191 147.636438
234.595679 35.603444 103.187869 198.163231 171.416834 191.026379 142.144375 164.759672 165.933751 140.244005 141.901385 147.509947
234.595730 35.603358 103.350369 197.947231 171.464363 190.869417 142.245690 164.843293 165.917804 140.242703 141.852627 147.380313
234.595781 35.603273 103.512928 197.731151 171.509834 190.719251 142.349916 164.925590 165.911824 140.242214 141.806986 147.249554
234.595781 35.603273 103.673348 197.511768 171.550726 190.584206 142.459682 165.009586 165.905844 140.241726 141.750792 147.095376
234.628600 35.544200 103.833836 197.286734 171.588053 190.460933 142.585297 165.091532 165.903352 140.241522 141.696607 146.976547
234.663461 35.548376 103.991653 197.065444 171.622114 190.349959 142.734014 165.162772 165.903153 140.241506 141.641426 146.855534
234.670849 35.533735 104.148715 196.845213 171.667196 190.234874 142.896440 165.240580 165.903153 140.241506 141.586286 146.734613
234.670849 35.533735 104.307809 196.622133 171.715269 190.112154 143.077841 165.277820 165.903153 140.241506 141.532764 146.617240
234.670849 35.533735 104.466497 196.399622 171.767099 189.979844 143.260654 165.315223 165.903153 140.241506 141.479284 146.499958
234.670849 35.533735 104.626463 196.175320 171.821811 189.840178 143.451471 165.342307 165.903153 140.241506 141.421821 146.373941
234.670849 35.533735 104.784512 195.953705 171.880535 189.690269 143.638503 165.347332 165.903153 140.241506 141.364850 146.254508
234.670849 35.533735 104.944594 195.729240 171.937909 189.543806 143.824838 165.352160 165.903153 140.241506 141.190442 146.147492
234.670849 35.533735 105.102236 195.508195 172.001922 189.380397 144.012632 165.350710 165.903153 140.241506 141.060143 146.142287
234.670849 35.533735 105.261157 195.285359 172.066882 189.214566 144.204421 165.348728 165.882422 140.239813 140.926300 146.128129
234.679589 35.516415 105.422399 195.059266 172.133229 189.045198 144.398304 165.346112 165.846342 140.236866 140.797000 146.128267
234.694456 35.486953 105.572323 194.833096 172.195892 188.885234 144.588286 165.343549 165.608269 140.253391 140.665700 146.128406
234.712206 35.451778 105.719536 194.605567 172.264318 188.710558 144.776769 165.341005 165.536935 140.246500 140.531800 146.128548
234.716936 35.442404 105.867130 194.377450 172.332234 188.537185 144.966655 165.334587 165.450765 140.236064 140.402200 146.128686
234.721712 35.432940 106.018037 194.144212 172.401464 188.361322 145.156429 165.327652 165.345335 140.223295 140.273600 146.128823
234.722793 35.430798 106.166988 193.913997 172.466347 188.197503 145.348201 165.320643 165.222532 140.208423 140.141500 146.128963
234.723604 35.429191 106.317134 193.681934 172.522062 188.056835 145.541942 165.312841 165.106760 140.176590 140.006529 146.126601
234.723649 35.429102 106.466411 193.451215 172.580464 187.909379 145.732346 165.307700 164.991360 140.131489 139.881452 146.121118
234.723649 35.429102 106.616232 193.219657 172.640597 187.757554 145.925029 165.291719 164.896002 140.046126 139.775078 146.115989
234.723649 35.429102 106.765781 192.988518 172.702167 187.602103 146.113311 165.264835 164.717042 139.725659 139.680998 146.109545
234.723649 35.429102 106.912505 192.761744 172.773270 187.338073 146.292528 165.214959 164.668859 139.609992 139.586409 146.103343
234.723649 35.429102 107.061022 192.532201 172.644121 187.186240 146.469369 165.157957 164.646722 139.476617 139.515126 146.101767
234.723649 35.429102 107.208506 192.304252 172.529566 186.869001 146.647082 165.097572 164.624388 139.342057 139.442544 146.100163
234.723649 35.429102 107.358978 192.071686 172.530596 186.659104 146.821610 165.034492 164.604723 139.223578 139.384358 146.098876
234.723649 35.429102 107.509559 191.838952 172.531617 186.451206 146.988678 164.954878 164.589270 139.138884 139.311776 146.097272
234.723649 35.429102 107.657380 191.604233 172.532680 186.234809 147.156833 164.858936 164.578883 139.085281 139.264787 146.096233
234.723649 35.429102 107.801724 191.371101 172.533731 186.020711 147.322465 164.763820 164.573157 139.055731 139.081843 146.124385
234.723649 35.429102 107.945226 191.139330 172.534792 185.804614 147.484643 164.669922 164.571369 139.046502 138.998659 146.119989
234.723649 35.429102 108.089727 190.905943 172.535834 185.592417 147.651478 164.573690 164.569372 139.036194 138.850221 146.113243
234.723649 35.429102 108.233861 190.673151 172.536885 185.378219 147.801692 164.486278 164.569029 139.034427 138.738369 146.104402
234.723649 35.429102 108.377099 190.441805 172.535659 185.165126 147.963915 164.386791 164.568915 139.033838 138.605097 146.092541
234.723649 35.429102 108.519969 190.211054 172.529141 184.944743 148.126625 164.286410 164.568877 139.033642 138.488676 146.081972
234.723649 35.429102 108.665524 189.975966 172.518127 184.632408 148.283106 164.174982 164.568877 139.033642 138.386496 146.072696
234.723649 35.429102 108.808025 189.745810 172.529085 184.318599 148.439436 164.064556 164.568877 139.033642 138.298956 146.064749
234.723649 35.429102 108.950474 189.515739 172.541698 184.102167 148.596613 163.954983 164.568877 139.033642 138.237210 146.059144
234.723649 35.429102 109.094976 189.282352 172.554147 183.888529 148.751769 163.844333 164.568877 139.033642 138.182933 146.054216
234.723649 35.429102 109.241057 189.046414 172.566993 183.668103 148.900528 163.731516 164.568877 139.033642 138.145687 146.050835
234.723649 35.429102 109.386822 188.810987 172.578064 183.447488 149.055199 163.614248 164.568877 139.033642 138.113419 146.047905
234.723649 35.429102 109.531798 188.576835 172.586993 183.234976 149.206755 163.499990 164.568877 139.033642 138.080355 146.044904
234.723649 35.429102 109.674931 188.345658 172.596180 183.017570 149.359349 163.384950 164.568877 139.033642 138.064022 146.043421
234.723649 35.429102 109.819380 188.112356 172.605404 182.799264 149.510345 163.271113 164.568877 139.033642 138.039324 146.041179
234.723649 35.429102 109.960473 187.879712 172.614520 182.583557 149.657517 163.157534 164.568877 139.033642 138.025780 146.039949
234.723649 35.429102 110.099332 187.644665 172.623448 182.317208 149.811165 163.031385 164.568877 139.033642 138.017115 146.039163
234.723649 35.429102 110.239411 187.407551 172.628096 182.100458 149.973982 162.893188 164.568877 139.033642 138.003571 146.037933
234.723649 35.429102 110.377862 187.173192 172.633251 181.815328 150.137005 162.748155 164.568877 139.033642 137.994409 146.037101
234.723649 35.429102 110.515754 186.939780 172.641569 181.594987 150.298310 162.604650 164.568877 139.033642 137.983952 146.036152
234.723649 35.429102 110.655324 186.703527 172.649997 181.376649 150.459391 162.461345 164.568877 139.033642 137.975984 146.035429
234.723649 35.429102 110.794894 186.467274 172.658552 181.155014 150.646431 162.289359 164.568877 139.033642 137.972499 146.035112
234.723649 35.429102 110.927220 186.226427 172.667057 180.934678 150.803821 162.140405 164.568877 139.033642 137.964034 146.034344
234.723649 35.429102 111.049684 185.977189 172.674938 180.621415 150.962664 161.990076 164.568877 139.033642 137.958158 146.033810
234.723649 35.429102 111.169899 185.732528 172.682601 180.410254 151.116118 161.839928 164.568877 139.033642 137.947402 146.032834
234.723649 35.429102 111.292054 185.483917 172.690337 180.197095 151.269764 161.688251 164.568877 139.033642 137.938240 146.032002
234.723649 35.429102 111.412622 185.238538 172.700382 179.887301 151.423552 161.536434 164.568877 139.033642 137.933061 146.031532
234.723649 35.429102 111.534998 184.989479 172.711820 179.576773 151.573398 161.384079 164.568097 139.029616 137.924315 146.030583
234.723649 35.429102 111.655874 184.743471 172.720754 179.361558 151.728199 161.225793 164.565814 139.017836 137.919070 146.029824
234.723649 35.429102 111.767366 184.497541 172.731166 179.050406 151.878273 161.070172 164.561515 138.995648 137.909866 146.028492
234.723649 35.429102 111.868489 184.246762 172.734772 178.834936 152.025611 160.915246 164.554210 138.957949 137.901057 146.027218
234.723649 35.429102 111.971144 183.992180 172.738360 178.620566 152.172949 160.760321 164.543900 138.904739 137.890270 146.025657
234.723649 35.429102 112.074137 183.736763 172.742071 178.398897 152.322148 160.603439 164.529575 138.830814 137.874039 146.023309
234.723649 35.429102 112.175895 183.484407 172.741653 178.179522 152.469762 160.448224 164.456871 138.584106 137.856521 146.020775
234.723649 35.429102 112.278738 183.229361 172.738619 177.959442 152.619030 160.291269 164.424073 138.481341 137.823347 146.016119
234.723649 35.429102 112.380645 182.976634 172.738500 177.740943 152.767057 160.135619 164.385511 138.360660 137.798156 146.012868
234.723649 35.429102 112.481656 182.726132 172.738500 177.523843 152.915498 159.979534 164.343370 138.231458 137.769692 146.009196
234.723649 35.429102 112.585154 182.476768 172.735610 177.311670 153.063939 159.823449 164.300576 138.107438 137.738153 146.005126
234.723649 35.429102 112.692817 182.222959 172.732772 177.097590 153.216330 159.662842 164.257327 137.983465 137.708995 146.001364
234.723649 35.429102 112.806525 181.944326 172.728735 176.875827 153.367481 159.502575 164.211574 137.852317 137.625401 145.994995
234.723649 35.429102 112.897507 181.683118 172.727973 176.661430 153.516093 159.345000 164.168589 137.729099 137.606709 145.997795
234.723649 35.429102 112.988291 181.422476 172.727459 176.464430 153.663951 159.188225 164.124549 137.602861 137.590886 146.000164
234.779695 35.320103 113.078581 181.163250 172.727075 176.286932 153.814004 159.029122 164.079027 137.472373 137.575557 146.002460
234.793215 35.292206 113.167655 180.907519 172.732798 176.130137 153.965636 158.868347 164.024932 137.350337 137.563491 146.004267
234.796268 35.285907 113.256926 180.651221 172.737678 175.996426 154.112327 158.712808 163.958814 137.237246 137.557162 146.005215
234.796268 35.285907 113.346526 180.393979 172.742262 175.870809 154.264027 158.551960 163.893857 137.126142 137.553107 146.005822
234.796268 35.285907 113.436077 180.135358 172.745829 175.773074 154.410232 158.392299 163.826325 137.010634 137.549349 146.006385
234.801458 35.275199 113.511767 179.869731 172.750977 175.633103 154.559550 158.228170 163.758643 136.894868 137.542030 146.007481
234.804337 35.269259 113.586415 179.607759 172.753221 175.573446 154.707671 158.074408 163.691010 136.779188 137.532635 146.008888
234.805645 35.266560 113.661283 179.345018 172.755036 175.525180 154.858705 157.917622 163.623631 136.663939 137.524526 146.010102
234.813758 35.249822 113.736372 179.081508 172.756604 175.483509 155.011474 157.759035 163.554080 136.544979 137.507713 146.012620
234.826973 35.222556 113.811411 178.818191 172.757197 175.467720 155.163896 157.600809 163.487880 136.432908 137.500098 146.013760
234.847951 35.179272 113.886805 178.553624 172.757690 175.454630 155.315715 157.440901 163.405595 136.327275 137.489120 146.015404
234.876605 35.120149 113.961131 178.292808 172.757889 175.449333 155.463559 157.284389 163.320913 136.218565 137.478637 146.016974
234.901334 35.069126 114.035238 178.032761 172.757994 175.446535 155.612640 157.126569 163.236477 136.110171 137.464396 146.019107
234.926499 35.017203 114.119650 177.769789 172.758058 175.444836 155.761859 156.968603 163.154499 136.004933 137.416403 145.990397
234.946998 34.974909 114.208474 177.514818 172.758066 175.444637 155.913755 156.807802 163.073750 135.901272 137.396413 145.991032
234.963659 34.940534 114.299075 177.254747 172.758066 175.444637 156.064894 156.647112 162.994414 135.799425 137.367028 145.991965
234.981474 34.905170 114.389379 176.995527 172.758066 175.444637 156.214277 156.487928 162.916001 135.697260 137.343364 145.991883
234.998040 34.872871 114.478894 176.738572 172.758066 175.444637 156.365918 156.326338 162.834901 135.585853 137.315677 145.989384
235.013329 34.843063 114.569330 176.478974 172.758066 175.444637 156.512838 156.169779 162.754566 135.475496 137.289185 145.986993
235.030717 34.809162 114.659503 176.220131 172.758066 175.444637 156.664138 156.008553 162.677881 135.370152 137.249645 145.983424
235.048516 34.774460 114.748755 175.963932 172.758066 175.444637 156.813133 155.849828 162.599194 135.262059 137.222755 145.980997
235.059788 34.752483 114.839553 175.703295 172.758066 175.444637 156.960623 155.692707 162.517741 135.150166 137.191880 145.978211
235.074027 34.724721 114.930153 175.443224 172.758066 175.444637 157.111026 155.535746 162.433109 135.050125 137.173156 145.976521
235.083109 34.707015 115.021017 175.182398 172.758066 175.444637 157.264212 155.379098 162.344958 134.948672 137.143178 145.973815
235.092054 34.689575 115.151348 174.925758 172.758069 175.444537 157.419076 155.220733 162.276685 134.869565 137.112204 145.971019
235.103646 34.666974 115.271751 174.675851 172.758077 175.444337 157.565404 155.060899 162.234242 134.817593 137.072266 145.967415
235.117246 34.640459 115.391287 174.427745 172.758103 175.443637 157.714620 154.897878 162.196418 134.771275 137.046272 145.965068
235.131896 34.611896 115.511299 174.178648 172.758160 175.442138 157.862621 154.736186 162.167702 134.715407 137.022568 145.962929
235.141708 34.592766 115.629749 173.932794 172.758287 175.438741 158.003128 154.572418 162.160066 134.690554 137.007394 145.959451
235.152022 34.572657 115.753692 173.690656 172.758460 175.434144 158.133096 154.400269 162.053431 134.556534 137.000056 145.955791
235.159781 34.557530 115.884205 173.450988 172.758629 175.429647 158.265654 154.224690 162.002199 134.532710 136.998177 145.954854
235.167357 34.542760 116.013952 173.212725 172.759009 175.419554 158.398275 154.049157 161.946594 134.478281 136.990391 145.950972
235.176849 34.524252 116.145852 172.970510 172.759190 175.414758 158.529302 153.876180 161.884272 134.406721 136.969718 145.940664
235.183649 34.510995 116.275408 172.732598 172.759889 175.396171 158.639557 153.690398 161.799433 134.325573 136.956832 145.934238
235.193735 34.491330 116.411248 172.497712 172.760734 175.373687 158.752879 153.499877 161.700501 134.230947 136.944750 145.928214
235.204643 34.470065 116.553934 172.260990 172.761471 175.354101 158.865767 153.316546 161.606700 134.141228 136.936159 145.923930
235.214957 34.449955 116.694658 172.027521 172.762505 175.326620 158.980574 153.128303 161.512394 134.052950 136.933027 145.922368
235.225819 34.428778 116.836931 171.791484 172.764038 175.285849 159.089925 152.940522 161.414799 133.967526 136.923988 145.917861
235.233395 34.414008 116.980185 171.553819 172.765997 175.233786 159.200635 152.750408 161.312464 133.877952 136.902689 145.907240
235.243070 34.395145 117.121632 171.319151 172.768045 175.179324 159.303708 152.563109 161.212461 133.790420 136.877721 145.894790
235.250053 34.381531 117.264369 171.082343 172.770552 175.112671 159.408042 152.371242 161.105372 133.713239 136.746355 145.697176
235.258678 34.364714 117.406281 170.846905 172.773525 175.033627 159.511182 152.181572 160.993828 133.635432 136.727003 145.642076
235.263607 34.355104 117.548372 170.615224 172.776446 174.955982 159.614322 151.991901 160.886713 133.560715 136.713569 145.572095
235.267030 34.348431 117.696071 170.383017 172.779011 174.885429 159.698974 151.836229 160.773118 133.481478 136.704620 145.367451
235.269266 34.344071 117.843180 170.151739 172.780774 174.818953 159.775500 151.695500 160.666987 133.407447 136.723891 145.265875
235.273100 34.336597 117.991523 169.918519 172.782378 174.758474 159.866876 151.522814 160.558178 133.335988 136.741181 145.151272
235.277892 34.327254 118.136593 169.690447 172.783592 174.712690 159.940952 151.376497 160.433962 133.274730 136.760335 145.024308
235.283824 34.315687 118.283809 169.459000 172.784567 174.675903 160.008679 151.232811 160.313153 133.215154 136.780145 144.892994
235.294002 34.295844 118.430274 169.228733 172.785683 174.633818 160.075661 151.081799 160.196919 133.157833 136.800850 144.755747
235.300482 34.283209 118.575719 169.000071 172.786529 174.601929 160.120944 150.943231 160.076362 133.099649 136.820422 144.626015
235.303540 34.277248 118.734897 168.735482 172.787038 174.582736 160.156711 150.816966 159.954303 133.050185 136.836724 144.493638
235.304955 34.274490 118.869734 168.496841 172.787615 174.560943 160.173928 150.685287 159.828909 132.999369 136.872789 144.354385
235.305137 34.274134 119.003784 168.259592 172.787846 174.552246 160.186404 150.549571 159.685117 132.934874 136.901168 144.296798
235.306963 34.270575 119.139130 168.017631 172.787928 174.549147 160.186369 150.416297 159.558791 132.895566 136.911468 144.275898
235.311892 34.260965 119.249628 167.766681 172.788000 174.546448 160.179678 150.285474 159.431033 132.855813 136.918585 144.261457
235.315725 34.253491 119.358514 167.519392 172.788026 174.545449 160.160606 150.156959 159.300315 132.815138 136.939843 144.189074
235.324716 34.235962 119.470100 167.265971 172.788034 174.545149 160.132498 150.032614 159.172271 132.775295 136.948389 144.135653
235.330147 34.225373 119.580518 167.015204 172.788040 174.544949 160.089241 149.884728 159.046613 132.736196 136.965676 143.998276
235.367844 34.175255 119.703750 166.729255 172.788042 174.544849 160.039771 149.726794 158.922451 132.731346 136.974134 143.910081
235.370750 34.170351 119.794028 166.474795 172.788042 174.544849 159.986380 149.558983 158.818782 132.728833 136.984655 143.800384
235.371871 34.168458 119.871064 166.257656 172.788042 174.544849 159.913798 149.385774 158.743104 132.726999 136.995682 143.685412
235.372330 34.167684 119.941452 166.051481 172.788042 174.544849 159.830921 149.209934 158.662611 132.727243 136.964934 143.605240
235.374624 34.163812 119.998323 165.845592 172.788042 174.544849 159.747437 149.061429 158.621829 132.728455 136.967179 143.515068
235.377427 34.159080 120.055700 165.637870 172.788042 174.544849 159.697723 148.976096 158.602138 132.729041 136.969750 143.411800
235.383136 34.149445 120.113876 165.427257 172.788042 174.544849 159.598993 148.934287 158.586345 132.729510 136.972632 143.296036
235.428981 34.069810 120.172211 165.216066 172.788042 174.544849 159.482721 148.888945 158.570452 132.729983 136.974877 143.204812
235.556120 34.098964 120.230547 165.004875 172.788042 174.544849 159.383964 148.850434 158.565454 132.730131 136.964102 143.069637
235.599534 34.119904 120.288829 164.793876 172.788042 174.544849 159.308313 148.820932 158.558657 132.730333 136.930966 142.935092
235.647541 34.143059 120.314285 164.572159 172.788042 174.544849 159.259401 148.801858 158.554759 132.730449 136.909401 142.835193
235.782283 34.218355 120.360563 164.380672 172.788042 174.544849 159.222227 148.787362 158.551660 132.730541 136.883320 142.714376
235.852402 34.271693 120.403529 164.202890 172.788042 174.544849 159.183843 148.772393 158.547762 132.730657 136.846899 142.579455
235.934777 34.334356 120.441773 164.044646 172.788042 174.544849 159.151793 148.759895 158.545163 132.730735 136.826085 142.502202
236.029091 34.406099 120.471607 163.921200 172.788042 174.544849 159.122353 148.748414 158.536567 132.730990 136.841017 142.454065
236.133353 34.485411 120.505858 163.779480 172.788042 174.544849 159.075863 148.730285 158.530270 132.731177 136.818634 142.245783
236.252181 34.575802 120.543444 163.623958 172.788042 174.544849 159.010460 148.704780 158.517175 132.731567 136.748963 142.067796
236.383106 34.675396 120.572000 163.505800 172.788042 174.544849 158.939374 148.677059 158.500783 132.732054 136.720907 141.967340
236.473502 34.834538 120.601800 163.378032 172.788042 174.544849 158.851634 148.643129 158.489088 132.732402 136.689568 141.855134
236.542220 35.015228 120.618965 163.316584 172.788042 174.544849 158.743563 148.615688 158.464299 132.733139 136.658741 141.744759
236.547668 35.226557 120.632282 163.268909 172.788042 174.544849 158.511148 148.567931 158.442108 132.733798 136.634127 141.656631
236.506828 35.440779 120.689372 163.187275 172.788042 174.544849 158.374779 148.540000 158.425016 132.734307 136.618606 141.601058
236.413539 35.617986 120.728221 163.048199 172.788042 174.544849 158.220939 148.505027 158.404125 132.734928 136.610832 141.573223
236.279140 35.748009 120.764621 162.917888 172.788042 174.544849 158.063162 148.465719 158.382735 132.735564 136.606178 141.556561
236.134929 35.834457 120.801276 162.807940 172.788042 174.544849 157.927927 148.428110 158.359645 132.736250 136.603730 141.547796
236.000855 35.906912 120.834135 162.709795 172.788042 174.544849 157.784823 148.363623 158.327759 132.737198 136.602762 141.544329
235.889802 35.973695 120.859755 162.633270 172.788042 174.544849 157.665716 148.284700 158.292575 132.738244 136.602466 141.543270
235.795910 36.039750 120.884994 162.557882 172.788042 174.544849 157.572530 148.153287 158.260389 132.739201 136.602385 141.542981
235.714449 36.097059 120.910170 162.482685 172.788042 174.544849 157.485591 148.030683 158.229003 132.740134 136.602358 141.542884
235.662760 36.162059 120.932750 162.424472 172.788042 174.544849 157.398473 147.889843 158.197017 132.741085 136.602358 141.542884
235.616543 36.222769 120.958581 162.382130 172.788042 174.544849 157.316520 147.731831 158.167230 132.741971 136.602358 141.542884
235.575051 36.277273 120.982226 162.343373 172.788042 174.544849 157.226787 147.558817 158.150337 132.742473 136.602358 141.542884
235.548487 36.340327 121.016807 162.286689 172.788042 174.544849 157.128812 147.369913 158.125548 132.743210 136.602358 141.542884
235.533203 36.399485 121.040504 162.247847 172.788042 174.544849 157.031680 147.180571 158.112354 132.743602 136.602358 141.542884
235.517069 36.461934 121.063888 162.209517 172.788042 174.544849 156.951491 147.021994 158.102259 132.743902 136.602358 141.542884
235.501135 36.523609 121.088990 162.168369 172.788042 174.544849 156.864686 146.851298 158.100759 132.743947 136.602358 141.542884
235.497602 36.579565 121.112583 162.129698 172.788042 174.544849 156.771514 146.668133 158.099560 132.743982 136.602358 141.542884
235.498444 36.626957 121.132373 162.097258 172.788042 174.544849 156.695934 146.519552 158.099260 132.743991 136.602358 141.542884
235.499551 36.689347 121.155653 162.059099 172.788042 174.544849 156.632686 146.395214 158.099160 132.743994 136.602358 141.542884
235.500391 36.736640 121.175079 162.027256 172.788042 174.544849 156.584127 146.299754 158.099160 132.743994 136.599372 141.532193
235.500782 36.758636 121.199765 161.986792 172.788042 174.544849 156.542461 146.217843 158.099160 132.743994 136.593207 141.506226
235.506707 36.827294 121.220268 161.953030 172.788042 174.544849 156.506371 146.146894 158.099160 132.743994 136.582618 141.459830
235.517124 36.885062 121.237996 161.923784 172.788042 174.544849 156.478170 146.091455 158.099160 132.743994 136.564693 141.393613
235.530824 36.961037 121.253184 161.898727 172.788082 174.543349 156.455636 146.047157 158.099160 132.743994 136.511484 141.225344
235.547629 37.054234 121.275007 161.862725 172.788217 174.538251 156.443531 146.023359 158.099160 132.743994 136.498149 141.135434
235.567895 37.166621 121.293045 161.832965 172.788435 174.530054 156.436684 146.009900 158.099160 132.743994 136.486717 140.929101
235.590912 37.294262 121.309529 161.805771 172.788758 174.517858 156.430654 145.998045 158.099160 132.743994 136.485295 140.797609
235.616945 37.438634 121.327309 161.776439 172.789330 174.496266 156.424048 145.982612 158.097861 132.744033 136.484051 140.682615
235.645711 37.598161 121.342134 161.751981 172.790335 174.458379 156.415785 145.962115 158.093163 132.744173 136.482982 140.583821
235.679997 37.776796 121.354004 161.732398 172.791716 174.406298 156.401204 145.925943 158.083067 132.744473 136.481111 140.480521
235.717779 37.968508 121.373183 161.700756 172.793492 174.339321 156.381949 145.878178 158.063276 132.745061 136.455909 140.375811
235.756869 38.178839 121.387386 161.677325 172.795310 174.270745 156.355478 145.812513 158.045584 132.745587 136.431479 140.274309
235.785652 38.407635 121.409468 161.640895 172.797248 174.197671 156.319004 145.725886 158.015397 132.746485 136.405762 140.167461
235.816046 38.649231 121.441502 161.588046 172.799019 174.130894 156.283303 145.642943 157.989808 132.747245 136.375529 140.041848
235.847537 38.899558 121.469664 161.535190 172.802881 174.044687 156.253700 145.567018 157.973016 132.747745 136.363523 139.865069
235.880502 39.161592 121.491334 161.493935 172.961401 174.008193 156.137895 145.294956 157.959222 132.748155 136.402086 139.718766
235.908036 39.433185 121.511236 161.456043 173.065845 174.062891 156.104191 145.231219 157.953924 132.748312 136.436724 139.587354
235.935147 39.713276 121.535509 161.409830 173.183931 174.124734 156.062353 145.152099 157.950626 132.748410 136.473197 139.448981
235.963125 40.002325 121.558201 161.366627 173.316723 174.194277 156.014018 145.060692 157.949526 132.748443 136.507121 139.320276
235.991875 40.299337 121.581870 161.321565 173.463069 174.270919 155.965309 144.968578 157.945728 132.748556 136.540791 139.192539
236.005944 40.611720 121.600981 161.285179 173.621772 174.358364 155.912111 144.867977 157.936532 132.748829 136.369047 139.107178
235.987628 40.938216 121.619070 161.250740 173.772851 174.452296 155.856998 144.763752 157.915541 132.749453 136.239970 139.130120
236.002561 41.269680 121.637205 161.216213 173.884696 174.521835 155.755463 144.565507 157.905645 132.749748 136.051350 139.147673
236.017400 41.599046 121.663106 161.166901 173.957225 174.480150 155.697551 144.456766 157.888953 132.750244 135.916659 139.149205
236.024353 41.927333 121.680078 161.134588 173.908569 174.361001 155.638605 144.346084 157.880457 132.750496 135.781446 139.155324
236.028035 42.259912 121.697935 161.100592 173.856587 174.233706 155.573098 144.236148 157.875459 132.750645 135.651334 139.163988
236.031709 42.591792 121.717139 161.064029 173.804604 174.106411 155.508860 144.130435 157.860765 132.751082 135.520523 139.172699
236.035375 42.922872 121.731461 161.036761 173.753037 173.980134 155.441869 144.020193 157.838275 132.751750 135.384525 139.181756
236.033482 43.251514 121.750340 161.000817 173.704457 173.861171 155.371144 143.906992 157.802291 132.752820 135.249025 139.190779
236.021207 43.582959 121.765546 160.971868 173.657313 173.745726 155.301678 143.801991 157.766007 132.753899 135.115421 139.199676
236.004486 43.913436 121.775311 160.953276 173.619394 173.652870 155.254502 143.730684 157.734221 132.754844 134.980505 139.217172
235.987734 44.244513 121.786890 160.931232 173.597996 173.600471 155.217535 143.674806 157.681544 132.756383 134.845173 139.239737
235.971143 44.572393 121.794655 160.916448 173.587751 173.575382 155.195850 143.642029 157.667249 132.756786 134.648760 139.267394
235.954508 44.901173 121.803351 160.899892 173.608103 173.472773 155.181339 143.620095 157.655854 132.757107 134.517282 139.285361
235.938003 45.227356 121.812372 160.882717 173.669077 173.456534 155.175435 143.611171 157.651456 132.757231 134.381147 139.303964
235.921367 45.556135 121.820556 160.867136 173.745223 173.436255 155.168207 143.600246 157.649756 132.757279 134.251429 139.334872
235.904565 45.888210 121.826787 160.855273 173.838376 173.411446 155.166938 143.598327 157.649157 132.757296 134.130435 139.366659
235.887808 46.219386 121.831809 160.845711 173.950759 173.381516 155.166497 143.597660 157.649057 132.757298 134.016289 139.409073
235.870995 46.551661 121.836692 160.836416 174.075028 173.348421 155.166111 143.597076 157.577300 132.763299 134.001526 139.559299
235.854238 46.882838 121.842504 160.825349 174.211568 173.312058 155.166055 143.596993 157.536101 132.763488 134.010320 139.639607
235.837395 47.215712 121.849154 160.812689 174.360478 173.272400 155.166055 143.596993 157.474801 132.763771 134.017018 139.693593
235.820678 47.546089 121.857198 160.797373 174.523109 173.229088 155.166055 143.596993 157.394202 132.764142 133.993248 139.769936
235.804048 47.874769 121.864499 160.783474 174.763289 173.156042 155.166055 143.596993 157.294403 132.764601 134.001566 139.836922
235.787468 48.202449 121.870637 160.771788 174.881595 173.118567 155.166055 143.596993 157.176104 132.765146 134.000394 139.907114
235.770832 48.531229 121.878495 160.756826 175.021796 173.071913 155.166055 143.596993 157.006630 132.770605 133.989411 139.982171
235.754292 48.858111 121.889841 160.735225 175.073558 173.049125 155.166055 143.596993 156.876503 132.779041 133.960993 140.056633
235.757819 49.434958 121.909558 160.697688 175.101505 172.848300 155.166055 143.596993 156.744680 132.787587 133.914171 140.117465
235.740835 49.767224 121.936760 160.645897 175.069213 172.761193 155.166055 143.596993 156.613655 132.796081 133.852244 140.163922
235.723957 50.097393 121.959824 160.601986 175.049122 172.706997 155.166055 143.596993 156.476143 132.804996 133.787061 140.201901
235.707417 50.420971 121.992003 160.540722 175.040512 172.659530 155.166055 143.596993 156.339530 132.813853 133.716704 140.219325
235.692974 50.703502 122.023144 160.482883 175.033550 172.617908 155.166055 143.596993 156.203536 132.830851 133.640153 140.230062
235.680601 50.974099 122.059609 160.419643 175.028090 172.585262 155.166055 143.596993 156.069479 132.852543 133.559146 140.241424
235.667332 51.244374 122.094926 160.358396 175.022283 172.550544 155.166055 143.596993 155.942333 132.873117 133.483289 140.252064
235.653720 51.521640 122.125147 160.305985 175.018918 172.530424 155.166055 143.596993 155.811392 132.900596 133.408818 140.262510
235.637736 51.792769 122.157317 160.250195 175.016674 172.517010 155.166055 143.596993 155.686610 132.931282 133.328603 140.273761
235.621641 52.064292 122.188587 160.195965 175.014859 172.506161 155.166055 143.596993 155.554831 132.963667 133.253241 140.284331
235.605285 52.340208 122.220856 160.140002 175.014233 172.502413 155.166055 143.596993 155.425367 132.991868 133.171243 140.295832
235.589167 52.612131 122.245583 160.097120 175.013886 172.500342 155.166055 143.596993 155.297955 133.019621 133.097268 140.306208
235.573101 52.883155 122.272058 160.051206 175.013606 172.498665 155.166055 143.596993 155.162823 133.049055 133.018241 140.317293
235.556834 53.157573 122.292838 160.015168 175.013589 172.498566 155.166055 143.596993 155.035568 133.098830 132.871330 140.368774
235.540822 53.427699 122.313818 159.978783 175.013573 172.498468 155.166055 143.596993 154.912327 133.149101 132.835436 140.339620
235.508511 53.694999 122.338744 159.935555 175.013573 172.498468 155.166055 143.596993 154.786678 133.200354 132.783343 140.312381
235.492182 53.966709 122.354879 159.907574 175.013573 172.498468 155.166055 143.596993 154.661585 133.251381 132.721338 140.319392
235.475883 54.237920 122.375360 159.872055 175.013573 172.498468 155.166055 143.596993 154.536214 133.302521 132.643236 140.328225
235.459644 54.508132 122.396240 159.835844 175.013573 172.498468 155.166055 143.596993 154.417552 133.355833 132.565730 140.336989
235.442991 54.785232 122.413423 159.806043 175.013573 172.498468 155.166055 143.596993 154.305574 133.419274 132.488423 140.345731
235.426422 55.060935 122.424513 159.786812 175.013573 172.498468 155.166055 143.596993 154.188289 133.485721 132.413301 140.354226
235.410087 55.332744 122.436601 159.765847 175.013573 172.498468 155.166055 143.596993 154.070830 133.552267 132.333013 140.363306
235.393764 55.604354 122.450189 159.742284 175.013573 172.498468 155.166055 143.596993 153.953249 133.619197 132.227656 140.357282
235.377411 55.876463 122.458980 159.727037 175.013573 172.498468 155.166055 143.596993 153.843081 133.686691 132.152917 140.334333
235.361196 56.146277 122.471868 159.704686 175.013573 172.498468 155.166055 143.596993 153.730354 133.755753 132.087322 140.296908
235.347500 56.421031 122.481809 159.687447 175.013573 172.498468 155.166055 143.596993 153.621464 133.822463 132.034751 140.233848
235.335457 56.698368 122.492149 159.669515 175.013573 172.498468 155.166055 143.596993 153.526388 133.880711 131.988767 140.170598
235.324362 56.973445 122.503988 159.648983 175.013573 172.498468 155.166055 143.596993 153.453312 133.925481 131.946299 140.101506
235.313351 57.246423 122.508883 159.640494 175.013573 172.498468 155.166055 143.596993 153.397289 133.959803 131.903989 140.032670
235.302279 57.520899 122.516775 159.626806 175.013573 172.498468 155.166055 143.596993 153.337174 133.996632 131.860862 139.950463
235.291300 57.793078 122.522270 159.617277 175.013573 172.498468 155.166055 143.596993 153.300337 134.019200 131.850390 139.872765
235.280192 58.068454 122.524368 159.613638 175.013573 172.498468 155.166055 143.596993 153.259586 134.044183 131.869219 139.800964
235.269113 58.343131 122.525917 159.610953 175.013573 172.498468 155.166055 143.596993 153.225024 134.065486 131.915592 139.732566
235.258073 58.616808 122.532960 159.598738 175.013573 172.498468 155.166055 143.596993 153.192845 134.085320 131.954960 139.690382
235.247026 58.890685 122.536107 159.593280 175.013573 172.498468 155.166055 143.596993 153.159901 134.105626 131.974610 139.669327
235.236120 59.161066 122.540902 159.584964 175.013573 172.498468 155.166055 143.596993 153.129169 134.124568 132.071012 139.572420
235.224952 59.437940 122.548945 159.571017 175.013573 172.498468 155.166055 143.596993 153.105759 134.138998 132.139201 139.564055
235.213803 59.714316 122.552941 159.564086 175.013573 172.498468 155.166055 143.596993 153.080732 134.154424 132.229722 139.552950
235.202760 59.988093 122.562932 159.546760 175.013573 172.498468 155.166055 143.596993 153.069495 134.161350 132.333904 139.506920
235.191604 60.264668 122.566928 159.539830 175.013573 172.498468 155.166055 143.596993 153.050681 134.172947 132.458070 139.491663
235.180544 60.538845 122.574770 159.526229 175.013573 172.498468 155.166055 143.596993 153.039955 134.179558 132.586708 139.475122
235.169029 60.812403 122.579866 159.517393 175.013573 172.498468 155.166055 143.596993 153.032549 134.184123 132.718894 139.457161
235.157202 61.088750 122.585710 159.507257 175.013573 172.498468 155.166055 143.596993 153.026931 134.187586 132.848800 139.439510
235.145576 61.360401 122.589357 159.500933 175.013573 172.498468 155.159490 143.587068 153.024717 134.188950 132.978508 139.421885
