234.712132 130.171360 208.308700 177.559400 174.463935 170.241501 115.102500 175.103300 132.466829 133.554684 118.457128 97.414022
234.712132 130.171360 208.297925 177.582070 174.405494 170.110659 115.112438 175.082669 132.389867 133.276083 118.549503 97.513426
234.712132 130.171360 208.280067 177.619642 174.339875 169.963748 115.133183 175.039605 132.341063 133.161765 118.641471 97.612391
234.712132 130.171360 208.254053 177.674374 174.268588 169.804145 115.163258 174.977171 132.289443 133.040712 118.730875 97.705768
234.712132 130.171360 208.216818 177.749885 174.200548 169.627898 115.203184 174.894286 132.235750 132.914346 118.826195 97.800517
234.712132 130.171360 208.170688 177.840634 174.040649 169.195825 115.251964 174.793023 132.183112 132.790465 118.919813 97.893574
234.712132 130.171360 208.115540 177.949121 173.921925 168.901666 115.310118 174.672300 132.132391 132.671094 119.014708 97.987900
234.712132 130.171360 208.054547 178.069109 173.831547 168.690276 115.376778 174.533918 132.082100 132.552735 119.107972 98.080605
234.712132 130.171360 207.994233 178.187759 173.764567 168.475414 115.450122 174.381663 132.028250 132.426111 119.201874 98.173944
234.712132 130.171360 207.791907 178.246111 173.657345 168.265514 115.529801 174.216254 131.974715 132.307097 119.294995 98.266507
234.712132 130.171360 207.657763 178.174420 173.543435 168.042523 115.614472 174.040484 131.919868 132.185165 119.393153 98.364076
234.712132 130.171360 207.511186 178.096077 173.241622 167.721657 115.675367 173.838110 131.863755 132.061391 119.485991 98.456358
234.712132 130.171360 207.351380 178.010664 172.920115 167.763528 115.780139 173.642090 131.794495 131.849893 119.589036 98.535373
234.712132 130.171360 207.180990 177.919594 172.668625 167.877476 115.893244 173.434389 131.729038 131.732510 119.668973 98.594452
234.712132 130.171360 206.998166 177.821877 172.417864 167.991093 116.013761 173.213076 131.663582 131.615126 119.728243 98.638257
234.712132 130.171360 206.815959 177.724491 172.166465 168.105000 116.141596 172.978326 131.598076 131.497656 119.763145 98.664052
234.712132 130.171360 206.653419 177.637616 171.918892 168.217173 116.272969 172.737077 131.532863 131.380709 119.865488 98.675859
234.712132 130.171360 206.520070 177.566344 171.666764 168.331409 116.408512 172.502252 131.469063 131.266296 119.944115 98.678716
234.712132 130.171360 206.414239 177.509779 171.419282 168.443541 116.550527 172.266642 131.379378 131.094488 120.067141 98.698090
234.712132 130.171360 206.322429 177.460709 171.167519 168.557612 116.692284 172.031461 131.323910 130.978354 120.150374 98.620190
234.712132 130.171360 206.244908 177.419275 170.919400 168.670033 116.833214 171.797650 131.286414 130.899849 120.273940 98.576539
234.712132 130.171360 206.196225 177.393255 170.667272 168.784269 116.972854 171.565980 131.263744 130.852385 120.409832 98.565777
234.712132 130.171360 206.169828 177.227037 170.423375 168.907640 117.113785 171.332169 131.248703 130.820893 120.542975 98.597824
234.712132 130.171360 206.218956 177.147838 170.182975 169.033168 117.256213 171.095875 131.320673 130.648099 120.651760 98.663383
234.712132 130.171360 206.275939 177.055976 169.937079 169.161566 117.396627 170.862920 131.374090 130.607327 120.752155 98.757774
234.712132 130.171360 206.341620 176.950093 169.691361 169.289872 117.540322 170.627881 131.437524 130.558909 120.850000 98.849768
234.901941 130.063482 206.409672 176.840386 169.446352 169.417807 117.685820 170.399133 131.512881 130.501391 120.948646 98.942516
234.929927 130.039585 206.477725 176.730679 169.204799 169.543937 117.833466 170.167011 131.605328 130.430828 121.042622 99.036571
234.971373 130.004195 206.539874 176.630489 168.962627 169.670391 117.980145 169.936407 131.710097 130.350860 121.137832 99.135774
235.023694 129.959520 206.586999 176.554518 168.716554 169.798881 118.127308 169.705044 131.815183 130.270650 121.300509 99.290510
235.092442 129.900818 206.653981 176.421518 168.475001 169.925011 118.272968 169.476044 131.921701 130.189348 121.401898 99.374564
235.172065 129.832830 206.670772 176.345654 168.240363 170.047531 118.420184 169.244596 132.026548 130.109319 121.503211 99.458554
235.258866 129.741372 206.685813 176.277699 168.003686 170.171115 118.566649 169.014330 132.136961 130.025044 121.601949 99.546024
235.355724 129.635899 206.701199 176.208181 167.770201 170.293033 118.725156 168.752721 132.247294 129.940829 121.697510 99.638096
235.461944 129.444489 206.712372 176.157703 167.529889 170.418515 118.859010 168.515821 132.229468 129.789737 121.795232 99.732250
235.534426 129.284217 206.719676 176.124702 167.284348 170.546728 118.994044 168.276831 132.158421 129.677540 121.891298 99.824807
235.591268 129.107061 206.722788 176.110642 167.039250 170.674709 119.128980 168.038016 132.087160 129.565005 122.057945 99.979473
235.649443 128.916650 206.726440 176.094141 166.796368 170.801534 119.241850 167.784345 132.030558 129.475619 122.163840 100.068641
235.710394 128.723646 206.729854 176.078714 166.555348 170.927386 119.352187 167.533761 131.992467 129.415465 122.273088 100.149471
235.763507 128.555852 206.738326 176.040441 166.312643 171.054118 119.461154 167.286289 131.976952 129.390964 122.376468 100.225960
235.812155 128.402167 206.849535 175.961617 166.072864 171.179322 119.572377 167.033692 131.966841 129.374996 122.485396 100.306552
235.885055 128.164161 206.924510 175.971315 165.831046 171.305591 119.682795 166.782925 131.962186 129.367646 122.589660 100.383695
235.922976 128.021826 207.013568 175.982833 165.588430 171.432276 119.788076 166.491571 131.960581 129.365112 122.697889 100.459261
235.962287 127.874272 207.116213 175.996109 165.347232 171.558221 119.867253 166.268400 131.960474 129.364943 122.804116 100.533328
236.027458 127.623016 207.239090 176.012002 165.106655 171.683842 119.938763 166.061217 131.955338 129.356832 122.992673 100.666409
236.070127 127.453917 207.369900 176.028921 164.866876 171.809046 119.996992 165.850411 131.942445 129.336471 123.104193 100.746156
236.114778 127.276963 207.497537 176.045430 164.626121 171.934759 120.054502 165.642208 131.875327 129.294435 123.212622 100.823692
236.162047 127.089635 207.721355 176.071891 164.382708 172.061861 120.112252 165.433137 131.825498 129.329966 123.321459 100.901520
236.211215 126.888466 207.851446 176.084501 164.140801 172.188176 120.171306 165.219343 131.763699 129.374031 123.427692 100.977486
236.232597 126.670814 207.987707 176.097708 163.895557 172.310033 120.229295 165.009405 131.686186 129.429301 123.539863 101.057699
236.255317 126.439527 208.117101 176.110251 163.657197 172.446731 120.286939 164.800720 131.573451 129.469166 123.613746 101.174600
236.278898 126.199483 208.245200 176.122667 163.458144 172.632775 120.343104 164.593304 131.479084 129.536453 123.682265 101.286721
236.313987 125.847014 208.377978 176.135538 163.264535 172.880565 120.388804 164.404250 131.373399 129.611811 123.754070 101.404217
236.338662 125.582261 208.514538 176.148775 163.059385 173.060568 120.436902 164.205280 131.280009 129.678402 123.825301 101.520775
236.384268 125.310283 208.635969 176.160545 162.816118 173.175867 120.480675 164.024196 131.202937 129.723109 123.895489 101.635626
236.450240 125.049395 208.724454 176.169122 162.546112 173.181120 120.519351 163.864204 131.142498 129.749125 123.964530 101.748600
236.517682 124.782690 208.785468 176.175036 162.288498 173.100151 120.554337 163.719473 131.094552 129.769763 124.034405 101.862939
236.589529 124.522836 208.850762 176.181365 162.096002 172.907180 120.592307 163.562397 131.041920 129.792418 124.105532 101.979326
236.680018 124.263680 208.899534 176.186092 161.991192 172.652053 120.623834 163.421893 131.003343 129.809024 124.176867 102.096055
236.770375 124.004901 208.924118 176.188475 161.921239 172.389305 120.655823 163.307377 130.813759 129.793642 124.312624 102.313849
236.859677 123.749144 209.056086 176.137115 161.850591 172.123949 120.681247 163.216361 130.791372 129.718715 124.385835 102.430592
236.949804 123.491026 209.095001 176.085928 161.762525 171.864972 120.703415 163.137000 130.763088 129.624050 124.455327 102.541405
237.038150 123.238006 209.132221 176.036970 161.616489 171.634910 120.719181 163.080560 130.731283 129.517599 124.528804 102.658571
237.152149 122.885821 209.173194 175.983076 161.419626 171.445119 120.731153 163.037701 130.695956 129.399364 124.599997 102.772095
237.233815 122.623122 209.224093 175.916127 161.194429 171.291847 120.742103 162.998501 130.657567 129.270877 124.718568 102.978743
237.316104 122.358418 209.282798 175.838909 160.961845 171.145306 120.750524 162.968356 130.626792 129.167876 124.778287 103.098477
237.424472 122.004726 209.351429 175.748636 160.729937 170.999191 120.758326 162.940425 130.595588 129.063438 124.838987 103.220179
237.502376 121.742869 209.421513 175.656451 160.497521 170.852756 120.765465 162.914905 130.558659 128.939837 124.897545 103.337586
237.581336 121.477466 209.502732 175.549620 160.266967 170.707494 120.775974 162.883517 130.494017 128.696201 124.956281 103.455351
237.658698 121.217430 209.580139 175.447803 160.038021 170.563245 120.784482 162.858104 130.462998 128.569339 125.017830 103.578754
237.737287 120.953272 209.662448 175.339538 159.802982 170.415158 120.792927 162.832880 130.432122 128.443058 125.079244 103.701888
237.835855 120.629832 209.791903 175.152573 159.573866 170.270802 120.798705 162.815621 130.401032 128.315904 125.211353 103.949546
237.917499 120.365032 209.861922 175.043991 159.342212 170.124847 120.806483 162.792389 130.370441 128.190790 125.267305 104.070976
237.991546 120.125622 209.934542 174.931375 159.110051 169.978572 120.813499 162.771432 130.337523 128.056155 125.324302 104.194676
238.069092 119.867827 210.002717 174.825650 158.920700 169.859271 120.823976 162.740139 130.290396 127.831896 125.380462 104.316560
238.100215 119.696023 210.073495 174.715892 158.749625 169.751484 120.831532 162.717571 130.265667 127.698265 125.436760 104.438379
238.124546 119.561709 210.147307 174.601427 158.501222 169.594950 120.838135 162.697847 130.241265 127.566404 125.493379 104.558616
238.152374 119.408270 210.288267 174.411199 158.380069 169.518609 120.845215 162.676700 130.217828 127.439754 125.550424 104.679756
238.178748 119.231205 210.368282 174.310268 158.270199 169.448957 120.855056 162.647304 130.194427 127.313301 125.606276 104.798364
238.182235 119.203020 210.451901 174.204793 158.159871 169.376670 120.861088 162.629287 130.170334 127.183111 125.663747 104.920409
238.268298 119.168054 210.534029 174.101198 158.052136 169.306082 120.868263 162.607856 130.150100 127.073768 125.721048 105.042093
238.319660 119.202422 210.608838 174.005091 157.944485 169.235548 120.877914 162.579029 130.131950 126.924033 125.776388 105.159615
238.356930 119.227281 210.695415 173.899009 157.832681 169.160818 120.884931 162.558072 130.127881 126.885346 125.833093 105.280032
238.371905 119.237268 210.783196 173.797104 157.739139 169.055231 120.889852 162.543374 130.125485 126.862572 125.891075 105.403163
238.375566 119.239710 210.868534 173.702672 157.629385 168.982076 120.898963 162.516159 130.124282 126.851135 125.967558 105.586137
238.376314 119.240209 210.968476 173.608383 157.550002 168.929164 120.907281 162.491314 130.123989 126.848351 126.063327 105.784570
238.376813 119.240542 211.062890 173.521723 157.454618 168.865643 120.914265 162.470452 130.123801 126.846560 126.126360 105.904629
238.376813 119.240542 211.169568 173.433237 157.347655 168.794350 120.923567 162.442668 130.123700 126.845600 126.189720 106.026993
238.376813 119.240542 211.271858 173.348389 157.239066 168.721971 120.941603 162.409960 130.123700 126.845600 126.234848 106.116903
238.376813 119.240542 211.372603 173.273197 157.127814 168.647818 120.956967 162.384776 130.123700 126.845600 126.262212 106.171421
238.376813 119.240542 211.496442 173.237793 157.016645 168.573720 120.974570 162.355922 130.123700 126.845600 126.279573 106.206009
238.376813 119.240542 211.626819 173.200521 156.905810 168.499844 120.996756 162.319556 130.123700 126.845600 126.284462 106.215750
238.376813 119.240542 211.751619 173.164843 156.793642 168.425080 121.012484 162.293774 130.065355 126.717059 126.286077 106.218968
238.376813 119.240542 211.880332 173.148005 156.678299 168.348232 121.034098 162.258347 130.040287 126.683985 126.356768 106.358481
238.376813 119.240542 212.016103 173.137205 156.561710 168.273656 121.055815 162.222749 129.999319 126.578895 126.377684 106.399226
238.376813 119.240542 212.149382 173.126603 156.450091 168.202259 121.078262 162.185955 129.997614 126.500357 126.408098 106.458476
238.376813 119.240542 212.280269 173.116192 156.341809 168.130108 121.096802 162.155564 130.036984 126.408536 126.447372 106.534985
238.376813 119.240542 212.412152 173.105701 156.243836 168.041201 121.118520 162.119966 130.181112 126.316455 126.496464 106.630620
238.469631 119.261244 212.541843 173.095385 156.145418 167.951891 121.138206 162.087697 130.255943 126.311418 126.551265 106.737376
238.505645 119.253679 212.673028 173.084949 156.046333 167.861976 121.162267 162.048257 130.278923 126.276790 126.656883 106.936913
238.522184 119.250205 212.801423 173.074736 155.955723 167.768042 121.183308 162.013768 130.399279 126.290838 126.719575 107.052393
238.539995 119.246464 212.930615 173.064459 155.862583 167.667573 121.199088 161.987902 130.521056 126.199175 126.785846 107.174465
238.548999 119.244573 213.068479 173.053493 155.773251 167.571210 121.222394 161.949524 130.599439 126.140352 126.851114 107.294691
238.551837 119.243977 213.205052 173.040459 155.684327 167.475288 121.240795 161.919166 130.695657 126.068143 126.913711 107.409995
238.552913 119.243751 213.338666 173.026900 155.595198 167.379146 121.258575 161.889834 130.792276 125.995635 126.976260 107.525211
238.553109 119.243710 213.446213 173.015986 155.507550 167.277579 121.278843 161.856397 130.893443 125.919524 127.041052 107.644558
238.553109 119.243710 213.541822 173.006284 155.401641 167.201740 121.298696 161.823644 130.999990 125.839254 127.103314 107.759248
238.553109 119.243710 213.702785 172.990705 155.314683 167.097173 121.311343 161.802778 131.107335 125.758381 127.169363 107.881437
238.553109 119.243710 213.755751 172.985726 155.226255 166.990836 121.330211 161.771650 131.215639 125.676787 127.229640 107.996957
238.553109 119.243710 213.796571 172.981889 155.143966 166.891881 121.345710 161.746080 131.314598 125.602233 127.291489 108.115491
238.553109 119.243710 213.817877 172.979887 155.056345 166.791725 121.357840 161.726069 131.423063 125.526092 127.353338 108.234025
238.553109 119.243710 213.830141 172.978949 154.967290 166.693076 121.378056 161.692718 131.538191 125.451096 127.417408 108.356815
238.553109 119.243710 213.835825 172.978522 154.880513 166.596951 121.395732 161.663557 131.648459 125.379266 127.471002 108.457846
238.553109 119.243710 213.848490 172.977571 154.792061 166.498970 121.407913 161.643460 131.756046 125.309183 127.509295 108.516920
238.553109 119.243710 213.875912 172.975512 154.704078 166.401509 121.427507 161.611135 131.864470 125.238553 127.532413 108.552583
238.553109 119.243710 213.914404 172.972623 154.615020 166.298397 121.438029 161.593775 131.975911 125.165959 127.547445 108.571807
238.553109 119.243710 213.954192 172.969635 154.533701 166.197355 121.457807 161.557765 132.162007 125.035272 127.553598 108.578375
238.553109 119.243710 214.010826 172.912019 154.446990 166.089615 121.469385 161.535721 132.269457 124.957572 127.554760 108.579616
238.553109 119.243710 213.997849 172.841313 154.362536 165.984678 121.482638 161.510490 132.378609 124.878642 127.555034 108.579908
238.558589 119.242558 213.983030 172.753049 154.278521 165.880287 121.498216 161.480832 132.488165 124.799418 127.555102 108.579981
238.576596 119.238776 213.965942 172.651273 154.193762 165.782451 121.512073 161.454450 132.595696 124.721660 127.560161 108.585381
238.598641 119.233386 213.946570 172.535888 154.101639 165.681049 121.528162 161.423818 132.701121 124.645425 127.571511 108.597495
238.627853 119.225724 213.924863 172.406598 154.012340 165.582756 121.547739 161.386547 132.808084 124.568076 127.593047 108.620483
238.679796 119.212100 213.903553 172.279674 153.922436 165.483797 121.558480 161.366096 132.995151 124.435286 127.629146 108.659015
238.726419 119.199872 213.880654 172.143283 153.849932 165.354944 121.570105 161.343963 133.100230 124.361149 127.717630 108.817562
238.750697 119.193504 213.857887 172.007681 153.763059 165.257979 121.584985 161.315633 133.207269 124.285627 127.713007 108.900132
238.950415 119.145905 213.836312 171.879180 153.678929 165.159266 121.596052 161.294563 133.315290 124.209414 127.707417 108.999976
239.014850 119.130720 213.813843 171.745353 153.589870 165.054768 121.605492 161.276591 133.425517 124.131645 127.701139 109.112100
239.095831 119.111636 213.711584 171.603686 153.505028 164.955217 121.613490 161.261364 133.613077 123.997819 127.693687 109.245192
239.191705 119.089043 213.602214 171.535282 153.417201 164.852166 121.623720 161.241887 133.724218 123.917544 127.682008 109.468866
239.308019 119.061633 213.492759 171.466824 153.324360 164.752004 121.633671 161.222941 133.833170 123.838850 127.675928 109.602428
239.438154 119.030965 213.377031 171.394442 153.234285 164.656748 121.643808 161.203642 133.938555 123.762732 127.669726 109.738687
239.582695 118.996903 213.264439 171.324023 153.143111 164.560329 121.655526 161.181332 134.047969 123.683998 127.663682 109.871449
239.738676 118.946510 213.147127 171.253144 153.050288 164.462167 121.664687 161.163891 134.156296 123.608220 127.657598 110.005111
239.912498 118.888015 213.034352 171.190512 152.956365 164.362842 121.674684 161.144857 134.257576 123.537372 127.651472 110.139671
240.103758 118.823651 212.919303 171.126618 152.860163 164.263645 121.685845 161.123610 134.340582 123.479307 127.653717 110.359259
240.281181 118.763943 212.719079 171.011356 152.766347 164.170504 121.698400 161.099706 134.409905 123.430814 127.676492 110.495670
240.420598 118.717026 212.602542 170.938946 152.671680 164.076516 121.718441 161.061550 134.460217 123.395620 127.565953 110.649273
240.573999 118.662835 212.486006 170.866537 152.578006 163.983515 121.747550 161.006129 134.500110 123.371743 127.433497 110.675359
240.730904 118.565421 212.382494 170.775829 152.483196 163.889387 121.781310 160.941856 134.517009 123.363058 127.303102 110.701038
240.907366 118.485783 212.292070 170.678433 152.387109 163.793991 121.822463 160.863506 134.534353 123.354145 127.175453 110.726176
241.087487 118.396618 212.203824 170.583382 152.295351 163.702892 121.868544 160.775772 134.538178 123.352179 127.048884 110.751102
241.277665 118.301363 212.115714 170.488477 152.189277 163.623859 121.915463 160.686444 134.541913 123.350260 126.920059 110.776472
241.476785 118.201629 212.025494 170.391301 152.077056 163.554547 121.960615 160.600481 134.542002 123.350214 126.785052 110.803060
241.689048 118.095312 211.873177 170.217743 151.960882 163.482692 122.001349 160.522928 134.542002 123.350214 126.658777 110.827927
241.905513 117.986891 211.793940 170.112170 151.843290 163.409341 122.044424 160.445978 134.542002 123.350214 126.530050 110.853278
242.131277 117.873812 211.710863 170.001478 151.734744 163.337985 122.088482 160.369571 134.542002 123.350214 126.397398 110.879402
242.361263 117.745894 211.628265 169.891426 151.642158 163.277121 122.129143 160.299054 134.542002 123.350214 126.270829 110.904328
242.591730 117.605042 211.550229 169.787453 151.521879 163.247272 122.164410 160.237893 134.542002 123.350214 126.136312 110.930819
242.820319 117.465337 211.467392 169.677081 151.474667 163.223189 122.201175 160.174134 134.542002 123.350214 126.009645 110.955764
243.051382 117.324120 211.385694 169.568229 151.435739 163.203331 122.233694 160.117738 134.542002 123.350214 125.876503 110.981984
243.284323 117.181756 211.306638 169.462896 151.406076 163.188200 122.262467 160.067839 134.542002 123.350214 125.801620 111.083859
243.507024 117.045649 211.146817 169.413671 151.382737 163.176294 122.286544 160.026083 134.542002 123.350214 125.864619 111.207538
243.694913 116.930819 211.008941 169.416248 151.364030 163.166752 122.313468 159.979390 134.542002 123.350214 125.923442 111.323020
243.871857 116.820359 210.871465 169.418818 151.345145 163.157119 122.330802 159.949329 134.542002 123.350214 125.984399 111.442689
244.024816 116.723029 210.735888 169.421351 151.316105 163.142305 122.347686 159.920048 134.542002 123.350214 126.047034 111.565656
244.155249 116.640032 210.601512 169.423863 151.288490 163.128219 122.368116 159.884617 134.542002 123.350214 126.108626 111.686573
244.270833 116.566484 210.464036 169.426432 151.268715 163.118131 122.377058 159.869110 134.542002 123.350214 126.167904 111.802945
244.363469 116.507539 210.330861 169.429015 151.236824 163.101863 122.391744 159.843641 134.542002 123.350214 126.227544 111.920031
244.442353 116.457344 210.101617 169.433657 151.223017 163.094820 122.402534 159.824929 134.542002 123.350214 126.287593 112.037918
244.504448 116.417832 209.969845 169.436354 151.204221 163.085232 122.409627 159.812627 134.542002 123.350214 126.336884 112.134687
244.547222 116.390613 209.833073 169.439153 151.188632 163.077280 122.417620 159.798766 134.542002 123.350214 126.384724 112.228605
244.579113 116.370321 209.700401 169.441869 151.180793 163.073281 122.435203 159.768273 134.542002 123.350214 126.424529 112.306751
244.612101 116.349330 209.566229 169.444615 151.174379 163.070010 122.435203 159.768273 134.542002 123.350214 126.458934 112.374294
244.642558 116.329950 209.446054 169.447076 151.173578 163.069601 122.442146 159.756231 134.542002 123.350214 126.485168 112.425797
244.685586 116.302571 209.358473 169.448875 151.173043 163.069328 122.459680 159.725824 134.542002 123.350214 126.505184 112.465093
244.745234 116.264615 209.274790 169.450593 151.172865 163.069237 122.488602 159.675665 134.542002 123.350214 126.523794 112.501626
244.815259 116.220057 209.208104 169.451962 151.172865 163.069237 122.525767 159.611213 134.542002 123.350214 126.549166 112.551436
244.899121 116.166695 209.158015 169.452991 151.172865 163.069237 122.552841 159.564259 134.542002 123.350214 126.507897 112.686531
244.906372 115.991773 209.101227 169.454157 151.172865 163.069237 122.574271 159.527095 134.542002 123.350214 126.428961 112.728502
244.873136 115.863923 209.061515 169.447426 151.172865 163.069237 122.599397 159.483520 134.545115 123.348614 126.341284 112.775120
244.837358 115.726297 209.033730 169.422992 151.172865 163.069237 122.629968 159.430503 134.555432 123.343312 126.241423 112.828217
244.799870 115.582091 209.018937 169.409982 151.172865 163.069237 122.665484 159.368909 134.572420 123.334582 126.262471 112.968210
244.760212 115.428323 209.011803 169.403709 151.172865 163.069237 122.711391 159.289296 134.599903 123.320458 126.338739 113.079359
244.721971 115.277289 209.008124 169.400473 151.168856 163.067192 122.793491 159.203886 134.648644 123.295409 126.412065 113.186221
244.684218 115.123557 208.991153 169.385548 151.158256 163.061785 122.792158 159.128434 134.716774 123.260396 126.484486 113.291764
244.646060 114.968174 208.972867 169.360076 151.144716 163.054878 122.828883 159.049565 134.798778 123.218253 126.559169 113.400604
244.604560 114.775408 208.909515 169.301458 151.110242 163.037293 122.853747 158.996170 135.013521 123.025341 126.632495 113.507466
244.493037 114.636525 208.829656 169.298908 151.063024 162.949820 122.872237 158.956464 135.105479 122.943078 126.697787 113.602619
244.335786 114.529961 208.734904 169.295882 151.035701 162.925921 122.879709 158.940419 135.204097 122.860697 126.741126 113.665780
244.139702 114.481505 208.626159 169.292409 150.995733 162.890962 122.886589 158.925642 135.297267 122.782867 126.773716 113.713274
243.918028 114.529345 208.504322 169.288518 150.956367 162.856530 122.893132 158.911591 135.397948 122.709759 126.809077 113.764809
243.700918 114.607800 208.375576 169.256071 150.941507 162.679512 122.900393 158.895999 135.496717 122.644103 126.835726 113.803645
243.471398 114.692599 208.251195 169.217923 150.970629 162.631329 122.970534 158.823575 135.599483 122.575790 126.926646 113.861463
243.220534 114.717627 208.126622 169.179716 150.991320 162.597096 122.922429 158.848678 135.708329 122.503436 127.007672 113.856146
242.958853 114.663243 207.996696 169.139868 151.007097 162.570994 122.939652 158.811691 135.818590 122.430140 127.100073 113.850083
242.686881 114.580390 207.868586 169.100576 151.019777 162.554636 122.939652 158.811691 135.928935 122.356790 127.171121 113.845421
242.409761 114.485291 207.740285 169.061225 151.047323 162.529339 122.939652 158.811691 136.038751 122.316733 127.223508 113.841983
242.110339 114.467369 207.608542 169.020819 151.062275 162.515609 122.939652 158.811691 136.174913 122.167114 127.281383 113.838185
241.808766 114.552891 207.482344 168.982114 151.081499 162.497955 122.939652 158.811691 136.256693 122.107763 127.308824 113.836385
241.509565 114.669558 207.350505 168.941679 151.094094 162.486389 122.950416 158.788574 136.344220 122.049222 127.404583 113.892269
241.198738 114.795040 207.223734 168.902797 151.104111 162.477190 122.967217 158.752494 136.419029 121.999186 127.407879 113.960489
240.876227 114.925239 207.099257 168.864620 151.116264 162.466030 122.989084 158.705536 136.492259 121.950207 127.412115 114.048187
240.544166 115.059293 206.968183 168.824419 151.119137 162.463392 123.005209 158.670906 136.563744 121.902395 127.417282 114.155163
240.226875 115.184756 206.844184 168.786388 151.127386 162.455816 123.020702 158.637637 136.631987 121.856752 127.423399 114.281815
239.945872 115.294575 206.714535 168.748142 151.144253 162.440327 123.037502 158.601557 136.699911 121.834406 127.435969 114.507863
239.691414 115.394020 206.582941 168.714607 151.157732 162.427949 123.051225 158.573243 136.740862 121.763180 127.444172 114.641812
239.466388 115.481962 206.450281 168.680799 151.167454 162.419021 123.064135 158.547834 136.690969 121.697602 127.451974 114.777280
239.264926 115.560695 206.321963 168.661631 151.174451 162.412595 123.078449 158.519662 136.644709 121.636799 127.455391 114.906835
239.079950 115.632985 206.193743 168.672732 151.182111 162.405561 123.098289 158.480614 136.600083 121.578145 127.460929 115.037791
238.921240 115.695010 206.056157 168.684643 151.187341 162.400758 123.126691 158.424715 136.554974 121.518855 127.469381 115.174530
238.793727 115.743378 205.918572 168.696554 151.191834 162.396632 123.165376 158.348580 136.517917 121.470149 127.481552 115.303275
238.671634 115.785333 205.787961 168.707861 151.199199 162.389868 123.191739 158.296693 136.495393 121.440543 127.498933 115.433622
238.562592 115.822803 205.659441 168.718987 151.205607 162.383984 123.214424 158.257996 136.495183 121.307160 127.516710 115.567144
238.472617 115.852341 205.422029 168.728266 151.211942 162.378167 123.250602 158.200655 136.544951 121.247491 127.534619 115.701657
238.400301 115.876040 205.182725 168.735159 151.224463 162.366668 123.280163 158.153801 136.582834 121.185594 127.560778 115.926143
238.348512 115.893013 205.016545 168.737732 151.235806 162.356252 123.376716 158.062539 136.623301 121.115659 127.572438 116.055017
238.293586 115.911013 204.844106 168.688909 151.249064 162.344077 123.418072 157.996996 136.663418 121.046329 127.584567 116.189069
238.240561 115.928390 204.662934 168.606824 151.259007 162.334946 123.439604 157.901096 136.703936 120.976306 127.597001 116.326508
238.137754 115.965926 204.492855 168.489821 151.274843 162.320404 123.501021 157.803751 136.741849 120.910784 127.608815 116.457074
238.045648 116.003299 204.333019 168.333701 151.305999 162.291792 123.555022 157.718163 136.783218 120.839291 127.620646 116.587840
237.939364 116.046425 204.228756 168.125531 151.350928 162.250533 123.600538 157.646022 136.821982 120.772298 127.632882 116.723088
237.822424 116.093875 204.192433 167.723163 151.382084 162.221922 123.635649 157.590372 136.863351 120.700804 127.645254 116.859829
237.691121 116.147152 204.167769 167.457003 151.412872 162.193649 123.650804 157.504635 136.900363 120.636840 127.657527 116.995475
237.548514 116.205016 204.142570 167.185068 151.430991 162.177010 123.707034 157.415488 136.938376 120.571145 127.669872 117.131918
237.387281 116.270438 204.112890 166.909213 151.440713 162.168081 123.771160 157.313822 136.977141 120.504152 127.722347 117.342887
237.220581 116.338079 204.070816 166.638473 151.447489 162.161859 123.833259 157.215370 137.013651 120.441054 127.762700 117.474332
237.042947 116.410155 203.977501 166.391568 151.449994 162.159559 123.920934 157.077929 137.050212 120.377869 127.803434 117.607020
236.849097 116.488812 203.781081 166.202690 151.451614 162.158071 123.993798 156.965708 137.089127 120.310617 127.841527 117.731105
236.639588 116.573823 203.584877 166.014019 151.451761 162.157935 124.063502 156.858353 137.127140 120.244922 127.880705 117.858727
236.421275 116.662405 203.390258 165.826873 151.451835 162.157868 124.134839 156.753086 137.167608 120.174986 127.919546 117.985301
236.194437 116.754447 203.194631 165.638756 151.451835 162.157868 124.207580 156.652664 137.207074 120.106781 127.958446 118.112067
235.954812 116.851678 202.935419 165.398144 151.451835 162.157868 124.283841 156.547382 137.244636 120.041866 127.994208 118.228603
235.702121 116.954210 202.732972 165.213951 151.451835 162.157868 124.363739 156.437079 137.281848 119.977556 128.021080 118.316173
235.449060 117.056892 202.530082 165.029354 151.451835 162.157868 124.477161 156.315791 137.321915 119.908312 128.039776 118.389301
235.182811 117.157930 202.328227 164.845700 151.451835 162.157868 124.543661 156.203506 137.359928 119.842618 128.050141 118.431754
234.920270 117.257219 202.070370 164.609793 151.451835 162.157868 124.614364 156.091332 137.397491 119.777702 128.055075 118.451961
234.672063 117.357502 201.660630 164.388833 151.451835 162.157868 124.687106 155.976302 137.437557 119.708458 128.058253 118.464978
234.440082 117.451230 201.466886 164.291098 151.451835 162.157868 124.742874 155.860750 137.477274 119.639821 128.059226 118.468961
234.208751 117.544696 201.229764 164.174936 151.451835 162.157868 124.768683 155.735219 137.516990 119.571183 128.059439 118.469836
233.970650 117.640896 201.106094 164.115295 151.451835 162.157868 124.780459 155.600286 137.558459 119.499516 128.059581 118.470419
233.730232 117.738033 201.012058 164.069946 151.451835 162.157868 124.777508 155.465775 137.598876 119.429667 128.059605 118.470516
233.478780 117.839628 200.958914 164.044318 151.451835 162.157868 124.751829 155.332954 137.637490 119.362933 128.059605 118.470516
233.218520 117.944781 200.798286 163.966814 151.451835 162.157868 124.716277 155.206263 137.673651 119.300441 128.059605 118.470516
232.948496 118.054327 200.714382 163.921623 151.451835 162.157868 124.673243 155.083910 137.713517 119.231544 128.059605 118.470516
232.668393 118.169087 200.611813 163.866379 151.451835 162.157868 124.640421 154.957408 137.750128 119.168273 128.059605 118.470516
232.376124 118.277508 200.495598 163.803785 151.451835 162.157868 124.630862 154.826854 137.791247 119.097212 128.059605 118.470516
232.067589 118.367888 200.361246 163.731422 151.451835 162.157868 124.632364 154.696438 137.831864 119.027016 128.059605 118.470516
231.747538 118.461641 200.214745 163.652516 151.453824 162.156042 124.648799 154.568489 137.872983 118.955955 128.059605 118.470516
231.412266 118.531037 200.055829 163.566923 151.457212 162.152930 124.665846 154.435779 137.914251 118.884634 128.059605 118.470516
231.093592 118.591723 199.884324 163.474550 151.462368 162.148196 124.687141 154.304613 137.953367 118.817035 128.059605 118.470516
230.792870 118.634919 199.697499 163.373925 151.473195 162.138253 124.708827 154.176942 137.990879 118.752206 128.059605 118.470516
230.508602 118.655334 199.498084 163.266519 151.484096 162.128242 124.731652 154.042567 138.029594 118.685300 128.059605 118.470516
230.237002 118.674840 199.288670 163.153638 151.496322 162.117014 124.751316 153.905645 138.065403 118.623413 128.059605 118.470516
229.969790 118.694030 199.069398 163.035651 151.515064 162.100168 124.764483 153.775711 138.083433 118.592254 128.059605 118.470516
229.704326 118.700227 198.837244 162.910793 151.537607 162.079922 124.778326 153.639110 138.306693 118.459922 128.059605 118.470516
229.447227 118.699677 198.513542 162.738272 151.561564 162.058407 124.791877 153.505395 138.373080 118.446654 128.059605 118.470516
229.206327 118.699160 198.273564 162.611083 151.584257 162.038028 124.804994 153.375958 138.458883 118.429505 128.059605 118.470516
228.981328 118.698678 198.030670 162.482350 151.599137 162.024665 124.760890 153.192640 138.556454 118.410004 128.059605 118.470516
228.745728 118.698174 197.785301 162.352305 151.606651 162.017916 124.846808 152.912757 138.671087 118.387093 128.059605 118.470516
228.521529 118.697693 197.414971 162.155367 151.611636 162.013439 124.943594 152.826672 138.804645 118.360399 128.059605 118.470516
228.301429 118.697222 197.088563 162.039391 151.614538 162.010834 125.046089 152.737550 138.939577 118.333431 128.059605 118.470516
228.043843 118.666995 196.828799 161.969510 151.617142 162.008495 125.162639 152.669624 139.068036 118.307757 128.059605 118.470516
227.823365 118.674333 196.566258 161.924114 151.618332 162.007426 125.308830 152.585881 139.201104 118.281162 128.059605 118.470516
227.605286 118.681591 196.297080 161.889483 151.618853 162.006958 125.423108 152.524542 139.330250 118.255350 128.059605 118.470516
227.390205 118.688749 196.024800 161.892538 151.618853 162.006958 125.536418 152.463723 139.462338 118.228950 128.059605 118.470516
227.175880 118.690912 195.758051 161.946260 151.618853 162.006958 125.652029 152.400930 139.589523 118.203531 128.059605 118.470516
226.953807 118.687441 195.398740 161.886712 151.618853 162.006958 125.757789 152.326892 139.724454 118.176563 128.059605 118.470516
226.736239 118.683765 195.138833 161.819327 151.618853 162.006958 125.866170 152.251018 139.853763 118.149567 128.059605 118.470516
226.518107 118.678308 194.874474 161.750787 151.618853 162.006958 125.978893 152.172106 139.987048 118.121056 128.059605 118.470516
226.296477 118.672763 194.640510 161.690127 151.618853 162.006958 126.088258 152.095544 140.120137 118.092586 128.060412 118.473819
226.075846 118.667243 194.452428 161.641364 151.618853 162.006958 126.194714 152.018268 140.246381 118.065581 128.062025 118.480425
225.859613 118.661834 194.293290 161.600104 151.618853 162.006958 126.301826 151.949383 140.378297 118.037363 128.065582 118.494997
225.610903 118.675698 194.153705 161.563914 151.618853 162.006958 126.434220 151.913173 140.506399 118.009960 128.071837 118.522487
225.373730 118.679245 194.021090 161.529531 151.618853 162.006958 126.565755 151.790441 140.638510 117.981700 128.079714 118.563232
225.123957 118.682981 193.871808 161.402797 151.618853 162.006958 126.710896 151.671723 140.771501 117.953252 128.090419 118.618607
224.859387 118.686939 193.738568 161.364628 151.618853 162.006958 126.815547 151.598019 140.994919 117.905966 128.104199 118.689887
224.583030 118.704196 193.610938 161.326862 151.618853 162.006958 126.922650 151.522588 141.121246 117.879842 128.151203 118.923322
224.291511 118.722608 193.479506 161.287852 151.618853 162.006958 127.035477 151.443126 141.254233 117.852342 128.174732 119.032004
223.987311 118.751026 193.346635 161.248414 151.618853 162.006958 127.147240 151.364413 141.388884 117.824498 128.198896 119.143618
223.677706 118.805726 193.222399 161.214841 151.620787 162.005221 127.252381 151.290364 141.496703 117.802202 128.165073 119.258794
223.359223 118.866992 193.096249 161.181430 151.628004 161.998740 127.359158 151.215163 141.581802 117.784604 128.128084 119.383838
223.037287 118.939498 192.964278 161.152307 151.635221 161.992259 127.465852 151.140020 141.628906 117.774864 128.092137 119.502814
222.715344 119.018362 192.826900 161.144498 151.645786 161.982771 127.572384 151.064992 141.646924 117.771138 128.054270 119.614679
222.401033 119.110369 192.696909 161.137110 151.674431 161.957046 127.683575 150.986682 141.659361 117.768566 128.014478 119.732226
222.086339 119.202489 192.559214 161.132152 151.711854 161.923437 127.793458 150.909293 141.663083 117.767797 127.974206 119.851195
221.774963 119.307574 192.423958 161.128692 151.759471 161.880675 127.899908 150.834322 141.664747 117.767452 127.935890 119.968902
221.474254 119.422718 192.288502 161.125227 151.790868 161.852478 128.003414 150.761425 141.664943 117.767412 127.898650 120.090843
221.165794 119.540831 192.156345 161.121859 151.832607 161.814994 128.113542 150.683863 141.664943 117.767412 127.864126 120.203889
220.864747 119.674876 192.039683 161.118898 151.865195 161.785728 128.312219 150.542165 141.664943 117.767412 127.831005 120.312344
220.610245 119.800909 191.951211 161.116653 151.888929 161.764413 128.425037 150.461137 141.664943 117.767412 127.800767 120.424108
220.370845 119.924724 191.896629 161.115267 151.894400 161.759500 128.534443 150.382560 141.664943 117.767412 127.771933 120.534917
220.136448 120.068539 191.852743 161.114153 151.894400 161.759500 128.716984 150.256612 141.664943 117.767412 127.742771 120.646985
219.903841 120.211257 191.832549 161.113641 151.894400 161.759500 128.830689 150.179299 141.664943 117.767412 127.712149 120.764666
219.676189 120.362468 191.822353 161.113382 151.894400 161.759500 128.936506 150.107818 141.664943 117.767412 127.680670 120.885638
219.448948 120.520518 191.814355 161.113179 151.894400 161.759500 129.051744 150.031352 141.664943 117.767412 127.631734 121.095986
219.222610 120.677940 191.812256 161.113126 151.894400 161.759500 129.159483 149.959862 141.664943 117.767412 127.610517 121.229106
218.997668 120.834392 191.812156 161.113123 151.894400 161.759500 129.271388 149.885607 141.664943 117.767412 127.591220 121.350178
218.782913 121.000895 191.811556 161.113108 151.894400 161.759500 129.391760 149.765583 141.664943 117.767412 127.570932 121.477471
218.569122 121.169538 191.809157 161.113047 151.894400 161.759500 129.518498 149.678461 141.664943 117.767412 127.550423 121.606147
218.354937 121.338491 191.807457 161.113004 151.894400 161.759500 129.660517 149.578680 141.664943 117.767412 127.530702 121.729885
218.137613 121.509921 191.802859 161.112887 151.894400 161.759500 129.816103 149.464454 141.664943 117.767412 127.509307 121.860241
217.925077 121.677573 191.792862 161.112634 151.894400 161.759500 129.976709 149.336573 141.664943 117.767412 127.488069 121.989204
217.714174 121.847084 191.777567 161.112245 151.894400 161.759500 130.145295 149.202337 141.664943 117.767412 127.471504 122.121464
217.503887 122.021335 191.749372 161.111764 151.894400 161.759500 130.319459 149.105768 141.664943 117.767412 127.470721 122.252462
217.292138 122.196798 191.716774 161.111349 151.894400 161.759500 130.508408 148.995145 141.664943 117.767412 127.469965 122.379160
217.078233 122.374047 191.661579 161.110645 151.894400 161.759500 130.592421 148.912377 141.664943 117.767412 127.469173 122.511757
216.861786 122.547692 191.599784 161.109858 151.894400 161.759500 130.796768 148.821132 141.664943 117.767412 127.479465 122.639989
216.645547 122.719848 191.517090 161.108804 151.894400 161.759500 131.027025 148.714864 141.664943 117.767412 127.506627 122.763846
216.429777 122.891629 191.414399 161.107496 151.894400 161.759500 131.278748 148.624213 141.664943 117.767412 127.540065 122.887619
216.194609 123.033801 191.323506 161.106337 151.894400 161.759500 131.546991 148.562867 141.664943 117.767412 127.581483 123.010317
215.954919 123.159175 191.263511 161.105573 151.894400 161.759500 131.562300 148.559400 141.664943 117.767412 127.635358 123.137436
215.699190 123.259521 191.223614 161.105064 151.894400 161.759500 131.698833 148.540664 141.664943 117.767412 127.694199 123.252532
215.436158 123.344299 191.187017 161.104598 151.894400 161.759500 131.967706 148.482418 141.664943 117.767412 127.764570 123.372286
215.164477 123.386245 191.154920 161.104189 151.894400 161.759500 132.217348 148.384672 141.664943 117.767412 127.846886 123.481189
214.896848 123.427565 191.104724 161.103550 151.894400 161.759500 132.413464 148.277279 141.664943 117.767412 127.928620 123.584203
214.625576 123.428084 191.045216 161.102276 151.894400 161.759500 132.548751 148.146557 141.664943 117.767412 128.002646 123.677503
214.354238 123.401882 190.951452 161.150799 151.884251 161.656522 132.679631 148.072459 141.664943 117.767412 128.078796 123.758723
214.081825 123.375441 190.929749 161.248006 151.861225 161.634881 132.780359 148.015942 141.664943 117.767412 128.148913 123.831419
213.816432 123.321598 190.897886 161.356814 151.823625 161.599542 132.849000 147.983418 141.664943 117.767412 128.203687 123.888208
213.550059 123.267557 190.851629 161.481468 151.774001 161.552904 132.892230 147.967698 141.664943 117.767412 128.258947 123.945500
213.287704 123.214330 190.795061 161.599646 151.709513 161.492295 133.067902 148.047932 141.664943 117.767412 128.315943 124.004593
213.019664 123.159950 190.720439 161.716086 151.630013 161.417577 133.107347 148.124127 141.664943 117.767412 128.375503 124.069689
212.749665 123.105173 190.648460 161.828401 151.541843 161.334710 133.152262 148.210891 141.664943 117.767412 128.420756 124.125305
212.480348 123.048730 190.574379 161.938676 151.439754 161.238763 133.211790 148.310596 141.664943 117.767412 128.450482 124.161839
212.217879 122.983721 190.493457 162.050213 151.328638 161.134314 133.286692 148.419615 141.664943 117.767412 128.478883 124.196744
211.963661 122.920755 190.414355 162.159241 151.208128 161.021025 133.369552 148.529267 141.664943 117.767412 128.492264 124.213188
211.703618 122.856347 190.332388 162.270874 151.079968 160.900544 133.460033 148.633464 141.664943 117.767412 128.503119 124.226530
211.440955 122.791291 190.261672 162.364211 150.942772 160.771570 133.559405 148.721249 141.664943 117.767412 128.510756 124.235916
211.175960 122.725665 190.206175 162.437461 150.802736 160.639924 133.669058 148.801225 141.664943 117.767412 128.513722 124.239561
210.911257 122.660111 190.169021 162.499311 150.667813 160.511044 133.777489 148.877028 141.664943 117.767412 128.516247 124.242664
210.646648 122.594591 190.138723 162.551215 150.534759 160.378509 133.974933 148.996474 141.664943 117.767412 128.517004 124.243595
210.385938 122.530381 190.100257 162.617110 150.401209 160.245480 134.096959 149.060923 141.664943 117.767412 128.517067 124.243672
210.118432 122.464497 190.061338 162.683782 150.265676 160.110475 134.215006 149.123270 141.664943 117.767412 128.517067 124.243672
209.856169 122.399905 190.023400 162.768558 150.130992 159.976317 134.335175 149.186739 141.664943 117.767412 128.517067 124.243672
209.591278 122.299178 189.988499 162.866468 149.996734 159.842582 134.451718 149.248292 141.664943 117.767412 128.517067 124.243672
209.328516 122.231652 189.931803 163.088900 149.789727 159.633000 134.546871 149.309408 141.664943 117.767412 128.517067 124.243672
209.066432 122.164299 189.903769 163.208663 149.595343 159.394059 134.606354 149.373170 141.664943 117.767412 128.517067 124.243672
208.801151 122.096126 189.875234 163.330567 149.476765 159.242036 134.638687 149.407830 141.664943 117.767412 128.517067 124.243672
208.533934 122.027454 189.844647 163.461235 149.361447 159.094191 134.722069 149.502728 141.664943 117.767412 128.517067 124.243672
208.266039 121.958609 189.815382 163.586256 149.227175 158.963395 134.775909 149.569405 141.664943 117.767412 128.517067 124.243672
207.997175 121.889514 189.784977 163.716144 149.091257 158.832065 134.837664 149.645884 141.664943 117.767412 128.522937 124.250886
207.729183 121.820644 189.750355 163.840396 148.956490 158.701848 134.912425 149.738469 141.664943 117.767412 128.532782 124.262987
207.460223 121.751524 189.715333 163.963408 148.776615 158.526777 134.982033 149.824674 141.664943 117.767412 128.555251 124.290601
207.197848 121.684098 189.680914 164.084303 148.587121 158.321135 135.029214 149.883103 141.664943 117.767412 128.581191 124.322481
206.934892 121.616521 189.650053 164.213947 148.472559 158.169057 135.051454 149.910645 141.664943 117.767412 128.677654 124.441127
206.673099 121.549244 189.621627 164.339878 148.356414 158.016422 135.065840 149.928462 141.664943 117.767412 128.728826 124.504302
206.411015 121.481892 189.592761 164.467761 148.241564 157.866069 135.070740 149.934530 141.664943 117.767412 128.789250 124.578900
206.142442 121.412872 189.573627 164.552528 148.079148 157.636882 135.081044 149.947290 141.664943 117.767412 128.862917 124.669925
205.875612 121.344300 189.562992 164.599643 147.975081 157.476961 135.097817 149.968063 141.664943 117.767412 128.945387 124.772736
205.613431 121.276923 189.448872 164.680940 147.873196 157.320393 135.208387 150.013887 141.664943 117.767412 129.031861 124.880539
205.351153 121.209521 189.370612 164.653900 147.770983 157.163322 135.260999 150.005998 141.664943 117.767412 129.112653 124.985487
205.081255 121.149022 189.279214 164.622321 147.617909 156.925045 135.330621 149.995558 141.664943 117.767412 129.187073 125.090979
204.811390 121.088810 189.166549 164.583394 147.514088 156.762230 135.414681 149.982953 141.664943 117.767412 129.264722 125.201046
204.547284 121.029883 189.043896 164.528925 147.410644 156.600005 135.512388 149.968302 141.664943 117.767412 129.344388 125.313973
204.276347 120.969431 188.921565 164.469502 147.307367 156.441130 135.628293 149.950922 141.664943 117.767412 129.424458 125.427472
204.009898 120.909982 188.812101 164.401466 147.200312 156.279582 135.762907 149.933272 141.738548 117.654261 129.501357 125.541684
203.717278 120.827366 188.725432 164.293307 147.095412 156.121285 135.900963 149.918923 141.746652 117.618980 129.571777 125.648212
203.441551 120.758079 188.647528 164.174952 146.990125 155.962404 136.034629 149.907096 141.759502 117.563037 129.645433 125.759734
203.154864 120.686037 188.582774 164.039786 146.891577 155.813694 136.171090 149.923134 141.775889 117.491694 129.718224 125.872240
202.854987 120.610681 188.523775 163.886337 146.801426 155.677653 136.387466 149.860694 141.794164 117.399241 129.792916 125.987684
202.544054 120.532547 188.456805 163.721525 146.716633 155.549699 136.499225 149.787672 141.788701 117.291579 129.855986 126.069087
202.223035 120.451878 188.384936 163.544885 146.491552 155.239960 136.616756 149.720355 141.785427 117.165088 129.908372 126.127281
201.905700 120.372135 188.263016 163.243896 146.414376 155.107510 136.735704 149.665708 141.804741 117.031376 129.946908 126.170091
201.589230 120.290669 188.156999 163.116266 146.335752 154.955545 136.828027 149.623294 141.824393 116.895490 129.977684 126.204279
201.270375 120.204093 188.057328 163.034223 146.247279 154.787178 136.889818 149.594906 141.842800 116.768214 129.996819 126.225535
200.949300 120.116914 187.829798 162.968852 146.152287 154.618370 136.924257 149.579084 141.862950 116.632930 130.011337 126.241663
200.632278 120.030836 187.698340 162.958070 146.059796 154.454007 136.970580 149.517632 141.893089 116.503184 130.039236 126.272656
200.314881 119.950144 187.568411 162.972529 145.968354 154.286675 136.975155 149.508628 141.923930 116.370419 130.136462 126.327256
199.994573 119.869517 187.433595 162.990439 145.880622 154.124836 136.975880 149.507201 141.953164 116.244570 130.201067 126.315112
199.671840 119.788279 187.302547 163.007850 145.806123 153.992689 136.976197 149.506577 141.982828 116.116870 130.284692 126.312160
199.348914 119.706993 187.166145 163.025971 145.750383 153.893818 136.976423 149.506132 142.014257 115.981573 130.419386 126.357285
199.029381 119.626561 187.033409 163.043582 145.710212 153.822562 136.976423 149.506132 142.044826 115.849977 130.502890 126.557767
198.707715 119.545592 186.904002 163.056998 145.603687 153.807654 136.976423 149.506132 142.081545 115.586530 130.471972 126.673780
198.391051 119.464849 186.774298 163.070446 145.536478 153.834577 136.976423 149.506132 142.077835 115.451781 130.331370 126.796979
198.071527 119.380776 186.636437 163.084739 145.459709 153.865329 136.982494 149.494185 142.087019 115.228353 130.230730 126.818332
197.751615 119.296601 186.504376 163.097733 145.384517 153.895449 136.994795 149.469147 142.099258 115.096721 130.165863 126.931209
197.435282 119.213368 186.272987 163.095652 145.313688 153.923821 136.998037 149.246360 142.111608 114.963894 130.194885 127.134643
197.113687 119.134389 186.143695 163.083798 145.254835 153.947397 136.988398 149.185215 142.124263 114.827781 130.218536 127.262371
196.792135 119.061546 186.013405 163.060826 145.223087 153.960114 136.975755 149.105005 142.136890 114.691967 130.242680 127.392755
196.471752 118.988970 185.882425 163.037732 145.179364 153.977628 136.956555 149.009231 142.149722 114.553962 130.266277 127.520188
196.149225 118.915907 185.746620 163.013786 145.124967 153.999419 136.928029 148.900718 142.170589 114.360084 130.291404 127.655882
195.824551 118.842358 185.618792 162.991248 145.056273 154.026936 136.894290 148.772379 142.187501 114.231088 130.316457 127.791182
195.501145 118.769096 185.489880 162.968518 144.996955 154.050697 136.861542 148.647811 142.204634 114.100407 130.361652 128.016156
195.178563 118.692415 185.358596 162.945426 144.956017 154.067096 136.827676 148.518988 142.221442 113.972204 130.392689 128.143015
194.859118 118.610825 185.223172 162.924053 144.893079 154.092308 136.799715 148.390878 142.239043 113.837953 130.424868 128.274535
194.540836 118.529531 185.086069 162.902414 144.857897 154.106401 136.779301 148.257633 142.268540 113.611111 130.455786 128.400908
194.215812 118.480584 184.953609 162.881509 144.707928 154.147036 136.759933 148.131208 142.285307 113.480180 130.486444 128.526212
193.900534 118.400059 184.822630 162.860837 144.636995 154.156020 136.739792 147.999742 142.302226 113.348059 130.518788 128.658413
193.584821 118.320848 184.692837 162.840352 144.549792 154.167065 136.725063 147.868351 142.319501 113.213160 130.582472 128.904375
193.237278 118.232752 184.476221 162.787349 144.444434 154.180409 136.714211 147.731982 142.336598 113.079651 130.621806 129.036024
192.919505 118.150283 184.355212 162.740671 144.327071 154.195274 136.709336 147.602593 142.353861 112.944852 130.660997 129.167195
192.597860 118.066808 184.145486 162.679426 144.192248 154.212351 136.705423 147.474153 142.370462 112.815210 130.700246 129.298557
192.283572 117.985243 184.016595 162.663263 144.057921 154.229364 136.698790 147.338916 142.387839 112.679518 130.738750 129.427427
191.962121 117.901819 183.881969 162.652006 143.929249 154.245662 136.692407 147.210274 142.404542 112.549083 130.777454 129.556969
191.644735 117.819450 183.745215 162.645674 143.794327 154.262751 136.685592 147.072943 142.421652 112.415475 130.807857 129.658724
191.322517 117.742843 183.602615 162.587985 143.673493 154.278055 136.678738 146.934813 142.438851 112.281171 130.829871 129.732406
190.999025 117.665972 183.418864 162.397263 143.581924 154.289653 136.681220 146.799503 142.486723 112.042314 130.841551 129.771498
190.677284 117.589516 183.302806 162.274278 143.501566 154.299831 136.688177 146.672193 142.533736 111.912144 130.846246 129.787212
190.354862 117.512899 183.177551 162.141548 143.442042 154.307371 136.695397 146.540090 142.638917 111.351696 130.850913 129.802830
190.035748 117.437068 183.040834 161.996671 143.401565 154.312497 136.702938 146.402096 142.660162 111.216353 130.851600 129.805129
189.717121 117.361353 182.911667 161.859795 143.317653 154.253506 136.709939 146.273987 142.680602 111.086147 130.851771 129.805704
189.396936 117.281543 182.811394 161.753538 143.316231 154.173118 136.717082 146.143282 142.700591 110.958807 130.851800 129.805800
189.080750 117.199331 182.671329 161.605925 143.314413 154.070334 136.724208 146.012877 142.722007 110.822378 130.851800 129.805800
188.759530 117.115809 182.624421 161.557526 143.312315 153.951653 136.735150 145.881532 142.742726 110.690394 130.851800 129.805800
188.442216 117.033975 182.597836 161.530095 143.310030 153.822473 136.746391 145.747202 142.762792 110.562559 130.925250 129.999602
188.123754 116.955452 182.500675 161.512744 143.307616 153.685994 136.757423 145.615363 142.784267 110.432523 130.942564 130.039616
187.804224 116.876665 182.438487 161.550012 143.305205 153.549616 136.768405 145.484121 142.806110 110.304676 130.969131 130.101015
187.483723 116.797638 182.375012 161.588051 143.302759 153.411337 136.779345 145.353378 142.828358 110.174463 131.002648 130.178475
187.164679 116.718971 182.311795 161.625936 143.300345 153.274859 136.791587 145.220048 142.851582 110.038533 131.042677 130.270986
186.841168 116.639203 182.247634 161.664387 143.273073 153.074986 136.805957 145.088934 142.874295 109.903025 131.090649 130.381852
186.518628 116.559674 182.188191 161.700010 143.235573 152.951905 136.820142 144.959509 142.895196 109.771576 131.145372 130.508321
186.198807 116.480815 182.165574 161.731660 143.185425 152.828505 136.834915 144.824716 142.915437 109.644275 131.200134 130.634881
185.881219 116.402507 182.051339 161.825024 143.135540 152.705754 136.849176 144.694595 142.936652 109.510851 131.316011 130.885196
185.535460 116.317221 181.981801 161.858324 143.084262 152.579576 136.863241 144.566263 142.973550 109.281740 131.374424 131.007459
185.217669 116.240629 181.910820 161.892315 143.033625 152.454972 136.877959 144.431967 142.995333 109.150131 131.433182 131.130443
184.896164 116.166679 181.842996 161.924795 142.981933 152.327774 136.892395 144.300256 143.017358 109.017244 131.526772 131.302007
184.573782 116.092528 181.770662 161.959434 142.945579 152.196459 136.949494 144.128741 143.039465 108.883863 131.593605 131.421829
184.253251 116.018803 181.728363 161.979691 142.940430 152.065460 136.972511 143.927003 143.061295 108.752160 131.659610 131.540165
183.932623 115.945055 181.582876 162.050466 142.935022 151.927866 136.985305 143.793615 143.082715 108.622923 131.726833 131.660685
183.589975 115.865188 181.538761 162.072248 142.929645 151.791072 136.996487 143.662433 143.100318 108.493727 131.789916 131.773782
183.270582 115.790103 181.430371 162.129409 142.924347 151.656276 136.999794 143.528874 143.117128 108.365121 131.892387 131.964808
182.952260 115.715269 181.405314 162.143808 142.919352 151.529174 137.002670 143.412709 143.134574 108.231657 131.976747 132.070736
182.633451 115.640321 181.314533 162.201274 142.914843 151.414463 137.004462 143.340331 143.152136 108.097300 132.030762 132.190192
182.310359 115.564367 181.262380 162.237324 142.911344 151.325432 137.005620 143.293546 143.169050 107.967900 132.085858 132.312779
181.992037 115.489533 181.195667 162.283438 142.907503 151.227707 137.006333 143.264755 143.185783 107.839889 132.140920 132.438001
181.673499 115.413887 181.127390 162.330633 142.904989 151.163756 137.006509 143.257657 143.203371 107.705334 132.194929 132.565102
181.350368 115.334249 181.067011 162.372369 142.901875 151.084518 137.006608 143.253658 143.220493 107.574348 132.246708 132.686957
181.025293 115.288094 181.005233 162.415072 142.899558 151.025563 137.006625 143.252958 143.253533 107.344614 132.300639 132.813874
180.707018 115.209647 180.940165 162.460049 142.897983 150.985494 137.006635 143.252558 143.273774 107.210634 132.354257 132.940054
180.386316 115.130603 180.896485 162.490242 142.897236 150.966509 137.006640 143.252358 143.294418 107.073985 132.407652 133.065569
180.067555 115.052037 180.756535 162.481625 142.896804 150.955517 137.006640 143.252358 143.314510 106.940994 132.450118 133.165087
179.748359 114.957007 180.709107 162.417324 142.896471 150.947024 137.006640 143.252358 143.334144 106.807432 132.478572 133.231770
179.433161 114.860643 180.665240 162.357852 142.896412 150.945525 137.006640 143.252358 143.352468 106.675397 132.495291 133.270952
179.114711 114.763284 180.618939 162.295081 142.896372 150.944526 137.006640 143.252358 143.370503 106.545443 132.502788 133.288520
178.804226 114.657583 180.569730 162.228366 142.896361 150.944226 137.006640 143.252358 143.388621 106.414894 132.509263 133.303696
178.496472 114.545002 180.521484 162.164943 142.896353 150.944026 137.006640 143.252358 143.406506 106.286029 132.510127 133.305719
178.188120 114.428325 180.476743 162.108660 142.896353 150.944026 137.006640 143.252358 143.424266 106.158056 132.510912 133.307559
177.878889 114.309152 180.429076 162.048698 142.895826 150.930636 137.006640 143.252358 143.444550 106.023986 132.510951 133.307651
177.569004 114.189728 180.383650 161.991553 142.894578 150.898861 137.006640 143.252358 143.464795 105.895167 132.510951 133.307651
177.259680 114.070519 180.334615 161.929869 142.872131 150.679339 137.006640 143.252358 143.484915 105.767139 132.510951 133.307651
176.959519 113.946278 180.282966 161.864896 142.858320 150.620847 137.006640 143.252358 143.505377 105.636937 132.510951 133.307651
176.662174 113.801542 180.237354 161.807517 142.837147 150.543216 137.006640 143.252358 143.526832 105.500412 132.510951 133.307651
176.362761 113.655799 180.188381 161.745911 142.810456 150.453710 137.006640 143.252358 143.549457 105.308381 132.510951 133.307651
176.064425 113.508174 180.138288 161.682896 142.777650 150.343698 137.006727 143.248860 143.563533 105.176933 132.510951 133.307651
175.775612 113.352704 180.087572 161.619097 142.738929 150.213848 137.006756 143.247660 143.577845 105.043297 132.510951 133.307651
175.484686 113.196096 180.037779 161.559374 142.699407 150.081315 137.006769 143.247160 143.592390 104.907473 132.510951 133.307651
175.192967 113.039061 179.982320 161.498838 142.621847 150.050804 137.007380 143.223007 143.639884 104.773758 132.510951 133.307651
174.906499 112.880010 179.933413 161.445453 142.436759 150.020914 137.008069 143.195816 143.654291 104.639227 132.510951 133.307651
174.626848 112.699776 179.879778 161.386907 142.406946 149.886071 137.008320 143.185919 143.668155 104.509767 132.510951 133.307651
174.351231 112.522141 179.825399 161.327550 142.377348 149.752204 137.008492 143.179121 143.682094 104.379612 132.510951 133.307651
174.076455 112.345049 179.774129 161.271585 142.348226 149.620485 137.008533 143.177522 143.696181 104.248064 132.510951 133.307651
173.801679 112.167956 179.722115 161.214809 142.257057 149.494066 137.008551 143.176822 143.710152 104.117610 132.510951 133.307651
173.527156 111.991026 179.681111 161.170051 142.128734 149.524579 137.008561 143.176422 143.721779 104.009031 132.510951 133.307651
173.258810 111.795500 179.650646 161.136797 142.000315 149.555115 137.008566 143.176222 143.729787 103.934258 132.510951 133.307651
