203.652164 106.575276 109.844919 104.539931 182.597012 166.447267 80.058542 212.690190 155.981670 144.999519 191.269411 161.105648
203.378573 106.604051 109.767101 104.642690 182.572197 166.375750 80.055376 212.787439 155.913701 144.870983 191.246512 161.105356
203.108736 106.636119 109.714820 104.711728 182.545809 166.299698 80.051517 212.905976 155.848350 144.747398 191.215715 161.104964
202.836573 106.679388 109.682582 104.754299 182.520043 166.225441 80.047326 213.034708 155.742818 144.541764 191.191017 161.104649
202.564979 106.731773 109.662720 104.780527 182.495097 166.153545 80.043480 213.152845 155.680253 144.424285 191.158520 161.104235
202.291756 106.780237 109.653906 104.792166 182.469987 166.081178 80.040646 213.239899 155.617706 144.309557 191.119423 161.103737
202.024055 106.848421 109.650465 104.796710 182.445140 166.009566 80.038749 213.298168 155.546977 144.193162 191.078426 161.103214
201.759781 106.924837 109.647748 104.800298 182.419689 165.936258 80.083851 213.420104 155.477649 144.079075 191.015745 161.100975
201.497694 107.002305 109.641047 104.809147 182.392793 165.858795 80.164279 213.463314 155.406764 143.962423 190.920187 160.995331
201.237414 107.080250 109.629999 104.823736 182.366750 165.783787 80.259330 213.514380 155.332962 143.849279 190.908531 160.910225
200.973486 107.166141 109.609111 104.851319 182.341658 165.711520 80.368211 213.572877 155.256765 143.734103 190.886288 160.811946
200.718260 107.265594 109.575545 104.895644 182.316303 165.638496 80.493829 213.640366 155.183932 143.624015 190.848433 160.707722
200.469629 107.381413 109.534130 104.950332 182.291638 165.567456 80.633454 213.715380 154.732490 143.181199 190.799962 160.590768
200.226757 107.499595 109.487765 105.011557 182.264807 165.490182 80.783914 213.796215 154.654250 143.075512 190.741707 160.478670
199.978897 107.621008 109.430291 105.088324 182.233779 165.414289 80.947412 213.884055 154.598487 142.950046 190.684186 160.371309
199.731064 107.743119 109.216500 105.328063 182.205286 165.345453 81.125886 213.979940 154.543780 142.826955 190.619817 160.251166
199.492963 107.881315 109.140670 105.434271 182.175417 165.273291 81.316604 214.082404 154.457148 142.604591 190.554361 160.133453
199.256072 108.018807 109.054351 105.546507 182.143711 165.196693 81.508291 214.185389 154.422486 142.470395 190.490384 160.017590
199.017798 108.157102 108.958661 105.667808 182.116098 165.129982 81.696895 214.286717 154.387949 142.336684 190.435151 159.904674
198.785318 108.296836 108.851513 105.803632 182.085386 165.055787 81.881270 214.385773 154.359437 142.201890 190.379962 159.785984
198.556580 108.443094 108.736748 105.949114 182.054522 164.981223 82.035342 214.468549 154.337477 142.072439 190.334385 159.661714
198.324051 108.591776 108.617832 106.099856 182.023199 164.905549 82.150390 214.530358 154.314413 141.936481 190.297410 159.537293
198.091354 108.740565 108.499784 106.249499 181.991597 164.829234 82.237072 214.576929 154.292922 141.809791 190.260288 159.414898
197.858993 108.889139 108.379444 106.402046 181.961016 164.756718 82.294514 214.607774 154.270962 141.680341 190.221763 159.283675
197.628823 109.036312 108.262263 106.550590 181.931522 164.686783 82.322531 214.622817 154.147926 141.612927 190.192247 159.153171
197.397979 109.183917 108.144153 106.700311 181.900319 164.612794 82.432929 214.596396 154.010491 141.631618 190.163150 159.024521
197.166967 109.331629 108.025795 106.850347 181.871913 164.545438 82.482497 214.551766 153.874741 141.650080 190.133856 158.897865
196.938274 109.476837 107.904200 106.996216 181.841060 164.472278 82.545071 214.495427 153.776446 141.663448 190.103771 158.768620
196.704176 109.623977 107.776126 107.138587 181.812382 164.404278 82.621839 214.426307 153.712633 141.672126 190.075663 158.638219
196.474311 109.768457 107.647049 107.282072 181.780285 164.328169 82.708194 214.348556 153.680430 141.676506 190.047904 158.506922
196.241314 109.914906 107.522787 107.420205 181.751025 164.258787 82.809041 214.257757 153.540783 141.676272 190.019938 158.374646
196.007216 110.062047 107.397589 107.559379 181.719666 164.184429 82.919968 214.157828 153.476295 141.667936 189.991150 158.249310
195.775065 110.207963 107.273248 107.697305 181.686756 164.111085 83.106394 213.979233 153.405880 141.684341 189.960937 158.118453
195.544692 110.352763 107.057694 107.902103 181.656498 164.045751 83.232666 213.853351 153.375587 141.692134 189.931894 157.992662
195.317000 110.498797 106.914232 108.020015 181.622374 163.972069 83.372110 213.714336 153.250162 141.777632 189.903463 157.863574
195.088311 110.645686 106.767680 108.140466 181.590016 163.902199 83.524230 213.562684 153.196674 141.815090 189.877731 157.729420
194.855330 110.795332 106.621514 108.260600 181.556186 163.829152 83.677484 213.409903 153.127541 141.863505 189.852132 157.595953
194.621761 110.945355 106.473571 108.382195 181.525844 163.763637 83.829038 213.258816 153.039978 141.924826 189.826861 157.469674
194.389698 111.091404 106.325629 108.503789 181.491679 163.689864 83.977901 213.110411 152.939637 141.995096 189.795522 157.336717
194.160308 111.234568 106.175832 108.626907 181.460076 163.621627 84.118195 212.970550 152.796853 142.134347 189.765232 157.205677
193.931002 111.377679 106.027348 108.748946 181.428096 163.552573 84.270294 212.749924 152.709844 142.229314 189.740679 157.091589
193.698727 111.522644 105.881800 108.868572 181.395947 163.483156 84.369526 212.585672 152.630401 142.338803 189.715621 156.975155
193.464387 111.669584 105.733239 108.990674 181.366824 163.420272 84.471291 212.417226 152.556634 142.441199 189.695276 156.880620
193.236555 111.814659 105.587151 109.110745 181.349342 163.382524 84.574555 212.246297 152.500227 142.519497 189.675812 156.788555
193.007205 111.960701 105.443766 109.228593 181.275552 163.251884 84.684852 212.063728 152.464454 142.569153 189.660230 156.713455
192.774312 112.108998 105.316254 109.376097 181.234414 163.190373 84.854131 211.798356 152.441716 142.600715 189.648649 156.657644
192.539198 112.253377 105.172017 109.494641 181.190886 163.125287 84.978224 211.614760 152.433532 142.612074 189.636968 156.601343
192.297133 112.388449 105.025308 109.615217 181.145467 163.057375 85.099237 211.435721 152.431194 142.615320 189.624453 156.541027
192.039760 112.533197 104.881149 109.733697 181.103217 162.994201 85.202331 211.283194 152.300977 142.689888 189.610414 156.473368
191.812157 112.684672 104.734285 109.854400 181.061857 162.932357 85.287393 211.157344 152.258886 142.679728 189.604299 156.367656
191.584332 112.831383 104.588117 109.974531 181.018829 162.868019 85.339750 211.053764 152.198811 142.665228 189.585826 156.293523
191.353327 112.976492 104.441791 110.095571 180.974189 162.801271 85.366543 210.967321 152.116476 142.645355 189.568297 156.223174
191.124173 113.127599 104.293752 110.218461 180.929882 162.735021 85.384987 210.907814 152.019753 142.622009 189.549269 156.146809
190.892902 113.281142 104.149175 110.338477 180.886854 162.670683 85.397687 210.866837 151.909130 142.595308 189.530636 156.070766
190.666713 113.431311 104.005291 110.457919 180.850775 162.616736 85.399766 210.838801 151.782079 142.564642 189.515481 155.991909
190.444298 113.596274 103.858944 110.579404 180.836321 162.595124 85.398081 210.828843 151.652111 142.533272 189.501684 155.920123
190.237205 113.776873 103.712289 110.701145 180.860185 162.475209 85.396964 210.822237 151.527004 142.503075 189.488000 155.848926
190.038485 113.966821 103.563711 110.824483 180.912340 162.439161 85.393478 210.801629 151.401799 142.472855 189.473463 155.771988
189.844313 114.161351 103.418904 110.944691 180.975847 162.395267 85.389675 210.779149 151.274456 142.442118 189.458764 155.692333
189.657730 114.363443 103.272480 111.066240 181.038285 162.352112 85.402133 210.671019 151.139822 142.409622 189.445644 155.621233
189.491562 114.585562 103.126595 111.187342 181.104013 162.306683 85.376632 210.615385 150.913467 142.362131 189.430799 155.540791
189.332810 114.805812 102.977324 111.311254 181.170152 162.260970 85.344881 210.546115 150.783733 142.340065 189.416753 155.464677
189.203280 115.048324 102.834132 111.430121 181.236292 162.215256 85.305171 210.459482 150.654760 142.318887 189.403353 155.392308
189.078688 115.293217 102.688632 111.550904 181.283346 162.182734 85.279586 210.403667 150.524223 142.293111 189.386067 155.315735
188.959040 115.542379 102.544959 111.673506 181.382004 162.119121 85.281656 210.233680 150.397011 142.265376 189.370013 155.244624
188.860605 115.801356 102.403046 111.792790 181.411224 162.102331 85.313830 210.145358 150.264719 142.236533 189.321373 155.174660
188.767289 116.059405 102.263996 111.922709 181.436304 162.024758 85.363733 210.046581 150.162618 142.214273 189.261145 155.124001
188.705257 116.323621 102.124068 112.053448 181.406233 161.957700 85.448891 209.956585 150.101943 142.201044 189.199310 155.071990
188.643567 116.586376 101.980488 112.179421 181.376707 161.889628 85.543885 209.852339 150.073902 142.194931 189.141608 155.023456
188.579449 116.847289 101.832310 112.301673 181.344356 161.815042 85.645244 209.729576 149.983913 142.297327 189.080103 154.981616
188.520630 117.069537 101.685519 112.422779 181.314272 161.745685 85.756982 209.594243 149.962759 142.370121 189.015013 154.944759
188.466668 117.272813 101.537186 112.545158 181.296604 161.704952 85.938388 209.369391 149.986568 142.455462 188.946792 154.906128
188.411239 117.480131 101.387387 112.668745 181.252201 161.592800 86.069673 209.203570 150.015402 142.558815 188.878048 154.867201
188.356121 117.686290 101.243065 112.787815 181.222782 161.522182 86.181985 209.019345 150.060753 142.670824 188.806172 154.826501
188.288120 117.891694 101.093883 112.910894 181.180651 161.465271 86.269984 208.824385 150.114682 142.790757 188.741079 154.795791
188.218288 118.102105 100.949098 113.030345 181.121002 161.411961 86.361316 208.622042 150.183909 142.904951 188.668673 154.765724
188.151845 118.307317 100.802385 113.151387 181.065453 161.362316 86.481484 208.336244 150.262229 143.012998 188.594144 154.734776
188.058502 118.508138 100.655517 113.272557 181.008488 161.311405 86.563148 208.131424 150.346158 143.105766 188.518875 154.703520
187.961712 118.702468 100.507801 113.394426 180.947049 161.256496 86.642775 207.931713 150.401977 143.167463 188.450625 154.675180
187.862386 118.892222 100.361011 113.515532 180.891873 161.207184 86.741758 207.739391 150.444874 143.211374 188.378497 154.645228
187.750380 119.078402 100.215840 113.635302 180.836250 161.157473 86.846222 207.550103 150.464319 143.230819 188.309693 154.616658
187.630687 119.264647 100.068124 113.757171 180.776974 161.104496 86.951313 207.359677 150.472036 143.238374 188.242182 154.588624
187.508651 119.448658 99.924419 113.875732 180.718666 161.052385 87.054980 207.171892 150.477650 143.243789 188.173101 154.559938
187.380102 119.629045 99.777166 113.997220 180.662149 161.001874 87.159620 206.982359 150.478586 143.244692 188.103559 154.531061
187.249995 119.802089 99.627984 114.120298 180.603692 160.949631 87.250411 206.818884 150.479090 143.245178 188.045655 154.507009
187.105051 120.021066 99.481888 114.240832 180.545683 160.897787 87.342774 206.652950 150.479306 143.245386 188.011589 154.492828
186.951987 120.177694 99.336177 114.361047 180.490284 160.848275 87.433047 206.490440 150.479450 143.245525 187.989340 154.483566
186.798434 120.334823 99.191624 114.480307 180.431454 160.795698 87.524438 206.325919 150.479450 143.245525 187.972168 154.476418
186.647747 120.489020 99.047224 114.599440 180.372774 160.743255 87.614711 206.163409 150.479450 143.245525 187.965521 154.473651
186.482326 120.623738 98.896771 114.721582 180.313721 160.690478 87.707846 205.996426 150.479450 143.245525 187.964136 154.473074
186.307567 120.750854 98.748486 114.839090 180.282301 160.610808 87.799638 205.832588 150.479450 143.245525 187.963305 154.472728
186.130947 120.879322 98.601062 114.955914 180.238236 160.535508 87.891333 205.668924 150.479450 143.245525 187.962751 154.472498
185.953485 121.005964 98.455676 115.071124 180.186947 160.490655 87.984934 205.501858 150.479450 143.245525 187.962567 154.472421
185.765544 121.117213 98.304021 115.191302 180.141450 160.493717 88.078095 205.335577 150.479450 143.245525 187.962567 154.472421
185.579495 121.227342 98.154324 115.309927 179.999703 160.395415 88.170473 205.170691 150.479450 143.245525 187.962567 154.472421
185.383899 121.330929 98.002590 115.430167 179.997239 160.306749 88.262588 205.002710 150.479450 143.245525 187.962567 154.472421
185.185119 121.428191 97.855480 115.546743 179.994392 160.204289 88.349507 204.835108 150.479450 143.245525 187.957766 154.470423
184.983924 121.520308 97.709859 115.662139 179.991145 160.087434 88.437853 204.664753 150.479450 143.245525 187.951396 154.467771
184.789285 121.607802 97.559126 115.784403 179.987443 159.954186 88.526476 204.493867 150.479450 143.245525 187.924438 154.456549
184.584765 121.673941 97.409905 115.908845 179.983871 159.825635 88.614638 204.323868 150.479450 143.245525 187.891849 154.442983
184.380411 121.737126 97.266829 116.028163 179.980052 159.688188 88.701511 204.156354 150.479450 143.245525 187.872370 154.434874
184.174145 121.800902 97.121218 116.149594 179.976958 159.576831 88.787877 203.989817 150.479450 143.245525 187.853906 154.427188
183.965649 121.864544 96.976759 116.270065 179.974622 159.492764 88.875073 203.821682 150.479450 143.245525 187.840519 154.421615
183.754403 121.924902 96.828920 116.393353 179.966178 159.282170 88.960334 203.657276 150.479450 143.245525 187.828887 154.416773
183.548541 121.983722 96.681773 116.516066 179.963181 159.245392 89.047852 203.488519 150.479450 143.245525 187.824825 154.415082
183.337679 122.043970 96.533551 116.639675 179.961240 159.221571 89.140379 203.324120 150.479450 143.245525 187.824178 154.414813
183.131048 122.103010 96.387172 116.761747 179.960964 159.218182 89.227432 203.160355 150.479450 143.245525 187.824086 154.414774
182.925379 122.161775 96.244403 116.880808 179.960699 159.215194 89.318371 202.992631 150.479450 143.245525 187.824086 154.414774
182.715960 122.221611 96.096488 117.004161 179.960653 159.214696 89.409782 202.826294 150.479450 143.245525 187.824086 154.414774
182.513608 122.292556 95.948880 117.127258 179.960644 159.214596 89.499122 202.663725 150.479450 143.245525 187.824086 154.414774
182.305341 122.368261 95.694858 117.372689 179.960635 159.214497 89.590678 202.497125 150.479450 143.245525 187.824086 154.414774
182.054981 122.460373 95.562570 117.509905 179.960635 159.214497 89.681848 202.331226 150.479450 143.245525 187.824086 154.414774
181.856158 122.546309 95.430906 117.646473 179.960635 159.214497 89.773548 202.164363 150.479450 143.245525 187.824086 154.414774
181.661197 122.638373 95.302504 117.779656 179.960635 159.214497 89.865151 201.997675 150.479450 143.245525 187.824086 154.414774
181.469755 122.735120 95.170701 117.916368 179.960635 159.214497 89.955695 201.832916 150.479450 143.245525 187.824086 154.414774
181.278373 122.846746 95.041744 118.050128 179.960635 159.214497 90.047444 201.665965 150.479450 143.245525 187.824086 154.414774
181.091721 122.957229 94.912926 118.183744 179.960635 159.214497 90.139192 201.499014 150.479450 143.245525 187.824086 154.414774
180.914012 123.079593 94.783016 118.318113 179.960635 159.214497 90.230121 201.333553 150.479450 143.245525 187.824086 154.414774
180.736721 123.206618 94.651052 118.453833 179.960635 159.214497 90.309829 201.188512 150.479450 143.245525 187.824086 154.414774
180.562370 123.342099 94.465982 118.659756 179.960635 159.214497 90.371909 201.075547 150.479450 143.245525 187.810977 154.409317
180.403042 123.484665 94.344370 118.800624 179.960635 159.214497 90.411883 201.002807 150.479450 143.245525 187.792952 154.401262
180.239392 123.631099 94.251334 118.968174 179.960635 159.214497 90.441069 200.949698 150.479450 143.245525 187.779281 154.390990
180.077083 123.776333 94.163854 119.134581 179.959863 159.206032 90.453543 200.927000 150.479450 143.245525 187.770806 154.384623
179.913881 123.922366 94.077631 119.298599 179.956927 159.173866 90.500441 200.841551 150.479450 143.245525 187.763851 154.379397
179.753971 124.071808 93.990803 119.463766 179.942260 159.019379 90.644029 200.766211 150.479450 143.245525 187.761452 154.377595
179.499825 124.333370 93.903742 119.629377 179.935664 158.955016 90.800128 200.839807 150.479450 143.245525 187.760733 154.377055
179.337823 124.481180 93.814587 119.798970 179.926886 158.869364 90.895826 200.883498 150.479450 143.245525 187.760333 154.376754
179.175599 124.629193 93.725152 119.969095 179.883545 158.770195 91.004897 200.933294 150.479450 143.245525 187.760173 154.376634
179.015666 124.775116 93.637626 120.135590 179.870992 158.647435 91.132343 200.991479 150.479450 143.245525 187.760173 154.376634
178.856027 124.920769 93.557275 120.311628 179.847326 158.427557 91.273343 201.055852 150.479450 143.245525 187.760173 154.376634
178.696315 125.066489 93.501901 120.490242 179.824199 158.300072 91.426169 201.125624 150.479450 143.245525 187.760173 154.376634
178.538376 125.210592 93.447060 120.667136 179.815874 158.172540 91.593186 201.201876 150.479450 143.245525 187.760173 154.376634
178.374823 125.359818 93.390561 120.849379 179.826739 158.001769 91.776032 201.285353 150.479450 143.245525 187.760173 154.376634
178.208423 125.497504 93.333647 121.032959 179.821408 157.868776 91.974342 201.375891 150.479450 143.245525 187.760173 154.376634
178.038246 125.637088 93.278777 121.209948 179.792166 157.741457 92.182931 201.471122 150.479450 143.245525 187.760173 154.376634
177.868919 125.775974 93.223906 121.386938 179.660207 157.625221 92.400345 201.570381 150.479450 143.245525 187.760173 154.376634
177.677395 125.887716 93.167052 121.570327 179.543147 157.581381 92.626218 201.673503 150.483120 143.249065 187.760173 154.376634
177.489662 125.994948 93.137151 121.756844 179.421124 157.535681 92.865009 201.782523 150.494853 143.260380 187.760173 154.376634
177.300893 126.101301 93.116812 121.946658 179.295635 157.488685 93.117172 201.897647 150.509897 143.274889 187.760173 154.376634
177.104988 126.198742 93.096218 122.138858 179.173799 157.443056 93.364605 202.010612 150.535665 143.299741 187.760173 154.376634
176.912664 126.294400 93.075900 122.328472 179.054839 157.380034 93.616677 202.125695 150.565400 143.345323 187.760173 154.376634
176.709715 126.367759 93.056669 122.507945 178.889909 157.319371 93.865929 202.239490 150.587294 143.413284 187.760173 154.376634
176.500740 126.428418 93.040677 122.657190 178.760309 157.281215 94.113362 202.352455 150.466922 143.504641 187.739626 154.361197
176.293495 126.488575 93.027392 122.780567 178.628119 157.242296 94.718289 202.593819 150.373829 143.465804 187.715401 154.342996
176.080601 126.532739 93.012449 122.915039 178.499191 157.204338 94.950137 202.707850 150.291304 143.375579 187.706127 154.336029
175.865005 126.572878 92.998202 123.043250 178.375251 157.167848 95.135605 202.808671 150.203242 143.289706 187.702849 154.333566
175.649902 126.612925 92.983424 123.176231 178.249776 157.130907 95.285244 202.895857 150.120789 143.195288 187.700451 154.331764
175.434398 126.625720 92.968260 123.312691 178.117970 157.092101 95.405234 202.973096 150.042595 143.092186 187.700291 154.331644
175.220635 126.633385 92.953560 123.444977 177.986355 157.053352 95.491169 203.028413 149.968494 142.986830 187.700131 154.331523
175.006772 126.641055 92.938948 123.576468 177.860111 157.015565 95.549188 203.065761 149.900214 142.870023 187.700131 154.331523
174.787277 126.642284 92.915061 123.810935 177.740290 156.969977 95.578533 203.084651 149.842548 142.762618 187.700131 154.331523
174.568505 126.630284 92.902271 123.941209 177.616458 156.920689 95.636060 203.160139 149.797109 142.641886 187.700131 154.331523
173.923030 126.637944 92.888953 124.076856 177.496900 156.870409 95.682106 203.209904 149.751916 142.521809 187.700131 154.331523
173.707329 126.624177 92.875713 124.211708 177.252318 156.776749 96.074903 203.469846 149.696207 142.436373 187.700131 154.331523
173.488738 126.591637 92.862640 124.344868 177.128363 156.736910 96.224397 203.542970 149.646993 142.195259 187.700131 154.331523
173.270938 126.559215 92.849742 124.476236 176.937799 156.673988 96.329363 203.622015 149.625105 142.059320 187.700131 154.331523
173.053634 126.534651 92.836923 124.606808 176.815408 156.626172 96.443356 203.707858 149.607161 141.924912 187.700131 154.331523
172.840614 126.511270 92.823762 124.740864 176.686311 156.575735 96.570395 203.809077 149.589269 141.790901 187.700131 154.331523
172.623617 126.487453 92.810806 124.872829 176.560195 156.526463 96.703115 203.921600 149.571219 141.655701 187.700131 154.331523
172.403340 126.463275 92.797478 125.008577 176.440505 156.479701 96.846210 204.042917 149.553421 141.522384 187.700131 154.331523
172.185600 126.460606 92.784747 125.138253 176.319075 156.432174 96.999641 204.173679 149.535678 141.392087 187.700131 154.331523
171.971544 126.464940 92.771781 125.270318 176.127357 156.358281 97.161038 204.317982 149.516250 141.255866 187.700131 154.331523
171.758188 126.469260 92.759137 125.399099 176.005436 156.314334 97.330710 204.469683 149.497017 141.119011 187.700131 154.331523
171.540332 126.473671 92.745859 125.534349 175.882573 156.270049 97.506248 204.637216 149.476988 140.985740 187.700131 154.331523
171.321227 126.489185 92.733225 125.663030 175.761686 156.226476 97.686998 204.813814 149.434180 140.853916 187.700131 154.331523
171.105548 126.510193 92.720630 125.791313 175.573797 156.156887 97.873134 204.999331 149.373564 140.738288 187.700131 154.331523
170.886783 126.531501 92.708035 125.919597 175.451501 156.110778 98.066677 205.192434 149.299210 140.628026 187.700131 154.331523
170.667620 126.552849 92.694548 126.056936 175.326303 156.063575 98.278645 205.410410 149.214492 140.520398 187.700131 154.331523
170.450548 126.573993 92.681627 126.188503 175.200825 156.016267 98.457145 205.614717 149.111068 140.436509 187.700131 154.331523
170.233376 126.595146 92.668169 126.325544 175.071885 155.967653 98.642363 205.819676 149.011600 140.374600 187.700131 154.331523
170.012720 126.616639 92.655434 126.455220 174.950431 155.921862 98.941392 206.180647 148.871693 140.328880 187.700131 154.331523
169.769801 126.642948 92.642347 126.588479 174.828228 155.875789 99.137607 206.366554 148.739074 140.300303 187.664883 154.278022
169.620496 126.669793 92.629142 126.722932 174.640716 155.806540 99.328738 206.563421 148.602480 140.279210 187.625091 154.263380
169.493049 126.741507 92.616134 126.855395 174.438446 155.734840 99.527430 206.774655 148.469939 140.275243 187.566718 154.241900
169.398492 126.839922 92.602754 126.991639 174.308449 155.687937 99.708009 206.981528 148.335917 140.268994 187.496144 154.215930
169.339760 126.949357 92.589491 127.126690 174.185412 155.643545 99.890495 207.190586 148.199206 140.258672 187.414027 154.185713
169.297335 127.083089 92.543571 127.256042 174.008234 155.580551 100.029122 207.428960 148.068526 140.249526 187.234095 154.149656
169.162223 127.179816 92.530944 127.384624 173.874113 155.529523 100.290395 207.766597 147.939338 140.240548 187.121084 154.103694
169.102812 127.048005 92.518376 127.512608 173.760902 155.368068 100.525419 207.908614 147.810049 140.231576 186.993622 154.051854
169.039094 126.931852 92.505472 127.644679 173.796267 155.233848 100.748028 208.064201 147.671582 140.221968 186.849487 153.993234
168.932496 126.860273 92.493790 127.774354 173.826458 155.108449 100.945696 208.254090 147.533114 140.212361 186.691920 153.929150
168.813033 126.802945 92.481955 127.905722 173.855526 154.980714 101.146033 208.446543 147.401132 140.203203 186.520736 153.859529
168.678308 126.783796 92.470506 128.032807 173.894245 154.796494 101.341136 208.635630 147.267553 140.193934 186.332971 153.783164
168.483922 126.786247 92.462332 128.123540 173.921813 154.665259 101.536168 208.826372 147.138264 140.184963 186.131200 153.701436
168.334806 126.817711 92.457558 128.176525 173.949339 154.534218 101.734202 209.020051 147.010072 140.176068 185.924351 153.625347
168.185200 126.849279 92.455342 128.201126 173.977236 154.401417 101.932165 209.213660 146.872104 140.166494 185.719660 153.550052
168.019058 126.884336 92.454086 128.215069 174.003817 154.274879 102.130270 209.407409 146.741019 140.157399 185.517034 153.475517
167.837457 126.922655 92.453359 128.223136 174.031015 154.145404 102.325159 209.598011 146.612328 140.148469 185.312343 153.400221
167.654435 126.984524 92.453045 128.226622 174.058397 154.015049 102.514185 209.782880 146.483738 140.139546 185.151111 153.305742
167.456158 127.055509 92.452973 128.227419 174.093396 153.832148 102.670539 209.935795 146.355546 140.130651 184.967825 153.238301
167.261554 127.125179 92.452955 128.227618 174.114306 153.703942 102.798358 210.060822 146.218575 140.121147 184.805994 153.149665
167.067497 127.209960 92.452955 128.227618 174.135200 153.575835 102.898723 210.159143 146.090284 140.112245 184.589991 153.076918
166.882205 127.304463 92.452955 128.227618 174.157104 153.445180 102.971289 210.230254 145.955508 140.102894 184.391809 153.004789
166.701634 127.396558 92.452955 128.227618 174.188957 153.314197 103.019856 210.277848 145.817340 140.093306 184.183511 152.928876
166.517923 127.502107 92.452955 128.227618 174.221163 153.181757 103.140223 210.379919 145.683608 140.083385 183.981241 152.854531
166.335838 127.617369 92.452955 128.227618 174.251621 153.056507 103.149898 210.386674 145.553468 140.073687 183.778784 152.780117
166.173693 127.720007 92.452955 128.227618 174.296555 152.878585 103.157605 210.392056 145.420637 140.063788 183.577922 152.706289
166.018829 127.822632 92.452955 128.227618 174.321551 152.780521 103.163508 210.396177 145.284514 140.053644 183.372912 152.635579
165.869585 127.923619 92.452955 128.227618 174.339237 152.711140 103.164000 210.396521 145.153378 140.043871 183.162852 152.567230
165.726221 128.020626 92.452955 128.227618 174.348450 152.674995 103.164328 210.396750 145.015061 140.033563 182.957547 152.500428
165.583023 128.117522 92.452955 128.227618 174.382334 152.574208 103.164328 210.396750 144.889909 140.024237 182.746536 152.431769
165.452331 128.205955 92.452955 128.227618 174.389653 152.457898 103.164328 210.396750 144.773431 140.015557 182.536031 152.364150
165.282486 128.302475 92.452955 128.227618 174.428340 152.370585 103.164328 210.396750 144.648877 140.006274 182.325114 152.297159
165.153192 128.396384 92.452955 128.227618 174.472051 152.271935 103.164328 210.396750 144.522527 139.996858 182.119440 152.231832
165.019286 128.493644 92.452955 128.227618 174.515316 152.174291 103.164328 210.396750 144.395180 139.987368 181.906875 152.184367
164.887807 128.589141 92.452955 128.227618 174.546954 152.102886 103.164328 210.396750 144.262349 139.977469 181.695773 152.147016
164.721577 128.684231 92.452955 128.227618 174.566762 152.059054 103.164328 210.396750 144.130813 139.967667 181.476005 152.115127
164.590489 128.771355 92.452955 128.227618 174.573811 152.043475 103.164328 210.396750 144.000575 139.957961 181.259547 152.086072
164.457401 128.859807 92.452955 128.227618 174.576078 152.038464 103.164328 210.396750 143.872629 139.948426 181.043187 152.057029
164.321482 128.950141 92.452955 128.227618 174.621888 151.935014 103.164328 210.396750 143.742961 139.939151 180.824845 152.027721
164.189894 129.037596 92.452955 128.227618 174.635782 151.903108 103.164328 210.396750 143.614470 139.930233 180.612153 151.999170
164.053750 129.130451 92.452955 128.227618 174.656225 151.856166 103.164328 210.396750 143.478700 139.917400 180.395199 151.970048
163.924318 129.219842 92.452955 128.227618 174.682816 151.795105 103.164328 210.396750 143.240904 139.951316 180.177848 151.940872
163.793240 129.310369 92.452955 128.227618 174.717074 151.716441 103.164328 210.396750 143.107490 139.938576 179.960399 151.911683
163.661340 129.401464 92.452955 128.227618 174.756641 151.625583 103.164328 210.396750 142.981573 139.911840 179.742751 151.882468
163.528946 129.492900 92.452955 128.227618 174.805302 151.486507 103.164328 210.396750 142.851139 139.872629 179.526689 151.853465
163.399020 129.582632 92.452955 128.227618 174.826178 151.355058 103.164328 210.396750 142.725801 139.850503 179.308446 151.824170
163.233466 129.676729 92.452955 128.227618 174.855197 151.184436 103.164328 210.396750 142.591643 139.855230 179.095456 151.795580
163.101701 129.766430 92.452955 128.227618 174.843010 151.046976 103.164328 210.396750 142.477748 139.916433 178.881277 151.766830
162.963984 129.860183 92.452955 128.227618 174.827729 150.918885 103.164328 210.396750 142.440736 140.039715 178.665215 151.737827
162.827507 129.953092 92.452955 128.227618 174.797568 150.785042 103.164328 210.396750 142.464339 140.170189 178.446499 151.723100
162.690203 130.046563 92.452955 128.227618 174.728650 150.668946 103.164328 210.396750 142.545007 140.268725 178.225410 151.721572
162.555545 130.138234 92.452955 128.227618 174.698196 150.611754 103.164328 210.396750 142.675217 140.290934 178.008232 151.718488
162.425268 130.226922 92.452955 128.227618 174.678688 150.577868 103.164328 210.396750 142.946024 140.257243 177.790393 151.725128
162.293420 130.316680 92.452955 128.227618 174.673250 150.568421 103.164328 210.396750 143.055658 140.188383 177.574257 151.743308
162.163473 130.405143 92.452955 128.227618 174.667762 150.558888 103.164328 210.396750 143.118349 140.042409 177.357522 151.761539
162.026404 130.498954 92.452955 128.227618 174.652329 150.537528 103.164328 210.396750 143.120742 139.910530 177.140560 151.776638
161.892043 130.593339 92.452955 128.227618 174.623125 150.499326 103.164328 210.396750 143.123088 139.781252 176.656818 151.807362
161.756209 130.688760 92.452955 128.227618 174.519037 150.397777 103.164328 210.396750 143.125581 139.643874 176.438909 151.795026
161.626348 130.779984 92.452955 128.227618 174.448740 150.350294 103.164328 210.396750 143.128019 139.509496 176.224605 151.777944
161.492232 130.874197 92.452955 128.227618 174.376439 150.316080 103.164328 210.396750 143.130360 139.380518 176.010627 151.758054
161.361470 130.966053 92.452955 128.227618 174.334942 150.301753 103.164328 210.396750 143.132826 139.244640 175.799079 151.724366
161.230628 131.057967 92.452955 128.227618 174.108894 150.230035 103.164328 210.396750 143.135203 139.109861 175.589570 151.717756
161.098230 131.150973 92.452955 128.227618 174.029538 150.207477 103.164328 210.396750 143.135304 138.978362 175.376170 151.671763
160.965587 131.244151 92.452955 128.227618 173.975342 150.188923 103.164328 210.396750 143.135390 138.866362 175.159471 151.623120
160.831962 131.338019 92.452955 128.227618 173.797784 150.137536 103.164328 210.396750 143.135459 138.776462 174.945458 151.572581
160.700137 131.430623 92.452955 128.227618 173.713729 150.113184 103.164328 210.396750 143.135532 138.682462 174.736287 151.520873
160.569294 131.522537 92.452955 128.227618 173.639810 150.096996 103.164328 210.396750 143.135585 138.613562 174.524622 151.460905
160.434769 131.617037 92.452955 128.227618 173.571010 150.034421 103.164328 210.396750 143.139939 138.569251 174.315119 151.404702
160.307966 131.713289 92.452955 128.227618 173.493810 149.961362 103.164328 210.396750 143.216057 138.344892 174.099502 151.365230
160.193898 131.827616 92.452955 128.227618 173.411807 149.865567 103.164328 210.396750 143.343959 138.341122 173.888487 151.332117
160.079195 131.942581 92.452955 128.227618 173.324080 149.763087 103.164328 210.396750 143.409357 138.324408 173.670516 151.298165
159.966187 132.055847 92.452955 128.227618 173.238045 149.662583 103.164328 210.396750 143.484759 138.298324 173.456991 151.266225
159.862708 132.174739 92.452955 128.227618 173.114984 149.500294 103.164328 210.396750 143.546418 138.269912 173.239412 151.233681
159.774980 132.305906 92.452955 128.227618 173.040028 149.388737 103.164328 210.396750 143.577813 138.248860 173.023150 151.209831
159.682416 132.444304 92.452955 128.227618 172.964124 149.275769 103.164328 210.396750 143.585972 138.240078 172.807034 151.192625
159.600583 132.587435 92.452955 128.227618 172.888109 149.162635 103.164328 210.396750 143.593788 138.231506 172.616238 151.177435
159.522809 132.730660 92.451555 128.243155 172.814101 149.052489 103.164328 210.396750 143.597292 138.227664 172.432021 151.162769
159.448129 132.873292 92.448370 128.278512 172.739480 148.941429 103.164328 210.396750 143.598302 138.226555 172.208843 151.144971
159.382295 133.020911 92.421615 128.497661 172.666253 148.832445 103.164328 210.396750 143.598437 138.226408 172.036670 151.131491
159.343406 133.173225 92.411812 128.559488 172.594271 148.725035 103.164328 210.396750 143.598504 138.226334 171.859014 151.117581
159.301462 133.323838 92.398480 128.642018 172.521355 148.615362 103.235905 210.451301 143.598504 138.226334 171.672286 151.102961
159.252135 133.480663 92.380632 128.745570 172.445172 148.500776 103.270294 210.479070 143.598504 138.226334 171.476186 151.087607
159.209848 133.636625 92.355772 128.862558 172.370768 148.389091 103.322887 210.521539 143.598504 138.226334 171.268295 151.071676
159.173896 133.788940 92.328398 128.991381 172.298049 148.280489 103.391974 210.577328 143.598504 138.226334 171.051823 151.055173
159.137990 133.941060 92.294116 129.134119 172.223049 148.168480 103.478645 210.647315 143.598504 138.226334 170.807595 151.036630
159.100246 134.100966 92.255843 129.292459 172.074235 147.943598 103.584475 210.718678 143.598504 138.226334 170.593604 151.020466
159.063376 134.257173 92.214022 129.465477 171.989415 147.838578 103.711984 210.794799 143.598504 138.226334 170.377301 151.006034
159.026873 134.411823 92.169006 129.651714 171.899914 147.740604 103.858807 210.870957 143.598504 138.226334 170.162471 150.995260
158.989506 134.569044 92.120466 129.852530 171.808794 147.640858 104.018945 210.954023 143.598504 138.226334 169.941749 150.984190
158.950888 134.730078 92.068072 130.069288 171.714780 147.550660 104.193819 211.044732 143.598504 138.226334 169.728117 150.973476
158.913157 134.887417 92.011592 130.301930 171.599604 147.486584 104.387272 211.123284 143.598504 138.226334 169.513187 150.962697
158.876637 135.039699 91.950956 130.545805 171.428831 147.412891 104.593950 211.207028 143.598504 138.226334 169.292165 150.951613
158.838719 135.197816 91.888197 130.798220 171.240911 147.326819 104.920366 211.326094 143.598504 138.226334 169.070244 150.940483
158.801174 135.354377 91.823387 131.058883 171.124034 147.266334 105.165917 211.377625 143.598504 138.226334 168.852350 150.908564
158.761908 135.513180 91.757298 131.324691 170.901471 147.157677 105.432847 211.399930 143.598504 138.226334 168.639792 150.867437
158.719067 135.668582 91.690678 131.592633 170.774708 147.108136 105.702189 211.455315 143.607533 138.216432 168.426547 150.826177
158.677102 135.820804 91.625193 131.856014 170.649529 147.059213 105.975470 211.499938 143.620749 138.201452 168.210553 150.784385
158.634181 135.976496 91.558453 132.124441 170.524256 147.010254 106.242138 211.543481 143.637824 138.175459 168.000057 150.743657
158.592429 136.127946 91.492533 132.389569 170.401218 146.962169 106.515583 211.563650 143.662367 138.138099 167.787676 150.693330
158.523406 136.254173 91.426879 132.653630 170.278647 146.914266 106.789070 211.576739 143.720836 137.963706 167.575882 150.641266
158.478510 136.408295 91.361273 132.917496 170.152536 146.864979 107.064891 211.589049 143.718985 137.886328 167.367777 150.590108
158.424603 136.558091 91.296391 133.178451 170.028756 146.813743 107.336624 211.598584 143.716720 137.791655 167.134664 150.509683
158.369614 136.710897 91.228244 133.445801 169.924435 146.767280 107.610255 211.608186 143.713986 137.677387 166.894568 150.437434
158.314218 136.864833 91.160926 133.707584 169.847153 146.732861 107.886702 211.615279 143.718038 137.542401 166.695446 150.364383
158.224475 137.067564 91.092139 133.975081 169.805407 146.714268 108.156733 211.609180 143.724873 137.389053 166.493506 150.290298
158.161385 137.221324 91.023452 134.242191 169.761102 146.588404 108.427864 211.603055 143.732180 137.225116 166.279620 150.246962
158.101408 137.367498 90.988880 134.509319 169.759806 146.507114 108.700294 211.596902 143.721659 136.946395 166.071208 150.170487
158.009237 137.505057 90.921137 134.772748 169.758178 146.405027 108.971025 211.590787 143.697154 136.756066 165.864017 150.094459
157.947210 137.656227 90.853070 135.037436 169.756340 146.289742 109.244155 211.584617 143.670261 136.547190 165.655662 150.018119
157.886702 137.803696 90.785700 135.299412 169.754251 146.158759 109.511992 211.509603 143.641682 136.325222 165.449640 149.945338
157.825017 137.954033 90.716612 135.568071 169.752098 146.023776 109.675390 211.378079 143.610959 136.086592 165.242140 149.872543
157.763863 138.103074 90.647488 135.836617 169.751889 145.832206 109.788996 211.007769 143.568963 135.858528 165.035621 149.801800
157.705139 138.246195 90.579391 136.098612 169.753693 145.697318 109.922047 210.629186 143.507076 135.595255 164.826692 149.752047
157.646035 138.390241 90.509866 136.367055 169.755420 145.568130 110.007136 210.424249 143.454507 135.409141 164.607773 149.716538
157.585603 138.537525 90.441350 136.631937 169.757178 145.436641 110.089542 210.225776 143.380198 135.139652 164.392396 149.696580
157.523576 138.688695 90.373309 136.894980 169.758919 145.306453 110.174095 210.022132 143.342528 134.977361 164.161295 149.656882
157.463219 138.835794 90.303891 137.163347 169.760748 145.169665 110.256845 209.822828 143.319910 134.814928 163.988638 149.663900
157.402711 138.983263 90.236226 137.424937 169.762879 144.975002 110.342011 209.617706 143.289285 134.553673 163.814382 149.670983
157.341553 139.132303 90.168812 137.685559 169.763991 144.838606 110.425951 209.415539 143.275233 134.387266 163.630134 149.678471
157.272704 139.283131 90.099695 137.952765 169.765121 144.700011 110.501012 209.213689 143.277484 134.055114 163.442302 149.725859
157.205141 139.431140 90.032205 138.213677 169.766181 144.570015 110.574513 209.009197 143.292668 133.798597 163.255042 149.741357
157.137496 139.579331 89.976611 138.428171 169.767262 144.437419 110.648453 208.803482 143.299431 133.622427 163.058614 149.757614
157.076618 139.723982 89.931654 138.618226 169.768380 144.300324 110.722867 208.596449 143.308211 133.432643 162.859950 149.798500
157.017413 139.875527 89.890747 138.769522 169.769494 144.163729 110.796909 208.390451 143.319240 133.237374 162.663621 149.845171
156.958208 140.027073 89.838553 138.902979 169.743508 143.953033 110.870614 208.184970 143.315906 133.030499 162.468494 149.893298
156.912811 140.180852 89.789820 139.027588 169.703798 143.821496 110.927737 207.995295 143.301681 132.816672 162.282314 149.930229
156.881043 140.333277 89.885012 139.115691 169.665909 143.695991 110.964076 207.840811 143.288866 132.600753 162.093302 150.021969
156.813133 140.262530 90.020179 139.121684 169.626228 143.564550 110.915044 207.671009 143.277774 132.386666 161.903749 150.113971
156.857840 140.092717 90.150971 139.126834 169.588773 143.440481 111.206872 207.514137 143.274948 132.182385 161.710328 150.207850
156.914035 139.909930 90.288544 139.129588 169.548860 143.308274 111.356949 207.473048 143.271981 131.967806 161.522748 150.317074
156.992859 139.688662 90.419117 139.132202 169.511376 143.184109 111.520046 207.428393 143.278752 131.737350 161.340207 150.424489
156.998656 139.417136 90.548991 139.134801 169.471724 143.052763 111.791583 207.353337 143.289240 131.524112 160.896241 150.723938
157.087530 139.204459 90.682365 139.137471 169.433141 142.924960 111.977961 207.300585 143.166030 131.300915 160.731242 150.858797
157.184056 138.982874 90.818437 139.140195 169.368572 142.768160 112.179831 207.243448 142.927211 131.220869 160.576336 151.011391
157.285047 138.752542 90.947321 139.146081 169.307421 142.565319 112.393536 207.182961 142.711193 131.209811 160.429581 151.166594
157.391418 138.509937 91.078124 139.158588 169.267244 142.432566 112.599447 207.124680 142.503334 131.209610 160.288079 151.322542
157.499955 138.262167 91.212412 139.171429 169.229527 142.304924 112.806705 207.066018 142.332991 131.214028 160.152352 151.493009
157.610078 138.010506 91.349969 139.189134 169.192803 142.177927 113.018966 207.005940 142.196537 131.217566 160.037364 151.679980
157.719318 137.760861 91.483705 139.206820 169.155190 142.047857 113.227668 206.946869 141.973075 131.184563 159.922304 151.864788
157.826554 137.515796 91.619919 139.224834 169.118410 141.920668 113.435503 206.888044 141.877822 131.063578 159.805118 152.052633
157.915077 137.293826 91.727185 139.239019 169.080492 141.789540 113.647380 206.828075 141.902570 130.935650 159.689838 152.237423
157.994330 137.090742 91.811253 139.250137 169.044351 141.664561 113.856755 206.768813 141.928742 130.800358 159.576623 152.418904
158.076346 136.880579 91.893140 139.260966 169.005793 141.531224 114.069497 206.708599 141.953585 130.671939 159.452654 152.613250
158.111927 136.618865 91.944295 139.267731 168.978459 141.436697 114.281182 206.648684 141.899342 130.539307 159.336274 152.794504
158.174476 136.414733 91.978199 139.272215 168.961180 141.376945 114.487766 206.590213 141.771552 130.514899 159.220489 152.974832
158.239340 136.203047 92.028370 139.382224 168.951624 141.343899 114.699065 206.530407 141.642387 130.490228 159.090015 153.191140
158.302565 135.992852 92.042799 139.451844 168.949040 141.334965 114.912097 206.470111 141.514793 130.465858 158.991747 153.384010
158.365089 135.783175 92.060598 139.537719 168.946207 141.325166 115.121279 206.410904 141.382780 130.440643 158.886017 153.572478
158.428241 135.571391 92.081400 139.638086 168.945790 141.323725 115.332867 206.351016 141.256463 130.416516 158.766363 153.756028
158.479990 135.363644 92.106200 139.757743 168.945790 141.323725 115.541569 206.291946 141.121307 130.390701 158.670398 153.948244
158.527341 135.154538 92.134024 139.891990 168.945790 141.323725 115.753349 206.232004 140.993124 130.366218 158.543710 154.129206
158.576348 134.938117 92.162051 140.027216 168.945790 141.323725 116.062647 206.152252 140.863664 130.341490 158.419233 154.305830
158.624273 134.726475 92.189773 140.160973 168.945790 141.323725 116.278677 206.103332 140.727722 130.315525 158.282931 154.477116
158.668081 134.515992 92.216684 140.290814 168.945790 141.323725 116.492171 206.054986 140.605727 130.292224 158.145055 154.648502
158.692872 134.297336 92.243351 140.419480 168.945790 141.323725 116.702447 206.007369 140.522826 130.276390 157.997165 154.809210
158.694514 134.080172 92.289719 140.644026 168.945235 141.321804 116.913733 205.960645 140.471553 130.266596 157.849681 154.969477
158.654066 133.867825 92.315912 140.771666 168.944818 141.320363 117.125216 205.917696 140.409786 130.187222 157.703416 155.128419
158.545680 133.683758 92.343291 140.905086 168.943485 141.315752 117.338169 205.874449 140.417838 130.095374 157.558302 155.286110
158.365681 133.563883 92.370490 141.037624 168.941762 141.309796 117.555140 205.830386 140.427393 129.986392 157.412037 155.445052
158.210282 133.417752 92.397567 141.169575 168.938651 141.299037 117.769465 205.786860 140.438013 129.865257 157.264283 155.605613
158.118612 133.246841 92.424927 141.302896 168.934317 141.284051 117.985856 205.748967 140.450144 129.726888 157.129258 155.752340
158.052131 133.087150 92.451823 141.433965 168.927539 141.260611 118.199416 205.720110 140.461750 129.594495 156.997693 155.895997
157.964660 132.952052 92.478539 141.564152 168.921233 141.238805 118.417633 205.690624 140.473689 129.458318 156.862341 156.044323
157.854102 132.858186 92.505537 141.695710 168.914927 141.216998 118.632678 205.661567 140.485619 129.322240 156.722685 156.193545
157.731722 132.810022 92.531750 141.823449 168.906733 141.188659 118.848264 205.628255 140.501887 129.126799 156.588811 156.332149
157.559300 132.763381 92.559511 141.958729 168.897982 141.158399 119.061815 205.603330 140.512499 128.991414 156.463066 156.462338
157.423102 132.764009 92.587413 142.094696 168.889898 141.130444 119.280431 205.577814 140.523010 128.857326 156.351840 156.577493
157.290103 132.764621 92.613446 142.221553 168.882342 141.104315 119.492392 205.553074 140.533364 128.725231 156.231791 156.701784
157.154805 132.765244 92.637870 142.340572 168.877898 141.088945 119.811900 205.522406 140.546689 128.495000 156.115564 156.822118
156.990164 132.771672 92.654233 142.420311 168.872397 141.069924 120.033435 205.509695 140.471989 128.356748 156.006224 156.935897
156.855746 132.780386 92.665289 142.474188 168.867564 141.053209 120.249879 205.497276 140.350774 128.306807 155.916785 157.029274
156.725719 132.788816 92.671220 142.503086 168.862675 141.036301 120.466324 205.484857 140.254523 128.267151 155.814895 157.135649
156.588108 132.797737 92.673773 142.515527 168.858008 141.020163 120.681190 205.456643 140.194147 128.242275 155.731335 157.222887
156.452593 132.806523 92.677451 142.533453 168.852452 141.000950 120.894229 205.426223 140.163173 128.229514 155.666867 157.290193
156.318873 132.815192 92.683904 142.564898 168.847174 140.982698 121.109379 205.379148 140.053982 128.196322 155.614089 157.345294
156.183595 132.834078 92.689251 142.590955 168.835284 140.941582 121.323165 205.330727 139.993399 128.186976 155.589879 157.370570
156.055758 132.854763 92.690719 142.598106 168.825506 140.907768 121.532291 205.284859 139.916904 128.175176 155.567882 157.393535
155.927328 132.875545 92.691463 142.601730 168.810200 140.854836 121.742668 205.239554 139.819456 128.160144 155.547338 157.414983
155.799448 132.903534 92.691543 142.602122 168.800005 140.819581 121.953533 205.194139 139.700859 128.141849 155.529838 157.433254
155.673986 132.934387 92.691583 142.602318 168.791032 140.788552 122.165569 205.148467 139.573466 128.122197 155.450868 157.468033
155.544474 132.965923 92.691583 142.602318 168.778392 140.744843 122.377802 205.102752 139.444887 128.102363 155.332869 157.591242
155.417257 132.993634 92.691583 142.602318 168.769531 140.714198 122.590719 205.056891 139.309389 128.081461 155.277156 157.696091
155.281637 133.023175 92.691583 142.602318 168.761975 140.688069 122.808333 205.013021 139.180514 128.061580 155.256710 157.717078
155.152857 133.051226 92.699340 142.738320 168.759586 140.679808 123.020088 204.971431 139.046993 128.040984 155.225167 157.749453
155.024457 133.103363 92.690918 142.773424 168.758697 140.676733 123.232431 204.929724 138.948953 128.025860 155.177645 157.798230
154.901308 133.153596 92.677759 142.828267 168.752474 140.655215 123.442977 204.888218 138.877893 128.014898 155.115677 157.861833
154.773437 133.205756 92.661591 142.895654 168.748440 140.623515 123.654927 204.842142 138.841820 128.009334 155.041357 157.938115
154.652048 133.255271 92.642343 142.975878 168.619397 140.563996 123.867756 204.795875 138.745659 127.964327 154.958524 158.023134
154.524732 133.307204 92.618172 143.076619 168.560862 140.573282 124.079705 204.749799 138.689956 127.913066 154.891462 158.091967
154.399803 133.365889 92.589544 143.195932 168.481215 140.562304 124.289114 204.704275 138.622480 127.850970 154.837100 158.147763
154.279298 133.434160 92.556181 143.334986 168.385123 140.549060 124.500774 204.650492 138.538447 127.773639 154.792648 158.193389
154.163492 133.499769 92.518293 143.486199 168.270012 140.533194 124.805804 204.559555 138.444334 127.687030 154.757896 158.229058
154.048730 133.564787 92.473523 143.653202 168.136177 140.514747 125.012361 204.489540 138.346467 127.596968 154.745474 158.241807
153.931932 133.632257 92.425931 143.830733 168.005710 140.496765 125.218528 204.419630 138.245069 127.503655 154.732564 158.255058
153.815880 133.703356 92.359193 144.113375 167.868805 140.477895 125.409483 204.316132 138.106011 127.449766 154.727261 158.260502
153.701874 133.773201 92.315468 144.322758 167.734089 140.460021 125.597274 204.214349 138.007231 127.545897 154.720631 158.267306
153.585992 133.844195 92.271049 144.535470 167.597196 140.443383 125.772113 204.086048 137.912851 127.647533 154.708140 158.280127
153.470024 133.915242 92.225935 144.751510 167.467153 140.427578 125.944428 203.949755 137.819831 127.747705 154.696207 158.292375
153.359344 133.983049 92.181148 144.965983 167.337209 140.411785 126.117762 203.812656 137.721999 127.844875 154.680854 158.308133
153.249455 134.050427 92.136156 145.181436 167.196856 140.361488 126.289400 203.675194 137.625828 127.939618 154.670875 158.318375
153.174458 134.096654 92.133412 145.498123 167.065029 140.345445 126.533585 203.474293 137.522279 128.030182 154.660338 158.329191
153.129765 134.124201 92.149431 145.717940 166.931514 140.329196 126.699423 203.334819 137.417359 128.107784 154.640729 158.349318
153.106440 134.138578 92.165356 145.936460 166.701991 140.306774 126.867299 203.190780 137.309544 128.187526 154.618049 158.372596
153.094948 134.145662 92.180866 146.149296 166.596543 140.298148 127.030394 203.050845 137.235531 128.245597 154.618049 158.372596
153.086435 134.150909 92.196820 146.368216 166.514916 140.291475 127.197768 202.907947 137.189253 128.283312 154.603534 158.387494
153.084733 134.151958 92.212330 146.581051 166.469666 140.287779 127.371753 202.783519 137.158711 128.308203 154.575900 158.415858
153.083881 134.152483 92.227986 146.795881 166.445945 140.285842 127.618959 202.617356 137.143440 128.320648 154.546591 158.445941
153.082008 134.153637 92.243990 147.015499 166.434982 140.284946 128.061729 202.523385 137.139177 128.324123 154.520771 158.472442
153.078859 134.155579 92.260060 147.236014 166.428503 140.284417 128.276866 202.550980 137.138324 128.324818 154.498579 158.495219
153.076731 134.156890 92.275563 147.448750 166.427307 140.284319 128.588770 202.612047 137.138324 128.324818 154.490903 158.503098
153.074177 134.158464 92.286196 147.594663 166.426909 140.284287 128.797734 202.669428 137.138324 128.324818 154.475760 158.518641
153.070091 134.160983 92.294257 147.705270 166.426709 140.284270 128.978527 202.720734 137.138324 128.324818 154.464106 158.530602
153.066175 134.163397 92.299882 147.782465 166.426709 140.284270 129.141708 202.782557 137.138324 128.324818 154.458663 158.536189
153.059960 134.167227 92.303182 147.827745 166.426111 140.284222 129.361996 202.866090 137.138324 128.324818 154.449731 158.545357
153.055789 134.169798 92.304781 147.849687 166.423620 140.284018 129.461011 202.903649 137.138324 128.324818 154.444009 158.551230
153.051533 134.172422 92.351525 147.916410 166.418337 140.283587 129.533473 202.931136 137.138324 128.324818 154.439822 158.555528
153.046851 134.175308 92.393944 147.948575 166.412855 140.283139 129.580129 202.948834 137.138324 128.324818 154.432843 158.562690
