115.212117 161.216125 178.147480 256.865957 117.344600 132.288400 198.238200 173.136400 179.863394 124.091959 72.348256 227.539573
115.290886 161.332347 178.111498 257.050991 117.338901 132.301842 198.231582 173.154530 179.836462 124.117037 72.348256 227.539573
115.348111 161.416782 178.073301 257.247412 117.327737 132.328173 198.220301 173.185436 179.802174 124.146813 72.348256 227.539573
115.390637 161.479529 178.043151 257.462667 117.311459 132.366564 198.202060 173.235410 179.774782 124.156927 72.348256 227.539573
115.495848 161.487353 178.102854 257.677199 117.288779 132.420055 198.177818 173.301824 179.767559 124.159594 72.348256 227.539573
115.564877 161.445939 178.281892 257.831924 117.259347 132.489473 198.146547 173.387496 179.760992 124.162018 72.348256 227.539573
115.632449 161.405399 178.532338 257.813294 117.227728 132.564047 198.109001 173.490357 179.760429 124.162226 72.348256 227.539573
115.700364 161.364653 178.786386 257.721276 117.203565 132.621036 198.066860 173.605807 179.760242 124.162295 72.348256 227.539573
115.764934 161.325914 179.022799 257.574144 117.189825 132.653444 198.019851 173.734596 179.760242 124.162295 72.348256 227.539573
115.828819 161.287586 179.075242 257.300726 117.144409 132.764415 197.966498 173.880763 179.760242 124.162295 72.348256 227.539573
115.896991 161.246686 178.873133 257.077368 117.118286 132.830327 197.952645 173.918714 179.760242 124.162295 72.348256 227.539573
115.961818 161.207792 178.637962 256.915188 117.087667 132.907580 197.947365 173.933180 179.760242 124.162295 72.348256 227.539573
116.026389 161.169053 178.375377 256.758872 117.061176 132.974422 197.943010 173.945110 179.760242 124.162295 72.348256 227.539573
116.095075 161.127844 178.132333 256.631711 117.032399 133.047027 197.942085 173.947646 179.760242 124.162295 72.348256 227.539573
116.163333 161.086892 177.895989 256.495128 117.002444 133.122608 197.941742 173.948586 179.760242 124.162295 72.348256 227.539573
116.229019 161.047484 177.658058 256.356044 116.973889 133.194655 197.941700 173.948700 179.760242 124.162295 72.348256 227.539573
116.297362 161.006481 177.395056 256.200342 116.947323 133.261683 197.941700 173.948700 179.610190 124.232674 72.348256 227.539573
116.361847 160.967793 177.160579 256.055131 116.916963 133.338285 197.941700 173.948700 179.610190 124.232674 72.348256 227.539573
116.431734 160.925864 176.926867 255.910394 116.889402 133.407823 197.941700 173.948700 179.610190 124.232674 72.348256 227.539573
116.496647 160.886919 176.686325 255.771891 116.859557 133.483124 197.941700 173.948700 179.610190 124.232674 72.348256 227.539573
116.560446 160.848642 176.446057 255.642909 116.836321 133.554929 197.941700 173.948700 179.597041 124.244671 72.348256 227.539573
116.624588 160.810160 176.202616 255.512225 116.818301 133.635949 197.941700 173.948700 179.597041 124.244671 72.348256 227.539573
116.689673 160.771112 175.954854 255.393914 116.802452 133.707208 197.941700 173.948700 179.597041 124.244671 72.348256 227.539573
116.759217 160.729389 175.710143 255.278880 116.786689 133.778076 197.941700 173.948700 179.581897 124.258488 72.348256 227.539573
116.822930 160.691164 175.470681 255.166314 116.770102 133.852654 197.941700 173.948700 179.551831 124.285920 72.348256 227.539573
116.892989 160.649132 175.239997 255.051132 116.752451 133.932014 197.941700 173.948700 179.509724 124.324339 72.348256 227.539573
116.963905 160.606585 175.066682 254.958111 116.736710 134.002785 197.941700 173.948700 179.455871 124.373474 72.409960 227.418300
117.028904 160.567589 174.935660 254.887790 116.718842 134.083122 197.941700 173.948700 179.388130 124.435281 72.451357 227.405603
117.099820 160.525042 174.830719 254.831467 116.702667 134.155845 197.941700 173.948700 179.307461 124.508882 72.506234 227.388772
117.164562 160.486200 174.745899 254.776827 116.685558 134.232765 197.941700 173.948700 179.214161 124.594010 72.577173 227.367016
117.201349 160.464129 174.684841 254.719577 116.673748 134.285868 197.941700 173.948700 179.107341 124.691471 72.659871 227.341652
117.315147 160.467937 174.632683 254.670671 116.717368 134.399307 197.941700 173.948700 178.992248 124.796482 72.754409 227.307004
117.357933 160.534348 174.600658 254.640644 116.806343 134.419779 197.941700 173.948700 178.873240 124.905064 72.859956 227.258640
117.412904 160.619673 174.589424 254.630111 116.916856 134.445207 197.941700 173.948700 178.742116 125.024701 72.979049 227.204070
117.475837 160.717356 174.586068 254.626964 117.048223 134.475433 197.941700 173.948700 178.598952 125.155324 73.117051 227.140835
117.545214 160.825042 174.584828 254.625801 117.181345 134.506063 197.941700 173.948700 178.449508 125.291676 73.272198 227.070615
117.648183 160.994182 174.584463 254.625459 117.376573 134.549624 197.941700 173.948700 178.294246 125.427109 73.444382 226.993657
117.776000 161.054994 174.584400 254.625400 117.496017 134.575902 197.941700 173.948700 178.130486 125.561430 73.628631 226.908569
117.893022 160.985503 174.538600 254.598210 117.597295 134.598183 197.941700 173.948700 177.972680 125.690867 73.819885 226.810351
118.005793 160.921665 174.501599 254.581256 117.675036 134.615286 197.941700 173.948700 177.802782 125.816097 74.026173 226.704413
118.122539 160.857121 174.444598 254.555138 117.758688 134.633900 197.941700 173.948700 177.614441 125.923675 74.240582 226.584394
118.238498 160.793013 174.366505 254.519356 117.803857 134.644947 197.941700 173.948700 177.429486 126.029319 74.461406 226.448288
118.357082 160.727453 174.269958 254.475118 117.831735 134.651765 197.941700 173.948700 177.240456 126.131362 74.690147 226.307302
118.476098 160.659828 174.162137 254.425714 117.843100 134.654544 197.941700 173.948700 177.045178 126.228490 74.925443 226.162275
118.564780 160.607440 174.043135 254.371187 117.846306 134.655328 197.941700 173.948700 176.854734 126.323214 75.220590 225.954509
118.682344 160.573892 173.908405 254.309453 117.846597 134.655399 197.941700 173.948700 176.647579 126.385795 75.431568 225.780624
118.727992 160.636398 173.755766 254.239513 117.846600 134.655400 197.941700 173.948700 176.438701 126.446426 75.645015 225.604705
118.776471 160.702780 173.586671 254.162033 117.846600 134.655400 197.941700 173.948700 176.230721 126.504789 75.853722 225.432161
118.825127 160.769405 173.407758 254.080055 117.846600 134.655400 197.941700 173.948700 176.016994 126.544581 76.058122 225.254682
118.871778 160.833284 173.212845 253.990745 117.846600 134.655400 197.941700 173.948700 175.804741 126.584098 76.263655 225.076219
118.920788 160.900393 173.002659 253.894437 117.846600 134.655400 197.941700 173.948700 175.592496 126.620050 76.470860 224.896174
118.967793 160.964756 172.782109 253.793380 117.846600 134.655400 197.941700 173.948700 175.372138 126.627952 76.673269 224.716129
119.013147 161.026858 172.546286 253.685325 117.846600 134.655400 197.941700 173.948700 175.155477 126.635722 76.874820 224.527574
119.056613 161.086376 172.300827 253.572854 117.846600 134.655400 197.941700 173.948700 174.935418 126.643613 77.075715 224.339634
119.099902 161.145652 172.053367 253.459467 117.846600 134.655400 197.941700 173.948700 174.718081 126.638488 77.273158 224.150295
119.128801 161.185223 171.795509 253.364935 117.846600 134.655400 197.941700 173.948700 174.498011 126.626417 77.452590 223.946273
119.144312 161.206462 171.540467 253.275707 117.846600 134.655400 197.941700 173.948700 173.850651 126.636200 77.633078 223.741049
119.235876 161.330043 171.284103 253.186018 117.846600 134.655400 197.941700 173.948700 173.638290 126.613900 77.813632 223.535750
119.278284 161.386612 171.027928 253.096394 117.846600 134.655400 197.941700 173.948700 173.427018 126.582449 77.996894 223.327372
119.325551 161.449662 170.767695 253.005350 117.846600 134.655400 197.941700 173.948700 173.216158 126.552489 78.179232 223.120046
119.368979 161.507591 170.511803 252.915825 117.846600 134.655400 197.941700 173.948700 172.996080 126.528334 78.360374 222.914065
119.416126 161.570481 170.251098 252.824617 117.846600 134.655400 197.941700 173.948700 172.777393 126.504331 78.539320 222.706885
119.463153 161.633210 169.994451 252.734828 117.846600 134.655400 197.941700 173.948700 172.563180 126.480819 78.711820 222.493358
119.508980 161.694340 169.738276 252.645204 117.846600 134.655400 197.941700 173.948700 172.350457 126.457471 78.880945 222.278705
119.555887 161.756910 169.470813 252.583121 117.846600 134.655400 197.941700 173.948700 172.134510 126.461641 79.019679 222.043236
119.600515 161.816439 169.205052 252.523809 117.846600 134.655400 197.941700 173.948700 171.919854 126.465987 79.159174 221.806474
119.645982 161.877088 168.935093 252.463561 117.846600 134.655400 197.941700 173.948700 171.705598 126.470325 79.298061 221.570746
119.689290 161.934857 168.668062 252.403966 117.846600 134.655400 197.941700 173.948700 171.490842 126.474673 79.434983 221.332829
119.737517 161.999187 168.398689 252.343848 117.846600 134.655400 197.941700 173.948700 171.275941 126.493596 79.553278 221.090123
119.786763 162.064878 168.128243 252.283490 117.846600 134.655400 197.941700 173.948700 171.061755 126.514458 79.672314 220.845998
119.835650 162.130088 167.864042 252.224527 117.846600 134.655400 197.941700 173.948700 170.842791 126.535786 79.786933 220.599747
119.882977 162.193217 167.597966 252.186326 117.846600 134.655400 197.941700 173.948700 170.628705 126.556639 79.893828 220.349088
119.927964 162.253227 167.323870 252.178793 117.846600 134.655400 197.941700 173.948700 170.413423 126.577609 80.004091 220.098694
119.972412 162.312516 167.046974 252.171184 117.846600 134.655400 197.941700 173.948700 170.200332 126.598365 80.081826 219.836613
120.017040 162.372045 166.776376 252.163747 117.846600 134.655400 197.834154 174.018675 169.921863 126.615608 80.151386 219.573038
120.050450 162.416612 166.505279 252.156297 117.846600 134.655400 197.798625 174.007992 169.710847 126.653548 80.204401 219.300627
120.072164 162.445577 166.229283 252.148712 117.846600 134.655400 197.749498 173.993220 169.509536 126.726790 80.251691 219.029520
120.149998 162.456719 165.958285 252.141265 117.846600 134.655400 197.685048 173.973841 169.360632 126.890026 80.327667 218.766906
120.199373 162.417109 165.689587 252.133881 117.846600 134.655400 197.599335 173.948084 169.292678 127.097768 80.422524 218.512089
120.257407 162.370552 165.460873 252.127595 117.846600 134.655400 197.495612 173.916932 169.119202 127.078591 80.535516 218.260233
120.317780 162.322118 165.257146 252.126401 117.846600 134.655400 197.372447 173.879940 168.997086 126.903644 80.676280 218.024689
120.378933 162.273059 165.042989 252.134247 117.846600 134.655400 197.231277 173.837541 168.811484 126.802548 80.817403 217.788545
120.440944 162.223311 164.828134 252.142118 117.846600 134.655400 197.073729 173.790223 168.598753 126.786486 81.146904 217.663125
120.480413 162.191648 164.614577 252.149942 118.102598 134.712663 196.750886 173.693227 168.330501 126.818620 81.418691 217.711162
120.625490 162.153709 164.396423 252.157935 118.148032 134.722079 196.564230 173.637143 168.121600 126.862699 81.689369 217.719400
120.706344 162.179603 164.180527 252.164604 118.209781 134.734058 196.361771 173.576311 167.912015 126.906923 82.118592 217.651418
120.803192 162.210641 163.961027 252.171231 118.294305 134.750455 196.142361 173.510385 167.704334 126.966660 82.354516 217.514452
120.917799 162.245442 163.740341 252.180185 118.399150 134.770795 195.913853 173.441726 167.497866 127.040577 82.573960 217.347077
121.045315 162.280323 163.503790 252.194770 118.522157 134.794658 195.675577 173.370132 167.293658 127.113685 82.760716 217.145035
121.175531 162.315942 163.257358 252.209964 118.658739 134.808155 195.289876 173.226885 167.090391 127.198284 82.936439 216.936108
121.300685 162.351473 163.001724 252.226379 118.790600 134.820081 195.026255 173.161124 166.895656 127.297603 83.113128 216.726034
121.483870 162.404359 162.738028 252.275324 118.925260 134.819425 194.787357 173.099976 166.698872 127.397966 83.271859 216.537311
121.616838 162.443815 162.472070 252.324689 119.063139 134.813625 194.440577 173.025645 166.508206 127.508258 83.474828 216.297797
121.739734 162.486797 162.205130 252.374237 119.195222 134.808069 194.280374 172.974399 166.323248 127.625338 83.590133 216.161930
121.853864 162.545845 161.932093 252.424915 119.328204 134.802474 194.152808 172.937865 166.135924 127.743915 83.681885 216.053815
121.975365 162.608707 161.664169 252.474645 119.460986 134.795263 194.048813 172.908357 165.952738 127.867353 83.752608 215.970480
122.097126 162.672149 161.394082 252.524776 119.594637 134.784302 193.972524 172.886711 165.770282 127.990812 83.804178 215.909713
122.217837 162.736728 161.126552 252.574433 119.732275 134.773015 193.913649 172.870006 165.597103 128.107995 83.836919 215.871133
122.331062 162.798302 160.838347 252.631527 119.868917 134.761809 193.877765 172.859825 165.454402 128.204554 83.861443 215.842237
122.449592 162.868386 160.571085 252.693264 120.006144 134.718983 193.868722 172.857259 165.282567 128.302416 83.882084 215.817915
122.561925 162.934806 160.307915 252.754055 120.142937 134.717608 193.850320 172.843114 165.147771 128.400322 83.904148 215.791915
122.673084 163.003154 160.042991 252.815252 120.274430 134.716287 193.827410 172.823901 165.013218 128.498052 83.919807 215.773464
122.786325 163.073850 159.780271 252.877514 120.408186 134.727819 193.645161 172.775100 164.886027 128.590433 83.935336 215.755165
122.903927 163.144127 159.517719 252.940496 120.544821 134.744911 193.578209 172.805064 164.719495 128.685615 83.943489 215.745559
123.021786 163.214558 159.250208 253.004668 120.672625 134.760898 193.487312 172.776769 164.588406 128.772738 83.946854 215.741594
123.133121 163.281090 158.985053 253.073287 120.800230 134.776861 193.429546 172.758787 164.453903 128.862131 83.948148 215.740069
123.238624 163.172027 158.718135 253.143505 120.935701 134.805202 193.399278 172.749365 164.318900 128.951857 83.948924 215.739154
123.293365 163.051914 158.453150 253.213213 121.067415 134.842523 193.323462 172.724936 164.185979 129.040198 83.949377 215.738620
123.347983 162.932073 158.188166 253.282922 121.193453 134.878237 193.262310 172.706399 164.051693 129.131872 83.955589 215.731301
123.402725 162.811959 157.926857 253.351664 121.322850 134.920588 193.182018 172.682059 163.920451 129.222513 84.005363 215.683149
123.457010 162.692846 157.665741 253.420355 121.447225 134.979682 193.088616 172.653744 163.788468 129.313665 84.017691 215.669624
123.509347 162.578010 157.402981 253.489478 121.652993 135.084169 192.982676 172.621630 163.655086 129.405783 84.045109 215.639545
123.550164 162.494633 157.132917 253.542400 121.769118 135.153213 192.863817 172.585599 163.518084 129.500402 84.066059 215.616561
123.576050 162.448155 156.864384 253.582432 121.885920 135.221896 192.726488 172.543970 163.386101 129.591554 84.247812 215.613680
123.591962 162.419587 156.596742 253.622331 121.993568 135.298018 192.574900 172.498019 163.222472 129.684213 84.297189 215.632384
123.721301 162.390915 156.325737 253.662731 122.090527 135.373540 192.408765 172.447658 163.088475 129.775434 84.451451 215.711895
123.779930 162.423345 156.054237 253.703205 122.156954 135.425281 192.225213 172.392018 162.957205 129.864797 84.525690 215.768736
123.851946 162.463181 155.781830 253.739188 122.204368 135.462212 192.031927 172.332986 162.825358 129.954555 84.619597 215.829327
123.936214 162.509793 155.506275 253.748134 122.224564 135.477943 191.821797 172.268509 162.691030 130.046000 84.731241 215.893153
124.036057 162.565022 155.230520 253.757086 122.231270 135.483166 191.545538 172.295671 162.559926 130.135251 84.858241 215.956027
124.151826 162.629059 154.953466 253.766081 122.237108 135.487714 191.380914 172.497670 162.426921 130.225797 85.000338 216.018690
124.284133 162.702245 154.682009 253.774894 122.238607 135.488881 191.348550 172.708905 162.296809 130.314372 85.157623 216.088050
124.429741 162.782788 154.409753 253.783733 122.238607 135.488881 191.315203 172.926565 162.160745 130.407000 85.319054 216.188428
124.592501 162.872819 154.137529 253.765189 122.238607 135.488881 191.282824 173.137899 162.030169 130.496310 85.487945 216.298876
124.766985 162.969335 153.861428 253.737359 122.238607 135.488881 191.249946 173.352495 161.899489 130.588108 85.694324 216.465605
124.954071 163.072821 153.586620 253.709659 122.238607 135.488881 191.216689 173.569563 161.763573 130.683586 85.838948 216.623339
125.141908 163.175551 153.320181 253.665435 122.238607 135.488881 191.183645 173.785246 161.633630 130.774868 85.906585 216.830711
125.332973 163.276940 153.051581 253.617177 122.238607 135.488881 191.150661 174.000534 161.499105 130.869368 85.972066 217.037718
125.608654 163.435402 152.783572 253.569026 122.238607 135.488881 191.117979 174.213845 161.368917 130.960822 86.038631 217.245707
125.799412 163.546794 152.521757 253.496901 122.238607 135.488881 191.084389 174.433086 161.235537 131.054518 86.075136 217.456672
125.988443 163.657178 152.260388 253.415001 122.238607 135.488881 191.051254 174.649363 161.103140 131.147524 86.128247 217.669443
126.177992 163.767864 151.996729 253.332383 122.238607 135.488881 191.028094 174.866044 160.973197 131.238805 86.221658 217.865655
126.366332 163.877844 151.737746 253.251230 122.238607 135.488881 191.068428 175.073882 160.839490 131.332731 86.392956 217.996933
126.551736 163.986110 151.475805 253.169150 122.238607 135.488881 191.191885 175.252555 160.705128 131.427116 86.592288 218.067829
126.827936 164.134030 151.214055 253.087130 122.238607 135.488881 191.387329 175.339936 160.569130 131.522652 86.811188 218.053897
127.021519 164.227806 151.346102 253.196321 122.238607 135.488881 191.603330 175.336133 160.436324 131.615945 87.004510 218.027623
127.218333 164.322937 151.103165 253.067241 122.238607 135.488881 191.782502 175.217014 160.310085 131.711165 87.208251 217.982121
127.407755 164.414290 150.861023 252.938583 122.238607 135.488881 191.896271 175.033521 160.199196 131.822307 87.350612 217.945888
127.600690 164.507337 150.618263 252.809597 122.238607 135.488881 191.943100 174.820480 160.088165 131.933591 87.482973 217.912531
127.919760 164.655853 150.374796 252.680235 122.238607 135.488881 191.987627 174.604931 159.972049 132.049971 87.596959 217.874608
128.122974 164.728999 150.135215 252.552938 122.238607 135.488881 192.032584 174.393356 159.863319 132.173825 87.689916 217.834855
128.306951 164.773997 149.889982 252.422638 122.238607 135.488881 192.078392 174.180223 159.772701 132.309314 87.761162 217.800592
128.475514 164.798201 149.650225 252.295247 122.238607 135.488881 192.124516 173.967057 159.683861 132.442143 87.834517 217.763059
128.619854 164.818782 149.409319 252.167246 122.238607 135.488881 192.171227 173.753813 159.605801 132.578208 87.891670 217.733815
128.748058 164.837063 149.177276 252.015306 122.238607 135.488881 192.217702 173.541643 159.527726 132.721269 87.945351 217.706348
128.861312 164.853212 148.955972 251.855458 122.238607 135.488881 192.263414 173.331047 159.453510 132.863015 87.989018 217.673601
128.960212 164.867314 148.736879 251.696642 122.238607 135.488881 192.309321 173.119164 159.385511 133.008315 88.024869 217.645261
129.142243 164.884874 148.515437 251.536124 122.238607 135.488881 192.354805 172.909234 159.346029 133.162955 88.052327 217.623557
129.231050 164.888947 148.291081 251.373494 122.238607 135.488881 192.400522 172.698230 159.302752 133.319736 88.080569 217.601232
129.285370 164.882582 148.071016 251.213974 122.238607 135.488881 192.444404 172.487352 159.253575 133.476084 88.104496 217.582318
129.354415 164.864789 147.850951 251.054454 122.238607 135.488881 192.487500 172.274777 159.210904 133.632148 88.125128 217.566009
129.405931 164.851513 147.629348 250.893819 122.238607 135.488881 192.530509 172.065756 159.174769 133.785241 88.134778 217.558381
129.468778 164.835317 147.406206 250.732069 122.238607 135.488881 192.574229 171.854533 159.138656 133.938237 88.140269 217.554041
129.602953 164.800748 147.182821 250.570143 122.238607 135.488881 192.617605 171.644975 159.101854 134.094153 88.144113 217.551002
129.663995 164.696531 146.966588 250.400354 122.238607 135.488881 192.662299 171.429052 159.064547 134.252210 88.146937 217.548769
129.707324 164.627503 146.755739 250.223343 122.238607 135.488881 192.706465 171.215675 159.026574 134.413089 88.147251 217.548521
129.750493 164.558729 146.547877 250.048840 122.238607 135.488881 192.748948 171.013185 158.989320 134.569822 88.147330 217.548459
129.793078 164.490887 146.336569 249.871443 122.238607 135.488881 192.783983 170.850515 158.952427 134.723660 88.147330 217.548459
129.837310 164.420419 146.127481 249.695912 122.238607 135.488881 192.812091 170.720008 158.914742 134.880804 88.147330 217.548459
129.878832 164.354271 145.919619 249.521408 122.238607 135.488881 192.834282 170.616971 158.876964 135.038338 88.147330 217.548459
129.920619 164.287699 145.707928 249.343690 122.238607 135.488881 192.851610 170.536515 158.839955 135.192662 88.147330 217.548459
129.962087 164.221635 145.495394 249.165265 122.238607 135.488881 192.862095 170.487832 158.802363 135.349418 88.147330 217.548459
130.003449 164.155741 145.288221 248.991341 122.238607 135.488881 192.869296 170.454398 158.765018 135.501900 88.147330 217.548459
130.041500 164.093004 145.077755 248.814652 122.238607 135.488881 192.873485 170.434944 158.723080 135.654025 88.147330 217.548459
130.103314 163.972427 144.869510 248.639827 122.238607 135.488881 192.877065 170.418325 158.681009 135.806633 88.147487 217.548335
130.135124 163.906833 144.660499 248.464360 122.238607 135.488881 192.879802 170.405617 158.639257 135.958083 88.147722 217.548149
130.167632 163.839800 144.450339 248.287928 122.238607 135.488881 192.883171 170.389975 158.596442 136.113389 88.148899 217.547219
130.197802 163.772931 144.240180 248.111496 122.364477 135.598997 192.886287 170.375507 158.552166 136.273998 88.150075 217.546289
130.228268 163.697663 144.032124 247.936757 122.398349 135.630414 192.887929 170.367882 158.507360 136.425319 88.153998 217.543188
130.258767 163.622300 143.826969 247.760610 122.448572 135.676997 192.890055 170.358008 158.451357 136.581055 88.157528 217.540398
130.286862 163.552869 143.616732 247.580098 122.512799 135.736568 192.894582 170.336990 158.396808 136.732745 88.164824 217.534630
130.314997 163.483347 143.411729 247.404081 122.586410 135.804844 192.896982 170.325846 158.342835 136.882836 88.170080 217.530476
130.356062 163.358027 143.204527 247.226175 122.668453 135.880940 192.899340 170.314897 158.258581 137.071275 88.176435 217.525453
130.375510 163.278469 142.996489 247.047552 122.765746 135.971180 192.901867 170.303166 158.197886 137.219208 88.183495 217.519871
130.394079 163.202506 142.789211 246.869580 122.861719 136.060197 192.905046 170.288404 158.134647 137.373339 88.193223 217.512182
130.413740 163.122074 142.584208 246.693563 122.959085 136.150506 192.907678 170.276185 158.072015 137.525990 88.202009 217.505236
130.431074 163.051162 142.376778 246.515462 123.055938 136.240338 192.910857 170.261423 158.011927 137.672442 88.212992 217.496555
130.446651 162.987438 142.170182 246.338076 123.157410 136.334455 192.912836 170.252234 157.952294 137.817784 88.223112 217.488555
130.458072 162.940714 141.962372 246.159649 123.235200 136.406607 192.915531 170.239721 157.889321 137.971268 88.232730 217.479526
130.485202 162.820143 141.753501 245.980310 123.288576 136.456114 192.918626 170.225350 157.828815 138.118738 88.243794 217.468814
130.500913 162.744762 141.546146 245.802273 123.327874 136.492563 192.922142 170.209025 157.766980 138.269446 88.252559 217.460328
130.517440 162.665466 141.335833 245.621696 123.346790 136.510108 192.924816 170.196609 157.703855 138.423299 88.257372 217.455667
130.532355 162.593904 141.123815 245.444064 123.359914 136.522281 192.927637 170.183510 157.643919 138.569382 88.259312 217.453789
130.553906 162.505871 140.910265 245.266387 123.379270 136.540234 192.929196 170.176276 157.582692 138.718609 88.260318 217.452815
130.603328 162.420899 140.701558 245.092739 123.405298 136.564375 192.932059 170.162980 157.522414 138.865524 88.261036 217.452120
130.662804 162.323547 140.493466 244.919603 123.447162 136.603205 192.933533 170.156137 157.459630 139.018545 88.261467 217.451702
130.774566 162.245528 140.282068 244.743717 123.498778 136.651080 192.934922 170.149685 157.399536 139.164232 88.261755 217.451424
130.900923 162.157320 140.070440 244.567639 123.565351 136.712827 192.936228 170.143624 157.334186 139.307425 88.261826 217.451355
131.040482 162.059897 139.857581 244.390537 123.697804 136.656995 192.937744 170.136586 157.266843 139.454984 88.261826 217.451355
131.191275 161.954632 139.648336 244.216442 123.791046 136.568574 192.938628 170.132480 157.200829 139.599633 88.261826 217.451355
131.351579 161.842726 139.436708 244.040363 123.891761 136.473065 192.939933 170.126419 157.138679 139.746350 88.261826 217.451355
131.520411 161.724868 139.224464 243.863774 123.985945 136.383749 192.941702 170.118207 157.081285 139.893235 88.261898 217.451285
131.696377 161.602030 139.012067 243.687056 124.084991 136.289823 192.943281 170.110875 157.022254 140.044312 88.262258 217.450937
131.877344 161.475700 138.801466 243.510219 124.179611 136.200094 192.944397 170.105694 156.977131 140.192425 88.263479 217.449755
132.071079 161.372473 138.591671 243.332889 124.277786 136.106993 192.945681 170.099731 156.954349 140.304330 88.265634 217.447668
132.275366 161.294956 138.383785 243.157173 124.417814 135.974842 192.947239 170.092497 156.935038 140.399184 88.268364 217.445025
132.477316 161.218325 138.175975 242.981521 124.518202 135.880297 192.948713 170.085653 156.709276 140.672903 88.272316 217.441199
132.671786 161.144533 137.968319 242.805998 124.612693 135.791306 192.951282 170.073727 156.662753 140.687301 88.277057 217.436608
132.835216 161.082519 137.757149 242.627506 124.710095 135.699572 192.952882 170.066297 156.639444 140.694515 88.284242 217.429652
132.959939 161.035192 137.551019 242.453274 124.808289 135.607073 192.954440 170.059063 156.562913 140.723392 88.292719 217.421444
133.064560 160.995493 137.339009 242.274071 124.905811 135.515174 192.956714 170.048505 156.509732 140.716707 88.306873 217.407741
133.135598 160.966590 137.131963 242.099065 125.004425 135.422246 192.958609 170.039707 156.432936 140.707053 88.321314 217.393760
133.180933 160.947734 136.924536 241.923736 125.103112 135.329250 192.960861 170.029247 156.333915 140.694606 88.342795 217.372962
133.202631 160.938709 136.718465 241.745143 125.242318 135.198130 192.962293 170.022599 156.125516 140.671216 88.366863 217.349660
133.219343 160.931758 136.514831 241.566784 125.385235 135.063668 192.964483 170.012432 155.996661 140.657345 88.385758 217.331366
133.233285 160.925959 136.309844 241.387240 125.482988 134.971576 192.965936 170.005687 155.861785 140.645857 88.408385 217.306686
133.246858 160.920314 136.101605 241.212415 125.583870 134.876535 192.968294 169.994738 155.730533 140.637781 88.440254 217.270659
133.255076 160.916896 135.893663 241.038475 125.684242 134.781974 192.969810 169.987700 155.598283 140.629644 88.472189 217.234557
133.260893 160.914477 135.682423 240.861775 125.779083 134.692625 192.971283 169.980856 155.467630 140.621605 88.505979 217.196357
133.275758 160.908294 135.454753 240.647646 125.873596 134.603656 192.972862 169.973525 155.331487 140.613229 88.546462 217.150592
133.282314 160.905567 135.224274 240.498183 126.017002 134.468811 192.975873 169.959545 155.196104 140.607870 88.578066 217.114865
133.287577 160.903378 135.031634 240.373259 126.114477 134.377154 192.978610 169.946837 155.078674 140.611936 88.604833 217.084605
133.289238 160.902687 134.825695 240.233330 126.212098 134.285360 192.981768 169.932173 154.992226 140.614930 88.633257 217.052472
133.292747 160.901227 134.659589 240.095881 126.307679 134.195483 192.984695 169.918584 154.947353 140.616484 88.668638 217.012475
133.298195 160.898962 134.490170 239.955691 126.407995 134.101154 192.987158 169.907147 154.922368 140.617349 88.705628 216.973410
133.312044 160.893201 134.322985 239.817350 126.507583 134.007510 192.989243 169.897469 154.904079 140.617983 88.731366 216.946275
133.321462 160.889284 134.155723 239.678945 126.606005 133.914963 192.991559 169.886715 154.901180 140.618083 88.757173 216.919067
133.331065 160.885290 133.989540 239.541433 126.674849 133.850227 192.993664 169.876939 154.900181 140.618118 88.778919 216.896140
133.349254 160.877724 133.824359 239.404749 126.720017 133.807755 192.995685 169.867554 154.899981 140.618124 88.799358 216.874591
133.354055 160.875727 133.657713 239.266854 126.745442 133.783847 192.997201 169.860516 154.899981 140.618124 88.808993 216.864434
133.357010 160.874498 133.487062 239.125644 126.754621 133.775216 192.998780 169.853184 154.899981 140.618124 88.816356 216.856671
133.358118 160.874038 133.321649 238.988769 126.759939 133.770215 192.999749 169.848687 154.899981 140.618124 88.825371 216.847166
133.358672 160.873807 133.150612 238.847241 126.760700 133.769500 193.001602 169.840084 154.899981 140.618124 88.839479 216.832292
133.358672 160.873807 132.986124 238.711131 126.760700 133.769500 193.002970 169.833730 154.899981 140.618124 88.851178 216.819958
133.363843 160.871657 132.820095 238.573746 126.760700 133.769500 193.003918 169.829331 154.899981 140.618124 88.862464 216.808059
133.369290 160.869391 132.687965 238.464412 126.760700 133.769500 193.005034 169.824150 154.899981 140.618124 88.870034 216.800078
133.378985 160.865358 132.586190 238.380196 126.760700 133.769500 193.006613 169.816818 154.899981 140.618124 88.873406 216.796523
133.392650 160.859675 132.504370 238.312492 126.760700 133.769500 193.008108 169.809877 154.899981 140.618124 88.875539 216.794274
133.401699 160.855911 132.453136 238.270097 126.760700 133.769500 193.008908 169.806162 154.899981 140.618124 88.876021 216.793766
133.412502 160.851418 132.425092 238.246891 126.760700 133.769500 193.009518 169.803327 154.899981 140.618124 88.876159 216.793621
133.420534 160.848077 132.361478 238.196000 126.760700 133.769500 193.010550 169.798537 154.899981 140.618124 88.876159 216.793621
133.423766 160.846733 132.304261 238.151801 126.760700 133.769500 193.011961 169.791987 154.899981 140.618124 88.876159 216.793621
133.426167 160.845734 132.231138 238.095314 126.760700 133.769500 193.013097 169.786708 154.899981 140.618124 88.876159 216.793621
133.427736 160.845081 132.143692 238.027761 126.760700 133.769500 193.013708 169.783873 154.899981 140.618124 88.876159 216.793621
133.433184 160.842816 132.045799 237.952139 126.760700 133.769500 193.014656 169.779474 154.899981 140.618124 88.876159 216.793621
133.440847 160.839628 131.936669 237.867837 126.760700 133.769500 193.015098 169.777421 154.899981 140.618124 88.876159 216.793621
133.459498 160.831871 131.814243 237.773263 126.760700 133.769500 193.015519 169.775466 154.899981 140.618124 88.876159 216.793621
133.477134 160.824535 131.678839 237.668664 126.760700 133.769500 193.016719 169.769894 154.899981 140.618124 88.876159 216.793621
133.512497 160.809827 131.509623 237.542364 126.760700 133.769500 193.017098 169.768134 154.899981 140.618124 88.876159 216.793621
133.538811 160.798882 131.340098 237.439101 126.760700 133.769500 193.017456 169.766472 154.899981 140.618124 88.876159 216.793621
133.552384 160.793237 131.160153 237.329491 126.760700 133.769500 193.018151 169.763246 154.899981 140.618124 88.876159 216.793621
133.560694 160.789780 130.960449 237.241297 126.760700 133.769500 193.018508 169.761584 154.899981 140.618124 88.876159 216.793621
133.563741 160.788513 130.748305 237.197091 126.760700 133.769500 193.018993 169.759336 154.899981 140.618124 88.882008 216.787454
133.565772 160.787668 130.532004 237.224249 126.760700 133.769500 193.019688 169.756110 154.899981 140.618124 88.890060 216.778965
133.566696 160.787284 130.347148 237.327499 126.760700 133.769500 193.020130 169.754057 154.899981 140.618124 88.904580 216.763656
133.566696 160.787284 130.231901 237.510920 126.760700 133.769500 193.020930 169.750342 154.899981 140.618124 88.918206 216.749290
133.566696 160.787284 130.195361 237.724035 126.760700 133.769500 193.021751 169.746530 154.899981 140.618124 88.922129 216.745155
133.566696 160.787284 130.239703 237.931279 126.760700 133.769500 193.022488 169.743108 154.899981 140.618124 88.925088 216.742035
133.566696 160.787284 130.350755 238.118275 126.760700 133.769500 193.023372 169.739002 154.899981 140.618124 88.926327 216.740729
133.566696 160.787284 130.495200 238.279859 126.760700 133.769500 193.024467 169.733919 154.899981 140.618124 88.927634 216.739350
133.566696 160.787284 130.657936 238.417257 126.760700 133.769500 193.025625 169.728542 154.899981 140.618124 88.927772 216.739205
133.579991 160.781754 130.854182 238.525305 126.760700 133.769500 193.027415 169.720232 154.899981 140.618124 88.927772 216.739205
133.611292 160.768735 131.057769 238.542251 126.760700 133.769500 193.028320 169.716029 154.899981 140.618124 88.927772 216.739205
133.628927 160.761400 131.221337 238.494625 126.760700 133.769500 193.029752 169.709381 154.898682 140.618169 88.927772 216.739205
133.634744 160.758981 131.339648 238.447417 126.760700 133.769500 193.030636 169.705275 154.894284 140.618322 88.927772 216.739205
133.635900 160.758500 131.426415 238.406573 126.760700 133.769500 193.032194 169.698041 154.887488 140.618557 88.927772 216.739205
133.635900 160.758500 131.488663 238.377271 126.760700 133.769500 193.033520 169.691883 154.866401 140.619287 88.927772 216.739205
133.635900 160.758500 131.513545 238.365559 126.913228 133.608258 193.035352 169.683378 154.851310 140.619810 88.927772 216.739205
133.780096 160.735404 131.580262 238.327351 126.938923 133.578126 193.038089 169.670669 154.824526 140.620737 88.927772 216.739205
133.807792 160.753162 131.631972 238.289301 126.977206 133.533233 193.040300 169.660404 154.782951 140.622177 88.927772 216.739205
133.847694 160.778747 131.696569 238.241770 127.030737 133.470459 193.042911 169.648282 154.733581 140.623887 88.927772 216.739205
133.902668 160.814169 131.776066 238.183273 127.094975 133.395129 193.046574 169.631272 154.688108 140.625462 88.927772 216.739205
133.972323 160.862534 131.864988 238.117843 127.251779 133.290607 193.048153 169.623940 154.649631 140.626794 88.927772 216.739205
134.059227 160.922877 131.963296 238.034486 127.396802 133.164550 193.049880 169.615924 154.606757 140.628279 88.927772 216.739205
134.155578 160.989779 132.076827 237.937834 127.500239 133.074261 193.052469 169.603900 154.562296 140.626996 88.927772 216.739205
134.268685 161.068316 132.202693 237.830680 127.603600 132.984038 193.054954 169.592364 154.518763 140.609015 88.927772 216.739205
134.378013 161.144230 132.338764 237.713327 127.706284 132.894406 193.056154 169.586792 154.468299 140.588171 88.927772 216.739205
134.544284 161.223041 132.484917 237.581086 127.807159 132.806353 193.057522 169.580438 154.421439 140.568816 88.937131 216.729338
134.668108 161.279383 132.663789 237.413228 127.911425 132.715341 193.059207 169.572617 154.255372 140.363102 88.953041 216.712454
134.783735 161.339455 132.809472 237.249578 128.008834 132.630312 193.062323 169.558149 154.178515 140.233132 88.971111 216.692257
134.966294 161.446349 132.952894 237.088468 128.080178 132.568037 193.064091 169.549937 154.172774 140.126687 89.005583 216.653727
135.410303 161.654981 133.098444 236.924967 128.285862 132.482157 193.066070 169.540748 154.166360 140.007759 89.066373 216.580480
135.538593 161.705284 133.242863 236.762736 128.318623 132.469559 193.068408 169.529897 154.159160 139.874253 89.116683 216.514214
135.664370 161.754600 133.379304 236.609468 128.328330 132.465826 193.072155 169.512496 154.150926 139.721575 89.178965 216.432178
135.786144 161.802347 133.537299 236.481549 128.332250 132.464319 193.074008 169.503893 154.142950 139.573690 89.250740 216.337638
135.909780 161.850824 133.667242 236.289365 128.334490 132.463457 193.076324 169.493140 154.082146 139.420800 89.333703 216.228362
136.036971 161.865229 133.783991 236.107636 128.334770 132.463350 193.077398 169.488154 153.947110 139.409596 89.424828 216.108335
136.162284 161.914359 133.902633 235.922962 128.334770 132.463350 193.078893 169.481213 153.817654 139.398854 89.521457 215.981059
136.289366 161.964184 134.009924 235.735971 128.334770 132.463350 193.080766 169.472513 153.688000 139.388096 89.625341 215.844226
136.415796 162.013752 134.114624 235.544189 128.334770 132.463350 193.082619 169.463910 153.553462 139.376933 89.736361 215.697995
136.539806 162.062372 134.219035 235.352934 128.334770 132.463350 193.084430 169.455503 153.416732 139.365588 89.856874 215.539259
136.664188 162.111137 134.321482 235.165277 128.334770 132.463350 193.085125 169.452277 153.274935 139.411089 89.988452 215.365948
136.789408 162.160232 134.406816 234.963874 128.334770 132.463350 193.086851 169.444260 153.278867 139.542130 90.126380 215.184274
136.911649 162.208158 134.487891 234.764099 128.334770 132.463350 193.087757 169.440057 153.282936 139.677769 90.268602 214.996945
137.036775 162.257215 134.570283 234.561080 128.334770 132.463350 193.088725 169.435560 153.286796 139.806411 90.418027 214.801405
137.158923 162.305105 134.663342 234.319718 128.334770 132.463350 193.090262 169.428424 153.290773 139.938951 90.578193 214.595201
137.279555 162.352744 134.726771 234.109164 128.334770 132.463350 193.091294 169.423633 153.294843 140.074590 90.744431 214.381178
137.404035 162.403948 134.789825 233.899855 128.334770 132.463350 193.092852 169.416399 153.193920 140.333253 90.911712 214.165812
137.526018 162.454125 134.852590 233.691504 128.334770 132.463350 193.094178 169.410241 153.057472 140.329535 91.077889 213.951868
137.653828 162.506698 134.914577 233.485738 128.334770 132.463350 193.095884 169.402322 152.923335 140.325398 91.243821 213.738240
137.781452 162.559195 134.946390 233.266753 128.334770 132.463350 193.097189 169.396261 152.793197 140.321384 91.407912 213.526982
137.901493 162.608573 134.974627 233.052607 128.334770 132.463350 193.099252 169.386681 152.663559 140.317386 91.572494 213.315091
138.021257 162.657837 135.003271 232.835387 128.334770 132.463350 193.100768 169.379642 152.471205 140.308136 91.738058 213.101937
138.140188 162.706758 135.032135 232.597991 128.334770 132.463350 193.102684 169.370746 152.279887 140.290183 91.908284 212.882781
138.265871 162.758456 135.049976 232.378716 128.334770 132.463350 193.104495 169.362339 152.151490 140.276733 92.074031 212.669390
138.393403 162.810915 135.067664 232.161334 128.334770 132.463350 193.106832 169.351488 152.022695 140.263242 92.274183 212.435488
138.514184 162.860597 135.085319 231.944351 128.334770 132.463350 193.107927 169.346404 151.888031 140.249136 92.440244 212.215787
138.636630 162.910964 135.103323 231.723083 128.334770 132.463350 193.109274 169.340148 151.659521 140.251236 92.605582 211.997042
138.755931 162.960038 135.112309 231.501201 128.334770 132.463350 193.111653 169.329101 151.525907 140.259994 92.771583 211.777420
138.857476 163.001807 135.111450 231.270302 128.334770 132.463350 193.113317 169.321378 151.395138 140.265728 92.936920 211.558676
138.929889 163.031594 135.110543 231.026804 128.334770 132.463350 193.117991 169.299676 151.262146 140.271088 93.101715 211.340649
138.971691 163.048788 135.109585 230.769506 128.334770 132.463350 193.121802 169.281981 151.131552 140.276351 93.264219 211.125654
138.990094 163.056359 135.108580 230.499508 128.334770 132.463350 193.125086 169.266731 150.927224 140.292978 93.428109 210.908825
138.995368 163.058520 135.104342 230.225165 128.334770 132.463350 193.128750 169.249721 150.793328 140.307672 93.592421 210.691436
139.001596 163.060381 135.095962 229.953594 128.334770 132.463350 193.132750 169.231147 150.668477 140.321374 93.760110 210.471342
139.011944 163.063472 135.087434 229.677226 128.334770 132.463350 193.137887 169.207294 150.584780 140.330559 93.926615 210.255628
139.035132 163.070400 135.079036 229.405056 128.334770 132.463350 193.144056 169.178651 150.527524 140.336843 94.092081 210.041260
139.075087 163.082336 135.070508 229.128687 128.450003 132.342770 193.146877 169.165551 150.504860 140.339330 94.260479 209.823092
139.130947 163.099024 135.061946 228.851219 128.472366 132.316499 193.153467 169.134953 150.497106 140.340181 94.426312 209.608249
139.194388 163.139569 135.053455 228.576050 128.488247 132.297844 193.159468 169.107092 150.490645 140.340890 94.592633 209.392773
139.607344 163.234544 135.045047 228.303580 128.498748 132.285508 193.165595 169.078644 150.488657 140.341108 94.761215 209.174367
139.719647 163.253054 135.036673 228.032209 128.520269 132.260227 193.168500 169.065153 150.487663 140.341217 94.928942 208.957070
139.838403 163.296635 135.028269 227.759839 128.555921 132.218347 193.172585 169.046188 150.487663 140.341217 95.097463 208.738744
139.960444 163.341422 135.019787 227.484969 128.602008 132.164207 193.175996 169.030351 150.487663 140.341217 95.265923 208.520497
140.088119 163.388276 135.011450 227.214798 128.660205 132.104108 193.179954 169.011973 150.487663 140.341217 95.435880 208.301135
140.214385 163.434613 135.002947 226.939229 128.728097 132.036093 193.185386 168.986751 150.487663 140.341217 95.606163 208.085581
140.337083 163.479641 134.994573 226.667858 128.811459 131.952578 193.188291 168.973260 150.487663 140.341217 95.776756 207.869634
140.461097 163.525151 134.986039 226.391290 128.903724 131.860146 193.192250 168.954882 150.487663 140.341217 95.946419 207.654864
140.543661 163.577173 134.977604 226.117920 128.977408 131.786328 193.195661 168.939045 150.487663 140.341217 96.141030 207.461729
140.603705 163.621948 134.969128 225.843251 129.032371 131.731265 193.198082 168.927803 150.487663 140.341217 96.310567 207.247113
140.640902 163.649685 134.960708 225.570381 129.083583 131.637299 193.201598 168.911477 150.487663 140.341217 96.478988 207.033911
140.662065 163.665467 134.919188 225.294712 129.105238 131.604026 193.204082 168.899942 150.487663 140.341217 96.646479 206.821885
140.666474 163.668754 134.910765 225.021742 129.119530 131.582067 193.207325 168.884887 150.487663 140.341217 96.817379 206.605544
140.668078 163.669950 134.902307 224.747673 129.131040 131.564383 193.210167 168.871689 150.487663 140.341217 96.986797 206.390333
140.668478 163.670249 134.893865 224.474103 129.152229 131.532267 193.212251 168.862011 150.487663 140.341217 97.153386 206.168150
140.668478 163.670249 134.885414 224.200233 129.306003 131.418464 193.214062 168.853604 150.487663 140.341217 97.319016 205.947247
140.668478 163.670249 134.877163 223.932861 129.359694 131.359157 193.216062 168.844317 150.487663 140.341217 97.482606 205.729065
140.668478 163.670249 134.868896 223.664988 129.424996 131.287026 193.219284 168.829360 150.487663 140.341217 97.647756 205.508802
140.668478 163.670249 134.860423 223.390419 129.500701 131.203404 193.222294 168.815380 150.487663 140.341217 97.813093 205.291202
140.668478 163.670249 134.852064 223.119548 129.586808 131.108291 193.223958 168.807658 150.487663 140.341217 97.983676 205.073212
140.668478 163.670249 134.843533 222.843079 129.677144 131.008508 193.227179 168.792701 150.487663 140.341217 98.151323 204.857250
140.668478 163.670249 134.835198 222.573008 129.766338 130.909986 193.231516 168.772562 150.487663 140.341217 98.318296 204.638115
140.668478 163.670249 134.826701 222.297639 129.854862 130.812204 193.234569 168.758387 150.487663 140.341217 98.484299 204.420252
140.668478 163.670249 134.818184 222.021670 130.023945 130.631854 193.238970 168.737956 150.487663 140.341217 98.650484 204.202151
140.668478 163.670249 134.809628 221.744402 130.113142 130.538799 193.245075 168.709606 150.487663 140.341217 98.818305 203.981902
140.668478 163.670249 134.801084 221.467534 130.249357 130.394609 193.250718 168.683407 150.487663 140.341217 98.986006 203.761812
140.668478 163.670249 134.792682 221.195264 130.341357 130.297044 193.256971 168.654372 150.487663 140.341217 99.151827 203.544188
140.668478 163.670249 134.784360 220.925592 130.431622 130.204208 193.263119 168.625827 150.487663 140.341217 99.317830 203.326326
140.668478 163.670249 134.775940 220.652722 130.524030 130.112062 193.269288 168.597184 150.487663 140.341217 99.482500 203.110213
140.680022 163.678857 134.767661 220.384450 130.620830 130.015539 193.275394 168.568834 150.487663 140.341217 99.650079 202.890282
140.705636 163.700813 134.759354 220.115278 130.693249 129.902338 193.279752 168.548598 150.487663 140.341217 99.818385 202.669397
140.967940 163.879049 134.750789 219.837710 130.957103 129.721859 193.287016 168.514871 150.487663 140.341217 99.984389 202.451534
141.032281 163.897735 134.742535 219.570237 131.037209 129.608386 193.293564 168.484468 150.487663 140.341217 100.152271 202.231206
141.103726 163.928484 134.734012 219.294069 131.115470 129.504051 193.296869 168.469120 150.487663 140.341217 100.318819 202.012627
141.177337 163.982831 134.725499 219.018200 131.224120 129.425793 193.301312 168.448493 150.487663 140.341217 100.483913 201.795958
141.261407 164.044900 134.717100 218.746030 131.333500 129.347009 193.303923 168.436371 150.487663 140.341217 100.651735 201.575709
141.357142 164.115582 134.708701 218.473859 131.439473 129.270680 193.309481 168.410563 150.487663 140.341217 100.818344 201.357051
141.461530 164.194717 134.700225 218.199190 131.545040 129.194643 193.312807 168.395117 150.487663 140.341217 100.983620 201.140143
141.566478 164.275601 134.691971 217.931717 131.655475 129.115099 193.315081 168.384559 150.487663 140.341217 101.148169 200.924189
141.668495 164.354226 134.683532 217.658248 131.764450 129.036607 193.317650 168.372633 150.487663 140.341217 101.325660 200.693445
141.769220 164.434906 134.675161 217.386977 131.952582 128.986610 193.320466 168.359429 150.487663 140.341217 101.465426 200.452770
141.872876 164.524639 134.666824 217.116805 132.081471 128.957208 193.324307 168.341230 150.487663 140.341217 101.625400 200.240126
141.970029 164.608743 134.658341 216.841936 132.376857 128.807321 193.327198 168.327532 150.487663 140.341217 101.789523 200.021968
