104.275605 151.184052 98.560259 233.659403 122.335173 159.875764 77.993076 202.967942 204.265739 146.869056 188.625000 261.934600
104.469775 151.136954 98.786367 233.575423 122.337921 159.871000 78.080557 202.821945 204.251607 146.857907 188.605508 261.925293
104.629592 151.103788 98.969404 233.496875 122.342317 159.863376 78.175142 202.659208 204.219418 146.832513 188.590708 261.918227
104.796199 151.026913 99.121495 233.430860 122.344865 159.858958 78.264930 202.481840 204.170664 146.794050 188.554431 261.900906
104.890033 150.953080 99.232582 233.382643 122.349560 159.850815 78.358937 202.295641 204.116885 146.751623 188.500106 261.874967
104.964378 150.894581 99.316884 233.346052 122.353507 159.843972 78.430594 202.087426 204.084460 146.726043 188.430079 261.841532
105.022690 150.848698 99.362291 233.326344 122.358852 159.834702 78.519182 201.885592 204.070673 146.594711 188.346064 261.801418
105.068114 150.812956 99.388893 233.314797 122.365496 159.823181 78.613335 201.693417 204.117463 146.530067 188.242467 261.751954
105.110867 150.779316 99.467494 233.278709 122.368194 159.818503 78.709775 201.496572 204.174572 146.451167 188.123258 261.695036
105.151025 150.747718 99.526653 233.250362 122.371991 159.811919 78.804705 201.302662 204.244756 146.354201 187.985279 261.629155
105.182696 150.722797 99.605652 233.212508 122.375588 159.805682 78.897549 201.102029 204.325553 146.242574 187.836291 261.558019
105.277584 150.749668 99.696915 233.168777 122.380233 159.797626 78.994732 200.904485 204.416728 146.116608 187.677737 261.482315
105.273953 150.823779 99.801616 233.118607 122.382831 159.793121 79.091251 200.709685 204.514412 145.981651 187.507722 261.401138
105.269471 150.915269 99.923361 233.060271 122.385729 159.788097 79.188214 200.513990 204.597921 145.820635 187.326788 261.314749
105.269896 151.126320 100.055457 232.994649 122.387627 159.784805 79.285931 200.316771 204.630198 145.630150 187.130580 261.220898
105.276689 151.249032 100.197822 232.923620 122.389275 159.781946 79.384581 200.117670 204.352451 145.505116 186.924599 261.118116
105.284404 151.388419 100.354504 232.845449 122.393072 159.775362 79.483187 199.918660 204.131951 145.470509 186.709313 261.010691
105.292772 151.539587 100.521351 232.763017 122.394521 159.772850 79.580194 199.722874 203.912267 145.422429 186.483200 260.897863
105.303848 151.703814 100.698368 232.675882 122.395770 159.770684 79.694346 199.541215 203.694031 145.346096 186.242949 260.777980
105.316159 151.885898 100.882503 232.567379 122.397119 159.768345 79.821987 199.369573 203.469094 145.267418 185.997866 260.655687
105.329442 152.082350 101.078082 232.446346 122.399466 159.764274 79.951554 199.192401 203.242321 145.179250 185.753448 260.530332
105.343562 152.291173 101.282674 232.319734 122.404212 159.756044 80.072379 199.015852 203.007522 145.082108 185.509370 260.402990
105.358187 152.507479 101.495770 232.187861 122.409508 159.746862 80.146620 198.806421 202.752705 145.016580 185.268926 260.277545
105.361085 152.721913 101.729079 232.015072 122.418799 159.730749 80.220593 198.597745 202.499213 144.925969 185.027951 260.151823
105.358527 152.939998 101.948417 231.850522 122.431388 159.708919 80.291960 198.396420 202.102744 144.784297 184.782366 260.023695
105.355986 153.156683 102.156608 231.678358 122.446375 159.682930 80.363294 198.195190 201.852548 144.694862 184.536691 259.895521
105.347790 153.372257 102.340193 231.474284 122.462461 159.655036 80.437435 197.986042 201.502598 144.584109 184.290663 259.767161
105.318213 153.588845 102.504785 231.291323 122.482593 159.620125 80.505758 197.783390 201.239371 144.508031 184.049687 259.641439
105.286825 153.808312 102.646675 231.141074 122.503425 159.584001 80.571392 197.571628 200.908507 144.420197 183.806496 259.514560
105.256399 154.021047 102.762777 231.022291 122.525506 159.545712 80.635842 197.363687 200.689124 144.366326 183.561797 259.386895
105.225505 154.236745 102.850220 230.932828 122.554880 159.494774 80.699315 197.158898 200.482270 144.315533 183.317098 259.259229
105.193391 154.456233 102.918092 230.863388 122.594844 159.425472 80.764772 196.947710 200.292215 144.268864 183.074349 259.132582
105.171547 154.737854 102.960188 230.822226 122.640804 159.345774 80.829252 196.739673 200.020070 144.202713 182.828748 259.006224
105.153210 154.959196 102.987099 230.797715 122.697404 159.247625 80.892488 196.535648 199.824877 144.160052 182.582376 258.879835
105.135270 155.175754 103.154274 230.635347 122.747390 159.146440 80.956819 196.328089 199.617669 144.114764 182.340541 258.755774
105.117098 155.395102 103.201492 230.580727 122.782711 159.070558 81.016302 196.115397 199.423160 144.072253 182.093457 258.629020
105.129998 155.608932 103.262311 230.510371 122.813982 159.003379 81.066116 195.899494 199.246574 144.035513 181.853224 258.505781
105.168076 155.819409 103.335557 230.425642 122.834576 158.959137 81.106595 195.688950 199.112510 144.012651 181.606228 258.379072
105.215473 156.014322 103.418677 230.329489 122.847869 158.930579 81.092926 195.468036 198.888164 143.971202 181.362703 258.254144
105.257572 156.178718 103.512916 230.220475 122.856942 158.911088 81.024045 195.266100 198.756620 143.944131 181.118288 258.128759
105.296321 156.330035 103.616309 230.100870 122.864496 158.894860 80.927013 195.068494 198.623412 143.916717 180.876542 258.004743
105.386171 156.499102 103.727224 229.972565 122.864496 158.894860 80.818989 194.879256 198.490791 143.887523 180.630347 257.878446
105.538501 156.518812 103.845136 229.836166 122.873062 158.876456 80.900860 194.643215 198.258829 143.833904 180.383975 257.752057
105.699658 156.539664 103.959385 229.675823 122.876227 158.869656 81.075147 194.519928 198.130446 143.801130 180.143059 257.626878
105.869145 156.561594 104.083630 229.500725 122.881123 158.859140 81.261260 194.410303 197.909200 143.747100 179.900452 257.499312
106.042996 156.584089 104.207083 229.326782 122.884245 158.852431 81.448460 194.300160 197.688208 143.695326 179.655898 257.370723
106.231425 156.608470 104.321637 229.165407 122.887917 158.844544 81.642843 194.193133 197.560696 143.666635 179.411635 257.242226
106.436813 156.635046 104.479160 229.000401 122.895471 158.828316 81.831244 194.098407 197.427136 143.636582 179.166414 257.111903
106.652514 156.662956 104.595363 228.836641 122.903911 158.810184 81.998071 194.026157 197.300892 143.608176 178.922959 256.982520
106.869406 156.691020 104.724614 228.661868 122.905641 158.806467 82.177885 193.954486 197.076818 143.556372 178.679858 256.853323
107.082728 156.718622 104.863167 228.479287 122.905641 158.806467 82.349708 193.901524 196.945267 143.525609 178.437372 256.723615
107.281468 156.638844 105.012237 228.282845 122.905641 158.806467 82.481430 193.781735 196.813716 143.494846 178.193282 256.591186
107.475916 156.548288 105.167474 228.078278 122.905641 158.806467 82.534343 193.702006 196.681140 143.464078 177.955696 256.462287
107.670907 156.457479 105.328151 227.866541 122.905641 158.806467 82.556684 193.637781 196.555838 143.435589 177.716880 256.332720
107.833264 156.381867 105.495780 227.645643 122.905641 158.806467 82.568216 193.604629 196.340351 143.354099 177.478278 256.197466
108.031510 156.280316 105.663651 227.424427 122.905641 158.806467 82.573567 193.480605 196.219574 143.328308 177.240192 256.058847
108.138984 156.201968 105.845505 227.186544 122.915305 158.785706 82.543318 193.415047 196.104469 143.303728 177.004871 255.921837
108.227306 156.137582 106.014645 226.970091 122.934422 158.744637 82.507037 193.336414 195.987181 143.277435 176.767608 255.784198
108.297173 156.086583 106.181384 226.756711 122.944001 158.724057 82.463131 193.241255 195.863579 143.249586 176.529738 255.650844
108.351179 156.046258 106.350093 226.540810 122.948306 158.714810 82.410133 193.126392 195.753271 143.229123 176.293787 255.518565
108.384191 156.021608 106.517468 226.319919 122.952905 158.704928 82.351292 192.991513 195.666184 143.213370 176.054348 255.384331
108.405665 156.005573 106.674483 226.100022 122.957336 158.695409 82.310050 192.831750 195.599172 143.201249 175.809159 255.255393
108.417524 155.996719 106.831904 225.879557 122.960375 158.688881 82.264259 192.654365 195.424831 143.168659 175.565631 255.133567
108.442284 155.978231 106.989559 225.658765 122.961303 158.686887 82.214018 192.459745 195.372412 143.164287 175.322785 255.010217
108.471290 155.956573 107.148666 225.435939 122.961557 158.686343 82.159779 192.249633 195.346702 143.162143 175.079611 254.878406
108.514238 155.924504 107.300727 225.204094 122.961683 158.686071 82.103139 192.030226 195.171936 143.014401 174.836085 254.746405
108.551898 155.896384 107.448001 224.976247 122.965819 158.677186 82.053375 191.795905 195.133770 142.961786 174.592455 254.625785
108.603019 155.858213 107.599712 224.744860 122.968266 158.671928 81.999335 191.545281 195.084858 142.894358 174.320050 254.498070
108.634189 155.834939 107.751407 224.520295 122.971305 158.665401 81.940101 191.285242 195.010177 142.821465 174.074317 254.385474
108.763387 155.840301 107.903550 224.295067 122.977044 158.653071 81.879156 191.017696 194.921079 142.740932 173.823858 254.270713
108.810082 155.899247 108.057764 224.066772 122.979871 158.646997 81.817990 190.749174 194.821150 142.650609 173.576580 254.157409
108.860813 155.963289 108.211642 223.838975 123.024923 158.628571 81.757401 190.483188 194.723891 142.562700 173.325302 254.042273
108.908874 156.023959 108.366136 223.610267 123.059016 158.557909 81.695834 190.212911 194.625223 142.473517 173.074024 253.927136
108.956416 156.085641 108.517659 223.385224 123.081031 158.514581 81.635312 189.947217 194.522846 142.380982 172.826292 253.813624
108.998662 156.145665 108.672538 223.155086 123.096930 158.483288 81.574279 189.679281 194.422768 142.290525 172.575196 253.698571
109.043838 156.209863 108.827362 222.925032 123.096930 158.483288 81.512779 189.409297 194.293419 142.218105 172.323918 253.583435
109.089588 156.274880 108.967422 222.686232 123.104178 158.469024 81.451857 189.141848 194.195865 142.129925 172.076913 253.470256
109.136373 156.341369 109.104395 222.428677 123.111380 158.454849 81.392231 188.874415 194.097125 142.040673 171.821938 253.374181
109.179681 156.402969 109.205219 222.173967 123.129500 158.419188 81.333431 188.608949 193.994749 141.948135 171.560949 253.282873
109.221910 156.463370 109.296947 221.917621 123.156452 158.366143 81.273572 188.338699 193.895267 141.858212 171.301849 253.192226
109.263165 156.522379 109.383736 221.661950 123.177153 158.325400 81.214016 188.069816 193.798965 141.769709 171.046901 253.103031
109.304879 156.582043 109.472678 221.399934 123.204925 158.273050 81.154374 187.800542 193.705224 141.681525 170.789971 253.013143
109.348254 156.644084 109.548207 221.133002 123.246653 158.206913 81.097131 187.542105 193.608132 141.590190 170.534268 252.923685
109.394581 156.709918 109.620413 220.865268 123.268183 158.111247 81.047761 187.319207 193.508346 141.496320 170.272619 252.832146
109.441038 156.775782 109.692333 220.598596 123.330228 158.012879 81.007651 187.139633 193.422326 141.415399 170.016255 252.742456
109.488879 156.843607 109.764305 220.331731 123.379043 157.935488 81.005549 186.979659 193.351455 141.348731 169.757815 252.652040
109.536719 156.911433 109.835136 220.070670 123.419802 157.870869 80.968697 186.815546 193.304621 141.304673 169.489748 252.587347
109.579488 156.972067 109.907766 219.806990 123.454692 157.815553 80.902645 186.488466 193.279201 141.280760 169.225742 252.528427
109.621943 157.030907 109.980609 219.542539 123.483981 157.769119 80.874263 186.340266 193.269077 141.271236 168.960859 252.469311
109.676412 157.087063 110.052416 219.281847 123.523406 157.706614 80.815023 186.036163 193.267475 141.269729 168.690803 252.409041
109.737212 157.132350 110.125656 219.015950 123.574034 157.626347 80.786106 185.894280 193.267402 141.269660 168.426993 252.350164
109.812283 157.165888 110.198313 218.752174 123.634853 157.529925 80.756211 185.747595 193.267402 141.269660 168.163085 252.291266
109.881735 157.192286 110.271793 218.485409 123.705487 157.417940 80.722401 185.581706 193.267402 141.269660 167.895859 252.231628
109.953016 157.213892 110.344688 218.220764 123.774148 157.309085 80.658271 185.266863 193.267402 141.269660 167.624256 252.187048
110.029675 157.227169 110.418855 217.960955 123.845582 157.195832 80.621149 185.084605 193.267402 141.269660 167.348760 252.179477
110.109093 157.240924 110.496502 217.698396 123.935692 157.055199 80.581732 184.891078 193.267402 141.269660 167.077963 252.172035
110.171267 157.251692 110.574461 217.434782 124.007521 156.944573 80.539321 184.682853 193.267402 141.269660 166.802666 252.164470
110.233442 157.262460 110.653214 217.168482 124.082236 156.829501 80.493757 184.459146 193.267402 141.269660 166.528170 252.156926
110.284580 157.271317 110.723377 216.923657 124.158069 156.721016 80.446656 184.227894 193.267402 141.269660 166.254074 252.149394
110.328526 157.278928 110.793367 216.661851 124.235972 156.613466 80.397659 183.987333 193.267402 141.269660 165.981077 252.141891
110.377497 157.287410 110.815701 216.394640 124.312233 156.508184 80.354908 183.777443 193.267402 141.269660 165.709579 252.134430
110.426074 157.295823 110.847760 216.162140 124.389843 156.401040 80.278697 183.568391 193.267402 141.269660 165.480166 252.128126
110.483223 157.305721 110.880159 215.920959 124.503506 156.271307 80.238061 183.368887 193.267402 141.269660 165.273235 252.125811
110.538894 157.315363 110.882425 215.666670 124.574974 156.153622 80.199661 183.180358 193.267402 141.269660 165.057280 252.133723
110.679873 157.287213 110.884638 215.418279 124.646486 156.040536 80.164494 183.007703 193.267402 141.269660 164.838826 252.141726
110.732999 157.229830 110.866430 215.163281 124.717892 155.927619 80.127232 182.824760 193.267402 141.269660 164.625370 252.149547
110.784223 157.174502 110.828033 214.916247 124.753703 155.801736 80.088932 182.636720 193.267402 141.269660 164.404018 252.157656
110.836399 157.118146 110.788546 214.662198 124.777067 155.665798 80.047618 182.433885 193.267402 141.269660 164.185424 252.164457
110.892150 157.060256 110.750951 214.396356 124.779611 155.528640 80.005625 182.227718 193.267402 141.269660 163.969223 252.170983
110.943166 157.011019 110.716416 214.138559 124.769070 155.393653 79.961158 182.009401 193.267402 141.269660 163.750023 252.179588
110.998745 156.957298 110.676658 213.877382 124.733024 155.265632 79.914355 181.779619 193.267402 141.269660 163.522555 252.193613
111.050494 156.900828 110.635416 213.616826 124.693018 155.140134 79.865417 181.539352 193.267402 141.269660 163.285904 252.208204
111.113560 156.831665 110.600931 213.347728 124.652572 155.018002 79.817836 181.305749 193.267402 141.269660 163.039372 252.223404
111.191720 156.745950 110.567461 213.080518 124.632333 154.886336 79.767960 181.060876 193.267402 141.269660 162.782862 252.267003
111.279312 156.649890 110.538265 212.835048 124.628990 154.751177 79.718244 180.816788 193.267402 141.269660 162.516806 252.316386
111.372430 156.547770 110.523178 212.623892 124.642862 154.614709 79.669006 180.575052 193.267402 141.269660 162.249079 252.366079
111.445671 156.467449 110.507626 212.402838 124.659692 154.483686 79.624285 180.354338 193.267402 141.269660 161.976829 252.416612
111.507390 156.399764 110.546595 212.156298 124.678483 154.355583 79.587373 180.162558 193.267402 141.269660 161.705267 252.467017
111.570119 156.330970 110.612490 211.947452 124.700538 154.225743 79.300121 179.353244 193.267402 141.269660 161.432624 252.517623
111.777582 156.148890 110.721685 211.762935 124.722810 154.094621 79.246030 179.220220 193.267402 141.269660 161.165487 252.567206
111.829906 156.087977 110.914815 211.588310 124.744413 153.967443 79.201525 179.095594 193.267402 141.269660 160.870793 252.624032
111.878254 156.031692 111.140520 211.537745 124.758091 153.838787 79.168433 178.995735 193.267402 141.269660 160.607525 252.684846
111.931620 155.969566 111.375650 211.487266 124.771238 153.709052 79.140720 178.912107 193.267402 141.269660 160.341335 252.746335
111.980621 155.912522 111.629591 211.455214 124.784769 153.575536 79.115021 178.834554 193.267402 141.269660 160.073488 252.808207
112.034443 155.849865 111.894077 211.445873 124.798642 153.438637 79.097437 178.781492 193.267402 141.269660 159.808471 252.870750
112.080968 155.795703 112.167790 211.445128 124.762892 153.256008 79.081834 178.734410 193.267402 141.269660 159.545238 252.933895
112.130945 155.737522 112.444259 211.429674 124.758771 153.125573 79.075103 178.714096 193.267402 141.269660 159.281909 252.997063
112.178708 155.681919 112.718504 211.424779 124.898181 152.866645 79.070353 178.699763 193.267402 141.269660 159.014259 253.065604
112.217283 155.637012 112.990811 211.425952 124.995988 152.780553 79.066138 178.687043 193.267402 141.269660 158.746857 253.135949
112.248885 155.600222 113.264620 211.436190 125.100346 152.705929 79.063024 178.677645 193.267402 141.269660 158.480326 253.206064
112.276969 155.567528 113.573020 211.475841 125.211627 152.641074 79.062520 178.676126 193.267402 141.269660 158.216695 253.275417
112.305835 155.533924 113.842519 211.438311 125.364515 152.555992 79.062174 178.675082 193.267402 141.269660 157.950164 253.345533
112.399958 155.433417 114.136700 211.390008 125.482495 152.492666 79.062143 178.674987 193.267402 141.269660 157.682568 253.415928
112.454637 155.382376 114.400049 211.328661 125.597214 152.431091 79.062143 178.674987 193.267402 141.269660 157.419711 253.485077
112.512898 155.327991 114.664372 211.267087 125.709947 152.360384 79.062143 178.674987 193.267402 141.269660 157.150720 253.539746
112.569039 155.275584 114.929377 211.205355 125.822097 152.281872 79.062143 178.674987 193.267402 141.269660 156.883078 253.579645
112.629420 155.219220 115.198667 211.142624 125.935229 152.202673 79.062143 178.674987 193.267402 141.269660 156.613556 253.619824
112.689216 155.163402 115.465230 211.080528 126.047707 152.123932 79.062143 178.674987 193.267402 141.269660 156.343738 253.660047
112.746746 155.109699 115.729845 211.018887 126.154204 152.049378 79.062143 178.674987 193.267402 141.269660 156.069370 253.700949
112.800256 155.059749 116.000401 210.955861 126.258932 151.966797 79.062143 178.674987 193.256768 141.259657 155.794723 253.738769
112.849525 155.013757 116.265718 210.890375 126.389651 151.923725 79.062143 178.674987 193.229599 141.234099 155.522966 253.747592
112.882493 154.982982 116.528341 210.824328 126.530973 151.822930 79.062143 178.674987 193.060444 141.060881 155.247411 253.756538
112.975426 154.909323 116.791060 210.758257 126.678683 151.694410 79.061640 178.673469 193.002018 141.020716 154.970857 253.765516
113.035255 154.868552 117.059016 210.690869 126.786522 151.618460 79.060161 178.669007 192.925052 140.967804 154.699900 253.774313
113.104091 154.821643 117.324160 210.624188 126.897795 151.540093 79.056512 178.657996 192.836548 140.906961 154.422646 253.783314
113.166812 154.778901 117.588916 210.557605 127.003346 151.465756 79.050190 178.638916 192.735380 140.838448 154.153448 253.766794
113.231599 154.734751 117.854642 210.490778 127.109958 151.390670 79.042042 178.614331 192.617729 140.764990 153.881128 253.739345
113.298369 154.689249 118.119397 210.424194 127.217961 151.314605 79.028076 178.572185 192.502539 140.693069 153.606321 253.711645
113.359189 154.647802 118.384735 210.357465 127.329153 151.236295 79.010492 178.519123 192.389977 140.622789 153.339964 253.668989
113.421167 154.605567 118.647066 210.291491 127.440099 151.158158 78.987026 178.448310 192.280813 140.551704 153.066935 253.619936
113.456122 154.581746 118.911015 210.227494 127.552026 151.079329 78.958180 178.361264 192.178874 140.468792 152.795383 253.571148
113.608785 154.472262 119.178382 210.163578 127.665343 150.999522 78.922910 178.253258 192.079107 140.387647 152.531872 253.500071
113.676083 154.424025 119.425226 210.104569 127.775226 150.922133 78.849975 177.812019 191.975076 140.301177 152.272889 253.418918
113.739399 154.378642 119.631708 210.055209 127.883392 150.845954 78.818880 177.680341 191.873654 140.210478 152.010661 253.336749
113.801738 154.333958 119.810082 210.012568 127.995974 150.766665 78.779976 177.529595 191.795313 140.103990 151.749961 253.255057
113.864160 154.289216 119.951012 209.978878 128.103159 150.691176 78.735977 177.365491 191.701094 139.905470 151.487733 253.172888
113.928450 154.243135 120.065389 209.951536 128.301417 150.549923 78.690580 177.196172 191.663689 139.773926 151.225983 253.090868
113.991440 154.197985 120.148546 209.931657 128.411229 150.471054 78.641661 177.013716 191.639578 139.637236 151.357671 253.202468
114.046059 154.158836 120.209333 209.917125 128.517305 150.394868 78.587951 176.813391 191.616023 139.503698 151.115528 253.073810
114.070930 154.141009 120.251057 209.907151 128.701437 150.267183 78.531030 176.601089 191.622667 139.366320 150.876919 252.947029
114.188136 154.057903 120.270315 209.902547 128.815308 150.189758 78.449265 176.379882 191.629448 139.236797 150.638486 252.820342
114.240155 154.021394 120.284126 209.899246 128.925424 150.115172 78.359160 176.147006 191.643737 139.099965 150.399346 252.693279
114.279691 153.993649 120.292684 209.897200 129.036913 150.041193 78.264869 175.903311 191.665158 138.972858 150.158175 252.565137
114.330359 153.958092 120.294338 209.896804 129.145068 149.969427 78.165382 175.646187 191.687809 138.838453 149.919301 252.438216
114.438217 153.881620 120.298715 209.895758 129.256473 149.895504 78.019636 175.341828 191.720164 138.703937 149.679631 252.310872
114.494404 153.841570 120.305912 209.894037 129.363795 149.824290 77.898337 175.094802 191.752111 138.576686 149.435635 252.181228
114.558002 153.796238 120.323321 209.889876 129.480973 149.704714 77.776245 174.846161 191.785324 138.444391 149.204475 252.034169
114.604988 153.762747 120.356292 209.881994 129.602413 149.617877 77.655925 174.600551 191.782596 138.319861 148.983825 251.875647
114.642934 153.735699 120.408423 209.869532 129.742488 149.523069 77.539600 174.352579 191.814023 138.194644 148.761897 251.714777
114.689838 153.702266 120.468627 209.855140 129.885649 149.409078 77.422214 174.102345 191.846151 138.062933 148.542561 251.555786
114.735603 153.669646 120.549839 209.835726 130.037181 149.288422 77.305549 173.853649 191.870999 137.926375 148.320148 251.394564
114.774608 153.641843 120.648849 209.812057 130.182063 149.173061 77.210116 173.598236 191.894826 137.795425 148.096763 251.232637
114.926627 153.539405 120.766047 209.784040 130.299564 149.079501 77.116148 173.343942 191.919496 137.659851 147.873540 251.070829
114.989626 153.495132 120.793571 209.777460 130.338480 148.893188 77.035353 173.083525 191.943037 137.530476 147.654123 250.911778
115.052298 153.451089 120.818364 209.703854 130.253845 148.792153 76.965617 172.821538 191.963335 137.397434 147.435353 250.753197
115.119600 153.404069 120.802104 209.642678 130.170751 148.692957 76.912611 172.553937 191.974956 137.268456 147.212778 250.591858
115.182096 153.360472 120.779885 209.559081 130.086437 148.592305 76.865038 172.283103 191.986899 137.135893 146.996688 250.425622
115.233520 153.324599 120.752734 209.456927 130.003150 148.492880 76.829050 172.015613 191.998798 137.003828 146.784843 250.247776
115.294130 153.282318 120.719906 209.333415 129.921933 148.383871 76.809420 171.742031 192.010454 136.874452 146.576522 250.072887
115.335793 153.253253 120.695170 209.240346 129.842446 148.273518 76.800422 171.465268 192.022192 136.744180 146.364983 249.895298
115.382378 153.220756 120.675622 209.166800 129.770985 148.165211 76.804436 171.188697 192.023353 136.615526 146.156738 249.720473
115.424698 153.191233 120.663164 209.119927 129.698526 148.051542 76.823083 170.916695 192.020872 136.478649 145.949106 249.546163
115.537834 153.109146 120.624685 208.978144 129.630972 147.940370 76.851591 170.642674 192.018538 136.349870 145.741550 249.371917
115.595327 153.065637 120.610666 208.927758 129.564447 147.828565 76.889135 170.373197 192.016197 136.220691 145.532999 249.196835
115.654653 153.020740 120.560659 208.769460 129.515512 147.746322 76.945290 170.104502 192.013765 136.086513 145.320235 249.018217
115.715733 152.974515 120.529967 208.683686 129.488104 147.700259 77.009535 169.834441 192.011427 135.957534 145.109539 248.841335
115.777372 152.927868 120.493008 208.580399 129.475525 147.679119 77.086509 169.573247 192.009026 135.825056 144.898078 248.663810
115.842048 152.880789 120.448873 208.457058 129.392409 147.608820 77.163982 169.312518 191.996587 135.696775 144.687535 248.487057
115.909088 152.832536 120.405546 208.335976 129.331055 147.613059 77.245069 169.052362 191.977638 135.561798 144.475384 248.308953
115.976372 152.784108 120.358851 208.205479 129.246058 147.618931 77.327702 168.787241 191.958870 135.428109 144.264152 248.131621
116.043250 152.735971 120.312088 208.074794 129.085934 147.555879 77.409205 168.525748 191.939797 135.292242 144.056290 247.957118
116.103472 152.692625 120.265729 207.945238 129.061727 147.430907 77.491094 168.263014 191.921474 135.161721 143.845558 247.776570
116.220755 152.611705 120.219337 207.815588 129.033164 147.298963 77.572359 168.002285 191.903123 135.031003 143.636306 247.596905
116.288115 152.566182 120.174898 207.691400 129.004200 147.165162 77.685016 167.751682 191.874974 134.896831 143.426903 247.417110
116.354482 152.521332 120.130460 207.567211 128.976527 147.037323 77.762742 167.502314 191.842667 134.771116 143.216287 247.236272
116.420682 152.476594 120.086392 207.444058 128.947943 146.905282 77.832880 167.277292 191.810608 134.646370 143.005745 247.055499
116.480502 152.436167 120.041011 207.317233 128.919847 146.775488 77.893387 167.065788 191.768243 134.516850 142.798619 246.877658
116.545046 152.392548 119.964706 207.105246 128.901122 146.688991 77.948700 166.869015 191.694700 134.402094 142.592175 246.700403
116.606358 152.351113 119.919491 206.980062 128.887751 146.627222 77.999954 166.686682 191.667987 134.299143 142.386565 246.523865
116.672641 152.306319 119.875770 206.859015 128.880854 146.595360 78.048448 166.514168 191.599400 134.205645 142.180501 246.346936
116.732213 152.266060 119.831437 206.736276 128.878336 146.583729 78.092239 166.348365 191.144364 133.739231 141.990520 246.183817
116.792448 152.225353 119.792145 206.623024 128.876051 146.573174 78.138908 166.165837 191.110256 133.703911 141.828773 246.001390
116.856158 152.181940 119.762750 206.528175 128.875607 146.571121 78.186593 165.979337 191.103700 133.694400 141.664515 245.860353
116.906464 152.145358 119.743746 206.466852 128.875607 146.571121 78.236879 165.782664 191.103700 133.694400 141.495932 245.715603
116.949409 152.114129 119.724326 206.404192 128.875607 146.571121 78.288973 165.578918 191.103700 133.694400 141.321280 245.565641
117.001736 152.076077 119.707631 206.350320 128.875607 146.571121 78.340662 165.361787 191.103700 133.694400 141.140998 245.415369
117.042013 152.046788 119.699046 206.322620 128.875607 146.571121 78.394700 165.134112 191.103700 133.694400 140.956507 245.261865
117.151807 151.969200 119.696648 206.314883 128.875607 146.571121 78.452133 164.892135 191.103700 133.694400 140.766559 245.103821
117.216800 151.925175 119.695819 206.312208 128.875607 146.571121 78.512037 164.639746 191.103700 133.694400 140.572767 244.942579
117.280468 151.882048 119.680198 206.176601 128.875607 146.571121 78.573696 164.379963 191.103700 133.694400 140.388401 244.746264
117.345627 151.837911 119.680532 206.132502 128.875607 146.571121 78.626571 164.114912 191.103700 133.694400 140.178776 244.571843
117.411945 151.792990 119.680999 206.070704 128.875607 146.571121 78.678723 163.845820 191.103700 133.694400 139.968767 244.397101
117.458640 151.761359 119.681614 205.989406 128.875607 146.571121 78.730438 163.578985 191.103700 133.694400 139.760834 244.224087
117.522391 151.718176 119.682370 205.889409 128.875607 146.571121 78.781830 163.313819 191.103700 133.694400 139.549595 244.048323
117.567762 151.687443 119.683015 205.804211 128.874337 146.565257 78.832892 163.050729 191.103700 133.694400 139.336896 243.871343
117.701702 151.595695 119.683472 205.743713 128.870783 146.548838 78.884128 162.788589 191.103700 133.694400 139.129116 243.698456
117.768771 151.549041 119.683951 205.680415 128.866404 146.528606 78.936343 162.521444 191.103700 133.694400 138.919254 243.523229
117.829520 151.506784 119.684306 205.633516 128.857941 146.489512 78.987848 162.257930 190.819064 133.410192 138.711743 243.347844
117.889036 151.465383 119.684502 205.607617 128.845035 146.429892 79.040082 161.990687 190.794212 133.396866 138.501023 243.169748
117.949292 151.423469 119.684590 205.598017 128.828913 146.355417 79.090532 161.732571 190.717503 133.342546 138.294581 242.995266
118.017593 151.375958 119.684595 205.597417 128.690220 146.291260 79.141979 161.469352 190.672360 133.296198 138.086077 242.819042
118.085811 151.328505 119.684598 205.597117 128.611807 146.281643 79.193637 161.205053 190.611587 133.233803 137.879024 242.644044
118.151977 151.282479 119.684600 205.596917 128.546695 146.273657 79.252636 160.938781 190.536093 133.156293 137.672582 242.469563
118.214532 151.238965 119.684600 205.596917 128.493990 146.267193 79.315679 160.679536 190.451527 133.069471 137.461786 242.291402
118.273638 151.197850 119.776358 205.524445 128.434337 146.259877 79.386671 160.416995 190.358240 132.973694 137.252213 242.114274
118.334633 151.155776 119.817191 205.522102 128.378356 146.253011 79.460580 160.152944 190.254766 132.867458 137.042029 241.936630
118.397007 151.113235 119.877492 205.518642 128.305204 146.244040 79.534354 159.889374 190.142361 132.752053 136.834526 241.759088
118.457068 151.072271 119.956562 205.514105 128.262623 146.238817 79.608156 159.625708 190.031072 132.637794 136.627581 241.577832
118.520268 151.029166 120.056498 205.508371 128.101736 146.232001 79.684767 159.364988 189.919226 132.522962 136.424095 241.399608
118.577024 150.990456 120.177199 205.501446 128.074604 146.233932 79.764820 159.121826 189.803402 132.404047 136.214108 241.220522
118.601147 150.974003 120.317868 205.493375 128.061637 146.234855 79.848719 158.866981 189.693876 132.289904 136.005026 241.045606
118.610400 150.967693 120.473112 205.484467 128.053158 146.235458 79.929460 158.621730 189.580834 132.168614 135.793720 240.868829
118.618909 150.961889 120.647234 205.461491 128.050964 146.235615 80.003728 158.396141 189.473315 132.053250 135.545939 240.704616
118.621305 150.960255 120.832752 205.435001 128.038097 146.236530 80.074743 158.180430 189.364501 131.936496 135.334295 240.528400
118.622379 150.959522 121.030673 205.396974 128.001988 146.239101 80.147166 157.960445 189.253982 131.817913 135.122037 240.351672
118.623205 150.958959 121.238411 205.349923 127.989021 146.240023 80.220339 157.738180 189.148638 131.693385 134.909856 240.175007
118.623287 150.958903 121.449978 205.302585 127.979844 146.240677 80.308007 157.513393 189.054993 131.564393 134.697213 239.997959
118.623287 150.958903 121.660453 205.257259 127.975854 146.240961 80.407579 157.308395 188.960525 131.434268 134.487414 239.823278
118.623287 150.958903 121.869852 205.212164 127.975555 146.240982 80.492689 157.133172 188.867350 131.305923 134.278307 239.649174
118.623287 150.958903 122.079151 205.167081 127.975355 146.240996 80.572468 156.968922 188.771119 131.173371 134.068508 239.474493
118.623287 150.958903 122.288353 205.122020 127.975355 146.240996 80.657098 156.794688 188.679723 131.040410 133.859246 239.300260
118.623287 150.958903 122.503714 205.075631 127.975355 146.240996 80.734780 156.634756 188.592147 130.905312 133.645835 239.122572
118.623287 150.958903 122.720511 205.030270 127.975355 146.240996 80.806215 156.487687 188.505550 130.771725 133.433193 238.945524
118.623287 150.958903 122.937368 204.987678 127.941771 146.153107 80.882761 156.330093 188.420205 130.640067 133.224547 238.771803
118.623287 150.958903 123.149515 204.946010 127.942828 146.107419 80.967609 156.155409 188.332085 130.504130 133.011827 238.594691
118.623287 150.958903 123.362152 204.904246 127.944350 146.041636 81.046209 155.993588 188.245760 130.370962 132.798441 238.426708
118.623287 150.958903 123.575091 204.859498 127.946390 145.953460 81.120134 155.841392 188.158961 130.233527 132.582788 238.259471
118.623287 150.958903 123.784989 204.813868 127.948939 145.843290 81.191875 155.693693 188.077746 130.088751 132.363342 238.089293
118.623287 150.958903 124.001140 204.766878 127.971011 145.575845 81.276493 155.537568 188.000053 129.950255 132.149981 237.923833
118.623287 150.958903 124.214555 204.720484 127.937103 145.432296 81.368979 155.368856 187.922164 129.811410 131.936619 237.758373
118.623287 150.958903 124.427900 204.671351 127.899748 145.274147 81.467666 155.188831 187.840704 129.666198 131.722705 237.592485
118.623287 150.958903 124.634792 204.612131 128.016707 145.015478 81.571690 154.999073 187.759243 129.520986 131.503733 237.422674
118.623287 150.958903 124.937447 204.514933 128.144749 144.928020 81.683068 154.795898 187.677979 129.376123 131.288001 237.255376
118.623287 150.958903 125.143341 204.445142 128.274621 144.875476 81.796561 154.588866 187.599640 129.238697 131.072427 237.088200
118.623287 150.958903 125.341436 204.353014 128.374186 144.846130 81.907816 154.352294 187.518099 129.103714 130.853929 236.918757
118.623287 150.958903 125.536435 204.247323 128.439124 144.826991 82.005729 154.125094 187.436971 128.969417 130.638671 236.751826
118.623287 150.958903 125.714701 204.131458 128.465502 144.819216 82.097958 153.884303 187.353102 128.830582 130.421561 236.590430
118.623287 150.958903 125.888585 203.993925 128.529526 144.728986 82.144283 153.639854 187.268872 128.691149 130.196698 236.432120
118.623287 150.958903 126.057997 203.859927 128.517059 144.664785 82.192638 153.384696 187.183660 128.550089 129.973716 236.275135
118.623287 150.958903 126.231256 203.721931 128.500474 144.579381 82.212960 153.129215 187.114827 128.401068 129.749263 236.117113
118.623453 150.958790 126.475283 203.522577 128.480020 144.474048 82.226935 152.864786 187.058864 128.247976 129.523419 235.958113
118.624196 150.958283 126.642958 203.383266 128.455447 144.347512 82.289387 152.449809 187.011519 128.118459 129.298720 235.799919
118.625601 150.957325 126.808330 203.241376 128.430646 144.219798 82.494239 152.304516 186.958989 127.974759 129.072140 235.640401
118.628244 150.955522 126.975372 203.098054 128.406151 144.093654 82.734752 152.294031 186.911987 127.846180 128.850221 235.484164
118.630805 150.953775 127.137935 202.958574 128.379958 143.958774 82.945460 152.367729 186.858325 127.699381 128.609605 235.305353
118.634027 150.951578 127.310830 202.827089 128.353804 143.824090 83.103340 152.486046 186.819357 127.592780 128.379678 235.155042
118.644437 150.944478 127.457323 202.722322 128.328564 143.694118 83.229071 152.620936 186.778748 127.464343 128.148496 235.003909
118.655094 150.937209 127.734390 202.574675 128.302257 143.558649 83.345801 152.746170 186.724224 127.344543 127.920159 234.854637
118.664347 150.930899 127.843715 202.552761 128.276712 143.340644 83.451325 152.841921 186.700310 127.208225 127.689157 234.703960
118.673765 150.924475 128.063811 202.523652 128.251838 143.212129 83.541062 152.923089 186.675308 127.065701 127.460297 234.556413
118.697062 150.908585 128.114397 202.530140 128.227002 143.083810 83.627758 153.001507 186.649978 126.921306 127.227318 234.406211
118.725729 150.889033 128.153179 202.535115 128.200760 142.948227 83.701779 153.065819 186.623956 126.772971 126.994423 234.256063
118.755635 150.868636 128.164883 202.536616 128.176152 142.821086 83.768136 153.118620 186.591473 126.620309 126.762201 234.106348
118.790829 150.844633 128.177976 202.538296 128.150176 142.686877 83.836213 153.172790 186.558022 126.468552 126.535105 233.959938
118.824205 150.821869 128.186308 202.539364 128.112270 142.489878 83.896857 153.221045 186.525194 126.319628 126.320361 233.782296
118.867583 150.792295 128.197020 202.540738 128.087713 142.360590 83.953238 153.254836 186.491182 126.165332 126.087881 233.632427
118.904644 150.767124 128.203765 202.541604 128.063567 142.233463 83.999537 153.273714 186.458651 126.013505 125.853526 233.486392
118.949646 150.736560 128.214279 202.542952 128.039159 142.104960 84.054540 153.296141 186.433705 125.851008 125.619466 233.350797
118.993573 150.706727 128.220924 202.543805 128.014360 141.974394 84.105377 153.316870 186.423033 125.650609 125.381079 233.212696
119.124804 150.623245 128.227074 202.544593 127.988851 141.840095 84.159917 153.339108 186.379704 125.481161 125.140788 233.073492
119.174272 150.593349 128.231934 202.545217 127.964761 141.713263 84.201124 153.355907 186.336860 125.298981 124.905170 232.936995
119.223397 150.563660 128.237984 202.545993 128.085129 141.694311 84.628226 153.477975 186.307184 125.100083 124.666178 232.798543
119.271153 150.534798 128.244332 202.546807 128.203568 141.746433 84.706890 153.489474 186.274866 124.883481 124.428743 232.660993
119.323617 150.503092 128.249589 202.547481 128.323653 141.799281 84.801781 153.503346 186.238145 124.655534 124.190010 232.522691
119.365724 150.477644 128.265658 202.549543 128.439672 141.863665 84.912504 153.519531 186.191530 124.414413 123.951969 232.384790
119.415791 150.447386 128.275180 202.550764 128.550817 141.930516 85.039752 153.538132 186.103131 124.173840 123.713992 232.244805
119.466371 150.416817 128.292736 202.553016 128.661876 141.997314 85.182139 153.558946 185.990229 123.932731 123.477298 232.104213
119.568483 150.358603 128.304539 202.554530 128.777905 142.067103 85.342336 153.582364 185.864989 123.687012 123.240776 231.963723
119.632789 150.321185 128.316243 202.556031 128.872168 142.123800 85.520443 153.608400 185.719745 123.483037 123.003051 231.822518
119.875420 150.188639 128.336676 202.558652 128.934038 142.161013 85.710721 153.636214 185.544888 123.359563 122.764723 231.680956
119.966982 150.140168 128.353042 202.560751 128.971627 142.176591 85.914735 153.682813 185.379371 123.273685 122.527428 231.540006
120.069944 150.085661 128.372086 202.563194 129.078560 142.238439 86.125030 153.731690 185.237320 123.217663 122.293313 231.400946
120.183247 150.025681 128.396287 202.566298 129.115781 142.313854 86.340529 153.783325 185.125139 123.188142 122.059113 231.261835
120.309984 149.958589 128.519533 202.593035 129.160890 142.408527 86.549817 153.833847 185.044678 123.166968 121.821215 231.120528
120.450243 149.884338 128.539687 202.598569 129.268278 142.358121 86.765715 153.885966 184.985411 123.144537 121.584522 230.979936
120.603560 149.804892 128.568134 202.606380 129.272038 142.226875 86.977661 153.932970 184.949276 123.122357 121.347570 230.839190
120.771117 149.723909 128.596002 202.614033 129.275847 142.093930 87.192066 153.968931 184.933424 123.112626 121.114707 230.695221
121.057130 149.593325 128.630428 202.623486 129.332298 141.953802 87.406175 154.004843 184.924731 123.107290 120.880752 230.547104
121.229434 149.505351 128.649714 202.628782 129.463685 141.955642 87.715321 154.052731 184.912629 123.099862 120.649163 230.400485
121.408139 149.412691 128.668807 202.634025 129.594764 141.956809 87.929581 154.080870 184.888851 123.085267 120.417320 230.253705
121.578323 149.324449 128.693107 202.640698 129.727464 141.951665 88.147807 154.109529 184.806954 123.026908 120.187083 230.107941
121.753744 149.233492 128.727340 202.650098 129.860364 141.946512 88.364942 154.138046 184.751013 123.006638 119.937970 229.989332
121.880782 149.167622 128.756269 202.658042 129.990567 141.941465 88.671287 154.106433 184.675046 122.979112 119.704014 229.841215
121.975506 149.118507 128.788091 202.666780 130.123267 141.936320 88.877796 154.044139 184.588831 122.947872 119.474022 229.691656
122.033565 149.088403 128.816924 202.674698 130.254968 141.931214 89.181653 153.952380 184.484122 122.924857 119.249762 229.534752
122.066146 149.071509 128.840646 202.681212 130.387069 141.926093 89.388299 153.889850 184.362974 122.899858 119.027795 229.379453
122.080616 149.064006 128.861957 202.687064 130.519369 141.920964 89.592936 153.827928 184.223784 122.870273 118.804600 229.223295
122.087807 149.060278 128.891754 202.695246 130.655467 141.915688 89.800348 153.765167 184.075130 122.838555 118.582470 229.067881
122.089672 149.059311 128.929169 202.705520 130.791865 141.910400 90.136683 153.675372 183.918359 122.805105 118.354931 228.908684
122.091358 149.058436 128.952987 202.712060 130.917470 141.905531 90.345803 153.630404 183.745621 122.763417 118.131244 228.752181
122.091447 149.058390 128.983577 202.722647 131.020293 141.901544 90.562744 153.583755 183.558555 122.718002 117.908623 228.596424
122.114162 149.045230 129.021450 202.736996 131.107228 141.898174 90.779294 153.537190 183.250703 122.620505 117.688604 228.430668
122.153686 149.022090 129.060445 202.751770 131.161387 141.896075 90.989881 153.491907 183.052830 122.553529 117.471687 228.265074
122.204861 148.992128 129.101965 202.767500 131.196960 141.894695 91.206529 153.445321 182.853295 122.475667 117.256186 228.095169
122.317105 148.917496 129.246898 202.822430 131.205754 141.894355 91.423176 153.398735 182.659570 122.373344 117.046829 227.917630
122.393926 148.863499 129.290843 202.839100 131.210051 141.894188 91.730371 153.328337 182.486370 122.245647 116.839303 227.741644
122.482937 148.800934 129.338901 202.857330 131.212748 141.894083 91.945631 153.278297 182.345625 122.085192 116.633073 227.566757
122.584057 148.729858 129.396310 202.879106 131.246468 141.941400 92.156605 153.229252 182.268938 121.884598 116.426309 227.391417
122.697039 148.650444 129.450259 202.899570 131.246392 141.981300 92.368749 153.179936 182.251012 121.672768 116.216571 227.213555
122.825238 148.560334 129.514680 202.924007 131.246276 142.042500 92.581963 153.130371 182.295414 121.458853 116.005155 227.034270
123.005729 148.431049 129.567974 202.944223 131.246136 142.116300 92.886255 153.059086 182.403534 121.272873 115.796256 226.857120
123.229180 148.253641 129.627534 202.966815 131.245958 142.210499 93.100912 153.008660 182.556353 121.128328 115.588577 226.681004
123.379354 148.122322 129.662222 202.979973 131.245742 142.324199 93.314692 152.958440 182.747862 121.017903 115.377237 226.501784
123.528899 147.993010 129.745772 203.116967 131.245496 142.454099 93.529738 152.907922 182.957780 120.978476 115.171313 226.327155
123.658247 147.881162 129.707092 203.184816 131.319064 142.585436 93.739528 152.858639 183.171610 120.984336 114.960659 226.148517
123.766963 147.787651 129.661378 203.264885 131.437719 142.579579 93.950972 152.808968 183.379676 121.046451 114.757097 225.960429
123.857011 147.710315 129.605870 203.362163 131.524514 142.575295 94.160663 152.759708 183.554989 121.167072 114.559390 225.768563
123.924589 147.651177 129.543672 203.471166 131.576593 142.574096 94.368603 152.710860 183.738672 121.285518 114.363190 225.578161
123.979524 147.603103 129.471465 203.597714 131.609190 142.573664 94.579463 152.661325 183.934776 121.375431 114.168784 225.389499
124.020989 147.566817 129.419883 203.754664 131.664659 142.639447 94.788144 152.613928 184.140629 121.438847 113.970790 225.197356
124.055380 147.536721 129.334504 203.904323 131.668687 142.713738 95.003396 152.571723 184.354721 121.427563 113.773298 225.005699
124.084653 147.511103 129.241048 204.068140 131.673807 142.808199 95.219916 152.533319 184.574782 121.404182 113.576022 224.814252
124.124764 147.476003 129.139812 204.245593 131.696274 142.906265 95.432892 152.495544 184.823745 121.362237 113.380253 224.624267
124.160961 147.444326 129.032124 204.434218 131.816043 142.952745 95.650397 152.456965 185.037242 121.270683 113.185560 224.435327
124.193395 147.415943 128.917716 204.634666 131.936736 143.006443 95.865835 152.418753 185.260298 121.166992 112.987279 224.242905
124.222067 147.390852 128.798398 204.843826 132.068717 143.016520 96.077728 152.381170 185.490555 121.044395 112.796178 224.050839
124.250287 147.366157 128.674489 205.064246 132.203332 143.021302 96.287946 152.343884 185.722724 120.893862 112.606923 223.850907
124.273917 147.345478 128.555439 205.302566 132.338647 143.026108 96.595213 152.292276 185.948421 120.741637 112.419730 223.653154
124.290698 147.330793 128.431660 205.550260 132.475061 143.030954 96.812244 152.257491 186.164587 120.573757 112.230269 223.453005
124.296643 147.325590 128.309190 205.795142 132.610675 143.035771 97.023843 152.223577 186.379411 120.406920 112.042732 223.254889
124.304319 147.318873 128.187748 206.038080 132.739394 143.040343 97.239195 152.189062 186.580411 120.227863 111.855952 223.057572
124.317714 147.307151 128.066690 206.280314 132.869112 143.044950 97.450695 152.155164 186.750928 120.058633 111.665322 222.856188
124.330511 147.295960 127.976156 206.542295 132.973347 143.048653 97.662295 152.121250 186.894145 119.887570 111.475723 222.655893
124.352950 147.276349 127.895552 206.779262 133.046301 143.051244 97.865106 152.088744 187.032355 119.722488 111.287156 222.456688
