61.064400 116.724500 127.414816 207.988581 129.051100 101.091700 202.603505 201.703599 194.865440 94.793440 171.938600 191.676000
61.059261 116.738379 127.435624 207.927318 129.061655 101.071265 202.503197 201.620278 194.981074 94.865973 171.936149 191.692216
61.046519 116.772796 127.459166 207.858007 129.078636 101.038392 202.410734 201.543475 195.097725 94.939143 171.931366 191.723856
61.028880 116.820436 127.479137 207.799206 129.105024 100.987304 202.324551 201.450266 195.211072 95.010241 171.924655 191.768252
61.005964 116.882330 127.489429 207.768906 129.142095 100.923429 202.271704 201.406213 195.541260 95.224174 171.915120 191.831335
60.976556 116.961760 127.494317 207.754513 129.209517 100.796331 202.219548 201.362736 195.651942 95.300314 171.902939 191.911920
60.941939 117.055257 127.497694 207.744571 129.274291 100.709107 202.187825 201.336292 195.836376 95.436983 171.888830 192.005260
60.900134 117.168167 127.500235 207.737091 129.332098 100.591343 202.054260 201.238067 195.944593 95.512218 171.872210 192.115211
60.851768 117.298801 127.500492 207.736333 129.423944 100.525230 202.010004 201.195652 196.056669 95.590136 171.853692 192.237719
60.796804 117.447252 127.500556 207.736144 129.504286 100.492907 201.970585 201.157872 196.240904 95.721761 171.834068 192.367544
60.737744 117.606770 127.500556 207.736144 129.547530 100.481080 201.892083 201.020077 196.346495 95.800639 171.814623 192.496183
60.673544 117.780167 127.501489 207.733398 129.697889 100.458672 201.871279 200.946253 196.452327 95.879697 171.794222 192.631150
60.605560 117.963785 127.505638 207.721183 129.778897 100.449739 201.850312 200.871850 196.558399 95.958933 171.773776 192.766413
60.532334 118.161565 127.513871 207.696943 129.875114 100.439128 201.828314 200.793791 196.662468 96.036674 171.754511 192.893865
60.453412 118.374724 127.526671 207.659258 129.989069 100.462643 201.807564 200.720159 196.766377 96.114295 171.734782 193.024383
60.361602 118.600442 127.533521 207.639089 130.089420 100.547763 201.787655 200.649510 196.875736 96.195982 171.715263 193.153516
60.262064 118.840851 127.542365 207.613050 130.145193 100.669778 201.765738 200.571739 196.983504 96.276458 171.694682 193.289669
60.157655 119.094285 127.547350 207.598374 130.277390 100.744592 201.745449 200.499744 197.093836 96.358849 171.675327 193.417715
60.054692 119.345721 127.548058 207.596291 130.415245 100.730245 201.734084 200.459414 197.201603 96.439325 171.655913 193.546156
59.952260 119.595860 127.552399 207.583508 130.551211 100.716096 201.719709 200.408401 197.309833 96.520185 171.636603 193.673904
59.849147 119.847665 127.561211 207.557564 130.681697 100.700635 201.705875 200.359313 197.421641 96.593880 171.617397 193.800961
59.745843 120.099934 127.565135 207.546012 130.814943 100.684662 201.662458 200.205122 197.538642 96.667245 171.597519 193.932467
59.640721 120.356644 127.568608 207.535786 130.944501 100.668209 201.645668 200.126335 197.650559 96.737423 171.578074 194.061106
59.538251 120.606876 127.571889 207.526127 131.079059 100.650646 201.630262 200.047527 197.763494 96.808237 171.557359 194.198149
59.446476 120.863349 127.572628 207.523950 131.210742 100.633458 201.615641 199.972742 197.876004 96.878787 171.537885 194.326986
59.359707 121.119027 127.572853 207.523287 131.339847 100.616606 201.601213 199.898940 197.992751 96.951992 171.522759 194.427049
59.274722 121.379856 127.572950 207.523003 131.467365 100.599961 201.587015 199.826314 198.106617 97.023391 171.512402 194.495570
59.195133 121.655184 127.572950 207.523003 131.595608 100.582762 201.572874 199.753984 198.218450 97.093515 171.506827 194.532452
59.117284 121.943368 127.580250 207.501509 131.682551 100.569828 201.558254 199.679199 198.334519 97.166296 171.390548 194.604880
59.058182 122.245543 127.594594 207.459278 131.740909 100.561147 201.544439 199.608537 198.447369 97.237058 171.316541 194.598284
58.999692 122.562116 127.746414 207.519040 131.766923 100.557277 201.535824 199.564471 198.557417 97.306074 171.221020 194.589770
58.952246 122.894042 127.772658 207.572105 131.907669 100.535686 201.530567 199.537580 198.668311 97.375626 171.152989 194.583707
58.908727 123.237710 127.804799 207.637091 131.975808 100.524818 201.501587 199.403762 198.780306 97.445868 171.113788 194.579827
58.887776 123.596399 127.851406 207.689219 132.057772 100.511744 201.487471 199.344109 198.890098 97.514729 171.085560 194.575901
58.875861 123.965796 127.904201 207.731520 132.135489 100.499348 201.468381 199.263437 199.004464 97.581761 171.078924 194.574978
58.872321 124.344780 127.975425 207.743944 132.210047 100.487456 201.450005 199.185782 199.120739 97.650327 171.075160 194.574454
58.869833 124.732313 128.055122 207.757847 132.292208 100.474351 201.433172 199.114646 199.239294 97.714040 171.074467 194.574358
58.908010 125.124459 128.285815 207.748879 132.372493 100.461545 201.416476 199.044095 199.361255 97.764556 171.074368 194.574344
58.957425 125.524352 128.378199 207.692562 132.444977 100.449984 201.400987 198.970220 199.490881 97.790515 171.074368 194.574344
59.021080 125.932721 128.481933 207.628921 132.517856 100.438359 201.386629 198.894469 199.623242 97.786648 171.074368 194.574344
59.086183 126.350377 128.595981 207.558952 132.589945 100.426861 201.372551 198.820191 199.755892 97.757630 171.074368 194.574344
59.189405 126.768099 128.726820 207.478682 132.663515 100.415126 201.358380 198.745422 199.884227 97.707717 171.074368 194.574344
59.327006 127.187504 128.866184 207.393183 132.736196 100.403533 201.344656 198.673011 199.990061 97.625714 171.074368 194.574344
59.465417 127.609378 129.017651 207.300258 132.811247 100.391563 201.330467 198.598144 200.092557 97.544780 171.074368 194.574344
59.603455 128.030113 129.178354 207.202697 132.882348 100.380222 201.315141 198.517283 200.200069 97.462803 171.074368 194.574344
59.785451 128.430311 129.355160 207.095624 132.956116 100.368455 201.300635 198.440746 200.308821 97.380145 171.074368 194.574344
59.969044 128.831278 129.541203 206.982956 133.024353 100.357571 201.286091 198.364012 200.415568 97.300141 171.074368 194.574344
60.152470 129.231882 129.741018 206.861948 133.067508 100.350688 201.271082 198.284822 200.526449 97.218502 171.074368 194.574344
60.336105 129.632940 129.950670 206.734983 133.222231 100.330525 201.257060 198.210839 200.636499 97.139279 171.074368 194.574344
60.518268 130.034666 130.174093 206.599678 133.298427 100.322661 201.242070 198.131747 200.744277 97.061691 171.074368 194.574344
60.699382 130.436978 130.398543 206.463751 133.378899 100.314355 201.228178 198.058452 200.853435 96.993034 171.074368 194.574344
60.881729 130.842026 130.630476 206.326800 133.460466 100.305937 201.213337 197.980146 200.979959 96.963456 171.074368 194.574344
61.066593 131.244826 130.863906 206.199678 133.535070 100.298237 201.197844 197.898401 201.199223 97.010894 171.074368 194.574344
61.251359 131.645034 131.118668 206.100205 133.595051 100.292047 201.184380 197.827366 201.297969 97.090067 171.074368 194.574344
61.437005 132.047148 131.372262 206.001295 133.623798 100.289080 201.170898 197.756232 201.382574 97.197440 171.074368 194.574344
61.630620 132.468740 131.628651 205.901296 133.744281 100.273771 201.155885 197.678775 201.463404 97.300021 171.074368 194.574344
61.814613 132.871944 131.886064 205.800896 133.858379 100.249744 201.139802 197.598775 201.545039 97.403623 171.074368 194.574344
61.998565 133.275056 132.130807 205.705439 133.926817 100.243569 201.123522 197.517796 201.631437 97.511068 171.074368 194.574344
62.182392 133.677895 132.356451 205.617430 134.007798 100.237614 201.108248 197.441816 201.721644 97.614709 171.074368 194.574344
62.366468 134.081280 132.564581 205.536253 134.081100 100.232223 201.092441 197.363189 201.810603 97.716917 171.074368 194.574344
62.564722 134.488416 132.774480 205.454385 134.157294 100.226620 201.077777 197.290248 201.899497 97.819050 171.074368 194.574344
62.733407 134.894580 132.973945 205.376587 134.229599 100.221303 201.062010 197.211817 201.986881 97.919447 171.074368 194.574344
62.893999 135.281258 133.182253 205.309972 134.305395 100.215729 201.047149 197.137896 202.074199 98.019770 171.058521 194.572140
63.047304 135.650389 133.364115 205.256008 134.381190 100.210155 201.031717 197.061132 202.161648 98.120243 171.029500 194.568103
63.193973 136.003543 133.527571 205.207507 134.453794 100.204816 201.016679 196.986329 202.250017 98.221772 171.025439 194.567538
63.305632 136.349781 133.670607 205.165065 134.529290 100.199264 201.001227 196.909467 202.338976 98.323980 171.005333 194.564742
63.403260 136.683181 133.773159 205.124520 134.602293 100.193895 200.982922 196.829486 202.427673 98.425886 170.916342 194.397228
63.483075 137.002842 133.845160 205.088520 134.651360 100.190287 200.962994 196.758012 202.517290 98.528980 170.897140 194.339119
63.558718 137.332166 133.926207 204.945159 134.776166 100.181874 200.941642 196.681433 202.602611 98.627195 170.871693 194.262114
63.614262 137.677219 133.950446 204.868395 134.856317 100.176987 200.919861 196.603313 202.692786 98.730997 170.849251 194.163568
63.660844 138.036224 133.975077 204.790391 134.929281 100.172539 200.898160 196.525481 202.782370 98.834120 170.857670 194.041759
63.702739 138.404548 133.999678 204.712483 135.008834 100.167688 200.877587 196.451696 202.867757 98.932411 170.866889 193.908377
63.722625 138.785930 134.021448 204.643538 135.083595 100.163130 200.856638 196.376561 202.956095 99.034099 170.876969 193.762525
63.742249 139.178236 134.043580 204.573449 135.163746 100.158243 200.835689 196.301427 203.046963 99.138623 170.888008 193.602806
63.759626 139.576758 134.077425 204.501362 135.237309 100.153758 200.813458 196.223544 203.131677 99.235510 170.901935 193.429531
63.777487 139.986368 134.112562 204.435215 135.317760 100.148853 200.791901 196.154638 203.222316 99.339173 170.929970 193.241611
63.795662 140.403172 134.148545 204.367479 135.370562 100.145634 200.767894 196.077905 203.309466 99.438846 170.957326 193.058240
63.856178 140.852130 134.187435 204.294268 135.407593 100.143376 200.746068 196.008140 203.394707 99.536335 170.985788 192.867451
63.888910 141.283591 134.223746 204.225913 135.518253 100.134614 200.724062 195.937802 203.482712 99.636986 171.013675 192.680520
63.922134 141.721532 134.276368 204.169048 135.591140 100.127855 200.708446 195.887888 203.573998 99.740211 171.054973 192.493885
63.955402 142.160072 134.332033 204.110343 135.667014 100.120819 200.698235 195.855248 203.665416 99.842920 171.100806 192.306921
63.989012 142.603099 134.382400 204.057226 135.743984 100.113681 200.656025 195.715301 203.756833 99.945629 171.146782 192.119374
64.022364 143.042736 134.438477 203.998086 135.795861 100.108870 200.636662 195.649178 203.846987 100.046918 171.192710 191.932022
64.054409 143.485769 134.500823 203.952432 135.826331 100.106045 200.615754 195.577776 203.937408 100.148507 171.237733 191.748360
64.081092 143.926162 134.576175 203.917871 135.936618 100.096697 200.597350 195.500609 204.028692 100.251066 171.287141 191.568593
64.107951 144.369449 134.645982 203.885852 135.993244 100.092258 200.581667 195.423283 204.114724 100.347725 171.343304 191.383109
64.134785 144.812337 134.713608 203.854835 136.026741 100.089632 200.566699 195.349486 204.205610 100.449836 171.398047 191.202315
64.161468 145.252729 134.782806 203.831121 136.300508 100.087548 200.551850 195.276276 204.295802 100.550543 171.453050 191.020660
64.186609 145.667668 134.856987 203.817619 136.351226 100.039592 200.536942 195.202773 204.392133 100.649078 171.501418 190.860922
64.209864 146.051464 134.932250 203.803920 136.406403 99.974010 200.520623 195.122311 204.488883 100.748043 171.553697 190.688263
64.231176 146.403219 135.008793 203.789988 136.438429 99.870973 200.504840 195.044496 204.578783 100.839999 171.597167 190.544700
64.250339 146.735366 135.153160 203.735285 136.476452 99.748646 200.490548 194.974031 204.670360 100.933672 171.645563 190.384867
64.267718 147.049685 135.223770 203.678197 136.521962 99.628506 200.474010 194.892491 204.762147 101.027559 171.703181 190.233200
64.284296 147.349528 135.277410 203.582276 136.570899 99.502152 200.458764 194.817321 204.855543 101.123091 171.722491 190.093718
64.299400 147.622700 135.337492 203.474834 136.710950 99.381611 200.443518 194.742152 204.947120 101.216763 171.783039 189.939155
64.321038 147.921323 135.416844 203.358078 136.836162 99.321949 200.427695 194.664140 205.041004 101.312796 171.847161 189.775466
64.331224 148.201037 135.506052 203.232670 136.960110 99.262888 200.411574 194.584659 205.139448 101.409491 171.914018 189.604794
64.341305 148.477854 135.606563 203.091373 137.062393 99.214152 200.396567 194.510665 205.232676 101.499661 171.978505 189.440174
64.351367 148.754171 135.716175 202.937282 137.140120 99.177116 200.381977 194.438730 205.328635 101.592472 172.046712 189.266057
64.361647 149.036484 135.828221 202.779768 137.185980 99.155264 200.365538 194.357680 205.422007 101.682781 172.112694 189.097619
64.372001 149.320795 135.948420 202.628445 137.364060 99.118045 200.350258 194.282314 205.517464 101.775106 172.179953 188.925923
64.382685 149.614201 136.070388 202.477840 137.441222 99.122665 200.335871 194.211357 205.606822 101.869762 172.248452 188.751061
64.393475 149.910504 136.192546 202.327001 137.533756 99.128206 200.320233 194.134227 205.695680 101.965745 172.313778 188.584299
64.404294 150.207607 136.314829 202.176007 137.648251 99.135061 200.300669 193.970335 205.783587 102.060702 172.382095 188.410226
64.415481 150.514804 136.436987 202.025168 137.776521 99.142742 200.295482 193.897019 205.939986 102.229982 172.449556 188.239899
64.426766 150.824698 136.558326 201.875339 137.906388 99.150518 200.290409 193.825298 206.031273 102.328896 172.517790 188.067619
64.438426 151.144886 136.675638 201.730484 138.131869 99.173324 200.284701 193.744599 206.125001 102.430455 172.586982 187.892923
64.450355 151.472469 136.793138 201.585396 138.261318 99.188190 200.279127 193.665095 206.217508 102.530692 172.657242 187.715530
64.462513 151.806348 136.912102 201.441136 138.392059 99.203205 200.274424 193.592848 206.307303 102.627989 172.724924 187.544645
64.474973 152.148521 137.038022 201.293686 138.584648 99.224820 200.269905 193.519587 206.396419 102.724551 172.732673 187.287609
64.487587 152.494891 137.162838 201.147529 138.810994 99.252840 200.265152 193.442534 206.483175 102.825466 172.599540 187.132434
64.500458 152.848357 137.288694 201.000156 138.938841 99.270050 200.260633 193.369273 206.570951 102.929346 172.529957 186.789302
64.513650 153.210617 137.412016 200.855748 139.072336 99.288021 200.250169 193.195888 206.659954 103.034679 172.531023 186.572205
64.529017 153.585082 137.536183 200.710352 139.208112 99.306299 200.245526 193.113018 206.748506 103.139476 172.532085 186.356007
64.553396 153.966103 137.659050 200.566476 139.305136 99.319360 200.241404 193.039434 206.835831 103.242822 172.533127 186.143710
64.577680 154.345627 137.783607 200.420624 139.368168 99.327846 200.236906 192.959159 206.925350 103.348765 172.534198 185.925513
64.599492 154.686530 137.904007 200.279638 139.404837 99.332782 200.232817 192.886174 207.078840 103.524724 172.535281 185.705015
64.620723 155.018351 138.029797 200.132341 139.460123 99.271835 200.228751 192.813588 207.168974 103.626566 172.536195 185.518917
64.641935 155.349873 138.152729 199.988389 139.466187 99.201998 200.224455 192.736908 207.260897 103.730430 172.537060 185.342720
64.661100 155.679081 138.276793 199.802923 139.473757 99.114826 200.220086 192.658930 207.350961 103.833390 172.536013 185.206824
64.679043 156.005288 138.409356 199.664723 139.483186 99.006235 200.215578 192.578456 207.435989 103.934487 172.535127 185.102728
64.697277 156.336787 138.543166 199.525224 139.494129 98.880209 200.212457 192.505831 207.524558 104.039793 172.531592 185.008396
64.715495 156.667986 138.671299 199.391643 139.505497 98.749302 200.210263 192.422560 207.611196 104.142803 172.528699 184.933251
64.736385 156.998805 138.801509 199.255897 139.517487 98.611221 200.208334 192.349386 207.698911 104.245150 172.525347 184.846216
64.762997 157.330840 138.933657 199.118130 139.529217 98.476130 200.200713 192.267944 207.786049 104.344301 172.518397 184.642404
64.789411 157.660383 139.061998 198.984332 139.562301 98.248585 200.192985 192.186309 207.875366 104.445930 172.523047 184.422224
64.815704 157.988431 139.195946 198.844689 139.587711 98.116303 200.185164 192.103679 207.963561 104.546283 172.531273 184.281063
64.842205 158.319071 139.326917 198.708149 139.612367 97.987950 200.179086 192.039466 208.085330 104.688588 172.540116 184.129321
64.868610 158.648514 139.459411 198.570022 139.633522 97.850902 200.175637 192.003029 208.172644 104.791289 172.549808 183.963003
64.895023 158.978057 139.589413 198.434492 139.651925 97.721908 200.255899 191.865008 208.260362 104.895741 172.560145 183.785604
64.921429 159.307501 139.722669 198.295571 139.670949 97.588558 200.309191 191.818701 208.348451 105.000798 172.571539 183.590236
64.948050 159.639636 139.854679 198.157948 139.690269 97.453130 200.380070 191.757110 208.495080 105.179865 172.580950 183.378749
64.974143 159.965192 139.982950 198.024223 139.728483 97.333542 200.362136 191.688498 208.576164 105.281990 172.590020 183.163340
65.004616 160.294260 140.113298 197.888332 139.819032 97.239844 200.291140 191.634661 208.656395 105.383132 172.599190 182.946333
65.039085 160.624265 140.247662 197.748256 139.957412 97.237525 200.239978 191.595879 208.740561 105.489322 172.608301 182.730726
65.073356 160.952380 140.380917 197.609335 140.094697 97.235514 200.219577 191.580414 208.825505 105.598946 172.617580 182.511122
65.107554 161.279798 140.512858 197.471784 140.231489 97.234078 200.211767 191.574494 208.905607 105.707365 172.624985 182.245525
65.142002 161.609604 140.641752 197.337410 140.369682 97.232627 200.204595 191.569057 208.983090 105.818714 172.630713 181.964106
65.176388 161.938813 140.776185 197.197261 140.502175 97.231236 200.203718 191.568393 209.055431 105.928168 172.635590 181.749871
65.210908 162.269316 140.908956 197.058845 140.614790 97.174487 200.203399 191.568151 209.130706 106.039506 172.643937 181.533632
65.245023 162.595939 141.037297 196.925047 140.688548 97.064925 200.203320 191.568091 209.191520 106.128635 172.652473 181.312497
65.279191 162.923059 141.167784 196.789013 140.742643 96.938404 200.203320 191.568091 209.242529 106.207225 172.660724 181.098756
65.313140 163.248091 141.300001 196.651174 140.773358 96.808416 200.203320 191.568091 209.290917 106.284641 172.669125 180.881118
65.347473 163.576803 141.429380 196.516293 140.878707 96.613192 200.203320 191.568091 209.336214 106.510585 172.676853 180.568650
65.381474 163.902332 141.562497 196.377516 141.011880 96.591679 200.203320 191.568091 209.325668 106.559994 172.684650 180.353791
65.415538 164.228458 141.694853 196.239533 141.148707 96.569577 200.203320 191.568091 209.318508 106.587890 172.692418 180.139732
65.446899 164.553429 141.827417 196.101333 141.284904 96.548587 200.203320 191.568091 209.211822 106.648327 172.705292 179.734037
65.473693 164.882741 141.961088 195.961979 141.415616 96.553375 200.203320 191.568091 209.155815 106.629469 172.714255 179.518123
65.500674 165.214345 142.094205 195.823202 141.550796 96.562473 200.203320 191.568091 209.082361 106.605711 172.723201 179.302609
65.527678 165.546248 142.223392 195.689679 141.680944 96.603951 200.203320 191.568091 208.991272 106.579080 172.732195 178.988914
65.554667 165.877952 142.356742 195.559009 141.810485 96.644367 200.203320 191.568091 208.883536 106.555909 172.735879 178.768845
65.581186 166.203875 142.491949 195.426519 141.934490 96.683056 200.203320 191.568091 208.763775 106.530151 172.739520 178.551275
65.607704 166.529798 142.627227 195.293959 142.065049 96.723903 200.203320 191.568091 208.634685 106.522466 172.743147 178.334606
65.634320 166.856917 142.760434 195.163429 142.195363 96.765528 200.203320 191.568091 208.502010 106.525047 172.740787 178.116727
65.661235 167.187724 142.896213 195.030379 142.321771 96.805905 200.203320 191.568091 208.366336 106.527686 172.738500 177.898643
65.687851 167.514843 143.034919 194.894460 142.449703 96.846769 200.203320 191.568091 208.230486 106.531157 172.738500 177.683943
65.712646 167.841987 143.169126 194.762949 142.573063 96.886172 200.203320 191.568091 208.097386 106.536333 172.738486 177.468443
65.731283 168.169357 143.305905 194.628920 142.702614 96.927553 200.203320 191.568091 207.969299 106.545543 172.734775 177.249476
65.750221 168.502019 143.438397 194.499089 142.831881 96.952643 200.203320 191.568091 207.849201 106.603892 172.731520 177.028801
65.768982 168.831685 143.576033 194.364220 142.963626 96.962328 200.203320 191.568091 207.785948 106.721181 172.728356 176.807929
65.787678 169.160354 143.712298 194.235209 143.098661 96.972256 200.203320 191.568091 207.782061 106.856580 172.727796 176.593530
65.806555 169.492217 143.851731 194.111351 143.226816 96.981677 200.203320 191.568091 207.791856 106.987413 172.727227 176.375830
65.825267 169.821186 143.996547 193.982712 143.359158 96.991406 200.203320 191.568091 207.803736 107.117432 172.731605 176.162815
65.844042 170.151252 144.138911 193.857339 143.490504 97.001062 200.203320 191.568091 207.820714 107.249445 172.737999 175.987631
65.862663 170.478623 144.283539 193.729996 143.626337 97.011048 200.203320 191.568091 207.837666 107.381260 172.743287 175.842728
65.869010 170.810008 144.428467 193.602389 143.757384 97.020682 200.203320 191.568091 207.880055 107.544651 172.747416 175.729603
65.872447 171.139290 144.567616 193.479871 143.887931 97.030279 200.121324 191.453063 208.011496 107.560744 172.753236 175.573046
65.875869 171.467072 144.710252 193.357319 144.024862 97.040345 200.117738 191.408608 208.139564 107.574020 172.755284 175.518584
65.879345 171.800054 144.857972 193.240548 144.162989 97.050500 200.112657 191.345612 208.259420 107.616138 172.756788 175.478613
65.882770 172.128236 145.009693 193.120613 144.292839 97.060046 200.106064 191.263878 208.359769 107.706568 172.757716 175.453930
65.886194 172.456218 145.158669 193.002849 144.423087 97.069621 200.092279 191.165533 208.429635 107.820443 172.758438 175.434744
65.889630 172.785400 145.310704 192.882667 144.551241 97.079042 199.993536 191.093034 208.464239 107.948776 172.758863 175.423452
65.893029 173.110982 145.459993 192.764655 144.646191 97.085948 199.793955 190.961490 208.444670 108.077995 172.759314 175.411460
65.896429 173.436765 145.608184 192.647511 144.700161 97.089691 199.654406 190.902511 208.390299 108.202122 172.759990 175.393473
65.899857 173.765147 145.763428 192.536822 144.728493 97.091660 199.501686 190.837966 208.286013 108.288125 172.760644 175.376085
65.890031 174.092379 145.922727 192.429999 144.794377 97.046609 199.236963 190.726531 208.184501 108.371713 172.761794 175.345507
65.879079 174.422997 146.079617 192.324791 144.803993 96.980808 199.051855 190.648714 208.080353 108.454638 172.763516 175.299739
65.868137 174.753316 146.238252 192.218414 144.815994 96.898680 198.849968 190.563843 207.974042 108.529458 172.765463 175.247976
65.857255 175.081836 146.392733 192.114821 144.831046 96.795674 198.648820 190.479283 207.868467 108.603759 172.767455 175.195013
65.846366 175.410556 146.546634 192.011619 144.860952 96.584647 198.450713 190.396001 207.762516 108.678568 172.770259 175.120466
65.835471 175.739475 146.701531 191.907748 144.878009 96.450641 198.247629 190.310627 207.651862 108.758970 172.773007 175.047417
65.824536 176.069594 146.857009 191.803487 144.892257 96.318708 198.047863 190.226648 207.543461 108.841430 172.775668 174.976668
65.813703 176.396615 147.012072 191.699504 144.906923 96.182898 197.845240 190.141467 207.435189 108.921393 172.778382 174.904519
65.802858 176.724035 147.171724 191.597276 144.923240 96.053150 197.642247 190.056132 207.327751 109.000635 172.780199 174.840645
65.791919 177.054254 147.330116 191.498439 144.944121 95.916638 197.444049 189.972811 207.222646 109.078156 172.781771 174.781366
65.779942 177.382134 147.488084 191.399867 144.963794 95.788034 197.242531 189.888096 207.113518 109.158645 172.782993 174.735282
65.766992 177.713781 147.646307 191.301135 144.982852 95.653089 197.039633 189.803312 207.008253 109.236284 172.783931 174.699894
65.754347 178.037635 147.807039 191.200948 144.998998 95.518958 196.835000 189.718011 206.904159 109.313489 172.785018 174.658909
65.742435 178.342702 147.967169 191.101307 145.014691 95.388599 196.573840 189.610435 206.795993 109.393932 172.785951 174.623721
65.730417 178.650468 148.102470 191.010937 145.030562 95.256751 196.368760 189.526755 206.687345 109.474733 172.786828 174.590633
65.720950 178.965115 148.197930 190.917183 145.046864 95.121328 196.170677 189.443428 206.578938 109.555355 172.787250 174.574738
65.712572 179.271598 148.284544 190.808634 145.062736 94.989480 195.974258 189.355016 206.469813 109.637346 172.787570 174.562643
65.702668 179.590845 148.357819 190.702678 145.069771 94.860989 195.775554 189.266340 206.365618 109.718386 172.787851 174.552046
65.692860 179.906993 148.472500 190.464043 145.076706 94.724665 195.578083 189.182837 206.365466 109.856449 172.787984 174.547048
65.683241 180.217044 148.507433 190.332174 145.083635 94.588441 195.379692 189.098944 206.444580 109.960862 172.788040 174.544949
65.673551 180.529393 148.531473 190.201161 145.090209 94.459208 195.176880 189.013182 206.528345 110.071411 172.788045 174.544749
65.663818 180.843142 148.573520 189.963446 145.130095 94.325198 194.886572 188.892509 206.608990 110.179671 172.788045 174.544749
65.673606 181.161665 148.588188 189.831861 145.137282 94.192293 194.687897 188.810594 206.685660 110.284160 172.788045 174.544749
65.684586 181.489882 148.600892 189.696666 145.144441 94.059886 194.483859 188.726468 206.762042 110.388364 172.788045 174.544749
65.695229 181.808004 148.612384 189.562256 145.151719 93.925283 194.280101 188.638102 206.842258 110.498435 172.788045 174.544749
65.706116 182.133421 148.621549 189.431879 145.158463 93.800565 194.081248 188.551232 206.920413 110.605679 172.788045 174.544749
65.717103 182.461838 148.628640 189.294862 145.164254 93.706654 193.762350 188.451338 206.998804 110.713245 172.788045 174.544749
65.727268 182.765668 148.637257 189.159949 145.168964 93.654968 193.553738 188.392318 207.133331 110.902693 172.788045 174.544749
65.736319 183.036216 148.647626 189.027053 145.171542 93.626685 193.345653 188.333641 207.209912 111.011677 172.788045 174.544749
65.745651 183.315160 148.671204 188.738225 145.172422 93.617025 193.134253 188.274191 207.285056 111.118615 172.788045 174.544749
65.755385 183.606098 148.687215 188.608408 145.173112 93.609456 192.922372 188.214607 207.366379 111.230535 172.788045 174.544749
65.770842 183.940061 148.703495 188.476409 145.173430 93.605971 192.709239 188.154670 207.467333 111.317428 172.788045 174.544749
65.805005 184.249783 148.719701 188.345004 145.173511 93.605075 192.501883 188.092847 207.567736 111.403413 172.788045 174.544749
65.840517 184.571730 148.735861 188.207551 145.173520 93.604975 192.204639 187.999715 207.672906 111.483183 172.788045 174.544749
65.876994 184.902425 148.751219 188.076045 145.173520 93.604975 191.994543 187.933777 207.780785 111.565008 172.788045 174.544749
65.913056 185.231655 148.766288 187.947022 145.173520 93.604975 191.692623 187.838535 207.869622 111.632390 172.788045 174.544749
65.948333 185.563083 148.781588 187.816012 145.173520 93.604975 191.486283 187.772331 207.924279 111.673846 172.788045 174.544749
66.002372 185.885845 148.797353 187.681030 145.173520 93.604975 191.280205 187.718734 207.999712 111.725570 172.788045 174.544749
66.061634 186.210277 148.813338 187.544160 145.173520 93.604975 191.063719 187.694844 208.013630 111.735157 172.788045 174.544749
66.125213 186.530513 148.829033 187.409773 145.173520 93.604975 190.847929 187.671030 208.019806 111.739411 172.788045 174.544749
66.200275 186.853402 148.853240 187.186115 145.173520 93.604975 190.631642 187.647162 208.023265 111.741794 172.788045 174.544749
66.274473 187.172284 148.865654 187.058115 145.173520 93.604975 190.415788 187.623934 208.025589 111.743161 172.788045 174.544749
66.364139 187.491688 148.878532 186.928253 145.173520 93.604975 190.200129 187.600764 208.026205 111.743494 172.788045 174.544749
66.454801 187.806806 148.891894 186.796126 145.173520 93.604975 189.984040 187.577864 208.026381 111.743589 172.788045 174.544749
66.546099 188.124133 148.905799 186.658628 145.173520 93.604975 189.763831 187.554930 208.026381 111.743589 172.788045 174.544749
66.645244 188.437618 148.919070 186.527397 145.307884 93.548079 189.547998 187.532451 208.026381 111.743589 172.788045 174.544749
66.744208 188.747919 148.932180 186.397758 145.357553 93.549855 189.328585 187.509599 208.026381 111.743589 172.788045 174.544749
66.854389 189.061834 148.945622 186.264836 145.421112 93.552128 189.111459 187.486986 208.026381 111.743589 172.788045 174.544749
66.964981 189.374873 148.958863 186.133904 145.506257 93.555173 188.893737 187.464310 208.026381 111.743589 172.788045 174.544749
67.074641 189.685272 148.972154 186.002474 145.613089 93.558994 188.677109 187.441748 208.026381 111.743589 172.788045 174.544749
67.184134 189.995199 148.993196 185.769180 145.734112 93.563322 188.299472 187.402359 208.026381 111.743589 172.788045 174.544749
67.299317 190.305459 149.002669 185.634212 145.866627 93.568061 188.079566 187.379408 208.026381 111.743589 172.788045 174.544749
67.429408 190.602960 149.011917 185.502437 146.004439 93.572989 187.862744 187.356780 208.026381 111.743589 172.788045 174.544749
67.561702 190.905499 149.020913 185.374252 146.235300 93.578300 187.650496 187.334629 208.026381 111.743589 172.788045 174.544749
67.693155 191.206115 149.030470 185.238087 146.371999 93.577770 187.462716 187.315032 208.026381 111.743589 172.788045 174.544749
67.831253 191.521491 149.040068 185.101323 146.500798 93.577271 187.309648 187.299057 208.026381 111.743589 172.788045 174.544749
67.991900 191.810321 149.049429 184.967951 146.636397 93.576745 187.188605 187.286424 208.026381 111.743589 172.788045 174.544749
68.152061 192.098277 149.058558 184.837871 146.767896 93.576235 187.102174 187.277404 208.026381 111.743589 172.788045 174.544749
68.311494 192.384922 149.066455 184.707911 146.897795 93.575732 187.036034 187.270501 208.026381 111.743589 172.788045 174.544749
68.470537 192.670868 149.074618 184.572758 147.030594 93.575217 186.999320 187.270382 208.026381 111.743589 172.788045 174.544749
68.641704 192.953189 149.088330 184.373239 147.163693 93.574701 186.983812 187.280098 208.026381 111.743589 172.788045 174.544749
68.827346 193.224204 149.097769 184.239472 147.296992 93.574184 186.969490 187.289070 208.026381 111.743589 172.788045 174.544749
69.012084 193.493899 149.107201 184.105804 147.433791 93.573654 186.965083 187.291830 208.026381 111.743589 172.788045 174.544749
69.198631 193.766234 149.116754 183.970441 147.568190 93.573133 186.964829 187.291990 208.026381 111.743589 172.788045 174.544749
69.386636 194.031452 149.126292 183.835277 147.697489 93.572631 186.964660 187.292096 208.026381 111.743589 172.788045 174.544749
69.576524 194.298160 149.135450 183.705500 147.835188 93.572098 186.964660 187.292096 208.026381 111.743589 172.788090 174.543050
69.768500 194.567801 149.145136 183.422738 147.972287 93.571566 186.964660 187.292096 208.026381 111.743589 172.788236 174.537551
69.960766 194.837849 149.141096 183.291300 148.104686 93.571053 186.964660 187.292096 208.026381 111.743589 172.788647 174.522057
70.164950 195.096518 149.137145 183.162761 148.236085 93.570543 186.964660 187.292096 208.026381 111.743589 172.789079 174.505763
70.370125 195.352935 149.133010 183.028224 148.368284 93.570031 186.964660 187.292096 208.026381 111.743589 172.789789 174.478972
70.576799 195.611226 149.128915 182.894987 148.500661 93.600669 186.964660 187.292096 208.026381 111.743589 172.790886 174.437587
70.793582 195.862344 149.124838 182.762350 148.631740 93.632969 186.964660 187.292096 208.026381 111.743589 172.792230 174.386904
71.018775 196.102471 149.135953 182.594072 148.765052 93.665819 186.964660 187.292096 208.026381 111.743589 172.793794 174.327925
71.243557 196.342160 149.131496 182.457245 148.892247 93.697161 186.964660 187.292096 208.026381 111.743589 172.795382 174.268046
71.467928 196.581412 149.127134 182.323316 149.112722 93.742616 186.964660 187.292096 208.026381 111.743589 172.797269 174.196871
71.695782 196.817011 149.119725 182.089822 149.248501 93.768372 186.964660 187.292096 208.026381 111.743589 172.799589 174.109402
71.930019 197.050878 149.129796 181.929199 149.338496 93.785443 186.964660 187.292096 208.026381 111.743589 172.803537 174.032204
72.163195 197.283685 149.124067 181.799426 149.416898 93.800315 186.964660 187.292096 208.026381 111.743589 172.725250 173.930727
72.411024 197.503878 149.117997 181.661960 149.577957 93.726457 186.964660 187.292096 208.026381 111.743589 172.656556 173.901379
72.662714 197.719159 149.112003 181.526192 149.632243 93.668515 186.964660 187.292096 208.026381 111.743589 172.586576 173.871481
72.919585 197.927099 149.106229 181.395419 149.683042 93.614294 186.964660 187.292096 208.026381 111.743589 172.517422 173.841936
73.182906 198.129466 149.100160 181.257953 149.738833 93.554746 186.964660 187.292096 208.189061 111.839018 172.452756 173.809015
73.444641 198.330614 149.094077 181.120188 149.793324 93.496584 186.964660 187.292096 208.227551 111.862524 172.386782 173.774193
73.712510 198.522623 149.088008 180.982721 149.845013 93.441414 186.964575 187.292149 208.284048 111.897028 172.315413 173.736525
73.983791 198.708054 149.076918 180.712883 149.894786 93.388288 186.958727 187.295812 208.358980 111.942789 172.251118 173.702590
74.253256 198.892243 149.071494 180.577391 149.950167 93.329178 186.941440 187.306642 208.445689 111.995742 172.180280 173.665202
74.525115 199.078069 149.064828 180.397958 150.006573 93.268973 186.915111 187.322815 208.542981 112.055159 172.113156 173.629774
74.798294 199.264798 149.073684 180.267780 150.062158 93.209644 186.875240 187.346743 208.653586 112.122706 172.041609 173.592012
75.069080 199.449890 149.050400 180.131824 150.117128 93.150971 186.814619 187.383123 208.767861 112.192494 171.968560 173.553456
75.346275 199.627345 149.059849 179.998960 150.168816 93.095802 186.626833 187.393465 208.957345 112.311355 171.901878 173.518262
75.633643 199.782546 149.069432 179.864200 150.223786 93.037129 186.558669 187.316381 209.070074 112.385061 171.833073 173.481947
75.926026 199.940455 149.078858 179.731635 150.273081 92.984514 186.484182 187.228676 209.178406 112.458182 171.761262 173.444045
76.218585 200.098460 149.088236 179.599768 150.325932 92.928104 186.409626 187.135543 209.291214 112.534324 171.694492 173.408803
76.508945 200.255276 149.077101 179.371119 150.381723 92.868555 186.329383 187.035305 209.391092 112.601738 171.622592 173.370854
76.798929 200.411728 149.064104 179.233833 150.436009 92.810613 186.249015 186.934911 209.453837 112.644089 171.555910 173.335660
77.092945 200.555306 149.051749 179.103317 150.492042 92.752677 186.166745 186.831430 209.489643 112.668258 171.483037 173.297198
77.388668 200.699719 149.038789 178.966429 150.547299 92.695660 186.082159 186.727002 209.621865 112.752820 171.414940 173.261256
77.686457 200.845140 149.027058 178.836358 150.602278 92.638929 185.995525 186.623336 209.685438 112.790105 171.347993 173.225921
77.978226 200.987621 149.015371 178.701564 150.654055 92.585502 185.913483 186.524308 209.759621 112.833611 171.274766 173.187272
78.275746 201.132911 149.004142 178.572049 150.692540 92.545791 185.825680 186.417196 209.849504 112.886326 171.146363 173.080308
78.571469 201.277323 148.992377 178.436359 150.709591 92.528197 185.737224 186.313047 209.950514 112.945566 171.137639 173.004609
78.872059 201.420153 148.985329 178.307756 150.882424 92.533384 185.647393 186.216875 210.075485 112.995151 171.128458 172.924936
79.169573 201.557249 148.978426 178.175737 150.946677 92.556838 185.568746 186.132699 210.196612 113.039816 171.119752 172.849638
79.467300 201.690779 148.971402 178.041420 151.027463 92.586326 185.507409 186.067248 210.320178 113.085381 171.111035 172.774240
79.765119 201.824349 148.962339 177.909934 151.117217 92.623515 185.475339 186.033027 210.443088 113.130704 171.093178 172.600018
80.066222 201.959393 148.952938 177.776665 151.201673 92.709185 185.485041 185.857080 210.564591 113.175508 171.086662 172.524900
80.368603 202.095010 148.949859 177.645153 151.310219 92.772247 185.544177 185.784012 210.689940 113.221730 171.079619 172.443705
80.671257 202.230749 148.949000 177.515256 151.416783 92.880355 185.591974 185.683150 210.814445 113.267641 171.068398 172.371200
80.970627 202.365015 148.948112 177.380959 151.533808 92.999074 185.633621 185.559369 210.935197 113.312168 171.053206 172.298878
81.271456 202.499936 148.947206 177.243962 151.661503 93.128618 185.670212 185.434538 211.058245 113.350546 171.037685 172.224991
81.569549 202.633629 148.946349 177.114465 151.770044 93.285492 185.711714 185.312168 211.193287 113.366657 171.022637 172.153354
81.868097 202.767527 148.943493 176.976215 151.843814 93.462863 185.772011 185.187038 211.322471 113.382069 171.005842 172.073399
82.168369 202.902225 148.937736 176.838535 152.011715 93.443483 185.839712 185.078399 211.450265 113.397315 170.989416 171.995206
82.470026 203.037746 148.923846 176.607180 152.156653 93.321387 185.920456 184.967227 211.580442 113.412846 170.950330 171.824866
82.769584 203.172324 148.915207 176.475463 152.296589 93.196683 185.985676 184.854624 211.717371 113.429182 170.930650 171.745469
83.073247 203.308747 148.940020 176.349226 152.424130 93.062536 186.051258 184.734342 211.847448 113.444700 170.912269 171.671313
83.374082 203.443899 148.930949 176.210623 152.552429 92.927592 186.107059 184.609357 211.977228 113.460183 170.894369 171.599098
83.673550 203.578436 148.922158 176.076310 152.697685 92.808281 186.130874 184.476892 212.105618 113.475501 170.871219 171.518560
83.971922 203.712482 148.906248 175.866311 152.846242 92.690961 186.147600 184.344973 212.238476 113.491351 170.834193 171.432595
84.272849 203.847675 148.895479 175.736588 152.979341 92.559181 186.166209 184.210757 212.370806 113.492038 170.789729 171.329363
84.576147 203.983934 148.886373 175.608311 153.115353 92.424516 186.164793 184.079028 212.507943 113.487877 170.736595 171.213940
84.874337 204.117898 148.876750 175.472752 153.249054 92.290125 186.147921 183.948817 212.637284 113.483953 170.675957 171.089308
85.177453 204.254074 148.867199 175.338190 153.379155 92.147974 186.130997 183.818209 212.765729 113.480205 170.608975 170.951638
85.477923 204.389063 148.857803 175.205823 153.570819 91.941660 186.112310 183.685550 212.894488 113.476989 170.431506 170.686588
85.781769 204.525567 148.847968 175.067272 153.645145 91.776162 186.088116 183.554871 213.031646 113.473564 170.316653 170.546825
86.085136 204.661672 148.838381 174.932212 153.683838 91.594845 186.063866 183.423897 213.162005 113.470309 170.158216 170.317115
86.389071 204.797978 148.825498 174.766027 153.723303 91.409909 186.039472 183.292136 213.299862 113.466866 170.053552 170.142360
86.673206 204.925404 148.814867 174.630042 153.763686 91.220670 186.015332 183.161752 213.436619 113.463451 169.905174 169.871514
86.942741 205.046283 148.804258 174.494356 153.802650 91.038081 185.990045 183.025173 213.570978 113.460095 169.769508 169.619587
87.223409 205.172154 148.793580 174.357773 153.843201 90.848059 185.965207 182.889732 213.702037 113.456822 169.692901 169.477535
87.486283 205.290046 148.784432 174.240759 153.869015 90.659186 185.940367 182.753275 213.838794 113.453407 169.625047 169.349278
87.747333 205.407119 148.774074 174.108263 153.887484 90.470789 185.916154 182.620260 213.972552 113.450067 169.563889 169.233656
88.001722 205.521205 148.763818 173.977063 153.906256 90.279307 185.892746 182.491674 214.110359 113.445232 169.509463 169.130764
88.267426 205.640365 148.753616 173.846561 153.924765 90.090512 185.852147 182.265003 214.243112 113.438983 169.470656 169.057395
88.543896 205.764354 148.743266 173.714165 153.943224 89.902215 185.828051 182.129834 214.378762 113.432597 169.432262 168.985014
88.815165 205.886011 148.732971 173.582467 153.961918 89.711529 185.804042 181.995157 214.511515 113.426348 169.395992 168.916751
89.089002 206.006308 148.722489 173.448376 153.980495 89.522037 185.781210 181.867076 214.640872 113.420259 169.358726 168.846640
89.366732 206.126948 148.712123 173.315781 153.999823 89.336437 185.757429 181.733679 214.773425 113.414019 169.324465 168.782179
89.650515 206.250218 148.702077 173.187273 154.105286 89.193196 185.733087 181.597132 214.903081 113.407916 169.256816 168.654911
89.932280 206.372611 148.694151 173.085882 154.188492 89.019940 185.710395 181.469839 215.033937 113.401756 169.220966 168.587445
90.208626 206.492673 148.688758 173.016893 154.271786 88.846504 185.687387 181.340774 215.170885 113.395310 169.186196 168.522009
90.453413 206.599045 148.682539 172.937335 154.354949 88.673339 185.669731 181.241735 215.307633 113.388873 169.150299 168.454454
90.662431 206.689874 148.675374 172.870230 154.437290 88.501886 185.657902 181.175381 215.441885 113.382553 169.122896 168.402883
90.849987 206.771377 148.672926 172.841297 154.517380 88.335121 185.652585 181.145551 215.572793 113.374022 169.110414 168.379393
91.019018 206.844830 148.666730 172.742440 154.621737 88.173303 185.629252 180.993673 215.702009 113.364053 169.060187 168.285607
91.196486 206.921949 148.663169 172.672430 154.729159 88.019625 185.621546 180.932759 215.836908 113.353646 169.032981 168.235292
91.390371 207.006202 148.658642 172.583446 154.844365 87.869705 185.612146 180.858451 215.973303 113.343124 168.995929 168.166768
91.590951 207.093364 148.653124 172.474986 154.977187 87.728579 185.600537 180.766682 216.102460 113.324806 168.961588 168.103257
91.811215 207.193541 148.646967 172.353942 155.103979 87.593861 185.586268 180.653881 216.224297 113.260856 168.923251 168.032358
92.034460 207.295678 148.640209 172.221114 155.237144 87.452371 185.570028 180.525504 216.340998 113.199602 168.887531 167.966297
92.270800 207.403805 148.633432 172.087886 155.367842 87.313502 185.552935 180.390381 216.463720 113.135187 168.848909 167.894870
