205.053500 176.782700 238.750489 104.947344 109.587800 123.215500 152.875711 162.565875 128.611738 124.360023 114.091600 160.260200
205.030835 176.770585 238.754463 105.101593 109.587043 123.240789 152.875561 162.565743 128.587122 124.464366 114.108247 160.248066
204.993970 176.750881 238.757473 105.218454 109.585681 123.286268 152.875561 162.565743 128.559425 124.488597 114.144515 160.222990
204.935587 176.719674 238.766460 105.349445 109.583692 123.352739 152.875561 162.565743 128.517729 124.525075 114.197185 160.187518
204.862476 176.680595 238.775932 105.486819 109.614009 123.443098 152.875561 162.565743 128.461658 124.574129 114.219994 160.172157
204.770844 176.631617 238.783711 105.599651 109.610938 123.545552 152.875561 162.565743 128.399747 124.635991 114.163784 160.075833
204.663338 176.574154 238.792647 105.729244 109.567246 123.653735 152.875561 162.565743 128.330860 124.713904 114.065227 160.013055
204.539075 176.507734 238.800172 105.838384 109.521027 123.760347 152.875561 162.565743 128.249453 124.805977 114.019329 159.946193
204.310239 176.385439 238.806769 105.934057 109.492429 123.826315 152.875561 162.565743 128.157714 124.909737 113.966584 159.869354
204.152447 176.301136 238.812657 106.019455 109.525701 123.941534 152.875561 162.565743 128.067366 125.011924 113.905575 159.780479
203.978867 176.208399 238.818847 106.109241 109.592203 123.988302 152.875561 162.565743 127.982135 125.108224 113.836700 159.680144
203.791616 176.108358 238.825589 106.207009 109.655679 124.032940 152.875561 162.565743 127.893914 125.207887 113.760361 159.562794
203.592369 176.001909 238.832639 106.309266 109.715392 124.074933 152.875561 162.565743 127.805627 125.307625 113.673929 159.429218
203.381480 175.889239 238.840612 106.424892 109.776086 124.117616 152.875561 162.565743 127.739482 125.382356 113.578211 159.285258
203.158617 175.772384 238.850867 106.544181 109.840707 124.163060 152.875561 162.565743 127.692904 125.435012 113.475331 159.123103
202.920587 175.665564 238.880689 106.659281 109.908027 124.210403 152.875561 162.565743 127.661631 125.470365 113.368912 158.948942
202.667960 175.552192 238.910911 106.775929 109.972075 124.255444 152.875561 162.565743 127.643345 125.491038 113.270836 158.788435
202.414968 175.438657 238.941761 106.894998 110.013383 124.284494 152.875561 162.565743 127.622806 125.514257 113.161797 158.574863
202.164530 175.326268 238.972786 107.014744 110.037105 124.301176 152.875561 162.565743 127.602929 125.536728 113.126404 158.456130
201.854310 175.229161 239.004588 107.137491 110.101704 124.303882 152.875561 162.565743 127.578812 125.563992 113.002638 158.201960
201.590804 175.149791 239.026233 107.221033 110.167973 124.176343 152.875561 162.565743 127.543167 125.604289 112.966810 158.143459
201.332085 175.071862 239.040228 107.275049 110.196194 124.119013 152.875561 162.565743 127.407159 125.757098 112.947799 158.112418
201.071069 174.993241 239.044918 107.293151 110.232409 124.045443 152.875561 162.565743 127.347070 125.824100 112.938920 158.097921
200.809766 174.914533 239.047878 107.304574 110.266814 123.975553 152.875561 162.565743 127.277167 125.902046 112.934847 158.091269
200.545685 174.834989 239.049307 107.310092 110.301351 123.905392 152.875561 162.565743 127.198183 125.990117 112.932757 158.087858
200.282180 174.755618 238.989612 107.512443 110.337080 123.832810 152.875561 162.565743 127.111588 126.086674 112.932026 158.086664
200.020780 174.676882 238.965646 107.559041 110.370248 123.765431 152.875561 162.565743 127.023591 126.184795 112.931765 158.086238
199.761009 174.598636 238.933355 107.621824 110.405094 123.694643 152.875561 162.565743 126.936659 126.281723 112.931765 158.086238
199.497120 174.519150 238.891781 107.702660 110.439277 123.625201 152.875561 162.565743 126.849928 126.378427 112.931765 158.086238
199.221714 174.470679 238.841653 107.800125 110.475493 123.551631 152.875561 162.565743 126.761728 126.476769 112.931765 158.086238
198.962995 174.392752 238.784666 107.910929 110.502786 123.496185 152.875561 162.565743 126.671190 126.577716 112.931765 158.086238
198.704181 174.314796 238.770584 108.041735 110.517847 123.465591 152.875561 162.565743 126.579451 126.680004 112.931765 158.086238
198.444313 174.236523 238.759964 108.179025 110.522661 123.455811 152.875561 162.565743 126.488485 126.781641 112.931765 158.086238
198.090500 174.130062 238.749800 108.310433 110.523367 123.454376 152.866015 162.557367 126.396889 126.884324 112.931765 158.086238
197.735195 174.023428 238.739504 108.443535 110.523700 123.453700 152.843315 162.537448 126.310485 126.981187 112.931765 158.086238
197.476514 173.945722 238.728962 108.579828 110.523700 123.453700 152.725903 162.432422 126.224147 127.077975 112.931765 158.086238
197.213628 173.866721 238.719060 108.707846 110.523700 123.453700 152.678174 162.387127 126.133825 127.178443 112.931765 158.086238
196.862364 173.761179 238.708880 108.839453 110.482031 123.405889 152.613544 162.325795 126.047630 127.274285 112.931765 158.086238
196.539313 173.664087 238.698484 108.973851 110.442372 123.393665 152.543255 162.259092 125.956621 127.375481 112.931765 158.086238
196.277667 173.585477 238.687988 109.109546 110.379587 123.374314 152.459258 162.179380 125.871975 127.472818 112.931765 158.086238
196.017936 173.507443 238.678063 109.237863 110.307213 123.317462 152.364089 162.089067 125.790600 127.567439 112.931765 158.086238
195.759355 173.429754 238.700023 109.382680 110.205828 123.286186 152.274724 162.004261 125.726114 127.642424 112.931765 158.086238
195.522027 173.358475 238.689971 109.512692 110.092425 123.253702 152.185721 161.919800 125.630122 127.749543 112.931765 158.086238
195.186193 173.235166 238.680042 109.641109 109.963112 123.220934 152.001595 161.758574 125.613878 127.767482 112.931765 158.086238
195.024862 173.194821 238.669836 109.773115 109.822749 123.185365 151.813423 161.589954 125.606965 127.775117 112.931765 158.086238
194.891554 173.160722 238.660548 109.896936 109.689656 123.151639 151.695522 161.479145 125.601528 127.781121 112.931765 158.086238
194.796029 173.136288 238.651165 110.038926 109.663240 122.845153 151.566327 161.357721 125.595621 127.787644 112.931765 158.086238
194.730528 173.115755 238.640641 110.198179 109.682591 122.712760 151.431156 161.230682 125.584546 127.799875 112.931765 158.086238
194.699177 173.102342 238.629029 110.373895 109.702160 122.578883 151.295487 161.103150 125.561188 127.825671 112.931765 158.086238
194.689431 173.098172 238.616732 110.559989 109.731512 122.452441 151.157418 160.973353 125.523802 127.866959 112.931765 158.086238
194.685386 173.096442 238.603959 110.753268 109.769700 122.329642 151.020514 160.844653 125.540384 128.019583 112.930355 158.083936
194.682352 173.095144 238.591299 110.944850 109.808393 122.205220 150.879166 160.711774 125.592090 128.098324 112.926072 158.076943
194.682076 173.095026 238.578870 111.132940 109.847472 122.079556 150.743969 160.584616 125.651096 128.188182 112.919805 158.066709
194.682076 173.095026 238.566577 111.318934 109.886136 121.955229 150.610425 160.453880 125.721849 128.295929 112.907114 158.045987
194.682076 173.095026 238.554356 111.503831 109.924294 121.832525 150.474042 160.318028 125.795620 128.408272 112.882462 158.005736
194.682076 173.095026 238.541753 111.694514 109.982101 121.651213 150.340350 160.184858 125.866373 128.516019 112.848671 157.950561
194.682076 173.095026 238.529156 111.885099 109.990539 121.518634 150.204392 160.049430 125.940309 128.628613 112.808299 157.884641
194.682076 173.095026 238.516513 112.076381 110.032884 121.388553 150.081965 159.927480 126.012104 128.737948 112.758161 157.802775
194.682076 173.095026 238.503850 112.267963 110.075446 121.257806 149.949124 159.795157 126.087303 128.852465 112.588381 157.576400
194.682076 173.095026 238.491280 112.458148 110.119721 121.127527 149.684399 159.508235 126.161598 128.967689 112.514044 157.469142
194.682076 173.095026 238.478525 112.651127 110.164209 120.998375 149.590238 159.387515 126.232592 129.077903 112.433270 157.352597
194.682076 173.095026 238.465090 112.835732 110.207330 120.873194 149.499890 159.271684 126.303641 129.188200 112.340989 157.219450
194.678858 173.093649 238.452597 113.029430 110.272918 120.758118 149.401301 159.145286 126.375285 129.299423 112.238535 157.077212
194.672698 173.091014 238.440671 113.214346 110.349217 120.647111 149.285425 159.019679 126.498256 129.479879 112.142153 156.944275
194.657252 173.084406 238.428751 113.399162 110.444964 120.306504 149.150586 158.889392 126.579678 129.584663 112.066519 156.835941
194.561579 173.109048 238.416497 113.589167 110.428112 120.172964 149.012943 158.756394 126.663509 129.692894 112.007779 156.751464
194.544774 173.172148 238.411959 113.861384 110.411034 120.037637 148.833000 158.582110 126.748075 129.802074 111.962175 156.684529
194.525497 173.244525 238.415467 114.054052 110.429302 119.909303 148.699389 158.450992 126.829824 129.907617 111.919809 156.626684
194.512912 173.291778 238.418963 114.246020 110.480787 119.788735 148.521717 158.234313 127.004675 130.163702 111.893575 156.590863
194.505062 173.321250 238.422486 114.439488 110.535295 119.661086 148.407041 158.082698 127.081517 130.271030 111.873426 156.563353
194.502257 173.331783 238.425870 114.625357 110.589489 119.534173 148.293708 157.934332 127.158358 130.378359 111.862318 156.548185
194.501800 173.333500 238.429404 114.819425 110.718764 119.218246 148.124037 157.705863 127.245641 130.482741 111.854754 156.537859
194.501800 173.333500 238.432843 115.008294 110.823449 119.038407 148.022806 157.550300 127.352595 130.554247 111.853336 156.535923
194.501800 173.333500 238.436219 115.193663 110.902486 118.926750 147.919121 157.390966 127.480741 130.565034 111.852805 156.535197
194.501800 173.333500 238.440810 115.386558 110.978585 118.813075 147.817835 157.235320 127.700533 130.580888 111.852627 156.534955
194.501800 173.333500 238.446753 115.591972 111.054725 118.698701 147.662857 156.995534 127.836162 130.594386 111.852568 156.534874
194.501800 173.333500 238.453223 115.815578 111.131530 118.583328 147.559305 156.833140 127.967713 130.607479 111.852568 156.534874
194.501800 173.333500 238.458607 116.008101 111.204900 118.473116 147.458065 156.674372 128.103741 130.621017 111.849909 156.531243
194.501800 173.333500 238.423988 116.225189 111.316731 118.406870 147.360319 156.521085 128.235788 130.634159 111.841105 156.519223
194.501800 173.333500 238.423384 116.418285 111.431783 118.345919 147.255000 156.362106 128.331913 130.643726 111.828756 156.502361
194.501800 173.333500 238.423364 116.608785 111.719125 118.116169 147.150431 156.204310 128.458400 130.665708 111.820543 156.491147
194.425133 173.314464 238.423345 116.793885 111.773055 117.994703 147.051331 156.054765 128.522485 130.667070 111.813512 156.481547
194.414522 173.287582 238.423329 116.940985 111.825647 117.876254 146.945215 155.894634 128.561577 130.667901 111.811266 156.478481
194.397816 173.245260 238.423317 117.060385 111.878157 117.757987 146.839873 155.735670 128.757372 130.658586 111.808548 156.474770
194.358395 173.198063 238.423308 117.138685 111.932284 117.639339 146.736409 155.579541 128.831392 130.662032 111.808430 156.474608
194.304249 173.144022 238.423303 117.189485 112.022261 117.534970 146.484549 155.227837 128.912305 130.665800 111.808312 156.474447
194.232114 173.093022 238.323112 117.282180 112.107080 117.436584 146.387498 155.059984 128.991619 130.669493 111.808312 156.474447
194.135446 173.040162 238.235043 117.279859 112.195164 117.334411 146.305858 154.893024 129.073330 130.673297 111.808312 156.474447
194.007368 173.010265 238.130479 117.277103 112.279330 117.236783 146.215305 154.730357 129.153943 130.677051 111.808312 156.474447
193.868783 173.032351 238.056605 117.275155 112.365389 117.136958 146.127619 154.574534 129.232558 130.680711 111.808312 156.474447
193.778349 173.095198 238.017118 117.274115 112.454583 117.033498 146.058619 154.451915 129.304380 130.684055 111.808312 156.474447
193.729339 173.155565 238.003123 117.273746 112.543515 116.930340 145.999812 154.345717 129.385392 130.687827 111.808312 156.474447
193.704476 173.193313 237.997525 117.273598 112.632579 116.827031 145.954670 154.260992 129.462908 130.691436 111.808312 156.474447
193.662174 173.284517 237.994926 117.273530 112.718965 116.726828 145.921707 154.199126 129.536129 130.694845 111.808312 156.474447
193.641009 173.364152 237.993926 117.273503 112.810093 116.624271 145.889068 154.139819 129.609549 130.698264 111.808312 156.474447
193.615683 173.459444 237.993926 117.273503 112.898922 116.525418 145.850763 154.071872 129.668485 130.701008 111.808312 156.474447
193.584680 173.576095 237.993926 117.273503 112.991561 116.422326 145.811868 154.002881 129.702149 130.702575 111.808312 156.474447
193.552497 173.704376 237.993926 117.273503 113.096593 116.335895 145.774791 153.937112 129.729619 130.703854 111.808312 156.474447
193.522815 173.851614 237.993926 117.273503 113.206425 116.266347 145.735160 153.866814 129.745802 130.704608 111.808312 156.474447
193.490999 174.009439 237.993926 117.273503 113.321580 116.193429 145.658113 153.721802 129.749597 130.704785 111.808312 156.474447
193.454836 174.184945 237.993926 117.273503 113.352263 115.975302 145.605246 153.611519 129.749897 130.704799 111.808312 156.474447
193.412850 174.371376 237.993926 117.273503 113.287246 115.861690 145.485524 153.487761 129.750097 130.704808 111.808312 156.474447
193.366757 174.576050 237.993926 117.273503 113.219597 115.743479 145.378651 153.432423 129.750097 130.704808 111.808312 156.474447
193.311463 174.789074 237.993926 117.273503 113.150656 115.623010 145.316042 153.319749 129.750097 130.704808 111.808312 156.474447
193.237680 174.994239 237.993926 117.273503 113.083602 115.505840 145.249159 153.199383 129.750097 130.704808 111.808312 156.474447
193.126881 175.182428 237.993926 117.273503 112.983519 115.341852 145.181693 153.077969 129.750097 130.704808 111.808312 156.474447
192.963026 175.324732 237.993926 117.273503 112.908921 115.231018 145.115538 152.958914 129.750097 130.704808 111.808312 156.474447
192.781307 175.437690 237.993926 117.273503 112.833096 115.118359 145.053027 152.846415 129.750097 130.704808 111.808312 156.474447
192.585040 175.526199 237.993926 117.273503 112.758386 115.007359 144.995129 152.742221 129.750097 130.704808 111.808312 156.474447
192.392025 175.635374 237.993926 117.273503 112.686078 114.899927 144.955058 152.670106 129.750097 130.704808 111.801871 156.465653
192.229093 175.773874 237.993926 117.273503 112.614105 114.792992 144.928003 152.621418 129.761584 130.705343 111.792595 156.452987
192.100786 175.944942 237.993926 117.273503 112.495506 114.599588 144.914209 152.596593 129.792051 130.706761 111.779922 156.433131
192.033516 176.153209 237.993926 117.273503 112.426650 114.481264 144.909303 152.587764 129.926560 130.685624 111.778968 156.425390
191.991009 176.363594 237.993926 117.273503 112.360159 114.367002 144.907652 152.584792 129.948364 130.662890 111.777831 156.416159
191.945275 176.572138 237.993926 117.273503 112.293466 114.252395 144.907020 152.583656 129.964907 130.645641 111.777232 156.411296
191.899241 176.782050 237.993926 117.273503 112.225768 114.136059 144.906729 152.583132 130.004432 130.652212 111.776950 156.409013
191.853486 176.990692 237.993926 117.273503 112.159075 114.021451 144.906600 152.582900 130.033702 130.621675 111.776914 156.408716
191.807773 177.199138 237.993926 117.273503 112.092936 113.907795 144.906600 152.582900 130.077574 130.575905 111.776902 156.408616
191.767912 177.381021 237.993926 117.273503 111.963297 113.703700 144.906600 152.582900 130.186479 130.535011 111.776902 156.408616
191.736725 177.523959 237.993926 117.273503 111.885543 113.592241 144.906600 152.582900 130.212775 130.551383 111.776902 156.408616
191.712509 177.634948 237.993926 117.273503 111.811365 113.485725 144.906600 152.582900 130.219146 130.572127 111.776902 156.408616
191.694091 177.719362 237.975809 117.328707 111.733535 113.373709 144.906600 152.582900 130.221730 130.580539 111.776902 156.408616
191.681855 177.775442 237.991559 117.371820 111.656447 113.262761 144.906600 152.582900 130.222699 130.583693 111.776902 156.408616
191.672049 177.820385 238.014137 117.433625 111.525810 113.075674 144.906600 152.582900 130.206194 130.655714 111.776902 156.408616
191.666997 177.843540 238.043819 117.514873 111.451339 112.970709 144.906600 152.582900 130.185301 130.679688 111.776902 156.408616
191.660517 177.873241 238.097003 117.606950 111.373338 112.860768 144.906600 152.582900 130.151202 130.718814 111.776902 156.408616
191.655635 177.895615 238.166457 117.711840 111.295511 112.751072 144.915750 152.507228 130.067937 130.827741 111.776902 156.408616
191.653695 177.904506 238.228417 117.831587 111.159385 112.571701 144.946130 152.493594 130.017136 130.901061 111.776902 156.408616
191.651819 177.913104 238.282330 117.950321 111.021079 112.395693 144.993207 152.472466 129.950970 130.985605 111.776902 156.408616
191.650007 177.921408 238.335497 118.067415 110.943659 112.290019 145.048547 152.389257 129.881799 131.071520 111.776902 156.408616
191.649304 177.924632 238.392097 118.192067 110.865647 112.183538 145.015419 152.306976 129.832758 131.132432 111.775214 156.394920
191.648472 177.928443 238.448324 118.315900 110.783558 112.071491 144.975419 152.207626 129.798580 131.174883 111.771570 156.365344
191.648323 177.929127 238.505130 118.441007 110.703419 111.962105 144.929144 152.092692 129.781334 131.196303 111.770000 156.352600
191.648259 177.929420 238.562226 118.566752 110.622039 111.851026 144.876034 151.960782 129.776380 131.202457 111.770000 156.352600
191.648238 177.929518 238.618867 118.691495 110.542136 111.741964 144.816912 151.813937 129.775816 131.203158 111.770000 156.352600
191.648238 177.929518 238.675094 118.815327 110.465425 111.637258 144.753270 151.655868 129.775816 131.203158 111.770000 156.352600
191.648238 177.929518 238.729130 118.934334 110.388064 111.531664 144.688458 151.479216 129.775816 131.203158 111.770000 156.352600
191.648238 177.929518 238.785399 119.058257 110.251596 111.343484 144.623721 151.296336 129.775816 131.203158 111.770000 156.352600
191.648238 177.929518 238.989351 119.102833 110.176963 111.237654 144.561720 151.121185 129.775816 131.203158 111.770000 156.352600
191.648238 177.929518 239.137883 119.067832 110.089969 111.130915 144.468588 150.849709 129.775816 131.203158 111.770000 156.352600
191.648238 177.929518 239.297997 119.030101 110.012427 111.027706 144.408210 150.667450 129.775816 131.203158 111.770000 156.352600
191.648238 177.929518 239.472517 118.988975 109.930621 110.918061 144.350534 150.487076 129.771677 131.208299 111.770000 156.352600
191.648238 177.929518 239.655831 118.939719 109.848038 110.807374 144.297588 150.303144 129.755183 131.228784 111.770000 156.352600
191.648238 177.929518 239.850302 118.874236 109.767787 110.699813 144.244698 150.119405 129.767289 131.266347 111.770000 156.352600
191.648089 177.930201 240.025439 118.815262 109.688613 110.593695 144.168459 149.841052 129.742649 131.296963 111.627010 156.181494
191.647790 177.931569 240.191479 118.759351 109.597561 110.489866 144.118119 149.653904 129.704443 131.345785 111.591932 156.162904
191.646959 177.935380 240.348325 118.706537 109.511724 110.392264 144.069546 149.473323 129.660364 131.403849 111.538474 156.134574
191.645637 177.941437 240.504736 118.652776 109.420518 110.287769 144.020817 149.292162 129.638355 131.432841 111.469554 156.098050
191.643783 177.949937 240.670291 118.592776 109.331483 110.185759 143.971334 149.108201 129.628378 131.445983 111.381283 156.051271
191.641011 177.962638 240.828523 118.521365 109.246919 110.088873 143.923442 148.928997 129.623601 131.452275 111.315131 155.986117
191.637238 177.979932 240.994052 118.443417 109.160191 109.989231 143.883189 148.745049 129.620275 131.456656 111.253005 155.904591
191.634851 177.990874 241.171266 118.354655 109.069877 109.884889 143.843299 148.562763 129.619066 131.458249 111.206598 155.841674
191.632442 178.001914 241.355722 118.262266 108.983620 109.785234 143.803858 148.382528 129.618824 131.458568 111.174335 155.793717
191.626452 178.029369 241.553053 118.163428 108.896447 109.684521 143.771022 148.232479 129.618703 131.458727 111.143299 155.747585
191.621954 178.049984 241.757179 118.061187 108.812220 109.587210 143.746887 148.122189 129.618643 131.458807 111.111426 155.700208
191.619524 178.061122 241.972661 117.953258 108.726094 109.487707 143.730619 148.047848 129.618643 131.458807 111.067218 155.634495
191.617477 178.070501 242.195564 117.841612 108.596902 109.340966 143.753653 147.998992 129.618643 131.458807 111.033338 155.588134
191.616412 178.075386 242.420480 117.709704 108.508224 109.240773 143.740980 147.941062 129.618643 131.458807 110.980437 155.525544
191.616284 178.075972 242.635673 117.578186 108.421932 109.143275 143.734719 147.912439 129.618643 131.458807 110.943784 155.482153
191.616262 178.076070 242.841735 117.452248 108.291294 109.001306 143.730936 147.895148 129.612838 131.466453 110.896521 155.425106
191.616262 178.076070 243.027149 117.338930 108.198646 108.904634 143.729654 147.889287 129.607033 131.474099 110.858775 155.374666
191.616262 178.076070 243.203348 117.231244 108.103160 108.805003 143.727794 147.880788 129.592159 131.493693 110.829716 155.335835
191.616262 178.076070 243.362396 117.134040 108.008228 108.705948 143.725828 147.871800 129.572689 131.519339 110.799399 155.295322
191.616262 178.076070 243.508901 117.044502 107.845624 108.540631 143.720571 147.847769 129.544693 131.556217 110.760515 155.243361
191.616262 178.076070 243.640389 116.964141 107.750721 108.445888 143.713861 147.817094 129.507749 131.604882 110.716358 155.184353
191.616262 178.076070 243.766245 116.887223 107.658390 108.352556 143.703325 147.768933 129.493228 131.775853 110.664113 155.114537
191.616262 178.076070 243.875906 116.817782 107.567928 108.254378 143.693387 147.723507 129.527280 131.861644 110.601143 155.030390
191.616262 178.076070 243.964408 116.761467 107.474429 108.152880 143.678407 147.655027 129.602643 131.943547 110.527508 154.928303
191.616262 178.076070 244.044473 116.710520 107.380998 108.051454 143.671247 147.622301 129.691074 132.039653 110.448429 154.812534
191.616262 178.076070 244.115511 116.665318 107.306674 107.970770 143.634614 147.365014 129.779438 132.135685 110.376950 154.668092
191.616262 178.076070 244.175919 116.626880 107.257892 107.917814 143.612437 147.294834 129.851618 132.214129 110.315929 154.501410
191.616262 178.076070 244.244172 116.583449 107.230723 107.888321 143.565700 147.140748 129.963979 132.349538 110.085105 154.168349
191.616262 178.076070 244.306520 116.543776 107.198470 107.730911 143.511561 147.040150 129.974009 132.413152 109.947190 154.017489
191.616262 178.076070 244.380005 116.497016 107.249659 107.674195 143.486061 146.911759 129.982103 132.561007 109.816944 153.841194
191.616262 178.076070 244.444884 116.455733 107.315187 107.601594 143.458633 146.769988 129.973695 132.610398 109.689241 153.643801
191.616262 178.076070 244.527227 116.403337 107.394470 107.513523 143.431006 146.544059 129.951548 132.666806 109.554205 153.435074
191.616262 178.076070 244.622647 116.342619 107.485369 107.412497 143.418694 146.373954 129.928691 132.712386 109.416737 153.215697
191.616156 178.076558 244.724142 116.278037 107.584761 107.302030 143.396633 146.015001 129.887983 132.772137 109.272898 152.982841
191.615602 178.079099 244.835592 116.207119 107.692113 107.182716 143.408760 145.799712 129.866981 132.802962 109.138429 152.743074
191.614472 178.084277 244.916436 116.030487 107.810836 107.050765 143.405615 145.615639 129.725129 132.964814 109.008000 152.500972
191.611402 178.098346 244.875626 115.873505 107.935375 106.911821 143.402656 145.442464 129.546131 132.998592 108.913639 152.241645
191.608631 178.111047 244.834163 115.714006 108.050568 106.765784 143.399462 145.255492 129.450176 133.013462 108.824039 151.981651
191.602257 178.140260 244.793429 115.557314 108.167990 106.616921 143.396303 145.070619 129.342142 133.029387 108.755003 151.712737
191.594817 178.174358 244.752537 115.398082 108.285226 106.468293 143.393001 144.877347 129.213236 133.017000 108.702334 151.458592
191.586888 178.210703 244.712193 115.237472 108.401347 106.321079 143.389699 144.684075 129.066255 133.093539 108.690353 151.201834
191.580834 178.238450 244.672628 115.076359 108.516415 106.175199 143.390978 144.491820 129.100826 133.170581 108.663241 150.954475
191.572776 178.275381 244.634779 114.922238 108.636129 106.023431 143.395529 144.304275 129.136781 133.230641 108.680600 150.708900
191.565229 178.309967 244.579452 114.739275 108.751011 105.877786 143.400046 144.118130 129.170835 133.287527 108.595537 150.258752
191.559048 178.338301 244.460459 114.606065 108.869734 105.727274 143.406701 143.932522 129.198213 133.333259 108.590407 149.981100
191.555978 178.352370 244.290807 114.503869 108.972912 105.596469 143.425770 143.750217 129.222405 133.373671 108.585339 149.706747
191.553569 178.363410 244.078533 114.490991 109.048468 105.500682 143.445277 143.563734 129.243927 133.409621 108.592593 149.432475
191.552780 178.367025 243.848181 114.556325 109.099987 105.433458 143.465428 143.371086 129.268376 133.450462 108.601378 149.156115
191.552375 178.368881 243.618251 114.637072 109.136450 105.383444 143.484872 143.185200 129.271634 133.573425 108.610173 148.879455
191.552269 178.369370 243.376532 114.718374 109.153936 105.358943 143.502037 142.998512 129.221795 133.640046 108.646220 148.513712
191.552226 178.369565 243.107352 114.704783 109.158641 105.352350 143.482292 142.810379 129.152358 133.823395 108.642200 148.237641
191.552226 178.369565 242.836163 114.628923 109.160733 105.349420 143.495631 142.621750 129.115698 133.937028 108.638199 147.962871
191.552226 178.369565 242.557713 114.537192 109.161720 105.348036 143.509287 142.428632 129.076090 134.059797 108.597627 147.692924
191.552226 178.369565 242.269089 114.460370 109.162243 105.347304 143.524554 142.236762 129.033565 134.191607 108.546521 147.424750
191.552226 178.369565 241.965172 114.506292 109.162243 105.347304 143.544713 142.049443 128.991102 134.323227 108.482578 147.157319
191.552226 178.369565 241.657282 114.609924 109.162243 105.347304 143.564593 141.864710 128.951372 134.446377 108.365760 146.910576
191.552226 178.369565 241.347290 114.735069 109.162243 105.347304 143.584730 141.677590 128.909737 134.575427 108.249326 146.664646
191.552226 178.369565 241.025799 114.864856 109.162243 105.347304 143.603882 141.491072 128.867305 134.706952 108.131609 146.416004
191.552226 178.369565 240.696148 114.997937 109.162243 105.347304 143.622875 141.302526 128.826960 134.832005 107.996400 146.191339
191.552226 178.369565 240.356433 115.134124 109.162243 105.347304 143.641749 141.115175 128.786554 134.957248 107.873533 145.990314
191.552226 178.369565 240.036777 115.259049 109.162243 105.347304 143.660432 140.929713 128.736096 135.084512 107.767562 145.816934
191.552226 178.369565 239.748416 115.371743 109.162243 105.347304 143.679405 140.741367 128.657903 135.327291 107.674160 145.664118
191.552226 178.369565 239.484737 115.474791 109.162243 105.347304 143.697150 140.554325 128.621177 135.457719 107.602244 145.546456
191.552226 178.369565 239.248720 115.567028 109.162243 105.347304 143.708791 140.361877 128.585291 135.585163 107.544160 145.447681
191.552226 178.369565 239.050891 115.644342 109.162243 105.347304 143.720245 140.172523 128.550326 135.709334 107.498179 145.366958
191.552226 178.369565 238.878396 115.711754 109.162243 105.347304 143.726149 139.948820 128.512868 135.842361 107.461801 145.303093
191.552226 178.369565 238.728472 115.765801 109.162243 105.347304 143.721399 139.743275 128.476034 135.973174 107.439874 145.264599
191.552226 178.369565 238.586992 115.814419 109.166600 105.341199 143.716517 139.532032 128.439145 136.104179 107.429282 145.246004
191.552226 178.369565 238.471572 115.852683 109.175197 105.329152 143.711402 139.310691 128.403421 136.231046 107.427154 145.242268
191.552226 178.369565 238.391464 115.878936 109.186002 105.314013 143.706506 139.098847 128.368484 136.355121 107.426214 145.240617
191.552226 178.369565 238.332737 115.898182 109.209471 105.281129 143.701294 138.873307 128.332002 136.484682 107.425521 145.239401
191.552226 178.369565 238.263272 115.920947 109.242293 105.235140 143.738110 138.526611 128.296116 136.612126 107.424135 145.236968
191.552226 178.369565 238.231438 115.931380 109.414298 104.999150 143.725557 138.112503 128.260663 136.738030 107.422452 145.234013
191.552226 178.369565 238.154526 115.959121 109.469296 104.926525 143.715271 137.731072 128.200600 136.963780 107.418839 145.227670
191.552226 178.369565 238.090960 115.984913 109.536913 104.837239 143.721155 137.472471 128.172959 137.098983 107.413790 145.218807
191.552226 178.369565 238.014050 116.016120 109.616785 104.731770 143.732995 137.206834 128.146659 137.227622 107.406712 145.206382
191.552226 178.369565 237.921109 116.053832 109.703781 104.616894 143.707497 136.836403 128.127210 137.322755 107.398298 145.191610
191.552226 178.369565 237.816123 116.096431 109.801161 104.488306 143.672815 136.567026 128.113670 137.388985 107.392903 145.182139
191.552226 178.369565 237.699183 116.143881 109.909408 104.345369 143.639065 136.304890 128.096244 137.474222 107.388399 145.174232
191.552226 178.369565 237.565749 116.198023 110.026530 104.190713 143.605059 136.040770 128.085588 137.526344 107.379886 145.159286
191.552226 178.369565 237.418045 116.257956 110.140754 104.039883 143.550933 135.775667 128.078578 137.560634 107.368453 145.139214
191.552226 178.369565 237.252550 116.325107 110.255098 103.888894 143.467216 135.453662 127.968963 137.621445 107.353406 145.112799
191.552226 178.369565 237.074916 116.397184 110.365398 103.743247 143.367933 135.092418 127.905349 137.612075 107.342072 145.092901
191.552226 178.369565 236.880232 116.476179 110.476724 103.596244 143.324958 134.851178 127.829270 137.600869 107.329451 145.070743
191.552226 178.369565 236.674336 116.559723 110.593302 103.442305 143.288764 134.547495 127.730635 137.586340 107.320641 145.055276
191.552226 178.369565 236.455375 116.648569 110.708613 103.290040 143.273870 134.371123 127.668208 137.577145 107.316928 145.048759
191.552226 178.369565 236.226591 116.741400 110.823139 103.138812 143.280270 134.021429 127.626459 137.570995 107.315147 145.045631
191.552226 178.369565 235.984464 116.839646 110.938268 102.986787 143.294152 133.759926 127.614686 137.569261 107.314305 145.044154
191.552226 178.369565 235.734183 116.941200 111.050077 102.839146 143.299585 133.618430 127.605188 137.567862 107.314058 145.043720
191.552226 178.369565 235.471392 117.047830 111.161886 102.691505 143.303609 133.513607 127.601725 137.567352 107.311137 145.038593
191.552226 178.369565 235.193020 117.154112 111.276593 102.540038 143.308035 133.435437 127.599747 137.567061 107.305000 145.027818
191.552226 178.369565 234.903302 117.264074 111.393533 102.385621 143.311098 133.386934 127.598659 137.566900 107.291587 145.004271
191.552226 178.369565 234.616711 117.379867 111.509025 102.233117 143.313865 133.343121 127.598263 137.566842 107.256569 144.904250
191.551011 178.375134 234.326410 117.497158 111.621619 102.084440 143.315270 133.320865 127.598263 137.566842 107.251486 144.874684
191.548751 178.385491 234.028692 117.617446 111.706868 101.917256 143.317841 133.280146 127.594108 137.566230 107.248199 144.855564
191.545064 178.402393 233.725040 117.740131 111.823688 101.762998 143.317841 133.280146 127.584017 137.564744 107.247199 144.849750
191.540395 178.423790 233.423798 117.861842 111.937850 101.612247 143.318690 133.259568 127.555623 137.560561 107.246657 144.846596
191.530087 178.467079 233.119868 117.984640 112.049659 101.464606 143.319715 133.218180 127.529900 137.556772 107.246234 144.844132
191.503773 178.518878 232.809416 118.111309 112.163641 101.314095 143.321130 133.157797 127.501705 137.552619 107.244692 144.835164
191.472839 178.579772 232.491745 118.241461 112.276536 101.165019 143.319232 133.080489 127.453030 137.545449 107.239711 144.806189
191.453590 178.617663 232.177280 118.335756 112.392449 101.011957 143.312992 132.986696 127.389515 137.536094 107.236034 144.784802
191.444125 178.636296 231.875367 118.424196 112.506250 100.861685 143.305325 132.871451 127.344006 137.529391 107.234170 144.773961
191.440909 178.642626 231.581818 118.498749 112.620956 100.710217 143.297146 132.743012 127.258286 137.612890 107.233509 144.770118
191.439596 178.645212 231.293893 118.553580 112.736749 100.557315 143.288587 132.595961 127.260673 137.698057 107.233374 144.769329
191.439505 178.645390 231.009896 118.607662 112.850369 100.407282 143.279069 132.432438 127.255051 137.797627 107.235702 144.523085
191.439505 178.645390 230.733224 118.639203 112.963989 100.257249 143.275959 132.255478 127.231882 137.917203 107.250331 144.492615
191.439505 178.645390 230.453943 118.659260 113.077186 100.107774 143.273372 132.068396 127.206811 138.046597 107.275263 144.440690
191.439505 178.645390 230.191519 118.678106 113.195534 99.959561 143.270750 131.878814 127.174071 138.173296 107.306644 144.375334
191.439505 178.645390 229.950240 118.695434 113.318395 99.809941 143.282327 131.676154 127.138893 138.304150 107.344820 144.295824
191.439505 178.645390 229.694226 118.700206 113.440177 99.661635 143.292105 131.459075 127.104415 138.432396 107.392086 144.197383
191.439505 178.645390 229.455427 118.699694 113.562720 99.512401 143.342679 131.005752 126.988758 138.658384 107.446531 144.080048
191.439505 178.645390 229.218427 118.699186 113.680822 99.368577 143.378312 130.759416 127.026851 138.788617 107.500466 143.944160
191.439505 178.645390 228.993028 118.698703 113.797844 99.226067 143.432802 130.500759 127.022254 138.918736 107.559197 143.796189
191.439505 178.645390 228.765728 118.698217 113.914993 99.083403 143.519316 130.238885 127.017361 139.057249 107.622724 143.636136
191.439505 178.645390 228.538129 118.697729 114.034808 98.937492 143.639203 129.996751 126.966487 139.234967 107.692633 143.460002
191.439505 178.645390 228.324129 118.697270 114.156146 98.789727 143.803845 129.689898 126.979768 139.456064 107.767596 143.271135
191.439505 178.645390 228.068929 118.666160 114.279451 98.639566 143.934740 129.449926 126.977491 139.593245 107.849311 143.065259
191.439505 178.645390 227.848152 118.673508 114.400852 98.491723 144.072117 129.214935 126.974912 139.728320 107.929144 142.864123
191.439505 178.645390 227.630872 118.680739 114.526362 98.345683 144.239386 128.922172 126.973139 139.821203 108.008239 142.664846
191.425335 178.690797 227.415191 118.687917 114.649612 98.207182 144.362831 128.680359 126.971752 139.894490 108.087850 142.464268
191.417264 178.728544 227.200677 118.691299 114.772729 98.068830 144.503584 128.374054 126.970959 139.937083 108.163662 142.273263
191.404635 178.787609 226.985303 118.687934 114.897176 97.928984 144.628695 128.126389 126.970654 139.953480 108.226599 142.114697
191.388869 178.861342 226.763431 118.684446 115.025212 97.785105 144.765565 127.890178 126.970541 139.959579 108.280054 141.980017
191.370531 178.947103 226.542100 118.678908 115.179822 97.660910 144.897360 127.653291 126.970528 139.960279 108.323623 141.870248
191.349496 179.045480 226.327067 118.673529 115.302872 97.522632 145.118322 127.166387 126.970524 139.960479 108.353800 141.794218
191.323684 179.156827 226.109435 118.668084 115.426693 97.382766 145.247489 126.923837 126.970522 139.960579 108.373611 141.744305
191.293936 179.284815 225.891903 118.662641 115.551197 97.241635 145.390735 126.695150 126.970522 139.960579 108.385195 141.715120
191.261358 179.424978 225.672239 118.658872 115.674378 97.102004 145.522961 126.496216 126.970465 139.963678 108.388847 141.705919
191.224727 179.582577 225.427324 118.678444 115.800189 96.959772 145.597650 126.302303 126.970357 139.969477 108.390876 141.700807
191.184992 179.752078 225.201349 118.681824 115.934047 96.829335 145.652657 126.134691 126.970139 139.981175 108.391503 141.699226
191.136546 179.939209 224.959076 118.685448 116.070052 96.696804 145.700557 125.977842 126.969981 139.989674 108.391761 141.698576
191.084541 180.140087 224.704887 118.696500 116.204411 96.565878 145.753434 125.783863 126.969843 139.997072 108.391872 141.698297
191.028727 180.355679 224.435524 118.713513 116.339629 96.434115 145.790620 125.658861 126.969631 140.008470 108.391872 141.698297
190.957837 180.578335 224.155981 118.731168 116.484282 96.305030 145.829595 125.532851 126.969445 140.018469 108.391872 141.698297
190.878722 180.810103 223.868255 118.772060 116.637335 96.188113 145.867684 125.409707 126.969241 140.029467 108.391872 141.698297
190.795618 181.049912 223.570959 118.824585 116.789117 96.072167 145.908522 125.277678 126.969142 140.034766 108.391872 141.698297
190.709108 181.299547 223.263618 118.888524 116.936448 95.959621 145.943331 125.165139 126.968867 140.049563 108.391872 141.698297
190.619521 181.558064 222.946364 118.959976 117.097438 95.867617 145.972762 125.069987 126.968967 140.072253 108.391872 141.698297
190.511273 181.808205 222.629256 119.043562 117.242288 95.793523 145.994540 124.999578 126.969747 140.090036 108.391872 141.698297
190.402790 182.056108 222.309763 119.137087 117.356601 95.735050 146.022090 124.900043 126.970098 140.098028 108.391872 141.698297
190.291941 182.309416 221.990463 119.230555 117.439220 95.692789 146.084478 124.719320 126.971137 140.121705 108.391872 141.698297
190.164933 182.550679 221.683629 119.342546 117.487651 95.668015 146.092631 124.692637 126.971839 140.137690 108.391872 141.698297
190.035475 182.787847 221.393847 119.453507 117.515161 95.653943 146.100989 124.665286 126.972453 140.151676 108.391872 141.698297
189.895294 183.023131 221.092111 119.569045 117.526557 95.648114 146.113556 124.624163 126.973036 140.164964 108.391872 141.698297
189.750387 183.253790 220.801839 119.706030 117.534600 95.644000 146.124866 124.587153 126.973286 140.170658 108.391872 141.698297
189.604096 183.486650 220.556745 119.827403 117.534600 95.644000 146.138864 124.541344 126.973698 140.180049 108.391872 141.698297
189.457539 183.719934 220.322602 119.954324 117.693893 95.584139 146.151430 124.500221 126.974001 140.186942 108.391872 141.698297
189.297946 183.939995 220.092211 120.095681 117.731265 95.573709 146.168906 124.443032 126.974549 140.199430 108.391872 141.698297
189.124018 184.155840 219.861138 120.237458 117.786263 95.558359 146.187698 124.381539 126.975834 140.228702 108.391872 141.698297
188.956185 184.375198 219.636783 120.389875 117.858792 95.538118 146.202660 124.332574 126.977439 140.265267 108.391872 141.698297
188.788037 184.593039 219.413483 120.545185 117.951643 95.512204 146.230579 124.284309 126.980009 140.323811 108.391872 141.698297
188.617561 184.805115 219.186242 120.703235 118.060294 95.481568 146.253086 124.249801 126.982350 140.377159 108.391872 141.698297
188.472145 184.986015 218.959097 120.861918 118.184400 95.435157 146.281549 124.206162 126.974104 140.626540 108.391872 141.698297
188.322180 185.169489 218.741694 121.033410 118.322837 95.383388 146.447087 123.878903 126.988567 140.711010 108.391872 141.698297
188.168037 185.327300 218.524997 121.204345 118.474106 95.326819 146.476801 123.723934 127.005902 140.808069 108.391872 141.698297
188.014917 185.484292 218.312462 121.371997 118.638769 95.265242 146.507145 123.643919 127.027851 140.920955 108.391872 141.698297
187.860878 185.643738 218.097649 121.541445 118.823939 95.210022 146.536783 123.543814 127.053751 141.054160 108.391872 141.698297
187.708438 185.801530 217.880560 121.712689 119.007956 95.177900 146.571844 123.425396 127.082648 141.202777 108.391872 141.698297
187.559055 185.956157 217.670823 121.883006 119.191580 95.145847 146.610283 123.295566 127.114293 141.365529 108.391872 141.698297
187.407865 186.112655 217.462000 122.056044 119.375696 95.113708 146.649034 123.164683 127.148629 141.542122 108.391872 141.698297
187.258760 186.266995 217.248787 122.232720 119.562570 95.081088 146.683793 123.035274 127.185122 141.729807 108.391872 141.698297
187.106320 186.424787 217.038116 122.407289 119.750626 95.048261 146.717714 122.907604 127.254595 141.914222 108.391872 141.698297
186.955477 186.580924 216.826816 122.575533 119.940357 95.015142 146.752816 122.775487 127.297430 142.134496 108.391872 141.698297
186.805665 186.736527 216.615505 122.743765 120.127133 94.982538 146.787431 122.645207 127.335626 142.330916 108.391872 141.698297
186.655542 186.892664 216.402630 122.913242 120.314401 94.949849 146.821917 122.515410 127.365119 142.482575 108.391872 141.698297
186.506667 187.047503 216.164659 123.049467 120.503739 94.916799 146.884922 122.289786 127.388274 142.601645 108.391872 141.698297
186.356959 187.203207 215.924703 123.174980 120.691401 94.884041 146.921275 122.165597 127.375625 142.709151 108.391872 141.698297
186.205312 187.360930 215.666866 123.270992 120.881033 94.850939 146.957993 122.040161 127.396887 142.818605 108.391872 141.698297
186.054496 187.517787 215.406114 123.348938 121.068991 94.818129 146.992698 121.913335 127.421811 142.946906 108.391872 141.698297
185.902109 187.679360 215.137003 123.390487 121.254782 94.785698 147.027719 121.780163 127.440843 143.131232 108.391872 141.698297
185.753212 187.837766 214.862851 123.432814 121.442444 94.752940 147.060477 121.655598 127.467688 143.269246 108.391872 141.698297
185.601438 187.999232 214.588349 123.424489 121.627841 94.720577 147.062563 121.517661 127.505576 143.450091 108.391872 141.698297
185.452342 188.157999 214.318206 123.398403 121.803092 94.656479 147.096149 121.389902 127.533506 143.580944 108.391872 141.698297
185.303695 188.318554 214.048504 123.368681 121.992823 94.623361 147.132019 121.257065 127.563837 143.723043 108.391872 141.698297
185.156747 188.477273 213.780073 123.314222 122.184032 94.589984 147.169004 121.126711 127.586214 143.827881 108.395524 141.689095
185.007014 188.639001 213.510661 123.259564 122.375143 94.556625 147.206370 120.995009 127.613017 143.953453 108.399472 141.679150
184.858544 188.799364 213.242622 123.205184 122.559653 94.524418 147.244201 120.861672 127.643389 144.095747 108.408657 141.656006
184.699707 188.970925 212.977621 123.151420 122.744557 94.492142 147.280476 120.733818 127.671194 144.226013 108.425960 141.612415
184.542037 189.157069 212.712228 123.097577 122.933008 94.459247 147.317553 120.601328 127.703152 144.375740 108.510602 141.426284
184.378424 189.354222 212.447539 123.040604 123.117715 94.427006 147.344267 120.465225 127.732105 144.511385 108.530554 141.356167
184.205551 189.562532 212.183226 122.975138 123.300846 94.395040 147.369055 120.338934 127.757885 144.632164 108.556855 141.263737
184.024184 189.781078 211.916195 122.908999 123.488705 94.362248 147.395094 120.206266 127.776046 144.717247 108.587481 141.156109
183.863508 189.974691 211.647611 122.842475 123.674102 94.329886 147.421154 120.073499 127.796356 144.812404 108.623827 141.028380
183.727101 190.143552 211.383006 122.776940 123.856642 94.298023 147.453652 119.943926 127.809800 144.875385 108.659215 140.904017
183.579038 190.340538 211.117526 122.711193 124.039477 94.266108 147.485816 119.819142 127.819339 144.920079 108.696108 140.774363
183.490837 190.536831 210.849813 122.644894 124.223495 94.233987 147.526705 119.688072 127.822095 144.932988 108.729772 140.656060
183.391395 190.734439 210.586155 122.579692 124.409778 94.201470 147.572899 119.560111 127.824370 144.943648 108.755580 140.565360
183.274839 190.923145 210.323213 122.514932 124.599214 94.168404 147.622394 119.430649 127.824913 144.946190 108.771099 140.510825
183.161383 191.106831 210.056192 122.449168 124.784906 94.135990 147.663128 119.307033 127.824975 144.946484 108.779720 140.480528
183.047716 191.290857 209.790725 122.383787 124.972465 94.105028 147.702354 119.181834 127.824975 144.946484 108.782374 140.471198
182.933104 191.476415 209.512669 122.313055 125.163084 94.074173 147.743045 119.051959 127.824975 144.946484 108.782922 140.469275
182.820524 191.667332 209.250005 122.245549 125.350050 94.043909 147.783137 118.923993 127.824975 144.946484 108.782977 140.469082
182.713349 191.860834 208.982402 122.176774 125.535832 94.013837 147.822542 118.798221 127.824975 144.946484 108.803568 140.346467
182.607095 192.052674 208.714120 122.107825 125.720627 93.983924 147.863472 118.667583 127.824975 144.946484 108.807248 140.300514
