50.027500 140.452500 82.015560 166.642597 192.099845 172.319276 200.853400 211.155900 136.579892 165.665539 117.097633 141.179427
50.006892 140.467177 82.035887 166.766541 191.935128 172.268723 200.863639 211.146500 136.577630 165.583870 117.097633 141.179427
49.974392 140.490323 82.049805 166.851408 191.810658 172.230521 200.885665 211.126279 136.574764 165.480410 117.097633 141.179427
49.931140 140.521128 82.059094 166.908051 191.634030 172.177068 200.924929 211.090234 136.572449 165.297606 117.097633 141.179427
49.877544 140.559299 82.134905 166.968919 191.570020 172.157964 200.979220 211.040392 136.578385 165.169043 117.090340 141.179744
49.812218 140.605824 82.227524 166.954724 191.546029 172.136087 201.043234 210.981624 136.584349 165.039880 117.076053 141.180365
49.731091 140.663604 82.340702 166.937379 191.360557 172.072290 201.116752 210.914132 136.590649 164.903426 117.048579 141.181559
49.633835 140.732869 82.474737 166.916836 191.301477 172.073278 201.204192 210.833858 136.596747 164.771366 117.004723 141.180886
49.522651 140.812055 82.664022 166.889695 191.232129 172.089975 201.305850 210.740532 136.603089 164.634013 116.768691 141.125530
49.420264 140.884975 82.800153 166.871817 191.172356 172.075083 201.395532 210.613303 136.609375 164.497858 116.698856 141.152047
49.345734 140.938056 82.935690 166.854017 191.135968 172.066018 201.518384 210.498271 136.615735 164.360105 116.614623 141.184030
49.301912 140.969266 83.068152 166.836621 191.031500 172.041420 201.655734 210.369755 136.621741 164.230043 116.510406 141.207850
49.234335 141.110699 83.258155 166.805803 190.961077 172.020030 201.802796 210.232152 136.628106 164.092190 116.389692 141.212431
49.314072 141.142918 83.392826 166.782929 190.869508 171.992216 201.963033 210.084789 136.634457 163.954636 116.253035 141.184612
49.414484 141.183493 83.522469 166.760910 190.766840 171.961031 202.177701 209.895026 136.640656 163.820380 116.123827 141.189494
49.513160 141.256782 83.714154 166.729563 190.648575 171.925108 202.294457 209.793232 136.647021 163.682526 115.830801 141.194627
49.604783 141.350130 83.850449 166.709945 190.523421 171.887093 202.383673 209.663754 136.653095 163.550967 115.701808 141.193242
49.696057 141.443121 83.985260 166.690540 190.402371 171.839571 202.288065 209.571730 136.659133 163.420206 115.568816 141.191814
49.756536 141.559435 84.118685 166.671335 189.959726 171.719260 202.122519 209.415306 136.665336 163.285849 115.434124 141.190368
49.810693 141.676406 84.160838 166.590654 189.824193 171.702532 202.023173 209.323898 136.671627 163.149594 115.305031 141.188982
49.861135 141.797354 84.133867 166.460928 189.700363 171.668202 201.922650 209.231406 136.677969 163.012240 115.175739 141.187593
49.891216 141.896595 84.106509 166.329342 189.593398 171.638548 201.820508 209.137425 136.683901 162.883777 114.944224 141.189246
49.911609 141.963872 84.079538 166.199616 189.528062 171.620435 201.722413 209.047168 136.690109 162.749321 114.812564 141.195317
49.932959 142.034308 84.059637 166.075169 189.487573 171.574938 201.554563 208.889889 136.696086 162.619859 114.681803 141.201348
49.946109 142.080383 84.190714 166.049328 189.428211 171.558483 201.460492 208.800308 136.702101 162.489597 114.548744 141.207484
49.947988 142.110725 84.326206 166.022617 189.407396 171.552713 201.360411 208.705003 136.708466 162.351744 114.414487 141.213675
50.014500 142.156563 84.455223 165.997182 189.397085 171.549855 201.263951 208.613147 136.714812 162.214291 114.280330 141.219862
50.088072 142.150767 84.575802 165.973411 189.390821 171.548118 201.166042 208.519911 136.721020 162.079834 114.142876 141.226201
50.177994 142.143683 84.661257 165.956564 189.386292 171.546863 201.068713 208.427227 136.790402 161.891519 114.014113 141.232139
50.289448 142.134903 84.715611 165.945849 189.385521 171.546649 200.905586 208.272430 136.864305 161.784934 113.878357 141.238400
50.414154 142.124984 84.749165 165.939234 189.385328 171.546596 200.810071 208.182776 136.943451 161.670789 113.745612 141.244794
50.552318 142.113987 84.890541 165.892733 189.385328 171.546596 200.710837 208.089632 137.022369 161.556972 113.609428 141.252473
50.687689 142.103213 84.953953 165.862617 189.375788 171.543951 200.594967 207.935273 137.098039 161.447840 113.474942 141.260057
50.821666 142.092550 85.029379 165.826796 189.346878 171.535938 200.523274 207.825513 137.176331 161.334927 113.344948 141.267387
50.954845 142.081950 85.116458 165.785441 189.213316 171.497476 200.449941 207.713240 137.299307 161.130256 113.212966 141.307930
51.182379 142.055171 85.221332 165.735635 189.148391 171.477940 200.388958 207.598372 137.374895 161.024859 113.083572 141.315229
51.313193 142.027543 85.337226 165.680595 189.063837 171.452496 200.328036 207.476334 137.454096 160.914423 112.955675 141.322443
51.442454 142.000849 85.454476 165.624912 189.004371 171.434602 200.269703 207.359485 137.527119 160.812601 112.825182 141.329804
51.578421 141.978450 85.669467 165.524823 188.939734 171.415152 200.212265 207.244425 137.584407 160.732720 112.689554 141.336613
51.708370 141.957042 85.788850 165.470167 188.862744 171.391984 200.151119 207.121939 137.628000 160.671936 112.562896 141.342615
51.839601 141.935423 85.907233 165.415969 188.761316 171.395936 200.090330 207.000169 137.721007 160.524097 112.424552 141.349170
51.975568 141.913023 86.030617 165.359481 188.656461 171.364380 200.032623 206.884572 137.741831 160.488779 112.289803 141.355555
52.086868 141.894688 86.148091 165.305699 188.536668 171.328329 199.929646 206.686556 137.832815 160.367439 112.161147 141.361651
52.189189 141.877831 86.237470 165.264780 188.416971 171.292306 199.827374 206.479732 137.870503 160.304104 112.026099 141.368050
52.268322 141.864795 86.291842 165.239887 188.296300 171.248499 199.770623 206.355478 137.919390 160.221949 111.894646 141.374278
52.322097 141.855936 86.323302 165.225484 188.082125 171.195226 199.715576 206.234954 137.979220 160.121404 111.761795 141.380573
52.338773 141.853189 86.477662 165.176133 187.964007 171.157161 199.658202 206.109337 138.025499 160.043632 111.635034 141.353576
52.348146 141.851644 86.553750 165.158522 187.839797 171.117134 199.603570 205.989722 137.977113 159.876371 111.496490 141.360151
52.353178 141.850815 86.644160 165.137596 187.711196 171.075734 199.547816 205.867652 137.908790 159.833425 111.365837 141.366351
52.354461 141.850604 86.749086 165.113311 187.585261 171.035194 199.490192 205.741488 137.847409 159.794843 111.227293 141.372921
52.355152 141.850490 86.868334 165.085710 187.365517 170.966572 199.444202 205.640794 137.784588 159.755356 111.093742 141.379243
52.435233 141.924543 87.002974 165.054547 187.245597 170.931652 199.414123 205.574938 137.722361 159.716241 110.959693 141.385589
52.441502 141.961211 87.135959 165.023767 187.117997 170.894496 199.394140 205.531186 137.661403 159.677925 110.827241 141.391858
52.451309 142.018578 87.368306 164.988974 187.001133 170.826087 199.300636 205.436021 137.591386 159.633914 110.694390 141.398147
52.463678 142.090929 87.499286 164.973426 186.873533 170.788931 199.226096 205.428692 137.525687 159.592617 110.560939 141.404464
52.478608 142.178262 87.635828 164.957218 186.746414 170.751911 199.152749 205.421481 137.455416 159.548447 110.422263 141.412017
52.497211 142.287083 87.767702 164.941564 186.614113 170.713369 199.077811 205.414113 137.404872 159.516677 110.288339 141.424447
52.517921 142.408226 87.900668 164.925780 186.482485 170.675023 198.997597 205.406226 137.382775 159.502787 110.156207 141.436710
52.541950 142.548786 88.134892 164.900024 186.351720 170.636931 198.914697 205.398076 137.326279 159.402773 110.026066 141.448788
52.568693 142.705217 88.263166 164.888387 186.224412 170.599846 198.840455 205.390776 137.346046 159.341587 109.891359 141.494410
52.598317 142.878503 88.399406 164.876027 186.095375 170.562257 198.760242 205.382890 137.372762 159.258896 109.756639 141.506930
52.630856 143.068842 88.536045 164.863631 185.966180 170.529158 198.685801 205.375571 137.404457 159.160788 109.624708 141.519191
52.665704 143.272685 88.674178 164.851100 185.834246 170.497409 198.613649 205.368477 137.442239 159.043840 109.490187 141.531693
52.702253 143.486483 88.802949 164.839418 185.707562 170.466924 198.540601 205.361295 137.483772 158.915283 109.355297 141.544497
52.739292 143.703140 89.044173 164.820595 185.489692 170.404657 198.461781 205.353545 137.526135 158.784156 109.223834 141.560223
52.775403 143.914375 89.176006 164.812211 185.367973 170.359862 198.387639 205.346255 137.567821 158.655122 109.115109 141.573230
52.804724 144.085887 89.305345 164.803985 185.155102 170.288280 198.308221 205.338447 137.607632 158.531894 109.020385 141.584562
52.827540 144.219351 89.435083 164.795734 185.031639 170.252295 198.229899 205.330746 137.649534 158.402194 108.938767 141.594326
52.872759 144.484046 89.569711 164.787172 184.889942 170.245315 198.157249 205.323604 137.689653 158.278014 108.878557 141.586813
52.884195 144.550875 89.703042 164.778692 184.764170 170.208673 198.111769 205.319132 137.761712 158.054955 108.838438 141.578359
52.891414 144.593062 89.805518 164.673930 184.633983 170.170744 197.958855 205.316866 137.804375 157.922874 108.814464 141.573307
52.964732 144.647152 89.801350 164.536493 184.509364 170.134438 197.878261 205.320988 137.844087 157.799929 108.799591 141.570173
53.042978 144.642227 89.797282 164.402355 184.291037 170.069424 197.800149 205.324698 137.886596 157.668324 108.790491 141.568256
53.134497 144.636467 89.793320 164.271715 184.167974 170.030408 197.739517 205.327578 137.927568 157.541477 108.787751 141.567678
53.244679 144.629533 89.789319 164.139776 184.035759 169.988490 197.711449 205.328911 137.968386 157.415105 108.787262 141.567575
53.370330 144.621625 89.785221 164.004638 183.906310 169.947449 197.625338 205.358644 138.010250 157.285499 108.787066 141.567534
53.513746 144.612598 89.781238 163.873298 183.728370 169.907302 197.579238 205.376673 138.048486 157.167121 108.786968 141.567513
53.669039 144.602825 89.777070 163.735861 183.582822 169.865255 197.552044 205.387308 138.076334 157.080907 108.786968 141.567513
53.837306 144.592234 89.772975 163.600823 183.419789 169.818156 197.544966 205.390076 138.096681 157.017911 108.786968 141.567513
54.022939 144.580551 89.768995 163.469584 183.239944 169.766200 197.539564 205.392189 138.107900 156.983178 108.780021 141.566049
54.220448 144.568120 89.764973 163.336945 183.047609 169.710636 197.537236 205.393099 138.226713 156.932729 108.761429 141.562131
54.428836 144.555005 89.761005 163.206105 182.749333 169.624530 197.536212 205.393500 138.291943 156.945667 108.738434 141.557286
54.652593 144.540922 89.757107 163.077564 182.525970 169.559994 197.535746 205.393682 138.375318 156.962205 108.723854 141.554213
54.888127 144.526098 89.754300 162.985006 182.286274 169.490739 197.535700 205.393700 138.471838 156.981349 108.718179 141.553017
55.137833 144.510383 89.752305 162.919237 182.035146 169.418181 197.535700 205.393700 138.585425 157.003879 108.715928 141.552543
55.492316 144.477553 89.751363 162.888151 181.770568 169.341736 197.535700 205.393700 138.679100 157.022459 108.713776 141.552090
55.763501 144.448848 89.831161 162.791394 181.518960 169.269039 197.535700 205.393700 138.754153 157.038186 108.713580 141.552048
56.037967 144.419796 89.896062 162.784185 181.293483 169.203892 197.535700 205.393700 138.912619 157.087593 108.713580 141.552048
56.313031 144.390681 89.975971 162.775310 181.086259 169.144019 197.535700 205.393700 138.984071 157.101006 108.713580 141.552048
56.581829 144.362229 90.057569 162.766247 180.913140 169.094000 197.535700 205.393700 139.059749 157.115213 108.713580 141.552048
56.852020 144.333630 90.137279 162.757393 180.780179 169.055584 197.535700 205.393700 139.114591 157.125507 108.713580 141.552048
57.123205 144.304925 90.215200 162.748738 180.699918 169.112744 197.535700 205.393700 139.162652 157.134529 108.713580 141.552048
57.394788 144.276178 90.294711 162.739907 180.758183 169.232302 197.535700 205.393700 139.197837 157.141134 108.713580 141.552048
57.669752 144.247074 90.370644 162.731473 180.817193 169.353389 197.535700 205.393700 139.248846 157.150710 108.713580 141.552048
57.941376 144.220940 90.443993 162.723326 180.873924 169.469801 197.535700 205.393700 139.306538 157.161540 108.713580 141.552048
58.214506 144.199118 90.521118 162.714759 180.927721 169.580190 197.535700 205.393700 139.366295 157.172757 108.713580 141.552048
58.487536 144.177304 90.596057 162.706436 180.966097 169.658937 197.535700 205.393700 139.428115 157.184362 108.713580 141.552048
58.759170 144.155602 90.674873 162.697681 180.921931 169.794447 197.535700 205.393700 139.484530 157.194952 108.713580 141.552048
59.029808 144.133979 90.750110 162.689325 180.840605 169.789130 197.535700 205.393700 139.556669 157.208494 108.713580 141.552048
59.299847 144.112404 90.831510 162.680284 180.758081 169.783734 197.535700 205.393700 139.636770 157.223531 108.713580 141.552048
59.570270 144.134337 90.906349 162.671971 180.676654 169.778430 197.535700 205.393700 139.708910 157.237073 108.713580 141.552048
59.830805 144.214199 91.042303 162.652754 180.602989 169.773959 197.535700 205.393700 139.781247 157.250652 108.713580 141.552048
60.053765 144.282544 91.138257 162.636621 180.528027 169.769410 197.535700 205.393700 139.853878 157.264286 108.713580 141.552048
60.246800 144.341715 91.255708 162.616874 180.455361 169.765000 197.535700 205.393700 139.909113 157.274655 108.713580 141.552048
60.646398 144.394596 91.391305 162.594076 180.382395 169.760572 197.535700 205.393700 139.955798 157.283418 108.713580 141.552048
60.770075 144.356201 91.631659 162.562128 180.302941 169.755750 197.535700 205.393700 139.985480 157.288990 108.713580 141.552048
60.859944 144.328301 91.798953 162.553837 180.220693 169.750758 197.535700 205.393700 139.999043 157.291536 108.713580 141.552048
60.933577 144.305442 91.985331 162.544733 180.146729 169.746269 197.535700 205.393700 140.006709 157.292975 108.713580 141.552048
61.011031 144.281397 92.188566 162.530119 180.073863 169.741847 197.535700 205.393700 140.008085 157.293233 108.713580 141.552048
61.070720 144.262866 92.359290 162.514914 179.993011 169.736940 197.535700 205.393700 140.008183 157.293252 108.713580 141.552048
61.103001 144.252845 92.493168 162.508624 179.912460 169.732051 197.535700 205.393700 140.008183 157.293252 108.713580 141.552048
61.128978 144.244780 92.593747 162.506571 179.834104 169.727296 197.535700 205.393700 140.008183 157.293252 108.713580 141.552048
61.143781 144.240185 92.658740 162.505973 179.752853 169.722365 197.535700 205.393700 140.008183 157.293252 108.713580 141.552048
61.147505 144.239029 92.688940 162.506041 179.676793 169.717749 197.535700 205.393700 140.008183 157.293252 108.713580 141.552048
61.158775 144.235530 92.743691 162.446346 179.597839 169.712957 197.535700 205.393700 140.008183 157.293252 108.713580 141.552048
61.163645 144.234018 92.739410 162.372270 179.525572 169.708571 197.535700 205.393700 140.008183 157.293252 108.713580 141.552048
61.166606 144.233099 92.734311 162.284017 179.446816 169.703791 197.535700 205.393700 140.008183 157.293252 108.704480 141.550131
61.171763 144.231498 92.728196 162.178194 179.373751 169.699357 197.535700 205.393700 140.008183 157.293252 108.681583 141.545306
61.187235 144.226695 92.721274 162.058394 179.292101 169.694402 197.535700 205.393700 140.008183 157.293252 108.319435 141.523319
61.221425 144.216080 92.713411 161.922321 179.209553 169.689392 197.535700 205.393700 140.008183 157.293252 108.261481 141.540687
61.311686 144.204941 92.704550 161.768976 179.128901 169.684497 197.535700 205.393700 140.008183 157.293252 108.185136 141.563567
61.332591 144.202089 92.694623 161.597163 179.048250 169.679603 197.535700 205.393700 140.008183 157.293252 108.092794 141.591241
61.348015 144.199750 92.684055 161.414268 178.974286 169.675114 197.535700 205.393700 140.008183 157.293252 107.984830 141.620242
61.481239 144.152627 92.733435 161.240836 178.910304 169.671231 197.535700 205.393700 140.008183 157.293252 107.857950 141.629256
61.591897 144.179327 92.931140 161.165691 178.872074 169.668910 197.535700 205.393700 140.008183 157.293252 107.728975 141.638418
61.759289 144.173660 93.139168 161.088463 178.689033 169.657645 197.535700 205.393700 140.008183 157.293252 107.594215 141.647991
61.843467 144.171730 93.344041 161.010244 178.620763 169.653423 197.535700 205.393700 140.008183 157.293252 107.459486 141.659192
61.942441 144.169461 93.545719 160.932623 178.545906 169.648794 197.535700 205.393700 140.008183 157.293252 107.323649 141.671571
62.057311 144.166827 93.743145 160.835103 178.473744 169.644332 197.535700 205.393700 140.008183 157.293252 107.187911 141.683941
62.191876 144.163742 93.943628 160.743824 178.401282 169.639852 197.535700 205.393700 140.008183 157.293252 107.055062 141.696047
62.346136 144.127226 94.206481 160.598401 178.321435 169.634914 197.535700 205.393700 140.008183 157.293252 106.918129 141.708526
62.517491 144.123308 94.393461 160.491799 178.241487 169.629971 197.535700 205.393700 140.008183 157.293252 106.782989 141.720841
62.699643 144.119143 94.588995 160.405902 178.159244 169.624885 197.535700 205.393700 140.008183 157.293252 106.654422 141.732558
62.899091 144.114582 94.795107 160.329549 178.080694 169.620028 197.535700 205.393700 140.008183 157.293252 106.516394 141.745136
63.108836 144.109786 95.001314 160.253162 177.998951 169.614973 197.535700 205.393700 140.008183 157.293252 106.381851 141.757397
63.329579 144.104739 95.212060 160.187336 177.932777 169.610882 197.379365 205.348876 140.008183 157.293252 106.251233 141.765725
63.565579 144.089583 95.422112 160.134073 177.893352 169.608444 197.352441 205.322203 140.008183 157.293252 106.121725 141.772786
63.760841 144.076502 95.635266 160.080023 177.734045 169.595758 197.311024 205.281171 140.008183 157.293252 105.989821 141.779978
63.941137 144.064424 95.842216 160.027546 177.658314 169.588271 197.226729 205.194495 140.008183 157.293252 105.853524 141.787410
64.102476 144.053616 96.054207 159.973792 177.577409 169.580272 197.165777 205.135681 140.008183 157.293252 105.742762 141.766329
64.239670 144.044317 96.267943 159.919594 177.494712 169.572096 197.091873 205.064370 140.008183 157.293252 105.656370 141.747596
64.340864 144.036445 96.482745 159.865127 177.420076 169.564717 197.003935 204.979518 140.008183 157.293252 105.602033 141.735814
64.503214 144.057575 96.692289 159.821367 177.346136 169.557407 196.903117 204.882236 140.008183 157.293252 105.577991 141.730600
64.546200 144.054446 96.907687 159.778099 177.268913 169.549773 196.793375 204.776345 140.008183 157.293252 105.574300 141.729800
64.567743 144.052877 97.124358 159.734575 177.187808 169.541754 196.672983 204.660177 140.008183 157.293252 105.574300 141.729800
64.580908 144.051919 97.340442 159.691170 177.105211 169.533588 196.544763 204.526120 140.008183 157.293252 105.574300 141.729800
64.586394 144.051520 97.552114 159.648650 177.029878 169.526140 196.421265 204.365150 140.008183 157.293252 105.574300 141.729800
64.597464 144.050714 97.769864 159.604910 176.957133 169.518948 196.301116 204.188788 140.008183 157.293252 105.574300 141.729800
64.631774 144.048217 97.979771 159.562745 176.883094 169.511628 196.174042 204.002260 140.008183 157.293252 105.574300 141.729800
64.741695 144.040578 98.197521 159.519005 176.802288 169.503639 196.041394 203.807550 140.008183 157.293252 105.574300 141.729800
64.801755 144.009736 98.549098 159.427480 176.723571 169.495857 195.900132 203.600196 140.008183 157.293252 105.359147 141.572855
64.881252 144.008738 98.719390 159.378123 176.650329 169.488616 195.750958 203.380566 140.008183 157.293252 105.349341 141.545564
64.972575 144.003055 98.853279 159.339317 176.567632 169.480440 195.595162 203.151048 140.018011 157.295097 105.314080 141.544806
65.081564 143.996271 98.962677 159.307610 176.489811 169.472746 195.442772 202.927701 140.044155 157.300003 105.231891 141.480910
65.206722 143.988482 99.051425 159.281888 176.408308 169.464688 195.274872 202.713584 140.113619 157.270432 105.226698 141.478559
65.341661 143.980083 99.102522 159.267078 176.332980 169.458490 195.093746 202.564590 140.107336 157.203426 105.225058 141.477817
65.470225 143.972827 99.127206 159.259924 176.254701 169.454132 194.926135 202.469061 140.099299 157.117702 105.044675 141.397690
65.601377 143.976396 99.139596 159.256333 176.180615 169.450008 194.785662 202.397392 140.089283 157.010870 105.008784 141.381927
65.734628 143.980023 99.144879 159.254802 176.103235 169.445700 194.664251 202.335448 140.077446 156.884624 104.952659 141.357277
65.862898 144.005021 99.146223 159.254412 176.030448 169.441648 194.536677 202.250604 140.064135 156.742647 104.885180 141.327641
66.091100 143.908986 99.146799 159.254245 175.950871 169.437218 194.424204 202.172763 140.049787 156.589618 104.803052 141.291571
66.121266 143.763787 99.147184 159.254134 175.869393 169.430946 194.322490 202.081134 140.036156 156.444255 104.757730 141.271666
66.155358 143.599691 99.147184 159.254134 175.813914 169.382128 194.231724 201.988580 140.023746 156.319471 104.622196 141.190419
66.192644 143.420223 99.147184 159.254134 175.758435 169.333309 194.147459 201.890378 139.896052 156.118730 104.564075 141.128258
66.232594 143.227929 99.147184 159.254134 175.726133 169.285317 194.061500 201.790202 139.742754 156.001824 104.494548 141.053899
66.275941 143.019284 99.147184 159.254134 175.720074 169.248513 193.971243 201.685018 139.577531 155.857668 104.414162 140.967927
66.335577 142.711154 99.147184 159.254134 175.657988 169.199819 193.881768 201.580744 139.444234 155.747111 104.322712 140.870120
66.375159 142.493321 99.147184 159.254134 175.591164 169.217407 193.797373 201.482390 139.274314 155.658796 104.234403 140.775674
66.414150 142.278735 99.147184 159.254134 175.503741 169.240415 193.707246 201.377358 139.087979 155.561950 104.081148 140.606434
66.453124 142.064247 99.147184 159.254134 175.399394 169.267878 193.619855 201.275513 138.896320 155.462336 103.994939 140.509130
66.491579 141.852612 99.147184 159.254134 175.279188 169.299514 193.535069 201.176704 138.732523 155.377204 103.904619 140.407186
66.530999 141.635665 99.147184 159.254134 175.146796 169.334358 193.450478 201.078122 138.529381 155.229978 103.817681 140.309058
66.569186 141.425506 99.147184 159.254134 175.096588 169.510454 193.364195 200.973228 138.509591 155.106307 103.731141 140.211380
66.581861 141.116379 99.147184 159.254134 175.156752 169.664824 193.303095 200.859275 138.527834 155.009752 103.642611 140.111456
66.591499 140.899293 99.147184 159.254134 175.220909 169.832468 193.203424 200.661502 138.617516 154.970489 103.488963 139.943231
66.601136 140.682207 99.147184 159.254134 175.274092 169.971439 193.143566 200.537049 138.684937 154.940972 103.394956 139.844123
66.610831 140.463822 99.147184 159.254134 175.316268 170.081644 193.087045 200.419535 138.782373 154.900484 103.304460 139.748715
66.620487 140.246336 99.147184 159.254134 175.348542 170.165979 193.029180 200.299227 138.849531 154.873438 103.211073 139.650260
66.630208 140.027352 99.147184 159.254134 175.366806 170.213704 192.969365 200.174864 138.920400 154.844898 103.115897 139.549919
66.639779 139.811764 99.147184 159.254134 175.376814 170.239854 192.918754 200.055209 138.996186 154.814377 103.024368 139.453423
66.649279 139.597775 99.147184 159.254134 175.380674 170.249941 192.872465 199.925310 139.064550 154.786846 102.953760 139.378983
66.658905 139.381088 99.147184 159.254134 175.382711 170.255264 192.827518 199.799179 139.134306 154.758753 102.891135 139.312960
66.668763 139.159307 99.147184 159.254134 175.383784 170.258066 192.757972 199.587652 139.201279 154.731782 102.845783 139.265147
66.678482 138.940623 99.147184 159.254134 175.384355 170.259561 192.723628 199.455750 139.273725 154.702606 102.816191 139.233949
66.688122 138.723737 99.147184 159.254134 175.384463 170.259841 192.689762 199.325686 139.344593 154.674066 102.699321 139.188303
66.697611 138.510248 99.147184 159.254134 175.384463 170.259841 192.655216 199.193010 139.418104 154.642477 102.563443 139.135920
66.707424 138.289466 99.147184 159.254134 175.384463 170.259841 192.621753 199.064495 139.486634 154.604807 102.495127 139.059774
66.922351 138.019929 99.147184 159.254134 175.384463 170.259841 192.588265 198.935884 139.546595 154.563865 102.416394 138.972015
67.125144 137.947022 99.147184 159.254134 175.384463 170.259841 192.529183 198.711537 139.606834 154.511961 102.282621 138.858651
67.334110 137.876380 99.147184 159.254134 175.384463 170.259841 192.494369 198.580172 139.711687 154.384860 102.153102 138.868592
67.545222 137.817759 99.147184 159.254134 175.384463 170.259841 192.460490 198.448874 139.788470 154.293685 102.020891 138.878739
67.845547 137.734452 99.147184 159.254134 175.384463 170.259841 192.428989 198.324089 139.806885 154.129851 101.892469 138.888596
68.148199 137.653154 99.147184 159.254134 175.384463 170.259841 192.395285 198.190578 139.800632 154.009914 101.754674 138.899171
68.357446 137.597974 99.147184 159.254134 175.384463 170.259841 192.361385 198.056291 139.793775 153.878393 101.619272 138.909564
68.565665 137.540522 99.147184 159.254134 175.384463 170.259841 192.294264 197.925267 139.787341 153.754961 101.490251 138.919466
68.774454 137.482881 99.147184 159.254134 175.384463 170.259841 192.261367 197.794956 139.840917 153.612508 101.356545 138.929728
68.985365 137.424655 99.147184 159.254134 175.384463 170.259841 192.198508 197.574599 139.968389 153.594774 101.221741 138.940075
69.338531 137.340704 99.147184 159.254134 175.384463 170.259841 192.159783 197.444542 140.101903 153.576199 101.091026 138.950107
69.695315 137.313306 99.147184 159.254134 175.384463 170.259841 192.121999 197.317648 140.238785 153.557156 100.955424 138.960515
69.912313 137.303940 99.147184 159.254134 175.384463 170.259841 192.083187 197.187303 140.367743 153.539216 100.821419 138.970800
70.131209 137.294492 99.147184 159.254134 175.384463 170.259841 192.027332 196.955386 140.476000 153.524155 100.688509 138.981001
70.348906 137.285096 99.147184 159.254134 175.384463 170.259841 191.995939 196.822339 140.551374 153.513669 100.552809 138.991416
70.565704 137.275739 99.147184 159.254134 175.384463 170.259841 191.964777 196.690266 140.599412 153.506986 100.415413 139.001961
70.786699 137.266201 99.147184 159.254134 175.384463 170.259841 191.935107 196.564519 140.624569 153.503486 100.297858 139.010984
71.004196 137.256813 99.147184 159.254134 175.384463 170.259841 191.905756 196.436131 140.637049 153.501750 100.210216 139.017710
71.220694 137.247469 99.147184 159.254134 175.384463 170.259841 191.876697 196.308908 140.640417 153.501281 100.138128 139.023243
71.441189 137.237952 99.278930 159.215804 175.384463 170.259841 191.846079 196.174860 140.640912 153.501212 100.076111 139.028003
71.718360 137.228896 99.310423 159.206635 175.384463 170.259841 191.817109 196.048026 140.641000 153.501200 100.040116 139.030766
71.932895 137.223589 99.355933 159.193386 175.384463 170.259841 191.786848 195.915538 140.641000 153.501200 100.022269 139.032135
72.243676 137.217705 99.419974 159.174741 175.384463 170.259841 191.756854 195.784220 140.641000 153.501200 100.015589 139.032648
72.463346 137.214086 99.505235 159.149919 175.384463 170.259841 191.727171 195.654267 140.641000 153.501200 100.010503 139.033038
72.680617 137.210508 99.605185 159.120820 175.384463 170.259841 191.697043 195.526678 140.594766 153.275405 100.009905 139.033084
72.899987 137.206894 99.721938 159.086829 175.384463 170.259841 191.665719 195.396082 140.587635 153.237571 100.009706 139.033100
73.209326 137.198255 99.850404 159.049428 175.384677 170.260401 191.635607 195.270543 140.577578 153.184210 100.009706 139.033100
73.425904 137.190981 99.991928 159.008226 175.385178 170.261709 191.605449 195.144809 140.564608 153.112271 100.009706 139.033100
73.733982 137.187978 100.146126 158.963334 175.386714 170.265725 191.574848 195.017227 140.548899 153.024160 100.009706 139.033100
73.951239 137.192295 100.316839 158.913633 175.387328 170.271722 191.544713 194.891591 140.530241 152.919511 100.009706 139.033100
74.166597 137.196574 100.499553 158.860439 175.386713 170.277389 191.512386 194.756814 140.506594 152.796493 100.009706 139.033100
74.537192 137.200158 100.694461 158.803695 175.386206 170.282062 191.479838 194.622605 140.474345 152.655842 99.977306 139.090691
74.753042 137.204794 100.903579 158.742813 175.385331 170.290114 191.447842 194.494129 140.425671 152.433729 99.978306 139.125677
74.971092 137.209477 101.111064 158.682407 175.383464 170.307313 191.415942 194.366042 140.395147 152.266288 99.979744 139.175956
75.248098 137.215296 101.317494 158.622308 175.382320 170.317851 191.383172 194.234461 140.366991 152.111833 99.981679 139.243629
75.469966 137.219045 101.609065 158.531896 175.381607 170.324413 191.350378 194.102783 140.346311 151.994253 99.984043 139.326295
75.683335 137.222651 101.897919 158.404723 175.378033 170.328584 191.319324 193.978092 140.333963 151.903186 99.986907 139.426454
75.896905 137.226260 102.094293 158.317189 175.376855 170.329666 191.287235 193.848815 140.306533 151.755889 99.990166 139.540408
76.179585 137.235063 102.294594 158.227904 175.375971 170.330478 191.255974 193.721188 140.302854 151.736129 99.994036 139.675752
76.399036 137.243148 102.494439 158.138823 175.375455 170.330951 191.225141 193.595309 140.300365 151.722758 99.997875 139.809997
76.617088 137.251181 102.696019 158.048968 175.375234 170.331154 191.194428 193.469916 140.298974 151.715287 100.001797 139.947141
76.929598 137.258508 102.897600 157.959113 175.375161 170.331222 191.162096 193.337918 140.298736 151.714009 99.996910 140.147714
77.143990 137.256655 103.102902 157.878511 175.375161 170.331222 191.131097 193.211359 140.298736 151.714009 99.987258 140.276954
77.358082 137.254804 103.308864 157.804371 175.375161 170.331222 191.098455 193.081303 140.298736 151.714009 99.977048 140.413673
77.575974 137.252920 103.516392 157.738079 175.374424 170.331898 191.063697 192.956970 140.298736 151.714009 99.966756 140.551490
77.789466 137.251074 103.723844 157.673420 175.370742 170.335280 191.026950 192.825509 140.298736 151.714009 99.959778 140.644929
78.003958 137.249188 103.932070 157.605898 175.365881 170.339744 190.992831 192.696650 140.298736 151.714009 99.954922 140.709948
78.316339 137.230669 104.144437 157.545168 175.361977 170.343329 190.957433 192.562956 140.298736 151.714009 99.951876 140.750735
78.533998 137.211524 104.356128 157.497464 175.353728 170.350905 190.901014 192.440708 140.298736 151.714009 99.848461 140.800970
78.749965 137.192529 104.549948 157.454284 175.344448 170.359428 190.843753 192.322108 140.331236 151.708009 99.780579 140.804981
78.970314 137.173147 104.701350 157.438715 175.324414 170.377826 190.773465 192.205521 140.327761 151.688517 99.699221 140.809787
79.186254 137.156463 104.820126 157.426520 175.277964 170.399332 190.692670 192.097065 140.323186 151.660893 99.605385 140.815331
79.406489 137.139512 104.899634 157.442561 175.219960 170.424239 190.608889 191.991851 140.321308 151.649548 99.492282 140.822014
79.625268 137.121737 104.947210 157.458263 175.160858 170.454285 190.524908 191.892347 140.319298 151.637413 99.363207 140.829640
79.846539 137.103760 104.968196 157.465189 175.117981 170.476083 190.425933 191.801719 140.318890 151.634947 99.231637 140.837413
80.061132 137.086325 104.976173 157.467822 175.074391 170.498243 190.327695 191.711766 140.318743 151.634059 99.093677 140.845564
80.282303 137.068356 104.984150 157.470454 175.041408 170.515011 190.242712 191.615289 140.318710 151.633861 98.960809 140.853414
80.496796 137.050929 104.985384 157.470862 175.011278 170.530329 190.154668 191.514407 140.318710 151.633861 98.832233 140.861010
80.715071 137.032065 104.985479 157.470893 174.995857 170.538169 190.065636 191.412394 140.318710 151.633861 98.703058 140.868642
80.931409 137.013937 104.985479 157.470893 174.989973 170.541160 189.976276 191.310005 140.318710 151.633861 98.603831 140.874505
81.144423 136.993416 104.985479 157.470893 174.984982 170.543697 189.888823 191.209800 140.318710 151.633861 98.549925 140.877689
81.357138 136.972923 104.985479 157.470893 174.982753 170.544830 189.799266 191.107185 140.318710 151.633861 98.517382 140.879612
81.573835 136.952046 104.985479 157.470893 174.982486 170.544966 189.709380 191.004192 140.318710 151.633861 98.501210 140.880568
81.793816 136.930854 104.985479 157.470893 174.982396 170.545012 189.623965 190.906323 140.318710 151.633861 98.497018 140.880815
82.008341 136.908368 104.985479 157.470893 174.982396 170.545012 189.537827 190.807626 140.320667 151.409937 98.494522 140.880963
82.226539 136.885437 104.985479 157.470893 174.982396 170.545012 189.450702 190.707798 140.300021 151.371432 98.492625 140.881075
82.443861 136.863813 104.985479 157.470893 174.982396 170.545012 189.362789 190.607066 140.269564 151.311195 98.492226 140.881098
82.665158 136.843814 104.985479 157.470893 174.982396 170.545012 189.274741 190.508996 140.202189 151.228960 98.492200 140.881100
82.886196 136.826686 105.030878 157.435353 174.982396 170.545012 189.183139 190.407932 140.167457 151.127014 98.492200 140.881100
83.099456 136.810162 105.044506 157.397852 174.982396 170.545012 189.094358 190.309979 140.125091 151.014136 98.492200 140.881100
83.320173 136.789152 105.062576 157.348134 174.982396 170.545012 189.004905 190.211286 140.056267 150.898811 98.492200 140.881100
83.538740 136.758545 105.087408 157.279807 174.982396 170.545012 188.913034 190.109925 139.979295 150.769833 98.492200 140.881100
83.751167 136.728798 105.117604 157.196724 174.982396 170.545012 188.825730 190.013602 139.903973 150.655062 98.492200 140.881100
83.970131 136.698136 105.156198 157.092877 174.982396 170.545012 188.734800 189.913279 139.804335 150.491253 98.492200 140.881100
84.190063 136.669947 105.195642 156.972588 174.982396 170.545012 188.642929 189.811918 139.721848 150.383880 98.406239 140.886115
84.409964 136.687493 105.228932 156.834648 174.982396 170.545012 188.555827 189.715817 139.630643 150.282701 98.363014 140.888668
84.625778 136.704714 105.257741 156.715275 174.982396 170.545012 188.465098 189.615716 139.523556 150.179674 98.296330 140.892608
84.842225 136.723817 105.276767 156.636439 174.982396 170.545012 188.377800 189.519400 139.396553 150.072718 98.215072 140.897408
85.052851 136.793330 105.289201 156.584918 174.982396 170.545012 188.235367 189.324105 139.253950 149.971045 98.113349 140.903417
85.257589 136.860900 105.295605 156.558380 174.982396 170.545012 188.088739 189.147379 139.080431 149.904898 97.994457 140.910440
85.466410 136.929818 105.296990 156.552644 174.982396 170.545012 187.998976 189.044943 138.889403 149.837534 97.856098 140.918613
85.671148 136.997388 105.297740 156.549534 174.982396 170.545012 187.908225 188.941379 138.679021 149.776345 97.727821 140.926191
85.879590 137.066180 105.298069 156.548173 174.982396 170.545012 187.821824 188.842778 138.458268 149.712140 97.590760 140.934288
86.085088 137.134000 105.298303 156.547201 174.982396 170.545012 187.671140 188.661083 138.229788 149.653854 97.461386 140.941930
86.296093 137.203639 105.390237 156.499628 174.982396 170.545012 187.587480 188.558206 138.036788 149.622538 97.373839 140.947102
86.488181 137.301390 105.427625 156.504466 174.982396 170.545012 187.499908 188.450519 137.865970 149.617239 97.321630 140.950186
86.736691 137.395712 105.489212 156.512434 174.982396 170.545012 187.412826 188.348821 137.718359 149.626521 97.290085 140.952049
86.942801 137.470326 105.567063 156.522508 174.982396 170.545012 187.327603 188.250918 137.290229 149.584028 97.276109 140.952875
87.234051 137.593038 105.657906 156.534262 174.982396 170.545012 187.241986 188.152562 137.022420 149.189103 97.274212 140.952987
87.432417 137.685366 105.764021 156.547992 174.982396 170.545012 187.155581 188.053301 137.001237 149.054662 97.273014 140.953058
87.622207 137.791928 105.888087 156.564045 174.982396 170.545012 187.067731 187.952381 136.969069 148.927522 97.272316 140.953099
87.805120 137.913809 106.028814 156.582254 174.982396 170.545012 186.979159 187.850631 136.935460 148.799563 97.272316 140.953099
87.986285 138.034525 106.188582 156.602927 174.982396 170.545012 186.902537 187.762609 136.901977 148.672086 97.272316 140.953099
88.167117 138.155020 106.360449 156.625165 174.982396 170.545012 186.846466 187.698195 136.868368 148.544127 97.272316 140.953099
88.346618 138.274627 106.551060 156.649828 174.982396 170.545012 186.814294 187.661236 136.836297 148.412993 97.272316 140.953099
88.526042 138.395584 106.758332 156.676648 174.982396 170.545012 186.799784 187.644567 136.816006 148.280234 97.272316 140.953099
88.704725 138.521688 106.975224 156.704712 174.982396 170.545012 186.788884 187.632046 136.796048 148.149651 97.272316 140.953099
88.885123 138.649004 107.184199 156.684144 174.982396 170.545012 186.787506 187.630462 136.775379 148.014421 97.272316 140.953099
89.064622 138.775685 107.381094 156.592448 174.982396 170.545012 186.786915 187.629783 136.759512 147.886281 97.272316 140.953099
89.215689 138.882300 107.579349 156.500118 174.982396 170.545012 186.786652 187.629482 136.748615 147.748512 97.272316 140.953099
89.329377 138.957241 107.779054 156.407113 174.982396 170.545012 186.786652 187.629482 136.710000 147.624383 97.272316 140.953099
89.424266 138.995468 108.031672 156.280198 174.982396 170.545012 186.786652 187.629482 136.705990 147.492744 97.272316 140.953099
89.492627 139.023009 108.192802 156.162735 174.982396 170.545012 186.786652 187.629482 136.699747 147.358192 97.272316 140.953099
89.529173 139.037732 108.322012 156.068036 174.982396 170.545012 186.786652 187.629482 136.693041 147.223059 97.272316 140.953099
89.542529 139.043113 108.428101 155.988821 174.982396 170.545012 186.786652 187.629482 136.686207 147.085328 97.272316 140.953099
89.550692 139.046401 108.520088 155.920137 174.982396 170.545012 186.786652 187.629482 136.679650 146.953191 97.272316 140.953099
89.554588 139.047971 108.586513 155.870538 174.982396 170.545012 186.786652 187.629482 136.680090 146.820172 97.272316 140.953099
89.555701 139.048419 108.627859 155.839666 174.982396 170.545012 186.781531 187.623599 136.687572 146.683276 97.272316 140.953099
89.556165 139.048606 108.768976 155.847356 174.982396 170.545012 186.769187 187.609418 136.694660 146.553570 97.272316 140.953099
89.556350 139.048681 108.819893 155.911632 174.982396 170.545012 186.751460 187.589053 136.702010 146.419071 97.190833 140.957933
89.556350 139.048681 108.870127 155.975046 174.982396 170.545012 186.718154 187.550169 136.709082 146.289664 97.149006 140.960406
89.556350 139.048681 108.917070 156.034306 174.982396 170.545012 186.613238 187.427838 136.716536 146.153267 97.085417 140.964165
89.556350 139.048681 108.965913 156.099134 174.982396 170.545012 186.557758 187.365167 136.723668 146.022762 97.008053 140.968738
89.556350 139.048681 109.013741 156.167090 174.982396 170.545012 186.489664 187.288288 136.734158 145.893391 96.916512 140.974149
89.556350 139.048681 109.060412 156.233416 174.982396 170.545012 186.426556 187.209561 136.745699 145.755473 96.809399 140.980481
89.556350 139.048681 109.107600 156.300478 174.982396 170.545012 186.351507 187.115798 136.757239 145.617555 96.688610 140.987622
89.556350 139.048681 109.154385 156.366967 174.982396 170.545012 186.290829 187.039991 136.768630 145.481431 96.553147 140.995629
89.556350 139.048681 109.195954 156.426244 174.982396 170.545012 186.220029 186.951537 136.780146 145.343812 96.415487 141.003767
89.556350 139.048681 109.238699 156.487384 174.982396 170.545012 186.137373 186.847468 136.792894 145.208120 96.278426 141.011869
89.556350 139.048681 109.282933 156.550654 174.982396 170.545012 186.051789 186.742048 136.807700 145.073029 96.149551 141.019488
89.556350 139.048681 109.324074 156.609499 174.982396 170.545012 185.964711 186.637841 136.822233 144.940423 96.018280 141.027248
89.556350 139.048681 109.370891 156.676332 174.982396 170.545012 185.882094 186.537990 136.837094 144.804835 95.888906 141.034895
89.556350 139.048681 109.414121 156.737620 174.982396 170.545012 185.795739 186.432665 136.851409 144.674217 95.760530 141.042484
89.556350 139.048681 109.459367 156.801768 174.982396 170.545012 185.708088 186.330070 136.866378 144.537635 95.631655 141.050103
89.556350 139.048681 109.506689 156.868858 174.982396 170.545012 185.613726 186.229099 136.880759 144.406420 95.532597 141.158702
89.556350 139.048681 109.549054 156.928920 174.982396 170.545012 185.519374 186.128257 136.894911 144.277294 95.525929 141.288130
89.556350 139.048681 109.591131 156.988574 174.980079 170.546190 185.428188 186.031025 136.920068 144.103694 95.519322 141.416360
89.556350 139.048681 109.640914 157.051906 174.970273 170.551175 185.266266 185.855250 136.941080 143.909167 95.512540 141.547986
89.556350 139.048681 109.701438 157.107324 174.961537 170.555616 185.174603 185.755189 136.953655 143.777667 95.505563 141.683406
89.565626 139.052417 109.768855 157.147769 174.948344 170.562323 185.082398 185.654538 136.963968 143.644028 95.498909 141.812535
89.588815 139.061760 109.841915 157.177151 174.938182 170.567489 184.992153 185.556025 136.967348 143.508270 95.491793 141.950652
89.620073 139.074353 109.910619 157.203264 174.923741 170.574831 184.901097 185.456628 136.970735 143.372212 95.486400 142.055313
89.624804 139.076258 109.989079 157.220138 174.919373 170.577052 184.810581 185.357820 136.973946 143.243201 95.482843 142.124121
89.625639 139.076595 110.064359 157.233176 174.916164 170.578683 184.718174 185.256948 136.962135 143.061574 95.480711 142.165065
89.625900 139.076700 110.144171 157.246999 174.915807 170.578864 184.625227 185.155486 136.919593 142.882406 95.479546 142.187435
89.625900 139.076700 110.218859 157.259935 174.915629 170.578955 184.533835 185.055182 136.893533 142.761686 95.479296 142.192229
