13397.044170 14003.187463 13398.017585 14000.636902 13400.883497 14002.371541 13312.580000 14308.320000 13006.427211 14433.814930 13399.548930 14005.876028
13397.044170 14003.187463 13398.017585 14000.636902 13400.883497 14002.371541 13312.580000 14308.320000 13006.427211 14433.814930 13399.548930 14005.876028
13397.044170 14003.187463 13398.017585 14000.636902 13400.883497 14002.371541 13312.580000 14308.320000 13006.427211 14433.814930 13399.548930 14005.876028
13397.044170 14003.187463 13398.017585 14000.636902 13400.883497 14002.371541 13312.580000 14308.320000 13006.427211 14433.814930 13399.548930 14005.876028
13397.044170 14003.187463 13398.017585 14000.636902 13400.883497 14002.371541 13312.580000 14308.320000 13006.427211 14433.814930 13399.548930 14005.876028
13397.044170 14003.187463 13398.017585 14000.636902 13400.883497 14002.371541 13312.580000 14308.320000 13006.427211 14433.814930 13399.548930 14005.876028
13397.044170 14003.187463 13398.017585 14000.636902 13400.883497 14002.371541 13312.580000 14308.320000 13006.427211 14433.814930 13399.548930 14005.876028
13397.044170 14003.187463 13398.017585 14000.636902 13400.883497 14002.371541 13312.580000 14308.320000 13006.427211 14433.814930 13399.548930 14005.876028
13397.044170 14003.187463 13398.017585 14000.636902 13400.883497 14002.371541 13312.580000 14308.320000 13006.427211 14433.814930 13399.548930 14005.876028
13397.044170 14003.187463 13398.017585 14000.636902 13400.883497 14002.371541 13312.580000 14308.320000 13006.427211 14433.814930 13399.548930 14005.876028
13393.021554 14009.675266 13394.870996 14007.287806 13398.722146 14007.703256 13312.731965 14310.274100 13017.002451 14434.620337 13395.460450 14011.918732
13393.021554 14009.675266 13394.870996 14007.287806 13398.722146 14007.703256 13312.731965 14310.274100 13017.002451 14434.620337 13395.460450 14011.918732
13393.021554 14009.675266 13394.870996 14007.287806 13398.722146 14007.703256 13312.731965 14310.274100 13017.002451 14434.620337 13395.460450 14011.918732
13393.021554 14009.675266 13394.870996 14007.287806 13398.722146 14007.703256 13312.731965 14310.274100 13017.002451 14434.620337 13395.460450 14011.918732
13393.021554 14009.675266 13394.870996 14007.287806 13398.722146 14007.703256 13312.731965 14310.274100 13017.002451 14434.620337 13395.460450 14011.918732
13393.021554 14009.675266 13394.870996 14007.287806 13398.722146 14007.703256 13312.731965 14310.274100 13017.002451 14434.620337 13395.460450 14011.918732
13393.021554 14009.675266 13394.870996 14007.287806 13398.722146 14007.703256 13312.731965 14310.274100 13017.002451 14434.620337 13395.460450 14011.918732
13393.021554 14009.675266 13394.870996 14007.287806 13398.722146 14007.703256 13312.731965 14310.274100 13017.002451 14434.620337 13395.460450 14011.918732
13393.021554 14009.675266 13394.870996 14007.287806 13398.722146 14007.703256 13312.731965 14310.274100 13017.002451 14434.620337 13395.460450 14011.918732
13393.021554 14009.675266 13394.870996 14007.287806 13398.722146 14007.703256 13312.731965 14310.274100 13017.002451 14434.620337 13395.460450 14011.918732
13387.412481 14014.810307 13389.381763 14013.386638 13396.090759 14011.104109 13313.018062 14313.952992 13026.407720 14436.217998 13390.030594 14016.997003
13387.412481 14014.810307 13389.381763 14013.386638 13396.090759 14011.104109 13313.018062 14313.952992 13026.407720 14436.217998 13390.030594 14016.997003
13387.412481 14014.810307 13389.381763 14013.386638 13396.090759 14011.104109 13313.018062 14313.952992 13026.407720 14436.217998 13390.030594 14016.997003
13387.412481 14014.810307 13389.381763 14013.386638 13396.090759 14011.104109 13313.018062 14313.952992 13026.407720 14436.217998 13390.030594 14016.997003
13387.412481 14014.810307 13389.381763 14013.386638 13396.090759 14011.104109 13313.018062 14313.952992 13026.407720 14436.217998 13390.030594 14016.997003
13387.412481 14014.810307 13389.381763 14013.386638 13396.090759 14011.104109 13313.018062 14313.952992 13026.407720 14436.217998 13390.030594 14016.997003
13387.412481 14014.810307 13389.381763 14013.386638 13396.090759 14011.104109 13313.018062 14313.952992 13026.407720 14436.217998 13390.030594 14016.997003
13387.412481 14014.810307 13389.381763 14013.386638 13396.090759 14011.104109 13313.018062 14313.952992 13026.407720 14436.217998 13390.030594 14016.997003
13387.412481 14014.810307 13389.381763 14013.386638 13396.090759 14011.104109 13313.018062 14313.952992 13026.407720 14436.217998 13390.030594 14016.997003
13387.412481 14014.810307 13389.381763 14013.386638 13396.090759 14011.104109 13313.018062 14313.952992 13026.407720 14436.217998 13390.030594 14016.997003
13381.121809 14018.918352 13382.723406 14018.075151 13392.161299 14015.455252 13313.486362 14319.974811 13033.101826 14437.355118 13383.506012 14021.371863
13381.121809 14018.918352 13382.723406 14018.075151 13392.161299 14015.455252 13313.486362 14319.974811 13033.101826 14437.355118 13383.506012 14021.371863
13381.121809 14018.918352 13382.723406 14018.075151 13392.161299 14015.455252 13313.486362 14319.974811 13033.101826 14437.355118 13383.506012 14021.371863
13381.121809 14018.918352 13382.723406 14018.075151 13392.161299 14015.455252 13313.486362 14319.974811 13033.101826 14437.355118 13383.506012 14021.371863
13381.121809 14018.918352 13382.723406 14018.075151 13392.161299 14015.455252 13313.486362 14319.974811 13033.101826 14437.355118 13383.506012 14021.371863
13381.121809 14018.918352 13382.723406 14018.075151 13392.161299 14015.455252 13313.486362 14319.974811 13033.101826 14437.355118 13383.506012 14021.371863
13381.121809 14018.918352 13382.723406 14018.075151 13392.161299 14015.455252 13313.486362 14319.974811 13033.101826 14437.355118 13383.506012 14021.371863
13381.121809 14018.918352 13382.723406 14018.075151 13392.161299 14015.455252 13313.486362 14319.974811 13033.101826 14437.355118 13383.506012 14021.371863
13381.121809 14018.918352 13382.723406 14018.075151 13392.161299 14015.455252 13313.486362 14319.974811 13033.101826 14437.355118 13383.506012 14021.371863
13381.121809 14018.918352 13382.723406 14018.075151 13392.161299 14015.455252 13313.486362 14319.974811 13033.101826 14437.355118 13383.506012 14021.371863
13374.235294 14021.572718 13375.998039 14021.325472 13385.761082 14020.086367 13314.070961 14327.492113 13037.991777 14438.185768 13376.920488 14024.530447
13374.235294 14021.572718 13375.998039 14021.325472 13385.761082 14020.086367 13314.070961 14327.492113 13037.991777 14438.185768 13376.920488 14024.530447
13374.235294 14021.572718 13375.998039 14021.325472 13385.761082 14020.086367 13314.070961 14327.492113 13037.991777 14438.185768 13376.920488 14024.530447
13374.235294 14021.572718 13375.998039 14021.325472 13385.761082 14020.086367 13314.070961 14327.492113 13037.991777 14438.185768 13376.920488 14024.530447
13374.235294 14021.572718 13375.998039 14021.325472 13385.761082 14020.086367 13314.070961 14327.492113 13037.991777 14438.185768 13376.920488 14024.530447
13374.235294 14021.572718 13375.998039 14021.325472 13385.761082 14020.086367 13314.070961 14327.492113 13037.991777 14438.185768 13376.920488 14024.530447
13374.235294 14021.572718 13375.998039 14021.325472 13385.761082 14020.086367 13314.070961 14327.492113 13037.991777 14438.185768 13376.920488 14024.530447
13374.235294 14021.572718 13375.998039 14021.325472 13385.761082 14020.086367 13314.070961 14327.492113 13037.991777 14438.185768 13376.920488 14024.530447
13374.235294 14021.572718 13375.998039 14021.325472 13385.761082 14020.086367 13314.070961 14327.492113 13037.991777 14438.185768 13376.920488 14024.530447
13374.235294 14021.572718 13375.998039 14021.325472 13385.761082 14020.086367 13314.070961 14327.492113 13037.991777 14438.185768 13376.920488 14024.530447
13366.907029 14022.600596 13368.848029 14022.328347 13380.908937 14022.749833 13314.651466 14336.473181 13040.683222 14438.642961 13369.631707 14025.551853
13366.907029 14022.600596 13368.848029 14022.328347 13380.908937 14022.749833 13314.651466 14336.473181 13040.683222 14438.642961 13369.631707 14025.551853
13366.907029 14022.600596 13368.848029 14022.328347 13380.908937 14022.749833 13314.651466 14336.473181 13040.683222 14438.642961 13369.631707 14025.551853
13366.907029 14022.600596 13368.848029 14022.328347 13380.908937 14022.749833 13314.651466 14336.473181 13040.683222 14438.642961 13369.631707 14025.551853
13366.907029 14022.600596 13368.848029 14022.328347 13380.908937 14022.749833 13314.651466 14336.473181 13040.683222 14438.642961 13369.631707 14025.551853
13366.907029 14022.600596 13368.848029 14022.328347 13380.908937 14022.749833 13314.651466 14336.473181 13040.683222 14438.642961 13369.631707 14025.551853
13366.907029 14022.600596 13368.848029 14022.328347 13380.908937 14022.749833 13314.651466 14336.473181 13040.683222 14438.642961 13369.631707 14025.551853
13366.907029 14022.600596 13368.848029 14022.328347 13380.908937 14022.749833 13314.651466 14336.473181 13040.683222 14438.642961 13369.631707 14025.551853
13366.907029 14022.600596 13368.848029 14022.328347 13380.908937 14022.749833 13314.651466 14336.473181 13040.683222 14438.642961 13369.631707 14025.551853
13366.907029 14022.600596 13368.848029 14022.328347 13380.908937 14022.749833 13314.651466 14336.473181 13040.683222 14438.642961 13369.631707 14025.551853
13359.182642 14023.684035 13361.658407 14023.336779 13369.531340 14022.232504 13315.298958 14347.023330 13042.102885 14438.884117 13362.362732 14026.570483
13359.182642 14023.684035 13361.658407 14023.336779 13369.531340 14022.232504 13315.298958 14347.023330 13042.102885 14438.884117 13362.362732 14026.570483
13359.182642 14023.684035 13361.658407 14023.336779 13369.531340 14022.232504 13315.298958 14347.023330 13042.102885 14438.884117 13362.362732 14026.570483
13359.182642 14023.684035 13361.658407 14023.336779 13369.531340 14022.232504 13315.298958 14347.023330 13042.102885 14438.884117 13362.362732 14026.570483
13359.182642 14023.684035 13361.658407 14023.336779 13369.531340 14022.232504 13315.298958 14347.023330 13042.102885 14438.884117 13362.362732 14026.570483
13359.182642 14023.684035 13361.658407 14023.336779 13369.531340 14022.232504 13315.298958 14347.023330 13042.102885 14438.884117 13362.362732 14026.570483
13359.182642 14023.684035 13361.658407 14023.336779 13369.531340 14022.232504 13315.298958 14347.023330 13042.102885 14438.884117 13362.362732 14026.570483
13359.182642 14023.684035 13361.658407 14023.336779 13369.531340 14022.232504 13315.298958 14347.023330 13042.102885 14438.884117 13362.362732 14026.570483
13359.182642 14023.684035 13361.658407 14023.336779 13369.531340 14022.232504 13315.298958 14347.023330 13042.102885 14438.884117 13362.362732 14026.570483
13359.182642 14023.684035 13361.658407 14023.336779 13369.531340 14022.232504 13315.298958 14347.023330 13042.102885 14438.884117 13362.362732 14026.570483
13351.537479 14024.756361 13354.033050 14024.406327 13362.044626 14023.282607 13319.628039 14363.641376 13043.680288 14439.152069 13354.261886 14027.705686
13351.537479 14024.756361 13354.033050 14024.406327 13362.044626 14023.282607 13319.628039 14363.641376 13043.680288 14439.152069 13354.261886 14027.705686
13351.537479 14024.756361 13354.033050 14024.406327 13362.044626 14023.282607 13319.628039 14363.641376 13043.680288 14439.152069 13354.261886 14027.705686
13351.537479 14024.756361 13354.033050 14024.406327 13362.044626 14023.282607 13319.628039 14363.641376 13043.680288 14439.152069 13354.261886 14027.705686
13351.537479 14024.756361 13354.033050 14024.406327 13362.044626 14023.282607 13319.628039 14363.641376 13043.680288 14439.152069 13354.261886 14027.705686
13351.537479 14024.756361 13354.033050 14024.406327 13362.044626 14023.282607 13319.628039 14363.641376 13043.680288 14439.152069 13354.261886 14027.705686
13351.537479 14024.756361 13354.033050 14024.406327 13362.044626 14023.282607 13319.628039 14363.641376 13043.680288 14439.152069 13354.261886 14027.705686
13351.537479 14024.756361 13354.033050 14024.406327 13362.044626 14023.282607 13319.628039 14363.641376 13043.680288 14439.152069 13354.261886 14027.705686
13351.537479 14024.756361 13354.033050 14024.406327 13362.044626 14023.282607 13319.628039 14363.641376 13043.680288 14439.152069 13354.261886 14027.705686
13351.537479 14024.756361 13354.033050 14024.406327 13362.044626 14023.282607 13319.628039 14363.641376 13043.680288 14439.152069 13354.261886 14027.705686
13344.021056 14025.810630 13346.278954 14025.493933 13354.627234 14024.322986 13320.445224 14376.936285 13045.908371 14439.530550 13346.596782 14028.779828
13344.021056 14025.810630 13346.278954 14025.493933 13354.627234 14024.322986 13320.445224 14376.936285 13045.908371 14439.530550 13346.596782 14028.779828
13344.021056 14025.810630 13346.278954 14025.493933 13354.627234 14024.322986 13320.445224 14376.936285 13045.908371 14439.530550 13346.596782 14028.779828
13344.021056 14025.810630 13346.278954 14025.493933 13354.627234 14024.322986 13320.445224 14376.936285 13045.908371 14439.530550 13346.596782 14028.779828
13344.021056 14025.810630 13346.278954 14025.493933 13354.627234 14024.322986 13320.445224 14376.936285 13045.908371 14439.530550 13346.596782 14028.779828
13344.021056 14025.810630 13346.278954 14025.493933 13354.627234 14024.322986 13320.445224 14376.936285 13045.908371 14439.530550 13346.596782 14028.779828
13344.021056 14025.810630 13346.278954 14025.493933 13354.627234 14024.322986 13320.445224 14376.936285 13045.908371 14439.530550 13346.596782 14028.779828
13344.021056 14025.810630 13346.278954 14025.493933 13354.627234 14024.322986 13320.445224 14376.936285 13045.908371 14439.530550 13346.596782 14028.779828
13344.021056 14025.810630 13346.278954 14025.493933 13354.627234 14024.322986 13320.445224 14376.936285 13045.908371 14439.530550 13346.596782 14028.779828
13344.021056 14025.810630 13346.278954 14025.493933 13354.627234 14024.322986 13320.445224 14376.936285 13045.908371 14439.530550 13346.596782 14028.779828
13336.296668 14026.894069 13338.534760 14026.580150 13346.684979 14025.436983 13321.235416 14389.792023 13050.433547 14440.299237 13338.793032 14029.873398
13336.296668 14026.894069 13338.534760 14026.580150 13346.684979 14025.436983 13321.235416 14389.792023 13050.433547 14440.299237 13338.793032 14029.873398
13336.296668 14026.894069 13338.534760 14026.580150 13346.684979 14025.436983 13321.235416 14389.792023 13050.433547 14440.299237 13338.793032 14029.873398
13336.296668 14026.894069 13338.534760 14026.580150 13346.684979 14025.436983 13321.235416 14389.792023 13050.433547 14440.299237 13338.793032 14029.873398
13336.296668 14026.894069 13338.534760 14026.580150 13346.684979 14025.436983 13321.235416 14389.792023 13050.433547 14440.299237 13338.793032 14029.873398
13336.296668 14026.894069 13338.534760 14026.580150 13346.684979 14025.436983 13321.235416 14389.792023 13050.433547 14440.299237 13338.793032 14029.873398
13336.296668 14026.894069 13338.534760 14026.580150 13346.684979 14025.436983 13321.235416 14389.792023 13050.433547 14440.299237 13338.793032 14029.873398
13336.296668 14026.894069 13338.534760 14026.580150 13346.684979 14025.436983 13321.235416 14389.792023 13050.433547 14440.299237 13338.793032 14029.873398
13336.296668 14026.894069 13338.534760 14026.580150 13346.684979 14025.436983 13321.235416 14389.792023 13050.433547 14440.299237 13338.793032 14029.873398
13336.296668 14026.894069 13338.534760 14026.580150 13346.684979 14025.436983 13321.235416 14389.792023 13050.433547 14440.299237 13338.793032 14029.873398
13328.869373 14027.935837 13330.592505 14027.694147 13339.099235 14026.500975 13322.292878 14410.029980 13055.032807 14441.317277 13331.058606 14030.957254
13328.869373 14027.935837 13330.592505 14027.694147 13339.099235 14026.500975 13322.292878 14410.029980 13055.032807 14441.317277 13331.058606 14030.957254
13328.869373 14027.935837 13330.592505 14027.694147 13339.099235 14026.500975 13322.292878 14410.029980 13055.032807 14441.317277 13331.058606 14030.957254
13328.869373 14027.935837 13330.592505 14027.694147 13339.099235 14026.500975 13322.292878 14410.029980 13055.032807 14441.317277 13331.058606 14030.957254
13328.869373 14027.935837 13330.592505 14027.694147 13339.099235 14026.500975 13322.292878 14410.029980 13055.032807 14441.317277 13331.058606 14030.957254
13328.869373 14027.935837 13330.592505 14027.694147 13339.099235 14026.500975 13322.292878 14410.029980 13055.032807 14441.317277 13331.058606 14030.957254
13328.869373 14027.935837 13330.592505 14027.694147 13339.099235 14026.500975 13322.292878 14410.029980 13055.032807 14441.317277 13331.058606 14030.957254
13328.869373 14027.935837 13330.592505 14027.694147 13339.099235 14026.500975 13322.292878 14410.029980 13055.032807 14441.317277 13331.058606 14030.957254
13328.869373 14027.935837 13330.592505 14027.694147 13339.099235 14026.500975 13322.292878 14410.029980 13055.032807 14441.317277 13331.058606 14030.957254
13328.869373 14027.935837 13330.592505 14027.694147 13339.099235 14026.500975 13322.292878 14410.029980 13055.032807 14441.317277 13331.058606 14030.957254
13320.877603 14029.056780 13323.392980 14028.703968 13330.949016 14027.644142 13322.469275 14422.898771 13092.602462 14454.425302 13323.532147 14032.011966
13320.877603 14029.056780 13323.392980 14028.703968 13330.949016 14027.644142 13322.469275 14422.898771 13092.602462 14454.425302 13323.532147 14032.011966
13320.877603 14029.056780 13323.392980 14028.703968 13330.949016 14027.644142 13322.469275 14422.898771 13092.602462 14454.425302 13323.532147 14032.011966
13320.877603 14029.056780 13323.392980 14028.703968 13330.949016 14027.644142 13322.469275 14422.898771 13092.602462 14454.425302 13323.532147 14032.011966
13320.877603 14029.056780 13323.392980 14028.703968 13330.949016 14027.644142 13322.469275 14422.898771 13092.602462 14454.425302 13323.532147 14032.011966
13320.877603 14029.056780 13323.392980 14028.703968 13330.949016 14027.644142 13322.469275 14422.898771 13092.602462 14454.425302 13323.532147 14032.011966
13320.877603 14029.056780 13323.392980 14028.703968 13330.949016 14027.644142 13322.469275 14422.898771 13092.602462 14454.425302 13323.532147 14032.011966
13320.877603 14029.056780 13323.392980 14028.703968 13330.949016 14027.644142 13322.469275 14422.898771 13092.602462 14454.425302 13323.532147 14032.011966
13320.877603 14029.056780 13323.392980 14028.703968 13330.949016 14027.644142 13322.469275 14422.898771 13092.602462 14454.425302 13323.532147 14032.011966
13320.877603 14029.056780 13323.392980 14028.703968 13330.949016 14027.644142 13322.469275 14422.898771 13092.602462 14454.425302 13323.532147 14032.011966
13313.440404 14030.099937 13315.876557 14029.758237 13322.818603 14028.784531 13322.657871 14436.657479 13098.904467 14453.751110 13315.837333 14033.090271
13313.440404 14030.099937 13315.876557 14029.758237 13322.818603 14028.784531 13322.657871 14436.657479 13098.904467 14453.751110 13315.837333 14033.090271
13313.440404 14030.099937 13315.876557 14029.758237 13322.818603 14028.784531 13322.657871 14436.657479 13098.904467 14453.751110 13315.837333 14033.090271
13313.440404 14030.099937 13315.876557 14029.758237 13322.818603 14028.784531 13322.657871 14436.657479 13098.904467 14453.751110 13315.837333 14033.090271
13313.440404 14030.099937 13315.876557 14029.758237 13322.818603 14028.784531 13322.657871 14436.657479 13098.904467 14453.751110 13315.837333 14033.090271
13313.440404 14030.099937 13315.876557 14029.758237 13322.818603 14028.784531 13322.657871 14436.657479 13098.904467 14453.751110 13315.837333 14033.090271
13313.440404 14030.099937 13315.876557 14029.758237 13322.818603 14028.784531 13322.657871 14436.657479 13098.904467 14453.751110 13315.837333 14033.090271
13313.440404 14030.099937 13315.876557 14029.758237 13322.818603 14028.784531 13322.657871 14436.657479 13098.904467 14453.751110 13315.837333 14033.090271
13313.440404 14030.099937 13315.876557 14029.758237 13322.818603 14028.784531 13322.657871 14436.657479 13098.904467 14453.751110 13315.837333 14033.090271
13313.440404 14030.099937 13315.876557 14029.758237 13322.818603 14028.784531 13322.657871 14436.657479 13098.904467 14453.751110 13315.837333 14033.090271
13306.211170 14031.113924 13307.756047 14030.897237 13315.430919 14029.820743 13323.267182 14449.617314 13106.703909 14457.421683 13308.459423 14034.124166
13306.211170 14031.113924 13307.756047 14030.897237 13315.430919 14029.820743 13323.267182 14449.617314 13106.703909 14457.421683 13308.459423 14034.124166
13306.211170 14031.113924 13307.756047 14030.897237 13315.430919 14029.820743 13323.267182 14449.617314 13106.703909 14457.421683 13308.459423 14034.124166
13306.211170 14031.113924 13307.756047 14030.897237 13315.430919 14029.820743 13323.267182 14449.617314 13106.703909 14457.421683 13308.459423 14034.124166
13306.211170 14031.113924 13307.756047 14030.897237 13315.430919 14029.820743 13323.267182 14449.617314 13106.703909 14457.421683 13308.459423 14034.124166
13306.211170 14031.113924 13307.756047 14030.897237 13315.430919 14029.820743 13323.267182 14449.617314 13106.703909 14457.421683 13308.459423 14034.124166
13306.211170 14031.113924 13307.756047 14030.897237 13315.430919 14029.820743 13323.267182 14449.617314 13106.703909 14457.421683 13308.459423 14034.124166
13306.211170 14031.113924 13307.756047 14030.897237 13315.430919 14029.820743 13323.267182 14449.617314 13106.703909 14457.421683 13308.459423 14034.124166
13306.211170 14031.113924 13307.756047 14030.897237 13315.430919 14029.820743 13323.267182 14449.617314 13106.703909 14457.421683 13308.459423 14034.124166
13306.211170 14031.113924 13307.756047 14030.897237 13315.430919 14029.820743 13323.267182 14449.617314 13106.703909 14457.421683 13308.459423 14034.124166
13289.954955 14036.557779 13299.982145 14031.987621 13307.736241 14030.900015 13324.233543 14463.045364 13121.242321 14465.932690 13297.527140 14043.846617
13289.954955 14036.557779 13299.982145 14031.987621 13307.736241 14030.900015 13324.233543 14463.045364 13121.242321 14465.932690 13297.527140 14043.846617
13289.954955 14036.557779 13299.982145 14031.987621 13307.736241 14030.900015 13324.233543 14463.045364 13121.242321 14465.932690 13297.527140 14043.846617
13289.954955 14036.557779 13299.982145 14031.987621 13307.736241 14030.900015 13324.233543 14463.045364 13121.242321 14465.932690 13297.527140 14043.846617
13289.954955 14036.557779 13299.982145 14031.987621 13307.736241 14030.900015 13324.233543 14463.045364 13121.242321 14465.932690 13297.527140 14043.846617
13289.954955 14036.557779 13299.982145 14031.987621 13307.736241 14030.900015 13324.233543 14463.045364 13121.242321 14465.932690 13297.527140 14043.846617
13289.954955 14036.557779 13299.982145 14031.987621 13307.736241 14030.900015 13324.233543 14463.045364 13121.242321 14465.932690 13297.527140 14043.846617
13289.954955 14036.557779 13299.982145 14031.987621 13307.736241 14030.900015 13324.233543 14463.045364 13121.242321 14465.932690 13297.527140 14043.846617
13289.954955 14036.557779 13299.982145 14031.987621 13307.736241 14030.900015 13324.233543 14463.045364 13121.242321 14465.932690 13297.527140 14043.846617
13289.954955 14036.557779 13299.982145 14031.987621 13307.736241 14030.900015 13324.233543 14463.045364 13121.242321 14465.932690 13297.527140 14043.846617
13282.321391 14034.100423 13282.770883 14037.371420 13300.388170 14031.930671 13325.193063 14476.019933 13129.101182 14471.463549 13297.827210 14051.700888
13282.321391 14034.100423 13282.770883 14037.371420 13300.388170 14031.930671 13325.193063 14476.019933 13129.101182 14471.463549 13297.827210 14051.700888
13282.321391 14034.100423 13282.770883 14037.371420 13300.388170 14031.930671 13325.193063 14476.019933 13129.101182 14471.463549 13297.827210 14051.700888
13282.321391 14034.100423 13282.770883 14037.371420 13300.388170 14031.930671 13325.193063 14476.019933 13129.101182 14471.463549 13297.827210 14051.700888
13282.321391 14034.100423 13282.770883 14037.371420 13300.388170 14031.930671 13325.193063 14476.019933 13129.101182 14471.463549 13297.827210 14051.700888
13282.321391 14034.100423 13282.770883 14037.371420 13300.388170 14031.930671 13325.193063 14476.019933 13129.101182 14471.463549 13297.827210 14051.700888
13282.321391 14034.100423 13282.770883 14037.371420 13300.388170 14031.930671 13325.193063 14476.019933 13129.101182 14471.463549 13297.827210 14051.700888
13282.321391 14034.100423 13282.770883 14037.371420 13300.388170 14031.930671 13325.193063 14476.019933 13129.101182 14471.463549 13297.827210 14051.700888
13282.321391 14034.100423 13282.770883 14037.371420 13300.388170 14031.930671 13325.193063 14476.019933 13129.101182 14471.463549 13297.827210 14051.700888
13282.321391 14034.100423 13282.770883 14037.371420 13300.388170 14031.930671 13325.193063 14476.019933 13129.101182 14471.463549 13297.827210 14051.700888
13275.018082 14034.927569 13274.563354 14038.300975 13283.662816 14033.948499 13325.940914 14486.132317 13135.349018 14475.860610 13298.103228 14058.925617
13275.018082 14034.927569 13274.563354 14038.300975 13283.662816 14033.948499 13325.940914 14486.132317 13135.349018 14475.860610 13298.103228 14058.925617
13275.018082 14034.927569 13274.563354 14038.300975 13283.662816 14033.948499 13325.940914 14486.132317 13135.349018 14475.860610 13298.103228 14058.925617
13275.018082 14034.927569 13274.563354 14038.300975 13283.662816 14033.948499 13325.940914 14486.132317 13135.349018 14475.860610 13298.103228 14058.925617
13275.018082 14034.927569 13274.563354 14038.300975 13283.662816 14033.948499 13325.940914 14486.132317 13135.349018 14475.860610 13298.103228 14058.925617
13275.018082 14034.927569 13274.563354 14038.300975 13283.662816 14033.948499 13325.940914 14486.132317 13135.349018 14475.860610 13298.103228 14058.925617
13275.018082 14034.927569 13274.563354 14038.300975 13283.662816 14033.948499 13325.940914 14486.132317 13135.349018 14475.860610 13298.103228 14058.925617
13275.018082 14034.927569 13274.563354 14038.300975 13283.662816 14033.948499 13325.940914 14486.132317 13135.349018 14475.860610 13298.103228 14058.925617
13275.018082 14034.927569 13274.563354 14038.300975 13283.662816 14033.948499 13325.940914 14486.132317 13135.349018 14475.860610 13298.103228 14058.925617
13275.018082 14034.927569 13274.563354 14038.300975 13283.662816 14033.948499 13325.940914 14486.132317 13135.349018 14475.860610 13298.103228 14058.925617
