135.609663 203.915297 140.506800 122.957100 114.043247 211.447995 140.883413 159.858688 59.303531 258.164295 120.480334 163.711613
135.607509 203.994874 140.493226 122.952930 113.783588 211.536724 140.802058 159.866188 59.252974 258.091049 120.480334 163.711613
135.660333 204.171051 140.459387 122.942534 113.525728 211.624839 140.719707 159.873780 59.214403 258.035168 120.480334 163.711613
135.697850 204.235877 140.403467 122.925353 113.264388 211.703931 140.593105 159.886423 59.171458 257.972950 120.480334 163.711613
135.735667 204.301223 140.334259 122.904091 112.992561 211.747527 140.554131 159.890621 59.132205 257.916082 120.480334 163.711613
135.771832 204.363713 140.254919 122.879716 112.718662 211.791455 140.520923 159.894197 59.094429 257.861353 120.480334 163.711613
135.793704 204.437557 140.177395 122.855899 112.447823 211.834892 140.478470 159.893534 59.063981 257.817241 120.480334 163.711613
135.811360 204.518965 140.107805 122.834519 112.173657 211.853407 140.427795 159.889976 59.025467 257.761442 120.480334 163.711613
135.827722 204.594411 140.034488 122.811994 111.897813 211.867424 140.352978 159.938542 58.982806 257.699636 120.480334 163.711613
135.843492 204.670029 139.963464 122.790174 111.591788 211.885201 140.398436 159.998572 58.883936 257.563248 120.480334 163.711613
135.845767 204.752197 139.892918 122.768500 111.319894 211.901810 140.441734 160.058985 58.820373 257.478670 120.480334 163.711613
135.847967 204.831667 139.818835 122.745740 111.044475 211.880827 140.481091 160.123649 58.747499 257.381701 120.480334 163.711613
135.850216 204.912836 139.740165 122.721571 110.782102 211.844321 140.520085 160.187716 58.666634 257.274100 120.480334 163.711613
135.827190 205.101837 139.666273 122.698869 110.566678 211.814347 140.559494 160.252466 58.456834 257.198321 120.480334 163.711613
135.814076 205.179234 139.594293 122.676756 110.386069 211.789607 140.602543 160.323195 58.297061 257.236623 120.480334 163.711613
135.796317 205.258214 139.515909 122.652674 110.246814 211.774244 140.645228 160.393326 58.123750 257.372511 120.480334 163.711613
135.776293 205.338866 139.455974 122.634260 110.142646 211.762751 140.687809 160.463287 58.005544 257.537569 120.483195 163.704572
135.756968 205.416703 139.413436 122.621192 110.074930 211.753157 140.729766 160.532222 57.884382 257.717715 120.486432 163.696604
135.732879 205.484851 139.246849 122.639376 110.026462 211.745955 140.770735 160.599535 57.766516 257.895369 120.494676 163.676315
135.692021 205.608242 139.178503 122.682661 110.007470 211.743133 140.812068 160.667445 57.654715 258.069657 120.500662 163.661585
135.656872 205.678209 139.094781 122.735685 110.000250 211.742060 140.852518 160.733903 57.590544 258.271965 120.503598 163.654359
135.621634 205.748355 138.993487 122.799837 109.998865 211.741854 140.879760 160.842399 57.588271 258.462629 120.506986 163.646021
135.584465 205.822344 138.881548 122.870732 109.998173 211.741751 140.847994 160.916149 57.679969 258.604833 120.507965 163.643612
135.549855 205.891239 138.768258 122.942482 109.997975 211.741722 140.815556 160.991460 57.799076 258.704800 120.508417 163.642500
135.512949 205.955018 138.657249 123.012787 109.997876 211.741707 140.783790 161.065210 57.922246 258.753497 120.508567 163.642130
135.457014 206.014017 138.544212 123.084377 109.997876 211.741707 140.752183 161.138592 58.031137 258.765196 120.508567 163.642130
135.400322 206.073814 138.429654 123.156930 109.792083 211.765925 140.719349 161.214822 58.118892 258.735016 120.508567 163.642130
135.343285 206.133975 138.316955 123.228306 109.757222 211.778020 140.688374 161.286734 58.190354 258.703638 120.508567 163.642130
135.245011 206.158139 138.207297 123.297755 109.645703 211.804615 140.658943 161.355066 58.232547 258.679318 120.508567 163.642130
135.171163 206.196680 138.040123 123.409331 109.569610 211.805678 140.634761 161.431515 58.276462 258.651247 120.508567 163.642130
135.106978 206.230177 137.939818 123.484257 109.473020 211.807028 140.638159 161.470868 58.310081 258.616567 120.508567 163.642130
135.031515 206.261631 137.866593 123.538956 109.363930 211.808552 140.662791 161.625400 58.340728 258.576981 120.508567 163.642130
134.960757 206.276964 137.814037 123.578215 109.237243 211.810322 140.663669 161.704276 58.360387 258.541230 120.508567 163.642130
134.879639 206.294542 137.790323 123.595929 109.090557 211.812372 140.667314 161.797405 58.382408 258.501185 120.508567 163.642130
134.803897 206.310954 137.674959 123.585295 108.927373 211.814652 140.671482 161.903923 58.401055 258.467274 120.508567 163.642130
134.679472 206.350377 137.636087 123.538155 108.749790 211.817133 140.676167 162.023631 58.416429 258.431291 120.508567 163.642130
134.597866 206.338943 137.583981 123.474968 108.560809 211.819773 140.681540 162.160926 58.433183 258.387807 120.508567 163.642130
134.525258 206.312714 137.517816 123.394730 108.357129 211.822619 140.687707 162.318506 58.458530 258.322021 120.508567 163.642130
134.449264 206.285263 137.439308 123.299524 108.138150 211.825679 140.694488 162.491773 58.474026 258.281803 120.508567 163.642130
134.374585 206.252163 137.354310 123.196450 107.903073 211.828964 140.702027 162.684426 58.503651 258.191767 120.508567 163.642130
134.322149 206.219269 137.269758 123.093915 107.657598 211.823653 140.710024 162.888769 58.523878 258.108179 120.508567 163.642130
134.208063 206.109685 137.113216 123.100330 107.397177 211.780990 140.724502 163.101791 58.549185 258.003598 120.508567 163.642130
134.166562 206.046375 137.007385 123.182686 107.127563 211.770982 140.746880 163.274648 58.577879 257.885020 120.508567 163.642130
134.097133 205.999112 136.903448 123.263569 106.850892 211.757881 140.764289 163.409126 58.610877 257.748656 120.508567 163.642130
134.062955 205.931231 136.795723 123.347400 106.578790 211.741410 140.777679 163.512563 58.647050 257.599170 120.508567 163.642130
134.027428 205.860670 136.690287 123.429450 106.307087 211.724963 140.786410 163.580000 58.687080 257.433744 120.508567 163.642130
133.995147 205.790324 136.585482 123.511008 106.035776 211.686917 140.790467 163.611339 58.730168 257.255684 120.508567 163.642130
133.974187 205.719355 136.481861 123.591646 105.762555 211.645123 140.793368 163.633752 58.775819 257.067028 120.508567 163.642130
133.952944 205.647426 136.373979 123.675599 105.490940 211.594720 140.794190 163.640099 58.827096 256.868427 120.508567 163.642130
133.930143 205.570223 136.264517 123.760781 105.224076 211.535759 140.794549 163.642876 58.893295 256.660092 120.508567 163.642130
133.898103 205.483859 136.160186 123.841971 104.959555 211.477316 140.794729 163.644264 58.963341 256.439653 120.508567 163.642130
133.841128 205.397596 136.057986 123.921503 104.707188 211.382750 140.794729 163.644264 59.037445 256.206443 120.508567 163.642130
133.745636 205.326419 135.951050 124.004719 104.455322 211.274612 140.794729 163.644264 59.116636 255.957222 120.508567 163.642130
133.618982 205.309645 135.843562 124.088366 104.203363 211.166434 140.794729 163.644264 59.198492 255.699615 120.508567 163.642130
133.472656 205.323272 135.741282 124.167959 103.963723 211.050006 140.794729 163.644264 59.283891 255.430857 120.508567 163.642130
133.309179 205.346178 135.645474 124.242516 103.763841 210.941781 140.794729 163.644264 59.377423 255.151723 120.508567 163.642130
133.129173 205.373713 135.578945 124.294289 103.602213 210.854267 140.794729 163.644264 59.488131 254.868061 120.508567 163.642130
132.919999 205.433006 135.528674 124.333410 103.362721 210.717882 140.794729 163.644264 59.602330 254.575456 120.508567 163.642130
132.724166 205.509382 135.483453 124.368600 103.274181 210.644966 140.794729 163.644264 59.720455 254.272791 120.508567 163.642130
132.512494 205.591935 135.301454 124.382759 103.210651 210.592648 140.794729 163.644264 59.843161 253.958387 120.508567 163.642130
132.284985 205.680664 135.268439 124.295495 103.175451 210.563659 140.794729 163.644264 59.968994 253.635973 120.508567 163.642130
132.046482 205.773682 135.227746 124.187935 103.061605 210.476489 140.794729 163.644264 60.099263 253.302193 120.508567 163.642130
131.794376 205.872004 135.181958 124.066907 102.961991 210.397289 140.794729 163.644264 60.232549 252.960681 120.508567 163.642130
131.536215 205.972688 135.134541 123.941577 102.926139 210.363461 140.794729 163.644264 60.370307 252.607711 120.508567 163.642130
131.277961 206.073408 135.085533 123.812038 102.839188 210.279943 140.794729 163.644264 60.510610 252.248220 120.508567 163.642130
131.019241 206.174310 135.038435 123.687549 102.785718 210.227208 140.794729 163.644264 60.653495 251.882115 120.513160 163.630827
130.772575 206.286927 134.991691 123.563996 102.718578 210.160991 140.794729 163.644264 60.799251 251.508650 120.521968 163.609148
130.530990 206.422134 134.946115 123.443529 102.641186 210.084662 140.794729 163.644264 60.976439 251.142063 120.530100 163.589137
130.296962 206.563866 134.914375 123.359632 102.555178 209.999837 140.794729 163.644264 61.163527 250.769276 120.534203 163.579039
130.064986 206.704353 134.893037 123.303234 102.458704 209.904690 140.794729 163.644264 61.354967 250.387819 120.535709 163.575333
129.833268 206.844686 134.881431 123.272556 102.350981 209.798447 140.794729 163.644264 61.549053 250.001089 120.536424 163.573573
129.600095 206.985899 134.876123 123.258526 102.229160 209.678302 140.794729 163.644264 61.745696 249.609265 120.536800 163.572647
129.366836 207.127164 134.873858 123.252540 102.097586 209.548536 140.794729 163.644264 61.979118 249.217584 120.536838 163.572554
129.130926 207.270035 134.873257 123.250950 101.953765 209.406693 140.794729 163.644264 62.181976 248.813439 120.536838 163.572554
128.899524 207.411463 134.873222 123.250857 101.725100 209.187602 140.794729 163.644264 62.388783 248.401429 120.536838 163.572554
128.662893 207.556609 134.873222 123.250857 101.557537 209.029321 140.794729 163.644264 62.623861 247.997686 120.536838 163.572554
128.429501 207.699769 134.873222 123.250857 101.381032 208.862594 140.794729 163.644264 62.874049 247.594386 120.536838 163.572554
128.062270 207.954733 134.873222 123.250857 101.196095 208.687901 140.794729 163.644264 63.128138 247.184798 120.536838 163.572554
127.816483 208.141647 134.873222 123.250857 101.007983 208.508862 140.794729 163.644264 63.385179 246.770451 120.536838 163.572554
127.663309 208.285130 134.873222 123.250857 100.812432 208.318366 140.794729 163.644264 63.646174 246.349730 120.536838 163.572554
127.540759 208.403671 134.873222 123.250857 100.619388 208.130312 140.794729 163.644264 63.910754 245.923231 120.536838 163.572554
127.448637 208.505999 134.873222 123.250857 100.422333 207.938350 140.794729 163.644264 64.178865 245.491039 120.536838 163.572554
127.385092 208.579947 134.873222 123.250857 100.120185 207.633776 140.794729 163.644264 64.471806 245.067365 120.536838 163.572554
127.344543 208.626980 134.873222 123.250857 99.946939 207.429957 140.795730 163.651999 64.780720 244.650063 120.536838 163.572554
127.317520 208.657415 134.873222 123.250857 99.773304 207.225681 140.797738 163.680119 65.092311 244.229144 120.536838 163.572554
127.189230 208.696839 134.873222 123.250857 99.598439 207.019958 140.951326 163.874224 65.406580 243.804609 120.536838 163.572554
127.163516 208.763769 134.873222 123.250857 99.423065 206.813093 141.011346 163.891655 65.724657 243.374929 120.536838 163.572554
127.130593 208.849462 134.873222 123.250857 99.249062 206.606770 141.089326 163.917852 66.044697 242.942597 120.536838 163.572554
127.107712 208.909018 134.873222 123.250857 99.070192 206.397375 141.168649 163.976416 66.383310 242.464570 120.536838 163.572554
127.095160 208.941690 134.873222 123.250857 98.895274 206.183669 141.258269 164.042584 66.740776 242.051061 120.536838 163.572554
127.089678 208.955974 134.873222 123.250857 98.537338 205.878611 141.365347 164.121640 67.101578 241.633694 120.536838 163.572554
127.088541 208.958965 134.873222 123.250857 98.361357 205.665326 141.475866 164.205766 67.465453 241.212771 120.536838 163.572554
127.088399 208.959339 134.873222 123.250857 98.168274 205.469115 141.580180 164.286161 67.831552 240.789276 120.536838 163.572554
127.088300 208.959600 134.873222 123.250857 97.982274 205.269419 141.689009 164.370036 68.200724 240.362226 120.536838 163.572554
127.088300 208.959600 134.873222 123.250857 97.792123 205.075144 141.788575 164.451661 68.643072 239.873692 120.536838 163.572554
127.088300 208.959600 134.873222 123.250857 97.595661 204.880722 141.892382 164.541525 69.032474 239.456483 120.536838 163.572554
127.088300 208.959600 134.873222 123.250857 97.392375 204.692727 141.996718 164.631847 69.423992 239.037006 120.536838 163.572554
127.088300 208.959600 134.873222 123.250857 97.195021 204.511116 142.101658 164.722692 69.818580 238.614240 120.536838 163.572554
127.088300 208.959600 134.873222 123.250857 96.992883 204.325104 142.201425 164.808342 70.215966 238.188477 120.536838 163.572554
127.088300 208.959600 134.873222 123.250857 96.790454 204.146070 142.305573 164.890577 70.614989 237.760959 120.536838 163.572554
127.088300 208.959600 134.873222 123.250857 96.620575 204.002223 142.415921 164.976269 71.016333 237.330956 120.536838 163.572554
127.088300 208.959600 134.873222 123.250857 96.472141 203.876535 142.531767 165.064468 71.420405 236.898029 120.536838 163.572554
127.088300 208.959600 134.873222 123.250857 96.350442 203.776094 142.673048 165.133568 71.836658 236.471943 120.536838 163.572554
127.088300 208.959600 134.873222 123.250857 96.248217 203.692741 142.830153 165.208826 72.257535 236.045724 120.536838 163.572554
127.088300 208.959600 134.873222 123.250857 96.175753 203.633654 143.008576 165.263649 72.679959 235.617939 120.536838 163.572554
127.088300 208.959600 134.873222 123.250857 96.123594 203.591125 143.195798 165.301954 73.104209 235.188304 120.536838 163.572554
127.088300 208.959600 134.873222 123.250857 96.088193 203.560081 143.382726 165.340198 73.529865 234.757246 120.536838 163.572554
127.088300 208.959600 134.873222 123.250857 96.065631 203.539557 143.569228 165.345471 73.957979 234.323698 120.536838 163.572554
127.088300 208.959600 134.873222 123.250857 96.057864 203.532492 143.757960 165.350541 74.388343 233.887872 120.536838 163.572554
127.088300 208.959600 134.873222 123.250857 96.046102 203.521793 143.951034 165.351186 74.820392 233.450339 120.536838 163.572554
127.088300 208.959600 134.873222 123.250857 96.019842 203.497905 144.138127 165.349623 75.253777 233.011454 120.536838 163.572554
127.088300 208.959600 134.873222 123.250857 96.003124 203.482698 144.323710 165.347119 75.682109 232.565143 120.536838 163.572554
127.088300 208.959600 134.873222 123.250857 95.998833 203.478795 144.512793 165.344567 76.101222 232.107443 120.536838 163.572554
127.088300 208.959600 134.873222 123.250857 95.997300 203.477400 144.707075 165.341946 76.522157 231.647752 120.536838 163.572554
127.088300 208.959600 134.873222 123.250857 95.997300 203.477400 144.899400 165.337045 76.944579 231.186439 120.536838 163.572554
127.088300 208.959600 134.873222 123.250857 95.997300 203.477400 145.089473 165.330099 77.368149 230.723871 120.536838 163.572554
126.989285 208.910910 134.873222 123.250857 95.997300 203.477400 145.275849 165.323287 77.793271 230.259608 120.536838 163.572554
126.986317 208.874416 134.873222 123.250857 95.997300 203.477400 145.461120 165.316380 78.218306 229.793245 120.536838 163.572554
126.919879 208.822863 134.873222 123.250857 95.997300 203.477400 145.650851 165.308550 78.632491 229.326125 120.536838 163.572554
126.883373 208.757233 134.873222 123.250857 95.997300 203.477400 145.843068 165.299173 79.028099 228.879954 120.536838 163.572554
126.830025 208.686997 134.873222 123.250857 95.997300 203.477400 146.027606 165.282391 79.395776 228.465285 120.536838 163.572554
126.755106 208.605773 134.873222 123.250857 95.997300 203.477400 146.212865 165.240638 79.739835 228.077252 120.536838 163.572554
126.648129 208.540255 134.819078 123.257284 95.997300 203.477400 146.390086 165.183513 80.055034 227.721767 120.536838 163.572554
126.519094 208.496920 134.793084 123.287554 95.997300 203.477400 146.574588 165.122624 80.363268 227.374139 120.536838 163.572554
126.367389 208.502312 134.753929 123.333150 95.997300 203.477400 146.749820 165.062068 80.654915 227.045216 120.536838 163.572554
126.221400 208.507500 134.706110 123.388835 95.997300 203.477400 146.922221 164.987133 80.917641 226.748921 120.536838 163.572554
126.027493 208.551345 134.645606 123.450395 95.997300 203.477400 147.090624 164.896858 81.153204 226.483337 120.536838 163.572554
125.838424 208.596984 134.559311 123.517637 95.997300 203.477400 147.254569 164.802821 81.355430 226.242492 120.536838 163.572554
125.633412 208.646472 134.461421 123.593915 95.873832 203.292684 147.415324 164.710056 81.531709 226.031160 120.536838 163.572554
125.417416 208.698611 134.351935 123.679228 95.888554 203.264723 147.581656 164.613753 81.705545 225.822786 120.536838 163.572554
125.192088 208.753003 134.240290 123.760489 95.913572 203.217207 147.743114 164.521612 81.881401 225.612014 120.536838 163.572554
124.950137 208.811408 134.132070 123.838318 95.946230 203.155179 147.889154 164.432640 82.054694 225.404313 120.536838 163.572554
124.696708 208.872547 134.022389 123.917198 95.964725 203.120050 148.049161 164.334512 82.229845 225.194386 120.536838 163.572554
124.430443 208.936769 133.915387 123.994152 95.976325 203.098017 148.205803 164.230029 82.406662 224.982462 120.536838 163.572554
124.167387 209.000217 133.810252 124.069762 95.979586 203.091823 148.363424 164.117790 82.580468 224.774147 120.536838 163.572554
123.900636 209.064556 133.700409 124.148759 95.982894 203.085541 148.518435 164.009483 82.758246 224.561071 120.536838 163.572554
123.631067 209.129575 133.513432 124.282941 95.983360 203.084656 148.673806 163.901169 82.933654 224.350836 120.536838 163.572554
123.367233 209.193211 133.401879 124.362814 95.983500 203.084391 148.826906 163.787351 83.111432 224.137761 120.536838 163.572554
123.098149 209.258113 133.293903 124.440126 95.983546 203.084302 148.979569 163.671573 83.288377 223.925683 120.536838 163.572554
122.834023 209.321819 133.181862 124.520349 95.983546 203.084302 149.131695 163.556577 83.464681 223.714374 120.536838 163.572554
122.564745 209.386768 133.071285 124.599523 95.983546 203.084302 149.281415 163.443704 83.638359 223.506212 120.536838 163.572554
122.296245 209.451529 132.882840 124.734905 95.983546 203.084302 149.436165 163.327038 83.811653 223.298511 120.536838 163.572554
122.026384 209.516618 132.773576 124.813679 96.033584 203.003886 149.589158 163.211697 83.989431 223.085436 120.536838 163.572554
121.779670 209.575747 132.663420 124.893097 96.057381 202.975293 149.733568 163.095094 84.163365 222.876967 120.536838 163.572554
121.574642 209.624739 132.551804 124.973568 96.090006 202.936093 149.889999 162.966661 84.332895 222.664045 120.536838 163.572554
121.407449 209.664690 132.446920 125.049185 96.133250 202.884135 150.052206 162.823596 84.499576 222.450366 120.536838 163.572554
121.277508 209.695740 132.338629 125.127258 96.184299 202.822799 150.214557 162.679161 84.669296 222.232846 120.536838 163.572554
121.176744 209.719818 132.231718 125.204337 96.244943 202.749934 150.377879 162.533862 84.843254 222.020634 120.536838 163.572554
121.108369 209.736156 132.046681 125.334002 96.318957 202.661005 150.562325 162.368957 85.016008 221.809892 120.536838 163.572554
121.073744 209.744430 131.934911 125.409714 96.401096 202.562314 150.717682 162.221927 85.184806 221.599196 120.536838 163.572554
121.056918 209.748451 131.822147 125.486100 96.486177 202.460088 150.876960 162.071186 85.352019 221.382765 120.536838 163.572554
121.052347 209.749543 131.712777 125.560186 96.571514 202.357554 151.037125 161.917909 85.519189 221.166429 120.536838 163.572554
121.050790 209.749915 131.606388 125.632252 96.656467 202.255482 151.192550 161.764476 85.686535 220.949848 120.536838 163.572554
121.050790 209.749915 131.497515 125.706002 96.738733 202.156637 151.349825 161.609217 85.855948 220.730568 120.536838 163.572554
121.050790 209.749915 131.387649 125.780424 96.824198 202.053950 151.504807 161.454214 86.023954 220.513108 120.536838 163.572554
121.050790 209.749915 131.277286 125.855183 96.846111 201.871973 151.657861 161.297716 86.192877 220.294461 120.536838 163.572554
121.050790 209.749915 131.164439 125.931625 96.841299 201.772397 151.810461 161.141475 86.358255 220.080403 120.536838 163.572554
121.050790 209.749915 131.053249 126.006944 96.834497 201.704641 151.960763 160.983434 86.526628 219.862468 120.536838 163.572554
121.042329 209.751937 130.946280 126.079404 96.823951 201.674535 152.113821 160.822494 86.694145 219.645641 120.536838 163.572554
121.026378 209.755749 130.832191 126.156687 96.787527 201.602661 152.264123 160.664452 86.863191 219.426836 120.536838 163.572554
121.000312 209.761977 130.730853 126.225333 96.744836 201.548836 152.414975 160.505831 87.029914 219.211038 120.536838 163.572554
120.960337 209.771529 130.656753 126.275527 96.693880 201.484591 152.567896 160.345037 87.197789 218.994236 120.536838 163.572554
120.810452 209.807342 130.618751 126.301269 96.632733 201.407496 152.716750 160.188517 87.365979 218.778945 120.536838 163.572554
120.736826 209.824941 130.596314 126.316468 96.558101 201.313400 152.866500 160.031055 87.536570 218.560580 120.536838 163.572554
120.645110 209.846865 130.485421 126.455464 96.470668 201.203164 153.018318 159.871420 87.703467 218.346943 120.536838 163.572554
120.532483 209.873788 130.501843 126.568918 96.371800 201.078512 153.168895 159.713089 87.872827 218.130154 120.536838 163.572554
120.403906 209.904523 130.486621 126.645668 96.261748 200.939758 153.320619 159.552263 88.039601 217.916676 120.536838 163.572554
120.262004 209.938443 130.433374 126.731510 96.142312 200.789173 153.472594 159.391123 88.210170 217.698294 120.536838 163.572554
120.108333 209.975177 130.234785 126.818934 96.011255 200.623937 153.619765 159.235076 88.381666 217.451946 120.536838 163.572554
119.939587 210.015514 129.972746 126.624249 95.874233 200.451179 153.767829 159.078083 88.550281 217.236098 120.536838 163.572554
119.761115 210.058176 129.965980 126.490735 95.679943 200.200434 153.917196 158.919708 88.720867 217.017729 120.536838 163.572554
119.572237 210.103326 130.023502 126.374247 95.546154 200.026421 154.065671 158.762278 88.889790 216.801488 120.536838 163.572554
119.365073 210.152846 129.944371 126.216467 95.411328 199.851060 154.213118 158.605940 89.067522 216.578967 120.536838 163.572554
119.145460 210.205343 129.854711 126.116747 95.278574 199.678395 154.362918 158.444699 89.235321 216.357947 120.536838 163.572554
118.914371 210.260582 129.770634 126.013632 95.148258 199.508901 154.508010 158.284011 89.402516 216.137724 120.536838 163.572554
118.670898 210.319486 129.698100 125.901675 95.013432 199.333540 154.657164 158.126838 89.567231 215.920767 120.536838 163.572554
118.418072 210.383073 129.623935 125.787200 94.880923 199.161192 154.810349 157.967820 89.731644 215.704207 120.536838 163.572554
118.161076 210.447710 129.547588 125.671404 94.747437 198.987575 154.961453 157.810961 89.895936 215.487807 120.536838 163.572554
117.895545 210.514493 129.473759 125.559697 94.613709 198.813641 155.112557 157.654103 90.061619 215.269575 120.536838 163.572554
117.640100 210.578740 129.399730 125.449579 94.480163 198.639945 155.265655 157.493896 90.228813 215.049352 120.536838 163.572554
117.374376 210.645572 129.325245 125.344011 94.227191 198.321389 155.412264 157.338692 90.396189 214.829520 120.536838 163.572554
117.112143 210.711525 129.249262 125.236318 94.092582 198.154255 155.563817 157.178255 90.566537 214.610206 120.536838 163.572554
116.851849 210.776991 129.171952 125.126746 93.898319 197.907542 155.712279 157.021089 90.735536 214.392629 120.536838 163.572554
116.668751 210.823042 129.094124 125.016438 93.762230 197.732653 155.862322 156.862250 90.902511 214.177659 120.536838 163.572554
116.513875 210.861995 129.012935 124.909662 93.626325 197.558000 156.010697 156.704864 91.071755 213.959766 120.536838 163.572554
116.389838 210.893191 128.928395 124.804281 93.494535 197.388636 156.161791 156.543857 91.238914 213.744558 120.536838 163.572554
116.302071 210.915265 128.843981 124.699056 93.358752 197.214141 156.310832 156.385038 91.407238 213.527850 120.536838 163.572554
116.243010 210.930119 128.762090 124.597834 93.224321 197.041383 156.457957 156.228261 91.574335 213.312722 120.536838 163.572554
116.195102 210.942169 128.676781 124.492560 93.089092 196.867598 156.608572 156.067764 91.742781 213.095856 120.536838 163.572554
116.171342 210.948145 128.541587 124.504202 92.956135 196.696734 156.759544 155.906917 91.908959 212.881912 120.536838 163.572554
116.155632 210.952096 128.441337 124.591907 92.822256 196.524686 156.906897 155.749942 92.078203 212.664019 120.536838 163.572554
116.150977 210.953267 128.351857 124.690156 92.687027 196.350901 157.057261 155.590727 92.276595 212.432297 120.536838 163.572554
116.132453 210.957925 128.266212 124.787023 92.552595 196.178143 157.210796 155.433721 92.441872 212.213633 120.536838 163.572554
116.103747 210.965145 128.176194 124.888835 92.417796 196.004911 157.362934 155.278145 92.609019 211.992495 120.536838 163.572554
116.054255 210.977132 128.084985 124.991996 92.197226 195.720054 157.511794 155.119468 92.773693 211.774628 120.536838 163.572554
115.983256 210.993672 127.995126 125.093547 92.061823 195.544886 157.658917 154.958734 92.937222 211.558277 120.536838 163.572554
115.890442 211.015293 127.907303 125.192761 91.930272 195.374703 157.808336 154.795493 93.100027 211.342883 120.536838 163.572554
115.782628 211.040409 127.816497 125.295344 91.797315 195.202699 157.953636 154.636751 93.264399 211.125415 120.536838 163.572554
115.660498 211.068859 127.728218 125.395089 91.664113 195.030380 158.083567 154.465873 93.430039 210.906272 120.536838 163.572554
115.530772 211.099079 127.642020 125.492536 91.533262 194.860919 158.212872 154.294602 93.596703 210.685772 120.536838 163.572554
115.385268 211.132975 127.555689 125.590132 91.399547 194.687606 158.346093 154.118145 93.763349 210.467147 120.536838 163.572554
115.223499 211.170659 127.380653 125.786653 91.265196 194.511519 158.477253 153.944893 93.929365 210.252066 120.536838 163.572554
115.043907 211.212495 127.292990 125.884402 91.158446 194.365473 158.596270 153.765634 94.096297 210.035798 120.536838 163.572554
114.856719 211.256101 127.201054 125.986915 90.932246 194.268201 158.707577 153.573448 94.261885 209.821271 120.536838 163.572554
114.655896 211.302883 127.109985 126.088461 90.823403 194.291686 158.820622 153.389862 94.428084 209.605953 120.536838 163.572554
114.438809 211.353454 127.017715 126.191347 90.748768 194.319166 158.932776 153.207722 94.596544 209.387706 120.536838 163.572554
114.210521 211.406635 126.927979 126.291401 90.711593 194.337158 159.044785 153.018037 94.763415 209.171517 120.536838 163.572554
113.952120 211.479134 126.840113 126.389371 90.674987 194.305052 159.153785 152.830861 94.929125 208.956833 120.536838 163.572554
113.711671 211.561299 126.751379 126.488308 90.727425 194.254553 159.262003 152.639804 95.095874 208.740802 120.536838 163.572554
113.461192 211.646892 126.659039 126.591265 90.796429 194.188100 159.365525 152.449430 95.263356 208.523822 120.536838 163.572554
113.197344 211.714684 126.567900 126.692883 90.876310 194.111172 159.469763 152.257739 95.430239 208.308276 120.536838 163.572554
112.929665 211.757614 126.478234 126.793133 90.908690 193.942177 159.574528 152.065081 95.598972 208.094683 120.536838 163.572554
112.658135 211.801162 126.388635 126.893578 91.156150 193.868364 159.678050 151.874708 95.767334 207.881561 120.536838 163.572554
112.389578 211.842434 126.298503 126.994619 91.279026 193.752920 159.776866 151.634676 95.934827 207.669538 120.536838 163.572554
112.117030 211.856284 126.209120 127.094721 91.439513 193.593863 159.908786 151.463767 96.104243 207.455082 120.536838 163.572554
111.844182 211.870149 126.118177 127.195842 91.574930 193.446954 160.044128 151.288425 96.275580 207.238194 120.536838 163.572554
111.533696 211.888750 126.032117 127.291535 91.719903 193.289677 160.174765 151.119178 96.444065 207.024915 120.536838 163.572554
111.261503 211.905377 125.942779 127.390872 91.869282 193.127622 160.310634 150.944141 96.613977 206.809831 120.536838 163.572554
111.004163 211.875218 125.857369 127.489801 92.019000 192.965198 160.457361 150.777676 96.781408 206.597886 120.536838 163.572554
110.783885 211.844569 125.775995 127.584422 92.232291 192.730773 160.611279 150.630218 96.952294 206.381407 120.536838 163.572554
110.596193 211.818454 125.718028 127.651825 92.379115 192.565194 160.780144 150.494088 97.117497 206.161060 120.536838 163.572554
110.444851 211.797396 125.625087 127.755102 92.521560 192.404553 160.959420 150.367785 97.284139 205.938791 120.536838 163.572554
110.323549 211.782709 125.609650 127.772152 92.668450 192.238898 161.135263 150.243901 97.449822 205.717804 120.536838 163.572554
110.237471 211.773213 125.601595 127.781047 92.815637 192.083289 161.213095 150.175697 97.616045 205.496096 120.536838 163.572554
110.168788 211.765635 125.598306 127.784679 92.970856 191.926042 161.408974 150.084425 97.782958 205.276176 120.536838 163.572554
110.126761 211.760859 125.597635 127.785420 93.118490 191.762396 161.606847 149.992224 97.952250 205.059842 120.536838 163.572554
110.097284 211.756479 125.597434 127.785643 93.266058 191.598824 161.836542 149.894364 98.119201 204.844985 120.536838 163.572554
110.087096 211.754965 125.597366 127.785717 93.412621 191.436365 162.038428 149.811318 98.283750 204.629032 120.536838 163.572554
110.074534 211.753098 125.597366 127.785717 93.544352 191.265268 162.241887 149.727625 98.448542 204.412761 120.536838 163.572554
110.072259 211.752760 125.597366 127.785717 93.664946 191.084742 162.448760 149.660258 98.615213 204.194024 120.536838 163.572554
110.072259 211.752760 125.597366 127.785717 93.787150 190.901805 162.661739 149.605930 98.782005 203.975128 120.536838 163.572554
110.072259 211.752760 125.597366 127.785717 93.897766 190.717209 162.875802 149.558784 98.946130 203.759732 120.536838 163.572554
110.072259 211.752760 125.597366 127.785717 93.995900 190.521315 163.086340 149.527042 99.112558 203.541313 120.536838 163.572554
110.072259 211.752760 125.597366 127.785717 94.089055 190.327033 163.305834 149.509417 99.277592 203.324724 120.536838 163.572554
110.072259 211.752760 125.597366 127.785717 94.167937 190.126382 163.524787 149.493837 99.445718 203.104078 120.536838 163.572554
110.072259 211.752760 125.597366 127.785717 94.246417 189.926754 163.743132 149.498735 99.611176 202.886932 120.536838 163.572554
110.072259 211.752760 125.597366 127.785717 94.314647 189.722607 163.904465 149.487267 99.775726 202.670979 120.536838 163.572554
110.072259 211.752760 125.597366 127.785717 94.367713 189.507455 164.120798 149.515748 99.939427 202.456139 120.536838 163.572554
110.072259 211.752760 125.597366 127.785717 94.417501 189.298403 164.336735 149.544177 100.103552 202.240743 120.536838 163.572554
110.072259 211.752760 125.597366 127.785717 94.463978 189.088447 164.555231 149.575280 100.267374 202.025744 120.536838 163.572554
110.072259 211.752760 125.584345 127.800097 94.488902 188.868051 164.772075 149.613009 100.432651 201.808837 120.536838 163.572554
110.072259 211.752760 125.568706 127.817369 94.513173 188.653419 164.987600 149.664109 100.600473 201.588588 120.536838 163.572554
110.072259 211.752760 125.560047 127.826931 94.508695 188.458881 165.193882 149.721509 100.768538 201.368022 120.536838 163.572554
110.072259 211.752760 125.552529 127.835233 94.504853 188.297527 165.402616 149.784043 100.932360 201.153023 120.536838 163.572554
110.072259 211.752760 125.549509 127.838569 94.501193 188.172184 165.644375 149.862914 101.098970 200.934366 120.536838 163.572554
110.072259 211.752760 125.548368 127.839829 94.497774 188.085451 165.848961 149.932510 101.276295 200.704171 120.536838 163.572554
110.072259 211.752760 125.547428 127.840867 94.495750 188.034091 166.054589 150.002461 101.439575 200.487132 120.536838 163.572554
110.057818 211.750614 125.534675 127.854951 94.494518 188.002816 166.258796 150.071929 101.605922 200.266017 120.536838 163.572554
110.033880 211.747057 125.516754 127.874743 94.494104 187.992324 166.461868 150.141011 101.768602 200.049777 120.536838 163.572554
109.804176 211.761729 125.532041 128.006877 94.493947 187.988327 166.669483 150.211638 101.932363 199.832099 120.536838 163.572554
109.762607 211.776152 125.565633 128.058034 94.493844 187.985729 166.872127 150.281343 102.096606 199.613781 120.536838 163.572554
109.649003 211.804569 125.608447 128.123233 94.493793 187.984430 167.081251 150.355251 102.259766 199.396902 120.536838 163.572554
109.567211 211.805712 125.657903 128.198547 94.493773 187.983930 167.284529 150.427093 102.424971 199.177306 120.536838 163.572554
109.472020 211.807042 125.714439 128.284644 94.493773 187.983930 167.494291 150.474268 102.590837 198.956830 120.536838 163.572554
109.356131 211.808661 125.780910 128.385871 94.493773 187.983930 167.706170 150.520198 102.753877 198.740111 120.536838 163.572554
109.221944 211.810536 125.857151 128.501976 94.493758 187.983530 167.920883 150.566742 102.918059 198.521873 120.536838 163.572554
109.070959 211.812645 125.928617 128.610809 94.493695 187.981932 168.134619 150.613075 103.082663 198.303076 120.536838 163.572554
108.904275 211.814974 125.999205 128.718305 94.493502 187.977036 168.354157 150.643021 103.245883 198.086117 120.536838 163.572554
108.722093 211.817520 126.071989 128.829144 94.493222 187.969941 168.572732 150.672096 103.410907 197.866760 120.536838 163.572554
108.522413 211.820310 126.145623 128.942889 94.492785 187.958850 168.792000 150.701262 103.576172 197.647084 120.536838 163.572554
108.305334 211.823343 126.191652 129.075334 94.492190 187.943761 169.013700 150.731853 103.736811 197.422780 120.536838 163.572554
108.077156 211.826531 126.261716 129.184125 94.491068 187.915283 169.233228 150.747706 103.896719 197.198560 120.536838 163.572554
107.834380 211.829923 126.335244 129.298296 94.489658 187.879511 169.446672 150.763120 104.055116 196.976456 120.536838 163.572554
107.576054 211.820632 126.407961 129.411207 94.487622 187.827851 169.660216 150.778541 104.213921 196.753783 120.536838 163.572554
107.307438 211.810680 126.538307 129.585120 94.485053 187.762502 169.875855 150.794113 104.372260 196.531761 120.536838 163.572554
107.033026 211.800513 126.619871 129.690427 94.481650 187.675568 170.094386 150.809895 104.532864 196.306563 120.536838 163.572554
106.762549 211.785620 126.683003 129.771937 94.477664 187.573746 170.307630 150.825294 104.690159 196.086006 120.536838 163.572554
106.487951 211.769017 126.727031 129.828781 94.473220 187.460233 170.523064 150.840925 104.849950 195.861949 120.536838 163.572554
106.214768 211.747608 126.780427 129.897721 94.468221 187.332531 170.737090 150.856609 105.007012 195.641718 120.536838 163.572554
105.944211 211.706246 126.814106 129.941203 94.456914 187.028076 170.950817 150.872272 105.167152 195.417172 120.536838 163.572554
105.672666 211.664732 126.830713 129.964498 94.451346 186.874277 171.164858 150.889069 105.324969 195.195882 120.536838 163.572554
105.406178 211.609740 126.836683 129.976606 94.445256 186.705987 171.384275 150.906402 105.481280 194.973811 120.536838 163.572554
105.138619 211.550680 126.840795 129.984947 94.438698 186.524705 171.605579 150.923970 105.629796 194.744267 120.536838 163.572554
104.873155 211.489986 126.842300 129.988000 94.431753 186.332731 171.825484 150.941467 105.779943 194.512205 120.536838 163.572554
104.624147 211.383045 126.796151 130.125936 94.424353 186.128165 172.044990 150.958932 105.926884 194.285096 120.536838 163.572554
104.373670 211.275473 126.767976 130.150073 94.416714 185.917003 172.263300 150.976303 106.075455 194.055468 120.536838 163.572554
104.125489 211.168887 126.729853 130.182733 94.409324 185.712736 172.446720 150.990897 106.225601 193.823405 120.536838 163.572554
103.883077 211.043737 126.679275 130.226063 94.401877 185.506871 172.595151 151.002707 106.372706 193.596044 120.536838 163.572554
103.644737 210.914761 126.617306 130.279151 94.394198 185.295310 172.752832 151.043318 106.521603 193.365913 120.536838 163.572554
103.268046 210.829145 126.540908 130.344601 94.386512 185.087052 172.884201 151.029436 106.670500 193.135782 120.536838 163.572554
103.083045 210.931844 126.453650 130.419355 94.378829 184.878894 173.019846 151.015102 106.818093 192.907665 120.536838 163.572554
102.931888 211.122276 126.354318 130.504453 94.371224 184.672834 173.155347 151.012937 106.965741 192.679465 120.536838 163.572554
102.866193 211.330771 126.256504 130.588250 94.363195 184.455282 173.287502 151.019137 107.116104 192.447066 120.536838 163.572554
102.799475 211.542509 126.153222 130.676731 94.355321 184.241928 173.418558 151.022243 107.264675 192.217438 120.536838 163.572554
102.750043 211.753849 126.050396 130.764821 94.347632 184.033569 173.544186 150.991229 107.413138 191.987979 120.536838 163.572554
102.679089 211.962938 125.946279 130.854018 94.339437 183.811521 173.667378 150.936493 107.561763 191.758267 120.536838 163.572554
102.610224 212.165871 125.845807 130.940092 94.331404 183.593869 173.771787 150.854018 107.707706 191.522952 120.536838 163.572554
102.541230 212.369184 125.742981 131.028183 94.323464 183.378715 173.864976 150.753021 107.849997 191.293136 120.536838 163.572554
102.471594 212.574390 125.641744 131.114276 94.315549 183.164261 173.942469 150.642689 107.992761 191.062555 120.536838 163.572554
102.401090 212.782154 125.539554 131.197671 94.307874 182.956303 173.993692 150.491516 108.138105 190.827807 120.536838 163.572554
102.333209 212.984467 125.435116 131.282900 94.300011 182.743248 173.987750 150.363354 108.282765 190.594165 120.536838 163.572554
102.264398 213.194271 125.329517 131.369076 94.291894 182.523298 173.926254 150.243183 108.425793 190.363159 120.536838 163.572554
102.196990 213.399799 125.228178 131.451776 94.276859 182.214145 173.821692 150.165345 108.568031 190.133428 120.536838 163.572554
102.128336 213.609128 125.124981 131.535992 94.265103 181.997564 173.672758 150.107981 108.713217 189.898936 120.536838 163.572554
102.058865 213.815964 125.018297 131.623054 94.253391 181.781782 173.566572 150.030383 108.857772 189.665464 120.536838 163.572554
101.988416 214.017930 124.946477 131.681665 94.242025 181.572390 173.473651 149.937812 109.001747 189.432927 120.536838 163.572554
101.918099 214.219518 124.891236 131.726745 94.230518 181.360402 173.386249 149.835712 109.144775 189.201921 120.536838 163.572554
101.860594 214.384376 124.865437 131.747799 94.217216 181.046267 173.307432 149.743640 109.288908 188.969129 120.536838 163.572554
101.814386 214.516849 124.686396 131.785937 94.208547 180.828239 173.253002 149.680055 109.433568 188.735487 120.536838 163.572554
101.781253 214.611836 124.630265 131.735444 94.200147 180.617006 173.219316 149.640704 109.578965 188.500655 120.540866 163.562641
101.759383 214.674531 124.564765 131.676525 94.191457 180.398479 173.198766 149.616698 109.721098 188.271094 120.547604 163.546058
101.750260 214.700686 124.486460 131.606123 94.183042 180.186846 173.224188 149.491497 109.866495 188.036261 120.555735 163.526047
101.640367 214.759094 124.397862 131.526530 94.174499 179.972016 173.250560 149.432415 110.006251 187.802224 120.561871 163.510946
101.579006 214.742010 124.296251 131.435234 94.166024 179.758884 173.282109 149.361737 110.145160 187.567090 120.564243 163.505109
101.502927 214.721102 124.197616 131.346612 94.154626 179.376402 173.312068 149.294620 110.283866 187.332301 120.565071 163.503071
101.412395 214.685416 124.101243 131.261014 94.152538 179.172213 173.339419 149.233347 110.422571 187.097512 120.565071 163.503071
101.306991 214.636982 123.998527 131.170206 94.150727 178.995022 173.358332 149.190977 110.561633 186.862120 120.565071 163.503071
101.189683 214.583078 123.895213 131.078869 94.149139 178.839630 173.416514 149.042128 110.701051 186.626125 120.565071 163.503071
101.056473 214.521867 123.794445 130.989784 94.147729 178.701737 173.441611 148.968593 110.839705 186.391422 120.565071 163.503071
100.906817 214.453098 123.693004 130.900102 94.146365 178.568344 173.467290 148.893354 110.964704 186.150139 120.565071 163.503071
100.747256 214.379779 123.494543 130.768356 94.145154 178.449850 173.492419 148.819724 111.084743 185.905837 120.565071 163.503071
100.572976 214.299695 123.369793 130.709822 94.144094 178.346156 173.516225 148.749974 111.205708 185.659650 120.565071 163.503071
100.383520 214.212638 123.246763 130.652095 94.143020 178.241161 173.542614 148.672654 111.327245 185.412296 120.580869 163.452963
100.183088 214.119643 123.128078 130.596407 94.144519 178.147363 173.569326 148.594387 111.449577 185.163327 120.591631 163.414438
99.997630 214.006591 122.995655 130.570788 94.161417 178.048699 173.595457 148.517823 111.570630 184.916960 120.607638 163.357132
99.813031 213.893857 122.875794 130.514548 94.175260 177.967876 173.620069 148.445707 111.691374 184.671222 120.619745 163.313791
99.624930 213.778991 122.759960 130.456682 94.189036 177.887447 173.645328 148.371699 111.798443 184.420471 120.659213 163.295242
99.442130 213.665626 122.636645 130.393412 94.204027 177.799922 173.672040 148.293432 111.900837 184.166538 120.672718 163.246893
99.257748 213.550825 122.513951 130.330461 94.241527 177.632750 173.689611 148.241948 112.002409 183.914646 120.689775 163.185830
99.071343 213.434734 122.393394 130.268606 94.263539 177.562414 173.697234 148.219613 112.105737 183.658394 120.711137 163.109358
98.922795 213.342221 122.277107 130.208942 94.287104 177.487116 173.746901 148.095932 112.208992 183.402328 120.737099 163.016416
98.805995 213.269479 122.061973 130.043805 94.311327 177.409717 173.771078 148.044645 112.312246 183.146262 120.762442 162.925689
98.715678 213.213231 121.958272 129.952906 94.333966 177.337377 173.804765 147.973187 112.414565 182.892515 120.790006 162.841604
98.657447 213.176966 121.860436 129.867149 94.358816 177.257975 173.837215 147.904353 112.516248 182.640344 120.817499 162.759484
98.620183 213.153758 121.759819 129.778953 94.379551 177.185130 173.870305 147.834161 112.623111 182.387286 120.843278 162.682485
98.609742 213.147256 121.658675 129.690296 94.393646 177.120550 173.902073 147.766774 112.731125 182.132648 120.869089 162.605391
98.604055 213.143714 121.555500 129.599859 94.409979 177.045712 173.932946 147.701286 112.839451 181.849796 120.890486 162.541477
98.602188 213.142551 121.458492 129.514827 94.424242 176.974805 173.967144 147.628743 112.928755 181.593404 120.911249 162.479461
98.600660 213.141600 121.358701 129.427357 94.430180 176.896229 173.999083 147.560994 113.018552 181.335595 120.941343 162.410387
98.577964 213.043677 121.191640 129.322782 94.436291 176.815360 174.032812 147.489446 113.108580 181.077125 120.972903 162.358654
98.589284 213.016111 121.072943 129.266416 94.437161 176.644675 174.063898 147.423506 113.199100 180.817239 121.004933 162.306153
98.605847 212.975779 120.955240 129.210523 94.429039 176.551890 174.088246 147.371857 113.287977 180.562074 121.029254 162.266286
98.627310 212.923514 120.834014 129.152957 94.392567 176.447370 174.100271 147.346350 113.379353 180.299732 121.056128 162.222236
98.653749 212.859132 120.717937 129.097835 94.341117 176.328852 174.159224 147.222188 113.463728 180.038321 121.088626 162.168967
98.686190 212.780133 120.594724 129.039325 94.271826 176.199207 174.185319 147.167604 113.539089 179.773848 121.116020 162.124063
98.711982 212.682731 120.476750 128.983303 94.194638 176.054621 174.221161 147.092631 113.613244 179.513607 121.135186 162.092648
98.713536 212.567242 120.353085 128.924579 94.110150 175.896361 174.256659 147.018380 113.687865 179.251731 121.158726 162.054062
98.715324 212.434454 120.261307 128.880996 94.017939 175.723633 174.290560 146.947467 113.763395 178.986683 121.189245 162.004036
98.717325 212.285767 120.207108 128.855259 93.919983 175.540144 174.325583 146.874209 113.837995 178.724905 121.213945 161.963463
98.719475 212.126082 120.173685 128.839387 93.818258 175.349597 174.357587 146.807265 113.912074 178.464954 121.232968 161.932079
98.661397 211.962769 120.161399 128.833553 93.716487 175.158961 174.390841 146.737706 113.986811 178.202695 121.258419 161.890090
98.565203 211.796143 120.084060 128.932665 93.614198 174.967356 174.426166 146.663815 114.062507 177.937071 121.283663 161.848444
98.463209 211.619470 120.067234 128.985763 93.512521 174.776897 174.460887 146.591188 114.151429 177.678566 121.303257 161.816118
98.250965 211.646677 120.045455 129.054495 93.409996 174.584850 174.494400 146.521087 114.242754 177.416418 121.324147 161.781655
98.052206 211.767497 120.018571 129.139337 93.306011 174.390069 174.517605 146.472549 114.333585 177.155686 121.340838 161.754119
97.828979 211.866464 119.986007 129.242101 93.201649 174.194582 174.580056 146.347472 114.422639 176.900054 121.360898 161.721024
97.572428 211.898148 119.947191 129.364598 93.099643 174.003505 174.614554 146.281215 114.512812 176.641211 121.381373 161.687245
97.307044 211.930923 119.904328 129.499870 92.998300 173.814569 174.652792 146.207773 114.603215 176.381707 121.396665 161.662017
97.040940 211.987660 119.855875 129.652777 92.895614 173.623630 174.687566 146.140984 114.693421 176.122770 121.410608 161.639014
96.785667 212.077136 119.777578 129.878310 92.791626 173.430211 174.712273 146.093530 114.783133 175.865249 121.423360 161.617976
96.523882 212.168895 119.710811 130.059500 92.689958 173.241109 174.823231 146.019139 114.872977 175.607350 121.440725 161.589328
96.266722 212.259033 119.646326 130.234497 92.587201 173.049981 174.906110 146.026447 114.963840 175.346524 121.457621 161.558119
96.007108 212.350030 119.579835 130.414936 92.486669 172.862992 174.980919 146.033043 115.076129 175.081883 121.469850 161.534836
95.648058 212.440553 119.515246 130.590215 92.397598 172.697318 175.054434 146.039526 115.194839 174.835489 121.482406 161.510932
95.379299 212.502474 119.449690 130.768121 92.319938 172.552871 175.133228 146.046474 115.313637 174.588914 121.494682 161.487560
95.112976 212.563834 119.384651 130.944619 92.253122 172.428594 175.211226 146.053351 115.432130 174.342971 121.518164 161.442852
94.845303 212.620095 119.319820 131.120554 92.199613 172.329066 175.287928 146.060115 115.550146 174.098018 121.543088 161.395400
94.569998 212.627313 119.255499 131.297846 92.150129 172.237025 175.359749 146.066448 115.667380 173.854687 121.569919 161.344317
94.293493 212.634564 119.192659 131.472059 92.112767 172.167532 175.436452 146.073212 115.794821 173.615129 121.596145 161.294386
94.020087 212.641733 119.127341 131.653139 92.081466 172.109313 175.571516 146.087696 115.924234 173.377480 121.618931 161.251006
93.651622 212.609622 119.064943 131.828146 92.063089 172.075141 175.648177 146.096797 116.055846 173.135792 121.643343 161.204527
93.381747 212.580891 119.001873 132.006949 92.046078 172.043527 175.722059 146.105568 116.185785 172.897178 121.663524 161.166105
93.110878 212.552055 118.937305 132.189995 92.039255 172.030846 175.798422 146.114634 116.315341 172.659266 121.692727 161.110507
92.840288 212.505240 118.872738 132.373041 92.033522 172.020191 175.849166 146.120658 116.454044 172.426713 121.712489 161.072882
92.577652 212.419750 118.811064 132.547882 92.026888 172.007862 175.986240 146.135233 116.594561 172.193587 121.732438 161.034902
92.320530 212.336055 118.749058 132.723667 92.018075 171.991482 176.059720 146.142098 116.737867 171.955836 121.752107 160.997453
92.057305 212.264668 118.686353 132.901431 92.012673 171.981443 176.137880 146.149400 116.881275 171.717915 121.774381 160.955047
91.791766 212.214490 118.623382 133.079951 92.005897 171.968851 176.215342 146.156638 117.021535 171.485217 121.792563 160.920431
91.521635 212.177151 118.559779 133.260262 92.002107 171.961806 176.291809 146.163782 117.164531 171.247980 121.812604 160.882275
91.248234 212.139360 118.498139 133.435009 91.988792 171.937060 176.372956 146.171364 117.305874 171.013484 121.830740 160.847748
90.871892 212.100939 118.416450 133.664992 91.953041 171.835692 176.447232 146.178304 117.445824 170.781301 121.845248 160.820126
90.601037 212.083749 118.355316 133.846683 91.936602 171.805133 176.529972 146.186034 117.588624 170.551941 121.861802 160.788609
90.330581 212.066585 118.294087 134.028658 91.921443 171.776951 176.609725 146.193485 117.736163 170.319987 121.873334 160.766653
90.060028 212.061591 118.202896 134.196153 91.877816 171.627041 176.687785 146.200779 117.884560 170.086684 121.880355 160.753285
89.782960 212.070166 118.143580 134.372441 91.909890 171.505054 176.760468 146.207570 118.031185 169.856164 121.888586 160.737615
89.511490 212.078567 118.082670 134.553468 92.060957 171.384652 176.834346 146.214472 118.180226 169.621848 121.901606 160.712826
89.237022 212.087061 117.964025 134.928448 92.148859 171.312535 176.917186 146.222212 118.325242 169.393860 121.910488 160.695917
88.962216 212.074680 117.902460 135.112631 92.246503 171.232425 176.991661 146.229170 118.470365 169.165704 121.918951 160.679804
88.689178 212.043606 117.839699 135.296301 92.334456 171.117619 177.048514 146.234482 118.617313 168.934678 121.927367 160.663780
88.414551 212.012352 117.776759 135.477691 92.532765 170.956706 177.070816 146.236566 118.771447 168.670794 121.935179 160.648907
88.143997 211.981561 117.719400 135.643000 92.662687 170.852418 177.135586 146.162304 118.904267 168.435722 121.939085 160.641471
87.873543 211.950782 117.595624 135.951193 92.803604 170.739304 177.142527 146.096268 119.040679 168.194295 121.945363 160.629519
87.435663 212.085974 117.522840 136.130375 92.882758 170.675768 177.150220 146.023071 119.137776 167.939295 121.952896 160.615177
87.190629 212.363347 117.450960 136.307333 92.944248 170.658182 177.158133 145.947786 119.249163 167.686224 121.957825 160.605793
87.007230 212.567724 117.380020 136.481975 92.984624 170.656796 177.166078 145.872202 119.360470 167.433335 121.961777 160.598268
86.826836 212.768751 117.309457 136.655691 93.002413 170.656186 177.174189 145.795027 119.470246 167.183925 121.966335 160.589591
86.572714 213.036790 117.237802 136.832093 93.005911 170.656066 177.182217 145.718648 119.580988 166.932318 121.973821 160.575338
86.376766 213.233144 117.164717 137.012016 93.007510 170.656011 177.190329 145.641473 119.695922 166.652661 121.982470 160.558871
86.124392 213.494314 117.105406 137.158030 93.008410 170.655980 177.198117 145.567381 119.783391 166.406118 121.996048 160.533020
85.936508 213.694850 117.059004 137.272265 93.008510 170.655977 177.206249 145.490007 119.855913 166.201701 122.007162 160.511861
85.749581 213.894365 117.034005 137.355632 93.008510 170.655977 177.214570 145.410844 119.923923 165.991016 122.027040 160.476126
85.483183 214.176731 117.014375 137.432154 93.090736 170.578983 177.219242 145.366388 119.980874 165.784837 122.058211 160.422069
85.292390 214.377823 116.997527 137.497827 93.103862 170.535626 177.244589 145.172152 120.037825 165.578658 122.091129 160.364979
85.102973 214.577463 116.893560 137.655048 93.137368 170.480885 177.256131 145.094910 120.095841 165.368623 122.123698 160.308497
84.914245 214.776378 116.847549 137.637065 93.200317 170.428962 177.267703 145.017470 120.154682 165.155601 122.158865 160.247509
84.752712 214.941224 116.826499 137.628838 93.277382 170.365394 177.279630 144.937656 120.213710 164.941903 122.194631 160.185482
84.616118 215.080109 116.814391 137.624106 93.365711 170.292536 177.290994 144.861600 120.272658 164.728495 122.233844 160.117478
84.509675 215.188337 116.810573 137.622614 93.464994 170.210642 177.301620 144.790490 120.327347 164.518115 122.267262 160.059522
84.428686 215.270684 116.807778 137.621522 93.614976 170.129678 177.313429 144.711467 120.377524 164.310493 122.302279 159.998795
84.263579 215.450085 116.807313 137.621340 93.742182 170.024746 177.324927 144.634522 120.427749 164.102676 122.341592 159.930617
84.235531 215.480535 116.806847 137.621157 93.879647 169.911351 177.335922 144.560939 120.472124 163.919062 122.370364 159.880718
84.216764 215.500909 116.806847 137.621157 94.029609 169.787647 177.348233 144.478553 120.515348 163.740211 122.395790 159.836624
84.212292 215.505763 116.806847 137.621157 94.194896 169.659765 177.359406 144.403784 120.551948 163.588771 122.416670 159.800412
84.208159 215.510250 116.806847 137.621157 94.377546 169.528715 177.370889 144.326937 120.582160 163.448340 122.439948 159.760043
84.207346 215.511133 116.806847 137.621157 94.572627 169.388746 177.381707 144.254541 120.619557 163.314465 122.458730 159.727470
84.099104 215.629292 116.806847 137.621157 94.798525 169.267295 177.393235 144.177397 120.646299 163.218730 122.474565 159.700008
