156.950051 140.705815 154.061863 104.670607 131.877200 129.293100 134.564700 139.039300 161.760900 112.440400 181.348358 190.420537
156.950051 140.705815 154.155258 104.581043 131.858066 129.306743 134.580253 139.037160 161.737681 112.434734 181.375873 190.582684
156.950051 140.705815 154.230249 104.509128 131.803629 129.305040 134.613639 139.032566 161.701542 112.425915 181.353189 190.660651
156.950051 140.705815 154.275863 104.465385 131.754044 129.340396 134.662182 139.025887 161.645875 112.412331 181.328021 190.756388
156.950051 140.705815 154.324943 104.418318 131.689558 129.386377 134.785837 139.006673 161.572625 112.394456 181.311026 190.874565
156.950051 140.705815 154.365938 104.379004 131.609765 129.443273 134.865880 138.993626 161.477516 112.371247 181.322328 191.010775
156.950051 140.705815 154.385859 104.359901 131.515316 129.510618 134.963196 138.977764 161.370846 112.345217 181.351950 191.155727
156.950051 140.705815 154.606404 104.191157 131.406456 129.588240 135.073540 138.959779 161.246689 112.314919 181.422737 191.300267
156.950051 140.705815 154.710855 104.031179 131.300771 129.663597 135.198718 138.947745 161.115926 112.283010 181.520807 191.451080
156.950051 140.705815 154.760279 103.955606 131.190262 129.728565 135.334825 138.936155 160.981705 112.377808 181.642998 191.601062
156.950051 140.705815 154.818242 103.866977 131.090418 129.771542 135.465422 138.926044 160.937585 112.499561 181.799722 191.734012
156.950051 140.705815 154.882882 103.768137 131.029245 129.797874 135.601391 138.920798 160.890706 112.628929 181.994819 191.820188
156.950051 140.705815 154.955021 103.657832 130.995719 129.812306 135.734989 138.920091 160.845870 112.752656 182.207882 191.798830
156.950051 140.705815 155.028801 103.545016 130.985064 129.816892 135.866187 138.919398 160.799400 112.880895 182.395140 191.694987
156.950051 140.705815 155.103348 103.431028 130.973674 129.821794 135.960644 138.802042 160.753576 113.007349 182.529296 191.524748
156.950051 140.705815 155.173707 103.323263 130.972500 129.822300 135.978711 138.674011 160.716644 113.096908 182.641991 191.340977
156.950051 140.705815 155.247379 103.210018 130.972500 129.822300 136.009571 138.541281 160.693164 113.152015 182.755010 191.153743
156.950051 140.705815 155.318487 103.100712 130.972500 129.822300 136.052102 138.420121 160.681988 113.173478 182.865703 190.970362
156.950051 140.705815 155.394067 102.984533 130.972500 129.822300 136.077922 138.286900 160.571088 113.355433 182.971658 190.800047
156.950051 140.705815 155.469320 102.868857 130.972500 129.822300 136.092689 138.155186 160.527919 113.399237 183.062981 190.657252
156.950051 140.705815 155.543973 102.754102 130.972500 129.822300 136.093734 138.019008 160.475696 113.452229 183.149687 190.529879
156.950051 140.705815 155.675878 102.563230 130.972500 129.822300 136.094364 137.887909 160.411541 113.517329 183.220898 190.436291
156.950051 140.705815 155.753360 102.453413 130.972500 129.822300 136.095013 137.752711 160.334821 113.595178 183.278000 190.361246
156.950051 140.705815 155.828421 102.347027 130.972500 129.822300 136.056904 137.600248 160.247669 113.689601 183.329895 190.293044
156.950051 140.705815 155.907148 102.234175 130.972500 129.822300 135.921085 137.604923 160.164412 113.789312 183.377061 190.243977
156.950051 140.705815 155.981108 102.127629 130.972500 129.822300 135.788663 137.609481 160.076733 113.894320 183.402057 190.218488
156.950051 140.705815 156.059059 102.015333 130.972500 129.822300 135.653240 137.614043 159.988232 113.999151 183.411720 190.208636
156.950051 140.705815 156.136840 101.903283 130.972500 129.822300 135.518832 137.618942 159.898257 114.101799 183.420192 190.199997
156.950051 140.705815 156.211370 101.795916 130.955841 129.780988 135.390239 137.623410 159.808611 114.204072 183.423063 190.197069
156.950051 140.705815 156.287155 101.686741 130.976595 129.751573 135.257145 137.618202 159.718636 114.306720 183.424043 190.196070
156.950051 140.705815 156.366304 101.572720 131.011302 129.702384 135.124586 137.614881 159.629320 114.408617 183.424393 190.195713
156.950051 140.705815 156.442229 101.466127 131.055233 129.640123 134.995227 137.611640 159.542047 114.508182 183.424603 190.195499
156.950051 140.705815 156.521254 101.363787 131.108965 129.563971 134.860669 137.608269 159.450886 114.612184 183.457028 190.154030
156.950051 140.705815 156.603213 101.257647 131.189207 129.491588 134.726611 137.604911 159.384508 114.687911 183.483129 190.117251
156.950051 140.705815 156.682666 101.154753 131.291208 129.418128 134.587755 137.601413 159.341465 114.737017 183.520054 190.065222
156.720700 140.703900 156.761869 101.052171 131.403677 129.337130 134.482089 137.598742 159.322679 114.758449 183.567454 189.998433
156.643838 140.693155 156.844541 100.945066 131.512575 129.258703 134.416010 137.597072 159.203149 114.824309 183.623305 189.919737
156.540490 140.720573 156.923364 100.842949 131.617254 129.183314 134.377031 137.594130 159.140552 114.814901 183.688145 189.829167
156.456451 140.710009 157.002004 100.741069 131.727207 129.104128 134.284599 137.500213 159.064011 114.803398 183.767734 189.730071
156.357033 140.697512 157.082721 100.636498 131.879543 129.037127 134.287223 137.431564 158.968088 114.788983 183.856716 189.619280
156.149080 140.673752 157.160737 100.534273 131.982200 129.013682 134.290490 137.346126 158.863499 114.762034 183.953149 189.499211
156.016248 140.659453 157.238986 100.428091 132.062922 128.995246 134.294413 137.243501 158.759651 114.682346 184.059726 189.366511
155.886139 140.647355 157.320912 100.316917 132.110302 128.984426 134.298902 137.126087 158.651873 114.604506 184.175008 189.222974
155.757482 140.639439 157.397559 100.212907 132.343812 129.009930 134.304173 136.988187 158.481282 114.559687 184.300935 189.066182
155.649586 140.632801 157.458245 100.058749 132.410827 129.071197 134.309380 136.851987 158.345435 114.546355 184.438196 188.895278
155.578420 140.628422 157.474306 99.926890 132.480561 129.153591 134.314438 136.719684 158.211678 114.533229 184.584001 188.718965
155.536001 140.625812 157.469838 99.794465 132.551950 129.259473 134.319576 136.585282 158.075196 114.529930 184.753157 188.539940
155.512545 140.624369 157.465471 99.665039 132.625072 129.367925 134.233028 136.405812 157.937462 114.534216 184.929112 188.353718
155.501067 140.623663 157.458038 99.533681 132.700373 129.479611 134.111718 136.341720 157.801156 114.535379 185.111316 188.160883
155.493581 140.623202 157.430246 99.404026 132.813682 129.644579 133.990142 136.277488 157.669616 114.520317 185.300465 187.960989
155.489389 140.622944 157.401994 99.272220 132.888983 129.751773 133.903935 136.231942 157.538373 114.505290 185.497703 187.754297
155.479907 140.622361 157.339112 99.156641 132.964686 129.859541 133.843898 136.200223 157.406607 114.477982 185.703571 187.538561
155.470125 140.621759 157.253352 99.054984 133.030388 129.953071 133.820114 136.187657 157.283178 114.451684 185.915217 187.315083
155.458747 140.621059 157.168817 98.954779 133.089479 130.037190 133.708452 136.178154 157.199652 114.433888 186.131459 187.081786
155.443276 140.620107 157.081509 98.851287 133.137649 130.105762 133.588578 136.162932 157.146447 114.422552 186.355721 186.839835
155.428704 140.619210 156.977499 98.766721 133.178748 130.164269 133.536142 136.058663 157.001316 114.410664 186.586782 186.590550
155.402952 140.617626 156.867794 98.683829 133.211858 130.211402 133.570580 135.936853 156.968777 114.416161 186.825544 186.335616
155.381992 140.616336 156.761998 98.603891 133.239219 130.250353 133.542899 135.856063 156.953958 114.413781 187.077912 186.075949
155.346459 140.614150 156.659154 98.526184 133.272328 130.297486 133.508768 135.756448 156.948879 114.407217 187.337388 185.808967
155.316216 140.612289 156.549848 98.443594 133.310496 130.351820 133.470682 135.645292 156.945574 114.402946 187.601743 185.536965
155.280683 140.610103 156.443813 98.363475 133.334811 130.386433 133.428448 135.522026 156.889628 114.427624 187.870698 185.260231
155.245250 140.607923 156.333163 98.279522 133.375234 130.509449 133.386054 135.398287 156.866928 114.468550 188.140620 184.973913
155.201700 140.607676 156.228154 98.192783 133.422022 130.572979 133.342839 135.271975 156.832440 114.530726 188.395529 184.664009
155.134341 140.610009 156.128080 98.110120 133.478180 130.649231 133.300176 135.147271 156.787767 114.611266 188.646621 184.342551
155.091866 140.611480 156.024150 98.024273 133.544478 130.739252 133.258062 135.024176 156.734605 114.707110 188.897459 184.008220
155.030503 140.613605 155.922226 97.940082 133.619198 130.840707 133.213521 134.893984 156.672130 114.819743 189.149343 183.665906
154.986829 140.615117 155.872099 97.855819 133.700796 130.951502 133.127624 134.712525 156.602719 114.944882 189.385883 183.302703
154.935660 140.616889 155.767565 97.769448 133.780259 131.059398 133.064894 134.597293 156.524723 115.085499 189.610397 182.920230
154.875296 140.618979 155.662184 97.682375 133.860197 131.167938 133.002642 134.482940 156.441003 115.236436 189.829596 182.535070
154.815332 140.621056 155.560266 97.598333 133.981990 131.326335 132.937569 134.363405 156.351074 115.398565 190.036460 182.141995
154.774556 140.622468 155.458963 97.515590 134.073123 131.428494 132.871300 134.241674 156.253821 115.573899 190.232882 181.746037
154.730183 140.624004 155.358977 97.433922 134.160129 131.526025 132.746601 133.999288 156.148176 115.764362 190.415642 181.342563
154.677914 140.625815 155.252331 97.346814 134.252461 131.629527 132.688915 133.876487 156.044666 115.950977 190.568166 180.928672
154.613553 140.628043 155.176415 97.242315 134.340599 131.728327 132.639905 133.765966 155.937373 116.144413 190.721823 180.513068
154.543626 140.619285 155.162263 96.979886 134.414558 131.811232 132.606543 133.690732 155.833911 116.330941 190.847308 180.065923
154.460350 140.584888 155.293681 96.904958 134.464351 131.867050 132.589071 133.651332 155.729721 116.518780 190.962316 179.639148
154.416263 140.566678 155.442868 96.823037 134.488450 131.894063 132.580274 133.631495 155.623840 116.710596 191.052129 179.206174
154.399256 140.559654 155.604413 96.734326 134.479122 131.972190 132.576059 133.621988 155.519101 116.902812 191.149990 178.744793
154.393800 140.557400 155.776900 96.639571 134.410701 132.009013 132.572126 133.613120 155.415941 117.092130 191.250506 178.313655
154.393800 140.557400 155.962271 96.537739 134.326342 132.054414 132.571518 133.611749 155.312925 117.281185 191.351386 177.880959
154.393800 140.557400 156.150147 96.430584 134.363917 132.177299 132.571154 133.610926 155.208521 117.472787 191.449952 177.448266
154.393800 140.557400 156.341386 96.319421 134.457435 132.277005 132.570951 133.610469 155.105744 117.661402 191.539751 177.014565
154.393800 140.557400 156.530203 96.209664 134.579522 132.419488 132.570951 133.610469 154.999761 117.855901 191.629490 176.581158
154.393800 140.557400 156.720404 96.099104 134.704868 132.566869 132.570951 133.610469 154.894687 118.048732 191.719573 176.146086
154.393800 140.557400 156.906808 95.990767 134.787984 132.672742 132.570951 133.610469 154.790187 118.240509 191.809149 175.713462
154.393800 140.557400 157.066808 95.851007 134.869607 132.773967 132.570951 133.610469 154.685640 118.432373 191.898705 175.280936
154.393800 140.557400 157.211098 95.686127 134.962412 132.872284 132.570951 133.610469 154.579848 118.626521 191.988423 174.847627
154.393800 140.557400 157.356781 95.519543 135.056659 132.972128 132.570951 133.610469 154.477119 118.815049 192.077878 174.415591
154.393800 140.557400 157.456732 95.332398 135.149121 133.070081 132.570951 133.610469 154.372801 119.006470 192.167353 173.983457
154.393800 140.557400 157.490460 95.113683 135.239592 133.165926 132.570951 133.610469 154.268560 119.197704 192.257375 173.548679
154.393800 140.557400 157.523061 94.902282 135.329995 133.261698 132.570951 133.610469 154.176092 119.367339 192.347195 173.114880
154.393800 140.557400 157.556331 94.686533 135.421702 133.358851 132.570951 133.610469 154.104717 119.505485 192.437237 172.680004
154.393800 140.557400 157.584958 94.472048 135.510457 133.452878 132.570951 133.610469 154.056886 119.613647 192.526449 172.249143
154.393800 140.557400 157.612879 94.252919 135.568529 133.514399 132.570951 133.610469 154.022535 119.693470 192.616147 171.815931
154.393800 140.557400 157.640358 94.037263 135.606136 133.556489 132.570951 133.610469 154.000872 119.743806 192.705297 171.385364
154.393800 140.557400 157.667950 93.819504 135.618484 133.585577 132.570951 133.610469 153.933281 119.890481 192.795323 170.954373
154.393800 140.557400 157.694440 93.607251 135.623604 133.597635 132.570951 133.610469 153.895590 119.966556 192.894192 170.523163
154.393800 140.557400 157.721239 93.392517 135.625362 133.601777 132.570951 133.610469 153.849685 120.059208 192.992904 170.092634
154.393800 140.557400 157.748606 93.173016 135.686656 133.614685 132.570951 133.610469 153.795039 120.170628 193.089117 169.661553
154.393800 140.557400 157.775092 92.960561 135.724847 133.587462 132.570951 133.610469 153.733769 120.295730 193.181470 169.227469
154.393800 140.557400 157.830128 92.645277 135.775577 133.551300 132.570951 133.610469 153.667441 120.431160 193.273615 168.794362
154.393800 140.557400 157.871390 92.432643 135.842838 133.503355 132.570951 133.610469 153.592756 120.583653 193.365718 168.361452
154.393800 140.557400 157.900023 92.218958 135.927607 133.442931 132.570951 133.610469 153.509934 120.752761 193.458265 167.928125
154.393800 140.557400 157.925571 92.000749 136.025404 133.373219 132.570951 133.610469 153.422669 120.930939 193.545856 167.522780
154.393800 140.557400 157.943349 91.784628 136.132729 133.296716 132.570951 133.610469 153.338938 121.121607 193.624829 167.157316
154.393800 140.557400 157.960637 91.571067 136.242089 133.218762 132.570951 133.610469 153.252524 121.325664 193.695206 166.831633
154.393800 140.557400 158.013075 91.356048 136.351205 133.140982 132.570951 133.610469 153.171181 121.526697 193.756099 166.549837
154.393800 140.557400 158.088828 91.152913 136.460337 133.064095 132.570951 133.610469 153.092307 121.732715 193.808691 166.306454
154.393800 140.557400 158.163987 90.951371 136.571664 132.987204 132.570951 133.610469 153.014827 121.935090 193.854398 166.094937
154.393800 140.557400 158.239670 90.748424 136.679372 132.912814 132.570951 133.610469 152.937740 122.136438 193.957826 165.371813
154.393800 140.557400 158.317066 90.540885 136.786832 132.838594 132.570951 133.610469 152.859009 122.342082 194.010712 165.156719
154.393800 140.557400 158.429181 90.248642 136.893964 132.764601 132.570951 133.610469 152.781100 122.545578 194.056819 164.944062
154.393800 140.557400 158.517784 90.047260 137.003975 132.688620 132.570951 133.610469 152.694820 122.746339 194.103722 164.727175
154.393800 140.557400 158.608279 89.853336 137.110448 132.615082 132.570951 133.610469 152.605417 122.943847 194.148828 164.518597
154.393800 140.557400 158.699704 89.657418 137.268765 132.504655 132.570951 133.610469 152.522772 123.144000 194.194377 164.307966
154.393800 140.557400 158.793075 89.457332 137.374948 132.430350 132.570951 133.610469 152.442961 123.345898 194.240519 164.094598
154.393800 140.557400 158.876932 89.277635 137.481950 132.355471 132.570951 133.610469 152.364364 123.544727 194.286301 163.882892
154.393800 140.557400 158.948144 89.125033 137.595368 132.276155 132.570951 133.610469 152.285399 123.744486 194.331894 163.672065
154.393800 140.557400 159.006247 89.000523 137.703761 132.201527 132.570951 133.610469 152.204523 123.949081 194.376602 163.458801
154.393800 140.557400 159.061855 88.881359 137.811743 132.127182 132.570951 133.610469 152.127135 124.150834 194.420686 163.248165
154.393800 140.557400 159.101309 88.796812 137.929164 132.058691 132.570951 133.610469 152.052278 124.353661 194.464442 163.039095
154.393800 140.557400 159.123891 88.748421 138.046301 132.003944 132.570951 133.610469 151.976651 124.554173 194.508689 162.827675
154.393800 140.557400 159.139833 88.714258 138.250453 131.914195 132.570951 133.610469 151.898421 124.761398 194.553757 162.612341
154.393800 140.557400 159.145711 88.701662 138.376059 131.877704 132.570951 133.610469 151.822168 124.963384 194.598660 162.397789
154.393800 140.557400 159.146726 88.699487 138.505827 131.846153 132.570951 133.610469 151.745385 125.166773 194.643532 162.182312
154.393800 140.557400 159.146937 88.699034 138.643137 131.829633 132.570951 133.610469 151.668566 125.370256 194.688063 161.966458
154.393800 140.557400 159.146980 88.698943 138.774859 131.818311 132.570951 133.610469 151.590830 125.576171 194.731827 161.754325
154.393800 140.557400 159.146980 88.698943 138.907431 131.824134 132.570951 133.610469 151.519970 125.778624 194.774998 161.544012
154.393800 140.557400 159.146980 88.698943 139.044567 131.839281 132.570951 133.610469 151.447463 125.986862 194.804307 161.350705
154.393800 140.557400 159.146980 88.698943 139.147600 131.860600 132.570951 133.610469 151.374825 126.195477 194.810800 161.193839
154.393800 140.557400 159.146980 88.698943 139.264584 131.885133 132.570951 133.610469 151.302186 126.404093 194.807736 161.026175
154.393800 140.557400 159.146980 88.698943 139.391388 131.933736 132.570951 133.610469 151.229614 126.612520 194.798214 160.866358
154.393800 140.557400 159.218342 88.524936 139.512496 131.980156 132.570951 133.610469 151.159047 126.815186 194.788365 160.701051
154.393800 140.557400 159.234387 88.480866 139.640982 132.029403 132.570951 133.610469 151.089377 127.025217 194.771202 160.514072
154.393800 140.557400 159.256555 88.419976 139.762821 132.077515 132.570951 133.610469 151.021656 127.235691 194.745648 160.356633
154.393800 140.557400 159.286182 88.338601 139.890484 132.129124 132.566492 133.600414 150.956080 127.439501 194.719885 160.197910
154.393800 140.557400 159.321693 88.241064 140.013882 132.179009 132.554371 133.573080 150.888788 127.648642 194.694587 160.042050
154.393800 140.557400 159.363190 88.127084 140.141823 132.230730 132.442785 133.316157 150.822630 127.854261 194.668280 159.879971
154.393800 140.557400 159.408896 88.001545 140.265036 132.280540 132.415584 133.252419 150.755692 128.061202 194.642421 159.720656
154.393800 140.557400 159.459391 87.862851 140.388420 132.327970 132.382181 133.174148 150.685923 128.271006 194.643266 159.528158
154.261873 140.379565 159.513922 87.713069 140.511345 132.373540 132.341909 133.079782 150.616595 128.479481 194.633339 159.366262
154.246117 140.339664 159.609417 87.458273 140.635771 132.419666 132.296913 132.973951 150.547836 128.686248 194.623638 159.208060
154.178650 140.235628 159.693694 87.289223 140.762369 132.462799 132.244174 132.849787 150.475941 128.888864 194.613968 159.050356
154.174535 140.159339 159.813697 87.121908 140.890967 132.502204 132.193430 132.730317 150.392775 129.090809 194.604126 158.889857
154.169758 140.070768 159.939021 86.948827 141.019566 132.541608 132.142060 132.609374 150.308695 129.294974 194.594058 158.725666
154.163759 139.959530 160.073169 86.772194 141.150625 132.576074 132.087992 132.482081 150.225681 129.496550 194.584388 158.567962
154.156753 139.829618 160.190294 86.592487 141.282089 132.606329 132.035686 132.362094 150.143620 129.695814 194.574204 158.401874
154.148664 139.679636 160.355458 86.330254 141.412675 132.636381 131.982778 132.244552 150.060530 129.897574 194.550086 158.245905
154.141070 139.538841 160.470289 86.147424 141.546380 132.667152 131.929176 132.125789 150.211306 130.018889 194.523835 158.087364
154.047166 139.417898 160.596408 85.858477 141.674361 132.688144 131.873549 132.003221 150.399083 130.123397 194.497306 157.927145
153.914522 139.406892 160.695202 85.564960 141.810688 132.710205 131.771361 131.808407 150.586510 130.227711 194.452107 157.772780
153.777293 139.395505 160.764424 85.360141 141.947508 132.732345 131.707073 131.693120 150.774461 130.332316 194.394935 157.621845
153.639068 139.384036 160.830897 85.148546 142.083933 132.754422 131.642883 131.578007 150.945811 130.427682 194.338720 157.473435
153.509613 139.373295 160.885856 84.940895 142.217200 132.775988 131.580008 131.465253 151.091209 130.508604 194.276491 157.325128
153.380955 139.362619 160.965008 84.641492 142.362765 132.800164 131.513674 131.346298 151.212881 130.575392 194.191603 157.190212
153.275801 139.439976 161.021105 84.429075 142.499437 132.820657 131.448851 131.230050 151.321886 130.634503 194.105383 157.053180
153.279655 139.568418 161.075567 84.222845 142.633835 132.840809 131.361923 131.057942 151.414715 130.684842 194.018737 156.915471
153.283650 139.701558 161.130514 84.014778 142.769914 132.861213 131.310506 130.950291 151.489460 130.723343 193.934596 156.783115
153.287594 139.832999 161.210693 83.711403 142.903916 132.881306 131.275209 130.876388 151.556588 130.755887 193.824685 156.662205
153.291741 139.971237 161.257766 83.533216 143.035148 132.900983 131.253659 130.831270 151.611117 130.782323 193.713564 156.539963
153.295775 140.105676 161.296563 83.386354 143.166661 132.921424 131.244479 130.812050 151.652240 130.802259 193.599978 156.431334
153.167428 140.332600 161.327748 83.268304 143.302753 132.946033 131.242410 130.807718 151.683554 130.817440 193.478559 156.320645
153.028785 140.328650 161.354209 83.168140 143.438945 132.970660 131.311690 130.654955 151.710998 130.830746 193.348945 156.219858
152.891850 140.324427 161.373007 83.096981 143.574742 132.995216 131.345394 130.629230 151.744022 130.846756 193.217925 156.133718
152.761712 140.320413 161.382356 83.061595 143.708375 133.019381 131.395712 130.590823 151.763459 130.856178 193.084734 156.046148
152.627476 140.316273 161.368110 82.802980 143.841418 133.043438 131.463994 130.538705 151.781455 130.864903 192.946278 155.955118
152.431340 140.304858 161.344508 82.738675 143.967965 133.066321 131.543246 130.478214 151.802241 130.874980 192.793329 155.906361
152.238017 140.285797 161.314186 82.656064 144.100909 133.090361 131.632117 130.410381 151.843003 130.894742 192.637849 155.858094
152.100867 140.271430 161.278799 82.559653 144.229425 133.113600 131.734341 130.332355 151.895365 131.063244 192.482964 155.829266
151.967397 140.257450 161.237279 82.446532 144.359023 133.137035 131.843720 130.248868 151.865443 131.103524 192.324755 155.806068
151.740946 140.245900 161.190142 82.318109 144.491967 133.161075 131.949999 130.167748 151.831146 131.140182 192.163387 155.780745
151.602942 140.254945 161.137321 82.174197 144.627844 133.185181 132.054291 130.088144 151.803204 131.170048 192.003686 155.744327
151.465181 140.262905 161.079951 82.017893 144.757867 133.207353 132.154846 130.011393 151.783664 131.190933 191.849056 155.709065
151.327992 140.268434 161.018101 81.849385 144.885721 133.229156 132.245942 129.941861 151.764945 131.210941 191.694816 155.673892
151.193202 140.273866 160.949946 81.663698 145.020575 133.252152 132.237333 129.802156 151.734611 131.243364 191.539698 155.638520
150.990444 140.286040 160.893506 81.509929 145.156907 133.275400 132.173990 129.702125 151.696079 131.284549 191.382522 155.602299
150.853666 140.301051 160.830476 81.338232 145.287620 133.297690 132.104387 129.592209 151.658025 131.325223 191.225875 155.561791
150.723845 140.315298 160.825645 80.972948 145.418530 133.320013 132.051476 129.508653 151.630834 131.354287 191.067194 155.520758
150.602673 140.328596 160.957155 80.805395 145.549638 133.342370 132.019216 129.457708 151.604736 131.382182 190.914517 155.481276
150.518080 140.337879 161.095087 80.629661 145.678379 133.364324 131.978503 129.393414 151.534206 131.454946 190.764453 155.442471
150.463110 140.343912 161.241953 80.441491 145.815204 133.387656 131.945869 129.341878 151.491257 131.496413 190.648335 155.414730
150.437663 140.346704 161.394203 80.246107 145.948874 133.410451 131.931371 129.318982 151.461978 131.524683 190.557414 155.394246
150.424443 140.348155 161.553584 80.041572 146.076827 133.432270 131.857496 129.307150 151.449460 131.536769 190.495954 155.380399
150.419174 140.348734 161.718865 79.829465 146.210005 133.454980 131.803595 129.345583 151.439964 131.545937 190.460932 155.372508
150.414304 140.349268 161.892947 79.613753 146.340521 133.477236 131.718870 129.365477 151.435431 131.550313 190.448250 155.369651
150.413011 140.349410 162.065489 79.401031 146.477149 133.500535 131.638751 129.422604 151.434856 131.550869 190.430983 155.365761
150.413011 140.349410 162.239354 79.186678 146.605989 133.522505 131.547071 129.487976 151.423705 131.561635 190.425422 155.364508
150.413011 140.349410 162.404367 78.969996 146.737491 133.544930 131.437885 129.565830 151.402986 131.581639 190.412447 155.361585
150.413011 140.349410 162.567103 78.752173 146.874217 133.568245 131.325360 129.646064 151.396822 131.633400 190.400936 155.358991
150.413011 140.349410 162.733251 78.529785 147.009662 133.591342 131.215705 129.717614 151.376535 131.652988 190.390693 155.356684
150.413011 140.349410 162.898396 78.308021 147.137220 133.613094 131.111820 129.762330 151.343082 131.685286 190.383669 155.355101
150.413011 140.349410 163.061427 78.088299 147.269412 133.635636 131.038706 129.793802 151.297197 131.731862 190.370792 155.352200
150.413011 140.349410 163.223921 77.869299 147.396675 133.657337 130.998750 129.811001 151.215392 131.770683 190.366206 155.351167
150.413011 140.349410 163.378257 77.645164 147.533500 133.680670 130.979737 129.819185 151.144901 131.845510 190.361426 155.350090
150.413011 140.349410 163.524025 77.416825 147.661551 133.702506 130.972500 129.822300 151.087237 131.907506 190.358109 155.349343
150.413011 140.349410 163.672632 77.183893 147.791772 133.724712 130.972500 129.822300 151.050943 131.957155 190.356744 155.349035
150.413011 140.349410 163.820913 76.951227 147.924259 133.747304 130.813816 129.793833 151.023443 131.994775 190.332940 155.343672
150.413011 140.349410 163.955058 76.710448 148.060098 133.770468 130.800476 129.749184 150.999188 132.027955 190.297821 155.335760
150.413011 140.349410 164.050481 76.451042 148.195247 133.793514 130.781181 129.684605 150.983962 132.048783 190.287772 155.333496
150.413011 140.349410 164.143868 76.197174 148.325032 133.815891 130.755215 129.597701 150.974048 132.062346 190.277334 155.331144
150.413011 140.349410 164.237565 75.942461 148.453310 133.838183 130.725872 129.499490 150.965432 132.074133 190.277334 155.331144
150.413011 140.349410 164.332747 75.683712 148.583262 133.860766 130.691090 129.383076 150.951800 132.092781 190.254680 155.324920
150.413011 140.349410 164.388086 75.418446 148.710456 133.882869 130.652414 129.253630 150.931971 132.119906 190.222869 155.315774
150.413011 140.349410 164.422278 75.145277 148.846812 133.906565 130.613452 129.123226 150.910490 132.149292 190.208933 155.311768
150.413011 140.349410 164.455836 74.877169 148.983366 133.930295 130.575406 128.995888 150.890071 132.177225 190.189231 155.306104
150.413011 140.349410 164.489383 74.609161 149.118441 133.953768 130.508030 128.753513 150.869357 132.205561 190.176545 155.302457
150.413011 140.349410 164.523500 74.336587 149.249084 133.976471 130.475729 128.621405 150.843686 132.240679 190.168183 155.300054
150.413011 140.349410 164.557198 74.067288 149.381203 133.999430 130.444093 128.492016 150.822795 132.269257 190.149154 155.294583
150.413011 140.349410 164.591478 73.792820 149.511378 134.020656 130.413525 128.366999 150.805870 132.295560 190.143580 155.292981
150.413011 140.349410 164.624940 73.524902 149.645593 134.041344 130.381082 128.234308 150.792797 132.316987 190.140312 155.292041
150.413011 140.349410 164.658576 73.255594 149.780204 134.062093 130.349256 128.104142 150.781233 132.335937 190.138967 155.291654
150.413011 140.349410 164.728809 72.996218 149.909872 134.082080 130.299312 127.880078 150.770295 132.353864 190.138390 155.291489
150.413011 140.349410 164.830277 72.745686 150.041782 134.106144 130.274383 127.745365 150.766962 132.359327 190.137717 155.291295
150.413011 140.349410 164.932759 72.492651 150.169605 134.130381 130.250654 127.617142 150.765035 132.362486 190.137717 155.291295
150.413011 140.349410 165.105184 72.110520 150.298213 134.154768 130.225434 127.480856 150.764618 132.363169 190.137717 155.291295
150.413011 140.349410 165.220529 71.863967 150.433601 134.180439 130.201469 127.351355 150.764305 132.363681 190.137717 155.291295
150.413011 140.349410 165.335280 71.618682 150.562013 134.204788 130.177613 127.222444 150.764305 132.363681 190.137717 155.291295
150.413011 140.349410 165.452955 71.367147 150.690957 134.227856 130.155322 127.101989 150.764305 132.363681 190.089509 155.311757
150.413011 140.349410 165.570079 71.116789 150.826119 134.250219 130.133572 126.939448 150.764305 132.363681 190.073843 155.307256
150.413011 140.349410 165.684704 70.871776 150.954869 134.271520 130.128529 126.891512 150.764305 132.363681 190.033861 155.295767
150.413011 140.349410 165.799709 70.625947 151.082731 134.292674 130.126071 126.868141 150.764305 132.363681 189.985422 155.281847
150.413011 140.349410 165.915096 70.379303 151.212708 134.314517 130.125015 126.858097 150.764305 132.363681 189.959111 155.273970
150.413011 140.349410 166.030779 70.132026 151.341002 134.336122 130.124104 126.849445 150.764305 132.363681 189.953224 155.270567
150.413011 140.349410 166.145639 69.886460 151.468506 134.357594 130.093425 126.782436 150.764305 132.363681 189.948982 155.268115
150.413011 140.349410 166.260658 69.639755 151.600956 134.379189 130.031082 126.726539 150.764305 132.363681 189.947164 155.267064
150.413011 140.349410 166.375296 69.393865 151.733874 134.400402 130.004745 126.691792 150.764305 132.363681 189.946644 155.266764
150.413011 140.349410 166.491710 69.144169 151.864335 134.414726 129.963780 126.564619 150.764305 132.363681 189.946644 155.266764
150.413011 140.349410 166.606982 68.896920 151.998485 134.422918 129.969055 126.481535 150.764305 132.363681 189.946644 155.266764
150.413011 140.349410 166.721916 68.650396 152.129654 134.419339 130.013781 126.385006 150.764305 132.363681 189.946644 155.266764
150.413011 140.349410 166.840765 68.400654 152.262505 134.395344 129.959815 126.233645 150.764305 132.363681 189.943701 155.265062
150.413011 140.349410 166.957334 68.151362 152.395364 134.355705 129.870156 126.133925 150.764305 132.363681 189.937034 155.261208
150.413011 140.349410 167.071848 67.903147 152.519473 134.311536 129.782324 126.031676 150.764305 132.363681 189.919460 155.251048
150.413011 140.349410 167.173723 67.644701 152.634074 134.258190 129.707126 125.915606 150.764305 132.363681 189.913140 155.247395
150.413011 140.349410 167.274791 67.388302 152.744536 134.188141 129.635734 125.805412 150.764305 132.363681 189.906214 155.243391
150.413011 140.349410 167.374429 67.135531 152.858732 134.121147 129.562420 125.693845 150.764305 132.363681 189.899375 155.239437
150.413011 140.349410 167.475387 66.879411 153.000815 134.037001 129.491237 125.586143 150.764305 132.363681 189.894267 155.236484
150.413011 140.349410 167.576198 66.623663 153.117927 133.966297 129.419890 125.478190 150.764149 132.363937 189.891583 155.234933
150.413011 140.349410 167.676936 66.368101 153.236066 133.894974 129.341214 125.366644 150.762899 132.365986 189.887687 155.232681
150.413011 140.349410 167.734410 66.101500 153.349069 133.826751 129.261138 125.253150 150.760972 132.369144 189.885869 155.231630
150.413011 140.349410 167.741859 65.826301 153.465839 133.756254 129.182041 125.141045 150.757586 132.374693 189.884570 155.230879
150.413011 140.349410 167.977978 65.646109 153.584407 133.684672 129.103117 125.029185 150.753992 132.380583 189.883791 155.230428
150.413011 140.349410 168.380517 65.621729 153.699293 133.615312 129.020318 124.918866 150.746440 132.392961 189.883185 155.230078
150.413011 140.349410 168.601791 65.515973 153.811183 133.547762 128.936593 124.814499 150.739512 132.404314 189.882752 155.229828
150.413011 140.349410 168.719296 65.343583 153.928063 133.477451 128.850739 124.707480 150.724564 132.428814 189.882319 155.229578
150.413011 140.349410 168.772339 65.182070 154.044555 133.409622 128.767631 124.604671 150.704823 132.461167 189.882146 155.229477
150.413011 140.349410 168.813271 65.057418 154.161133 133.341744 128.685595 124.503437 150.674978 132.510080 189.881973 155.229377
150.413011 140.349410 168.843627 64.964975 154.281082 133.271903 128.543473 124.328387 150.640028 132.567359 189.881800 155.229277
150.413011 140.349410 168.864374 64.901794 154.398092 133.203772 128.460858 124.226850 150.599036 132.634541 189.881800 155.229277
150.413011 140.349410 168.877009 64.863315 154.518894 133.148395 128.379379 124.126710 150.556075 132.719047 189.881800 155.229277
150.413011 140.349410 168.883218 64.844408 154.643048 133.098513 128.288735 124.023879 150.504735 132.820048 189.881800 155.229277
150.413011 140.349410 168.884310 64.841083 154.767666 133.048444 128.193847 123.925476 150.447098 132.933440 189.881800 155.229277
150.413011 140.349410 168.884653 64.840038 154.889036 132.999680 128.098891 123.827000 150.397203 133.060959 189.881800 155.229277
150.413011 140.349410 168.884778 64.839658 155.012726 132.949984 128.005253 123.729892 150.499603 133.252475 189.881800 155.229277
150.413011 140.349410 168.884840 64.839468 155.136120 132.904231 127.921104 123.627666 150.710632 133.457519 189.881800 155.229277
150.413011 140.349410 168.884840 64.839468 155.268850 132.871109 127.840004 123.525426 150.850026 133.667212 189.881800 155.229277
150.413011 140.349410 169.028777 64.768392 155.403520 132.837502 127.756294 123.419895 150.952982 133.812660 189.881800 155.229277
150.413011 140.349410 169.062610 64.780096 155.532659 132.805275 127.688791 123.308446 151.063866 133.969282 189.881194 155.228927
150.413011 140.349410 169.110618 64.796703 155.662991 132.777880 127.625119 123.190739 151.182730 134.137162 189.878943 155.227626
150.413011 140.349410 169.179796 64.820634 155.798365 132.750576 127.568237 123.073832 151.325695 134.304563 189.876173 155.226024
150.413011 140.349410 169.265229 64.850188 155.975152 132.720977 127.525483 122.947152 151.517568 134.436398 189.867342 155.220919
150.413011 140.349410 169.371453 64.886933 156.105730 132.707229 127.486044 122.823386 151.722124 134.576083 189.861801 155.217716
150.413011 140.349410 169.494688 64.929564 156.238795 132.693218 127.457356 122.692903 151.936303 134.722069 189.853923 155.213162
150.413011 140.349410 169.634649 64.983402 156.370566 132.679344 127.435901 122.562456 152.159369 134.874193 189.847776 155.209608
150.413011 140.349410 169.792235 65.046905 156.500051 132.665710 127.436767 122.424858 152.378615 135.015245 189.843188 155.206956
150.413011 140.349410 169.960488 65.114706 156.629336 132.652098 127.437586 122.294661 152.618223 135.184994 189.837733 155.203803
150.413011 140.349410 170.142097 65.187889 156.797837 132.641034 127.438414 122.163064 152.758138 135.325658 189.825180 155.196546
150.413011 140.349410 170.338917 65.267203 156.927839 132.635988 127.448766 122.025669 152.872735 135.440869 189.821631 155.194494
150.413011 140.349410 170.524886 65.342143 157.060439 132.630841 127.469993 121.896299 152.973863 135.537174 189.820418 155.193793
150.413011 140.349410 170.677278 65.403552 157.193239 132.625687 127.491543 121.764955 153.057563 135.616050 189.819639 155.193343
150.413011 140.349410 170.793218 65.450273 157.325339 132.620559 127.513340 121.628992 153.107381 135.690403 189.818947 155.192942
150.413011 140.349410 170.873449 65.482604 157.461737 132.615265 127.534466 121.496465 153.145677 135.747560 189.818081 155.192442
150.413011 140.349410 170.928637 65.504843 157.596435 132.610037 127.555906 121.361963 153.178963 135.797239 189.817648 155.192191
150.413011 140.349410 170.977517 65.524540 157.728736 132.604902 127.576512 121.232695 153.200828 135.843906 189.817388 155.192041
150.413011 140.349410 171.097596 65.488709 157.862335 132.599716 127.597055 121.103822 153.208481 135.866969 189.817042 155.191841
150.413011 140.349410 171.184263 65.486333 157.991937 132.594685 127.649472 120.874335 153.219503 136.080217 189.816869 155.191741
150.413011 140.349410 171.284898 65.472701 158.122139 132.589632 127.684152 120.741176 153.169158 136.129139 189.816696 155.191641
150.413011 140.349410 171.398416 65.436999 158.256638 132.584411 127.717068 120.614792 153.099659 136.191178 189.816696 155.191641
150.413011 140.349410 171.521379 65.389241 158.386241 132.579381 127.749807 120.489086 153.013673 136.264957 189.816696 155.191641
150.413011 140.349410 171.645934 65.315288 158.521739 132.574121 127.782647 120.362992 152.914254 136.350262 189.816696 155.191641
150.413011 140.349410 171.754310 65.229149 158.657536 132.568850 127.819110 120.238546 152.814683 136.435697 189.816696 155.191641
150.413011 140.349410 171.868641 65.156986 158.794993 132.583043 127.858288 120.110192 152.688202 136.567576 189.816696 155.191641
150.413011 140.349410 171.979674 65.086905 158.923236 132.603086 127.898809 119.977439 152.636068 136.637725 189.816696 155.191641
150.413011 140.349410 172.094684 65.012485 159.052566 132.623299 127.938639 119.853391 152.594314 136.693908 189.816696 155.191641
150.413011 140.349410 172.209701 64.935328 159.183217 132.654416 127.980186 119.730631 152.574331 136.720796 189.816696 155.191641
150.413011 140.349410 172.317244 64.863184 159.313370 132.693170 128.024522 119.599630 152.458633 136.766976 189.816696 155.191641
150.413011 140.349410 172.411872 64.804482 159.440935 132.731154 128.067520 119.472191 152.392184 136.749932 189.816696 155.191641
150.413011 140.349410 172.479036 64.764822 159.572813 132.770421 128.105216 119.344853 152.312078 136.729384 189.816696 155.191641
150.413011 140.349410 172.519076 64.741178 159.736968 132.822916 128.141776 119.221351 152.212792 136.703916 189.816696 155.191641
150.413011 140.349410 172.589298 64.694014 159.863904 132.867081 128.161507 119.126791 152.093552 136.673331 189.816696 155.191641
150.413011 140.349410 172.726863 64.591638 159.993297 132.912100 128.147013 119.059944 151.963076 136.639863 189.816696 155.191641
150.413011 140.349410 172.801928 64.530239 160.119761 132.956100 128.137625 119.016650 151.832600 136.606395 189.816696 155.191641
150.413011 140.349410 172.888573 64.453866 160.238448 133.007934 128.133959 118.999743 151.664175 136.558427 189.816696 155.191641
150.413011 140.349410 172.987918 64.366342 160.357794 133.065492 128.132709 118.993977 151.587231 136.530957 189.816696 155.191641
150.413011 140.349410 173.091094 64.275453 160.476509 133.122746 128.132370 118.992413 151.531285 136.510998 189.816696 155.191641
150.413011 140.349410 173.169498 64.173662 160.597655 133.181172 128.132264 118.991925 151.495965 136.498397 189.816696 155.191641
150.413011 140.349410 173.251926 64.062734 160.713734 133.247495 128.132243 118.991827 151.481272 136.493155 189.816696 155.191641
150.413011 140.349410 173.331551 63.955580 160.826320 133.322169 128.132243 118.991827 151.474303 136.490669 189.816696 155.191641
150.413011 140.349410 173.406795 63.849219 160.933573 133.393307 128.132243 118.991827 151.469499 136.488955 189.816696 155.191641
150.413011 140.349410 173.481705 63.741141 161.046243 133.468036 128.132243 118.991827 151.461305 136.486032 189.816696 155.191641
150.413011 140.349410 173.559121 63.629447 161.157996 133.542158 128.132243 118.991827 151.458479 136.485024 189.816696 155.191641
150.413011 140.349410 173.633234 63.522521 161.269499 133.616115 128.132243 118.991827 151.456125 136.484184 189.816696 155.191641
150.413011 140.349410 173.707290 63.415676 161.374876 133.696945 128.132243 118.991827 151.453488 136.483243 189.816696 155.191641
150.413011 140.349410 173.782196 63.307596 161.478175 133.787239 128.132243 118.991827 151.450568 136.482201 189.816696 155.191641
150.413011 140.349410 173.860747 63.194255 161.581023 133.877139 128.132243 118.991827 151.449720 136.481899 189.810636 155.188138
150.413011 140.349410 173.934114 63.088393 161.685376 133.968355 128.132243 118.991827 151.448684 136.481529 189.799294 155.181581
150.413011 140.349410 174.009931 62.978998 161.778381 134.060686 128.132243 118.991827 151.448119 136.481328 189.786308 155.174074
150.413011 140.349410 174.085690 62.869684 161.873387 134.157159 128.132243 118.991827 151.447931 136.481261 189.773408 155.166617
150.413011 140.349410 174.161906 62.759713 161.964112 134.249286 128.132243 118.991827 151.447836 136.481227 189.761375 155.159660
150.413011 140.349410 174.236982 62.651385 162.057429 134.344194 128.132243 118.991827 151.447836 136.481227 189.756353 155.156757
150.413011 140.349410 174.310577 62.545195 162.134687 134.446979 128.132243 118.991827 151.447836 136.481227 189.754102 155.155456
150.413011 140.349410 174.385368 62.437279 162.314246 134.635315 128.132243 118.991827 151.447836 136.481227 189.752717 155.154655
150.413011 140.349410 174.464380 62.333934 162.397710 134.743577 128.132243 118.991827 151.447836 136.481227 189.752111 155.154305
150.413011 140.349410 174.565979 62.239219 162.479321 134.849858 128.132243 118.991827 151.447836 136.481227 189.751765 155.154105
150.413011 140.349410 174.666992 62.145050 162.559031 134.953816 128.132243 118.991827 151.447648 136.481160 189.751765 155.154105
150.413011 140.349410 174.759091 62.047243 162.638451 135.056986 128.132243 118.991827 151.447366 136.481059 189.751765 155.154105
150.413011 140.349410 174.849334 61.944297 162.721634 135.162551 128.132243 118.991827 151.446800 136.480857 189.751765 155.154105
150.413011 140.349410 174.938522 61.842554 162.804632 135.267880 128.132243 118.991827 151.445293 136.480320 189.751765 155.154105
150.413011 140.349410 175.025073 61.743819 162.889177 135.375173 128.132243 118.991827 151.443316 136.479614 189.751765 155.154105
150.412514 140.349464 175.114063 61.642302 162.972484 135.480894 128.132243 118.991827 151.440678 136.478673 189.751765 155.154105
150.409532 140.349792 175.198966 61.545447 163.055915 135.586773 128.132243 118.991827 151.436628 136.477228 189.751765 155.154105
150.403667 140.350435 175.361110 61.352424 163.134453 135.693566 128.132243 118.991827 151.426550 136.473633 189.751765 155.154105
150.392534 140.351657 175.436472 61.244661 163.212623 135.803632 128.132243 118.991827 151.419487 136.471113 189.751765 155.154105
150.380506 140.352977 175.513037 61.135177 163.291256 135.914350 128.132243 118.991827 151.405547 136.466140 189.751765 155.154105
150.370467 140.354079 175.587081 61.029299 163.369484 136.024497 128.132243 118.991827 151.398012 136.463452 189.742761 155.148900
150.360924 140.355126 175.665079 60.917766 163.448464 136.135705 128.132243 118.991827 151.373806 136.454816 189.720079 155.135787
150.354860 140.355792 175.743306 60.805906 163.526982 136.246260 128.132243 118.991827 151.353180 136.447458 189.710122 155.130031
150.348002 140.356544 175.818897 60.697815 163.601909 136.351760 128.132243 118.991827 151.322946 136.436672 189.702244 155.125477
150.340447 140.357373 175.893342 60.591363 163.673530 136.469945 128.132243 118.991827 151.294125 136.426390 189.700900 155.124700
150.339353 140.357493 175.971168 60.480076 163.741929 136.583191 128.132243 118.991827 151.264833 136.415940 189.700900 155.124700
150.338856 140.357548 176.048160 60.371261 163.812863 136.700632 128.132243 118.991827 151.228666 136.403037 189.700900 155.124700
150.338459 140.357592 176.122922 60.266503 163.880125 136.811995 128.132243 118.991827 151.197020 136.391747 189.700900 155.124700
150.338260 140.357613 176.202273 60.155314 163.949714 136.927210 128.132243 118.991827 151.167634 136.381264 189.700900 155.124700
150.338260 140.357613 176.275757 60.052346 164.017804 137.039943 128.132243 118.991827 151.131090 136.368226 189.700900 155.124700
150.338260 140.357613 176.330245 59.975995 164.087393 137.155158 128.132243 118.991827 151.102646 136.358079 189.700900 155.124700
150.338260 140.357613 176.364054 59.928622 164.157809 137.271743 128.132243 118.991827 151.075803 136.348502 189.700900 155.124700
150.338260 140.357613 176.380551 59.905505 164.208898 137.389355 128.132243 118.991827 151.052068 136.340035 189.700900 155.124700
150.338260 140.357613 176.501096 59.884838 164.250550 137.514928 128.132243 118.991827 151.031347 136.332643 189.700900 155.124700
150.338260 140.357613 176.549607 59.921489 164.294027 137.646005 128.132243 118.991827 150.949032 136.277917 189.664444 155.108394
150.338260 140.357613 176.609529 59.966760 164.335553 137.771198 128.132243 118.991827 150.942193 136.267334 189.648946 155.102730
150.338260 140.357613 176.685886 60.024449 164.379030 137.902276 128.132243 118.991827 150.935679 136.257256 189.634764 155.097546
150.338260 140.357613 176.778122 60.094134 164.420618 138.027658 128.128598 118.975018 150.931337 136.250537 189.621427 155.092671
150.338260 140.357613 176.886394 60.175936 164.461988 138.154475 128.122940 118.948924 150.928189 136.245665 189.602578 155.050651
150.338260 140.357613 176.994667 60.257737 164.501704 138.284756 128.083247 118.755292 150.927321 136.244322 189.555710 155.033521
150.338260 140.357613 177.103978 60.340322 164.539818 138.412886 128.072040 118.697264 150.927104 136.243986 189.489871 155.009455
150.338260 140.357613 177.214086 60.423510 164.568988 138.547551 128.057438 118.621662 150.926995 136.243818 189.407313 154.979280
150.338260 140.357613 177.318688 60.502538 164.621675 138.825235 128.040561 118.534277 150.926995 136.243818 189.305125 154.941929
150.338260 140.357613 177.427679 60.584882 164.682935 138.938396 128.015451 118.428634 150.926995 136.243818 189.188661 154.899360
150.338260 140.357613 177.530367 60.662464 164.692059 139.084805 127.982715 118.303593 150.926995 136.243818 189.058521 154.851387
150.338260 140.357613 177.634092 60.740829 164.731128 139.216116 127.943892 118.177117 150.926995 136.243818 188.909348 154.796356
150.338260 140.357613 177.738056 60.819375 164.761254 139.345993 127.904864 118.049972 150.926995 136.243818 188.749386 154.737345
150.338260 140.357613 177.844175 60.899549 164.788737 139.475202 127.867772 117.929137 150.926995 136.243818 188.580919 154.669396
150.338260 140.357613 177.948299 60.978216 164.813474 139.591501 127.827897 117.799219 150.926941 136.243734 188.402712 154.594000
150.338260 140.357613 178.057130 61.060439 164.824962 139.669354 127.787705 117.668247 150.926832 136.243566 188.210783 154.512798
150.338260 140.357613 178.199482 60.968091 164.824177 139.721048 127.747307 117.536606 150.926561 136.243146 188.010380 154.428012
