113.570656 59.719968 151.408055 134.772162 107.311200 206.553400 174.644816 167.279027 235.001922 34.792978 134.070597 120.998495
113.622014 59.848594 151.400926 134.775327 107.330022 206.551690 174.644423 167.279097 235.011185 34.774915 134.119033 121.123757
113.670516 59.970069 151.385206 134.782306 107.364281 206.548578 174.644423 167.279097 235.029575 34.739055 134.165196 121.243142
113.718871 60.091172 151.373050 134.787702 107.416965 206.543792 174.644423 167.279097 235.059007 34.681662 134.197149 121.325780
113.769153 60.217105 151.354953 134.795736 107.489366 206.537215 174.644029 167.279168 235.082188 34.636460 134.224522 121.396572
113.817758 60.337347 151.316657 134.812737 107.584076 206.528612 174.643734 167.279221 235.114633 34.573194 134.371146 121.454716
113.869847 60.458961 151.267733 134.851475 107.700099 206.518072 174.642060 167.279520 235.156705 34.491153 134.447323 121.471479
113.920754 60.577818 151.222772 134.894310 107.830707 206.531517 174.640977 167.279714 235.193348 34.419700 134.523500 121.488242
113.973237 60.700352 151.178593 134.944175 107.974723 206.547499 174.638615 167.280138 235.224697 34.358570 134.604073 121.505972
114.026861 60.825551 151.131584 135.007708 108.139114 206.565742 174.634973 167.280790 235.250433 34.308384 134.681031 121.522907
114.110835 61.032592 151.101627 135.086720 108.314339 206.585188 174.633792 167.281002 235.269644 34.270923 134.752423 121.538617
114.155778 61.158512 151.082913 135.169791 108.492374 206.639328 174.632020 167.281319 235.284612 34.241737 134.828503 121.555359
114.193360 61.263806 151.079025 135.249496 108.642776 206.693911 174.628969 167.281866 235.295244 34.221004 134.900774 121.571263
114.219109 61.335948 151.099711 135.340419 108.758833 206.763240 174.626311 167.282342 235.337773 34.161200 134.971189 121.586758
114.235983 61.383227 151.122786 135.418155 108.858026 206.696057 174.622767 167.282977 235.348361 34.143413 135.051761 121.604488
114.237242 61.545128 151.158411 135.475135 108.915103 206.640431 174.617452 167.283929 235.355572 34.131296 135.125986 121.620821
114.188441 61.608014 151.184229 135.516428 108.942603 206.613629 174.610857 167.285110 235.359664 34.124422 135.200796 121.637283
114.131977 61.680775 151.207719 135.534792 109.069137 206.670768 174.601506 167.286786 235.364625 34.116087 135.278438 121.654369
114.062638 61.770127 151.221819 135.544642 109.122356 206.710028 174.596289 167.287720 235.367949 34.110501 135.355592 121.671347
113.980793 61.875595 151.226328 135.547792 109.169240 206.776280 174.592450 167.288408 235.398680 34.056449 135.434602 121.688733
113.896188 61.984619 151.229607 135.550082 109.180288 206.873846 174.585264 167.289695 235.399742 34.054523 135.510486 121.705432
113.811584 62.093642 151.230591 135.550769 109.168050 206.943275 174.582115 167.290260 235.400950 34.052334 135.580804 121.720906
113.749035 62.216954 151.231411 135.551342 109.161887 206.978236 174.578866 167.290842 235.401047 34.052159 135.656884 121.737647
113.690867 62.336782 151.231575 135.551457 109.078937 207.035713 174.576307 167.291300 235.401240 34.051809 135.723197 121.752240
113.631914 62.458229 151.231575 135.551457 109.025151 206.991856 174.574535 167.291617 235.401240 34.051809 135.758258 121.759955
113.574139 62.577248 151.231575 135.551457 108.956252 206.935677 174.572960 167.291900 235.401240 34.051809 135.863805 121.835860
113.515010 62.699055 151.231575 135.551457 108.867520 206.874891 174.571779 167.292111 235.401240 34.051809 135.900987 121.891476
113.474386 62.827586 151.231575 135.551457 108.680158 206.747291 174.570893 167.292270 235.401240 34.051809 135.946006 121.958813
113.430379 62.968054 151.231575 135.551457 108.553160 206.696536 174.570598 167.292323 235.401240 34.051809 135.987302 122.020580
113.380482 63.127320 151.231575 135.551457 108.406618 206.643335 174.570598 167.292323 235.401240 34.051809 136.030320 122.084924
113.325443 63.303001 151.231575 135.551457 108.236722 206.609807 174.570598 167.292323 235.401240 34.051809 136.072060 122.147356
113.265710 63.493663 151.231575 135.551457 108.051459 206.589248 174.570598 167.292323 235.401240 34.051809 136.101795 122.191832
113.204004 63.700490 151.231575 135.551457 107.852381 206.567155 174.570598 167.292323 235.401240 34.051809 136.113800 122.209789
113.148663 63.920126 151.231575 135.551457 107.676005 206.553433 174.570598 167.292323 235.401240 34.051809 136.117968 122.216023
113.090294 64.151785 151.231575 135.551457 107.540562 206.565734 174.570598 167.292323 235.401240 34.051809 136.112357 122.350495
113.028894 64.395469 151.231575 135.551457 107.442466 206.574642 174.570598 167.292323 235.401240 34.051809 136.091814 122.387700
112.959184 64.647312 151.231575 135.551457 107.380621 206.580259 174.570598 167.292323 235.401240 34.051809 136.060104 122.445127
112.869749 64.907046 151.231575 135.551457 107.337797 206.584148 174.570598 167.292323 235.401240 34.051809 135.996811 122.496536
112.780899 65.165077 151.231575 135.551457 107.318875 206.585866 174.570598 167.292323 235.401240 34.051809 135.913139 122.555741
112.690455 65.427741 151.231575 135.551457 107.315987 206.586129 174.570598 167.292323 235.401240 34.051809 135.817467 122.623436
112.572819 65.673684 151.231575 135.551457 107.314393 206.586273 174.570598 167.292323 235.401240 34.051809 135.708652 122.700431
112.437813 65.912201 151.231575 135.551457 107.234682 206.524573 174.570598 167.292323 235.401240 34.051809 135.597470 122.779101
112.298663 66.143582 151.231575 135.551457 107.221472 206.489049 174.570598 167.292323 235.401240 34.051809 135.491838 122.853843
112.169569 66.382188 151.231575 135.551457 107.200874 206.433655 174.570598 167.292323 235.401240 34.051809 135.381056 122.928321
112.039671 66.623326 151.231575 135.551457 107.173234 206.359328 174.570598 167.292323 235.401240 34.051809 135.268506 123.003051
111.909724 66.864552 151.231575 135.551457 107.139704 206.269160 174.570598 167.292323 235.401240 34.051809 135.184948 123.058531
111.780300 67.104809 151.231575 135.551457 107.101818 206.167277 174.570598 167.292323 235.401240 34.051809 135.117862 123.096632
111.651302 67.344274 151.231575 135.551457 107.059051 206.052271 174.570598 167.292323 235.401240 34.051809 135.078000 123.109539
111.521877 67.584532 151.231575 135.551457 107.047040 205.916403 174.570598 167.292323 235.401240 34.051809 135.062778 123.114468
111.399045 67.812552 151.231575 135.551457 107.046808 205.766103 174.570598 167.292323 235.401240 34.051809 135.049459 123.118781
111.296843 68.002275 151.231575 135.551457 107.046548 205.597803 174.570598 167.292323 235.401240 34.051809 135.044512 123.120383
111.207540 68.168052 151.231575 135.551457 107.059208 205.412025 174.570500 167.292340 235.401240 34.051809 135.044036 123.120537
111.112597 68.337057 151.231575 135.551457 107.105664 205.218370 174.570106 167.292411 235.401240 34.051809 135.044036 123.120537
111.019093 68.501882 151.244773 135.560677 107.190522 205.018921 174.569614 167.292499 235.401240 34.051809 135.044036 123.120537
110.928994 68.660705 151.265842 135.575394 107.337030 204.859255 174.568334 167.292728 235.401240 34.051809 135.044036 123.120537
110.856214 68.788999 151.305782 135.597160 107.500420 204.719356 174.567054 167.292958 235.430140 34.067709 135.044036 123.120537
110.791628 68.902845 151.361016 135.621103 107.654387 204.567304 174.563708 167.293557 235.551346 34.096662 135.044036 123.120537
110.724123 69.021829 151.435600 135.652968 107.807930 204.407242 174.560361 167.294157 235.574044 34.107609 135.044036 123.120537
110.660318 69.134290 151.536748 135.649722 107.957043 204.251800 174.557605 167.294651 235.617638 34.128636 135.044036 123.120537
110.595477 69.248577 151.642595 135.623752 108.032564 204.054198 174.552093 167.295638 235.650874 34.144667 135.044036 123.120537
110.530094 69.363821 151.738129 135.578147 107.941028 203.865586 174.542151 167.297419 235.775279 34.213027 135.044036 123.120537
110.466437 69.476021 151.822789 135.522337 107.814965 203.687216 174.536737 167.298389 235.831151 34.255528 135.044036 123.120537
110.400313 69.592570 151.877290 135.441889 107.672089 203.520057 174.531520 167.299324 235.898404 34.306687 135.044036 123.120537
110.336508 69.705031 151.926422 135.355480 107.532071 203.356242 174.526795 167.300170 235.978949 34.367957 135.044036 123.120537
110.271717 69.819231 151.955930 135.249253 107.368966 203.214943 174.519216 167.301528 236.073422 34.439822 135.044036 123.120537
110.206136 69.934823 151.960012 135.140924 107.201730 203.080622 174.511538 167.302903 236.183017 34.523190 135.044036 123.120537
110.139321 70.052590 151.928494 135.039425 106.949558 202.873514 174.507601 167.303609 236.305744 34.616548 135.044036 123.120537
110.071667 70.171835 151.876437 134.956235 106.713516 202.668615 174.502384 167.304543 236.422245 34.736081 135.044036 123.120537
110.004655 70.289949 151.802405 134.881786 106.554873 202.519240 174.493427 167.306148 236.507765 34.900353 135.044036 123.120537
109.937051 70.409108 151.715879 134.825176 106.399361 202.372813 174.488997 167.306942 236.544166 35.090703 135.044036 123.120537
109.870335 70.526700 151.634206 134.771741 106.174941 202.159075 174.482697 167.308070 236.535587 35.306218 135.044036 123.120537
109.803816 70.643945 151.564600 134.726200 106.017471 202.006877 174.477284 167.309040 236.489251 35.523022 135.044036 123.120537
109.735965 70.763538 151.473387 134.687340 105.796003 201.782393 174.473248 167.309763 236.344758 35.684528 135.044036 123.120537
109.671272 70.877564 151.358468 134.643211 105.648997 201.623046 174.465964 167.311068 236.171351 35.814774 135.044036 123.120537
109.607517 70.989938 151.238695 134.597219 105.364294 201.637332 174.455530 167.312937 235.983084 35.916516 135.044036 123.120537
109.544868 71.102583 151.120416 134.551799 105.215682 201.793668 174.449624 167.313995 235.821918 36.021452 135.044036 123.120537
109.483112 71.216296 150.997656 134.504659 105.068379 201.948627 174.443029 167.315177 235.695227 36.119411 135.044036 123.120537
109.421307 71.330096 150.874432 134.468597 104.915289 202.109674 174.435450 167.316535 235.609456 36.232078 135.033571 123.123925
109.358501 71.445742 150.748617 134.437089 104.761655 202.260991 174.431217 167.317293 235.549888 36.334905 135.011785 123.130980
109.295026 71.562617 150.621153 134.405168 104.589396 202.389148 174.426492 167.318139 235.525324 36.429983 134.975537 123.142717
109.229356 71.683536 150.495144 134.373611 104.406346 202.509735 174.423736 167.318633 235.504262 36.511506 134.798817 123.280878
109.163257 71.805245 150.362107 134.345380 104.226302 202.628341 174.423244 167.318721 235.497512 36.574465 134.753343 123.333832
109.100928 71.920012 150.233762 134.318161 104.045145 202.747621 174.422949 167.318774 235.498525 36.631556 134.694970 123.401808
109.035305 72.040842 150.105220 134.290901 103.860340 202.865502 174.422752 167.318809 235.499473 36.684948 134.618393 123.471600
108.970733 72.159739 149.977445 134.259433 103.701847 202.966799 174.422752 167.318809 235.500407 36.737540 134.523499 123.545542
108.909024 72.273135 149.844493 134.237364 103.572008 203.051639 174.422752 167.318809 235.508907 36.839497 134.416853 123.628642
108.845808 72.387987 149.711792 134.216061 103.469761 203.102825 174.422752 167.318809 235.523743 36.921770 134.313194 123.708058
108.783315 72.501525 149.576326 134.194315 103.396739 203.128183 174.422456 167.318862 235.542536 37.025989 134.206760 123.784603
108.719858 72.616815 149.448957 134.173868 103.347711 203.145209 174.421866 167.318968 235.563991 37.144970 134.100408 123.861089
108.656112 72.732631 149.318630 134.152310 103.240860 203.067066 174.420094 167.319285 235.587487 37.275269 133.991701 123.939268
108.591594 72.849848 149.186360 134.129632 103.262052 202.990650 174.417338 167.319779 235.614123 37.422986 133.882507 124.017798
108.524666 72.971446 149.053991 134.106937 103.287119 202.900261 174.412121 167.320714 235.643511 37.585958 133.772988 124.096562
108.461450 73.086298 148.922017 134.084310 103.317209 202.791756 174.408085 167.321437 235.677967 37.766494 133.580022 124.235262
108.395003 73.207019 148.786396 134.061057 103.352378 202.664942 174.402081 167.322513 235.716716 37.963112 133.470990 124.313330
108.328653 73.327566 148.652056 134.038025 103.375746 202.515078 174.396372 167.323535 235.756607 38.176755 133.363339 124.390409
108.262737 73.447323 148.522743 134.015854 103.392058 202.344155 174.384264 167.325704 235.785765 38.408528 133.251624 124.470399
108.198798 73.563489 148.393233 133.993649 103.394326 202.162032 174.376980 167.327009 235.816395 38.652009 133.140233 124.550156
108.135968 73.677641 148.266088 133.971850 103.360336 201.967113 174.372059 167.327891 235.848823 38.909777 133.031688 124.627875
108.069859 73.797749 148.131875 133.948671 103.309792 201.759760 174.367728 167.328667 235.882349 39.176277 132.841471 124.764730
108.004425 73.916631 147.998359 133.925567 103.206039 201.464977 174.361625 167.329760 235.910521 39.458865 132.728962 124.845844
107.938200 74.037357 147.867306 133.902890 103.140247 201.254974 174.354931 167.330959 235.939232 39.755479 132.619536 124.924736
107.876239 74.158310 147.734579 133.879923 103.076133 201.044210 174.353061 167.331294 235.968877 40.061748 132.513436 125.001230
107.813048 74.281666 147.599092 133.856478 103.012571 200.835264 174.351388 167.331594 235.995498 40.379555 132.401738 125.081759
107.753641 74.397636 147.464690 133.833221 102.947904 200.622682 174.349813 167.331876 235.977573 40.715043 132.293285 125.159949
107.694735 74.512626 147.335608 133.810885 102.883644 200.411440 174.347057 167.332370 235.992381 41.043709 132.185562 125.237613
107.634416 74.630375 147.207610 133.788736 102.821188 200.206129 174.341840 167.333305 236.007094 41.370278 131.997171 125.367540
107.574350 74.751070 147.078824 133.766451 102.758442 199.999862 174.333375 167.334821 236.021861 41.702247 131.889623 125.440392
107.546137 74.873050 146.943929 133.743109 102.694182 199.788619 174.327272 167.335915 236.025538 42.034326 131.776197 125.517226
107.562803 74.952784 146.816424 133.721045 102.631377 199.582161 174.315657 167.337995 236.029201 42.365206 131.663515 125.593555
107.575166 75.004014 146.683400 133.698027 102.562128 199.371903 174.308274 167.339318 236.032853 42.695086 131.556712 125.665902
107.656556 75.103198 146.549096 133.674787 102.502443 199.198169 174.301482 167.340535 236.036538 43.027965 131.442044 125.743578
107.699259 75.115479 146.417551 133.652024 102.457054 199.066049 174.285241 167.343444 236.030918 43.355382 131.329694 125.819683
107.835292 75.252092 146.290637 133.630063 102.412056 198.937764 174.275201 167.345243 236.015942 43.687026 131.219000 125.894666
107.877102 75.381417 146.154757 133.606550 102.365864 198.813363 174.262405 167.347535 235.999321 44.015506 131.111121 125.967742
107.946575 75.438474 146.025773 133.584231 102.319149 198.687556 174.252168 167.349369 235.982812 44.341788 130.996535 126.045361
108.031477 75.508256 145.899057 133.562304 102.274314 198.566811 174.236418 167.352191 235.966181 44.670468 130.887911 126.118943
108.132990 75.591690 145.771748 133.540275 102.229236 198.445411 174.224016 167.354413 235.949586 44.998448 130.807188 126.173624
108.248100 75.686298 145.638824 133.517274 102.182138 198.318572 174.214468 167.356123 235.932995 45.326329 130.747411 126.214116
108.378660 75.793606 145.504520 133.494034 102.135389 198.192672 174.207184 167.357428 235.916324 45.655807 130.702538 126.244513
108.521195 75.910756 145.367752 133.470367 102.089475 198.069021 174.204428 167.357922 235.899633 45.985685 130.649550 126.280406
108.671919 76.034636 145.233547 133.447144 102.043109 197.944151 174.201868 167.358380 235.883037 46.313666 130.538662 126.415289
108.831527 76.165818 145.104958 133.424893 102.009935 197.854811 174.201573 167.358433 235.866432 46.641846 130.558526 126.468029
109.000020 76.304303 144.975679 133.402523 102.011726 197.813538 174.201376 167.358469 235.849872 46.969127 130.500460 126.583653
109.181568 76.453518 144.844626 133.379846 101.983828 197.782814 174.201376 167.358469 235.833176 47.299105 130.473775 126.670322
109.371615 76.609717 144.715840 133.357561 101.815801 197.591081 174.201376 167.358469 235.816575 47.627185 130.320462 126.800620
109.573481 76.775632 144.583408 133.334645 101.805131 197.573188 174.201376 167.358469 235.799934 47.956065 130.200165 126.813792
109.781144 76.953487 144.456396 133.312666 101.800807 197.562748 174.201376 167.358469 235.783238 48.286043 130.169995 126.970492
109.982789 77.137075 144.319924 133.289051 101.796751 197.552955 174.201376 167.358469 235.766602 48.614822 130.202896 127.177907
110.187984 77.323894 144.187682 133.266808 101.795948 197.551015 174.201376 167.358469 235.770342 49.189978 130.227385 127.310159
110.390664 77.508425 144.051370 133.244040 101.795948 197.551015 174.201376 167.358469 235.753592 49.517650 130.252330 127.444869
110.591791 77.691541 143.919300 133.221980 101.805858 197.493796 174.201376 167.358469 235.736924 49.843725 130.276819 127.577121
110.794250 77.875870 143.786243 133.199756 101.820676 197.464534 174.201376 167.358469 235.720547 50.164106 130.300653 127.705833
110.996856 78.060333 143.653285 133.177548 101.844439 197.417607 174.201376 167.358469 235.673247 50.443743 130.324105 127.832480
111.196875 78.242440 143.523286 133.155834 101.832448 197.353883 174.201376 167.358469 235.658915 50.724477 130.371586 128.056759
111.399407 78.426836 143.392597 133.134005 101.798862 197.276672 174.201376 167.358469 235.646586 50.994872 130.403550 128.187405
111.591923 78.616689 143.256778 133.111319 101.783280 197.175458 174.201376 167.358469 235.633157 51.267541 130.435824 128.319315
111.773794 78.826150 143.129541 133.090066 101.778628 197.054266 174.201376 167.358469 235.619512 51.541901 130.467622 128.449281
111.955534 79.035459 142.996090 133.067776 101.772770 196.916690 174.201376 167.358469 235.603104 51.818916 130.498231 128.574391
112.136219 79.243565 142.867373 133.046276 101.767110 196.781008 174.201376 167.358469 235.586762 52.094832 130.530267 128.705329
112.313830 79.448249 142.739051 133.024843 101.761745 196.645715 174.201376 167.358469 235.570661 52.366656 130.596270 128.950558
112.490784 79.652178 142.604613 133.002388 101.756403 196.511021 174.201376 167.358469 235.554384 52.641474 130.633171 129.074063
112.668919 79.857466 142.474811 132.980707 101.751026 196.375427 174.201376 167.358469 235.538413 52.911102 130.671561 129.202550
112.846398 80.062000 142.326752 132.923867 101.745819 196.244130 174.201376 167.358469 235.522242 53.184123 130.710809 129.333912
113.025319 80.268194 142.187450 132.906349 101.740700 196.115032 174.201376 167.358469 235.506095 53.456746 130.749170 129.462304
113.187703 80.488245 142.030287 132.886585 101.735461 195.982936 174.201376 167.358469 235.473915 53.719651 130.775708 129.551124
113.324493 80.725427 141.859532 132.865112 101.730266 195.851939 174.201376 167.358469 235.457284 53.996552 130.793028 129.609092
113.462532 80.964773 141.671116 132.841417 101.724842 195.715146 174.201376 167.358469 235.440840 54.270359 130.803477 129.644065
113.593738 81.200967 141.466258 132.818408 101.719353 195.576755 174.201376 167.358469 235.424647 54.539973 130.807857 129.658724
113.703287 81.452224 141.253606 132.839413 101.712852 195.465948 174.201376 167.358469 235.408286 54.812382 130.808429 129.660641
113.812556 81.702839 141.064868 132.941095 101.706651 195.383484 174.201376 167.358469 235.392069 55.082396 130.808773 129.661790
113.921465 81.952629 140.934071 133.111541 101.702378 195.330556 174.201376 167.358469 235.375774 55.353707 130.808801 129.661886
114.030134 82.201869 140.899246 133.321932 101.699481 195.294673 174.201376 167.358469 235.359432 55.625817 130.808801 129.661886
114.139962 82.453767 140.954046 133.511865 101.698789 195.286101 174.201376 167.358469 235.343101 55.897727 130.808801 129.661886
114.250110 82.706399 141.064084 133.637773 101.701167 195.276350 174.201179 167.358504 235.326686 56.171034 130.808801 129.661886
114.360178 82.958847 141.222919 133.792151 101.701578 195.274907 174.199900 167.358733 235.313303 56.445705 130.808801 129.661886
114.469687 83.210013 141.249355 133.975203 101.701661 195.274619 174.198423 167.358998 235.301446 56.721950 130.808801 129.661886
114.579395 83.461636 141.190044 134.098699 101.701661 195.274619 174.195372 167.359544 235.290463 56.994228 130.808801 129.661886
114.688105 83.710968 141.135278 134.272553 101.701661 195.274619 174.189170 167.360655 235.279327 57.270304 130.808801 129.661886
114.798093 83.963233 141.279516 134.345843 101.705500 195.261155 174.180705 167.362172 235.268446 57.540084 130.808801 129.661886
114.906123 84.211006 141.413507 134.371362 101.714770 195.228651 174.176177 167.362983 235.257467 57.812263 130.808801 129.661886
115.016151 84.463363 141.546026 134.396600 101.727310 195.139707 174.168106 167.364429 235.246497 58.084242 130.808801 129.661886
115.121935 84.716431 141.673435 134.420865 101.725647 195.072928 174.162790 167.365381 235.235490 58.357120 130.808801 129.661886
115.211555 84.975841 141.800628 134.440846 101.723504 194.986855 174.159936 167.365893 235.224314 58.634195 130.810376 129.667156
115.265971 85.243567 141.928190 134.457925 101.720845 194.880088 174.155999 167.366598 235.213295 58.907373 130.815243 129.683444
115.232234 85.512268 142.059515 134.475533 101.717484 194.755734 174.155310 167.366721 235.202300 59.179951 130.824632 129.714872
115.171965 85.781118 142.191127 134.493252 101.713010 194.622909 174.155310 167.366721 235.191185 59.455527 130.839404 129.764312
115.097969 86.042236 142.320002 134.510313 101.708631 194.492883 174.155310 167.366721 235.180081 59.730803 130.924615 129.998133
115.136755 86.286003 142.450951 134.526939 101.704241 194.362557 174.155310 167.366721 235.169119 60.002582 130.957099 130.073207
115.063610 86.527924 142.583487 134.543768 101.699717 194.228233 174.155310 167.366721 235.158108 60.275560 130.997763 130.167186
114.902626 86.677017 142.716916 134.560710 101.695308 194.097307 174.155310 167.366721 235.147036 60.550037 131.043948 130.273923
114.815722 86.935499 142.851515 134.577953 101.689048 193.965566 174.155310 167.366721 235.135498 60.823393 131.098115 130.399106
114.727576 87.197678 142.987514 134.596071 101.681440 193.831184 174.155310 167.366721 235.123941 61.093446 131.151130 130.521628
114.699653 87.456217 143.102002 134.611324 101.675880 193.702504 174.154817 167.366810 235.112126 61.369493 131.204860 130.645802
114.778144 87.719669 143.177237 134.621347 101.669997 193.566331 174.152455 167.367233 235.100325 61.645241 131.323297 130.900445
114.858010 87.985532 143.224718 134.627673 101.664273 193.433854 174.149994 167.367674 235.088729 61.916193 131.380459 131.020091
114.936639 88.247276 143.252572 134.631384 101.658520 193.300679 174.147140 167.368185 235.076975 62.190842 131.464615 131.190570
115.015845 88.510936 143.290413 134.567026 101.652615 193.164006 174.140348 167.369402 235.065374 62.461893 131.557550 131.289325
115.095283 88.775362 143.284901 134.501758 101.648681 193.032274 174.134737 167.370407 235.053705 62.734544 131.620760 131.402695
115.167960 89.017281 143.279617 134.439181 101.646034 192.895100 174.128339 167.371553 235.042135 63.004896 131.685771 131.519296
115.229617 89.222519 143.308604 134.389745 101.643537 192.765724 174.119382 167.373158 235.030278 63.281943 131.750977 131.636246
115.415225 89.254851 143.317873 134.149507 101.674476 192.636816 174.102353 167.376209 235.018592 63.554993 131.813699 131.748742
115.600852 89.133280 143.309550 134.068032 101.714285 192.508971 174.083946 167.379506 235.006932 63.827443 131.921813 131.949831
115.774191 89.006762 143.322023 133.894827 101.760122 192.384172 174.075284 167.381058 234.995378 64.097396 131.975175 132.067277
115.952618 88.876529 143.326399 133.780811 101.795321 192.292605 174.063176 167.383227 234.983650 64.371445 132.029122 132.186543
116.131046 88.746297 143.331328 133.652406 101.815953 192.238934 174.057763 167.384197 234.971878 64.646494 132.083029 132.306486
116.307881 88.625060 143.337054 133.503216 101.829623 192.203371 174.055991 167.384514 234.960239 64.918445 132.127075 132.405421
116.490929 88.507588 143.345566 133.364479 101.833247 192.193943 174.054416 167.384797 234.948434 65.194292 132.156719 132.475184
116.687840 88.420762 143.351490 133.265962 101.835759 192.187409 174.053825 167.384902 234.936666 65.469240 132.174905 132.517980
116.894032 88.359231 143.353169 133.200083 101.837230 192.183582 174.053628 167.384938 234.925062 65.740392 132.181710 132.533994
117.107709 88.379117 143.354234 133.153696 101.837553 192.182742 174.053628 167.384938 234.913256 66.016240 132.186638 132.545591
117.319791 88.429947 143.354719 133.131101 101.837697 192.182369 174.053628 167.384938 234.900778 66.288451 132.187263 132.547063
117.524295 88.494663 143.354810 133.126902 101.837768 192.182182 174.053628 167.384938 234.886398 66.564277 132.187693 132.548076
117.739270 88.544794 143.353340 133.096449 101.837768 192.182182 174.053628 167.384938 234.872050 66.839503 132.187693 132.548076
117.933279 88.558605 143.350505 133.053843 101.837768 192.182182 174.053628 167.384938 234.861605 67.117099 132.187693 132.548076
118.084247 88.535878 143.346250 132.989884 101.837768 192.182182 174.053628 167.384938 234.852386 67.390243 132.187693 132.548076
118.211352 88.511091 143.340747 132.907167 101.837768 192.182182 174.053628 167.384938 234.843160 67.663588 132.187693 132.548076
118.316209 88.477496 143.334143 132.807886 101.837768 192.182182 174.053333 167.384990 234.833998 67.935033 132.187693 132.548076
118.390645 88.444553 143.327357 132.694690 101.837768 192.182182 174.052546 167.385132 234.824785 68.207978 132.187693 132.548076
118.439476 88.422941 143.319611 132.561716 101.837768 192.182182 174.049494 167.385678 234.815678 68.477824 132.187693 132.548076
118.468739 88.409991 143.311098 132.415463 101.837768 192.182182 174.045163 167.386454 234.806384 68.753167 132.187693 132.548076
118.480718 88.404689 143.308848 132.250979 101.837768 192.182182 174.037092 167.387900 234.797135 69.027211 132.187693 132.548076
118.489131 88.400966 143.306335 132.067296 101.837768 192.182182 174.024295 167.390193 234.787979 69.298457 132.187693 132.548076
118.494709 88.398497 143.304265 131.865131 101.837768 192.182182 174.009924 167.392767 234.778646 69.574999 132.187693 132.548076
118.496264 88.397809 143.316875 131.647597 101.837768 192.182182 173.998014 167.394901 234.769490 69.846245 132.187693 132.548076
118.496538 88.397688 143.327161 131.370306 101.837768 192.182182 173.986891 167.396894 234.760278 70.119189 132.187693 132.548076
118.496538 88.397688 143.384217 130.948744 101.837768 192.182182 173.969764 167.399962 234.750971 70.394932 132.187693 132.548076
118.496538 88.397688 143.421222 130.693109 101.837768 192.182182 173.957164 167.402219 234.740263 70.670419 132.187693 132.548076
118.496538 88.397688 143.488951 130.435090 101.837768 192.182182 173.947518 167.403947 234.729203 70.941389 132.187693 132.548076
118.496538 88.397688 143.580807 130.178789 101.837768 192.182182 173.940037 167.405287 234.719989 71.212133 132.187693 132.548076
118.496538 88.397688 143.709075 129.937359 101.837768 192.182182 173.933147 167.406522 234.710564 71.489072 132.187693 132.548076
118.496538 88.397688 143.863820 129.647252 101.837768 192.182182 173.924878 167.408003 234.701334 71.760315 132.187693 132.548076
118.496538 88.397688 143.996234 129.410185 101.837768 192.182182 173.920842 167.408726 234.691998 72.034657 132.187693 132.548076
118.496538 88.397688 144.134722 129.173295 101.837768 192.182182 173.916216 167.409555 234.682662 72.308998 132.187693 132.548076
118.507694 88.392750 144.298522 128.878923 101.837768 192.182182 173.912476 167.410225 234.673882 72.582156 132.187693 132.548076
118.534122 88.381054 144.438077 128.597309 101.837768 192.182182 173.909424 167.410772 234.665673 72.855933 132.187693 132.548076
118.601659 88.346614 144.547155 128.359250 101.837768 192.182182 173.906865 167.411230 234.657504 73.128411 132.187693 132.548076
118.657208 88.310420 144.658697 128.140127 101.837768 192.182182 173.902140 167.412077 234.649323 73.401288 132.187693 132.548076
118.721722 88.268384 144.732175 127.947803 101.837768 192.182182 173.896431 167.413099 234.641115 73.675065 132.187693 132.548076
118.800647 88.216959 144.836180 127.752531 101.837768 192.182182 173.889541 167.414334 234.632834 73.951241 132.187693 132.548076
118.894988 88.155490 145.088550 127.331517 101.837768 192.182182 173.884816 167.415180 234.624692 74.222819 132.187693 132.548076
119.005080 88.083757 145.146148 127.114135 101.837768 192.182182 173.875170 167.416908 234.616451 74.497695 132.187693 132.548076
119.126316 88.004763 145.260039 126.900270 101.837768 192.182182 173.866212 167.418513 234.608356 74.767674 132.187693 132.548076
119.259617 87.917908 145.392983 126.692600 101.886130 192.073850 173.857550 167.420065 234.600217 75.039152 132.187693 132.548076
119.406909 87.821937 145.522242 126.498082 101.904849 192.035917 173.846329 167.422075 234.592048 75.311630 132.187693 132.548076
119.558391 87.723235 145.594379 126.310794 101.927145 191.978898 173.838749 167.423433 234.583869 75.584407 132.187693 132.548076
119.719675 87.618147 145.647546 126.151428 101.950335 191.905369 173.835600 167.423997 234.575736 75.855685 132.187693 132.548076
119.894533 87.504215 145.684551 126.030252 101.985670 191.813665 173.833139 167.424438 234.567567 76.128163 132.187693 132.548076
120.081707 87.382258 145.738533 125.841674 102.027085 191.710682 173.829792 167.425038 234.559367 76.401640 132.187693 132.548076
120.281783 87.251894 145.771945 125.719239 102.068548 191.590517 173.825756 167.425761 234.551255 76.672218 132.187693 132.548076
120.493080 87.112389 145.808497 125.601063 102.106234 191.459114 173.816405 167.427436 234.543086 76.944696 132.187693 132.548076
120.712075 86.965851 145.846616 125.477823 102.124525 191.326195 173.808727 167.428811 234.506841 77.955251 132.187693 132.548076
120.943619 86.810915 145.887217 125.346559 102.137066 191.190473 173.803215 167.429799 234.494797 78.208565 132.187693 132.548076
121.182311 86.651196 145.923917 125.227905 102.149367 191.057340 173.798884 167.430575 234.483048 78.455686 132.188006 132.548812
121.429865 86.486985 145.947852 125.150522 102.162074 190.919826 173.791502 167.431897 234.471090 78.698992 132.188632 132.550285
121.698892 86.329762 145.968891 125.082502 102.174237 190.788187 173.786285 167.432832 234.458772 78.946085 132.189805 132.553046
121.979402 86.165828 145.994687 124.999100 102.186704 190.653262 173.782249 167.433555 234.446171 79.198871 132.192543 132.559488
122.262156 86.000582 146.086231 124.713581 102.198466 190.519880 173.770535 167.435654 234.433723 79.448561 132.194498 132.564090
122.546551 85.834378 146.120657 124.600924 102.209529 190.389248 173.757542 167.437981 234.420589 79.712034 132.202946 132.583969
122.831550 85.667820 146.158824 124.476026 102.220717 190.257121 173.743368 167.440521 234.406946 79.985694 132.210924 132.602745
123.116782 85.509979 146.190065 124.373792 102.231990 190.123997 173.730079 167.442901 234.393115 80.263150 132.222696 132.630447
123.407401 85.359644 146.214845 124.308432 102.247372 189.989799 173.708818 167.446710 234.379621 80.533814 132.240373 132.672047
123.700596 85.207978 146.236861 124.274677 102.276885 189.861038 173.698679 167.448527 234.364839 80.807382 132.261218 132.721102
123.993436 85.056495 146.251120 124.252816 102.307850 189.725941 173.691494 167.449814 234.334494 81.078086 132.287655 132.783318
124.288318 84.903955 146.255490 124.246115 102.337169 189.598677 173.687753 167.450484 234.303848 81.351474 132.318590 132.856118
124.581069 84.752518 146.258331 124.241760 102.369755 189.472000 173.685391 167.450907 234.275384 81.627308 132.349017 132.927722
124.874348 84.607648 146.258495 124.241509 102.403137 189.342225 173.684603 167.451048 234.247483 81.899884 132.380734 133.002362
125.177287 84.469143 146.258495 124.241509 102.437317 189.209351 173.684407 167.451083 234.219276 82.175444 132.413775 133.079917
125.473860 84.333548 146.258495 124.241509 102.469952 189.082481 173.684308 167.451101 234.191558 82.446229 132.441091 133.143933
125.775435 84.195667 146.258495 124.241509 102.503832 188.950769 173.684308 167.451101 234.163341 82.721889 132.467269 133.205281
126.074827 84.058783 146.258495 124.241509 102.536941 188.822059 173.684308 167.451101 234.118603 82.991537 132.497568 133.276287
126.379091 83.926532 146.258495 124.241509 102.570522 188.691509 173.684308 167.451101 234.072170 83.258733 132.583748 133.557838
126.680928 83.799445 146.258495 124.241509 102.604173 188.563770 173.684308 167.451101 234.025308 83.528391 132.611708 133.620919
126.983225 83.672165 146.258495 124.241509 102.638571 188.437574 173.684308 167.451101 233.977847 83.801498 132.648907 133.704844
127.286352 83.544535 146.258495 124.241509 102.674652 188.305204 173.684308 167.451101 233.924668 84.067784 132.680109 133.775239
127.592034 83.425712 146.258495 124.241509 102.707814 188.172176 173.684308 167.451101 233.857872 84.337434 132.706246 133.834206
127.902314 83.307882 146.258495 124.241509 102.722790 188.036701 173.684308 167.451101 233.791149 84.606793 132.735341 133.899847
128.212968 83.189910 146.258495 124.241509 102.737602 187.902717 173.684308 167.451101 233.726133 84.869260 132.771875 133.975919
128.521379 83.072791 146.258495 124.241509 102.735973 187.770177 173.684308 167.451101 233.660228 85.135319 132.818712 134.071455
128.830070 82.955564 146.258495 124.241509 102.726577 187.641581 173.681847 167.451542 233.594514 85.400601 132.939183 134.297298
129.139873 82.851876 146.258495 124.241509 102.700150 187.517202 173.676532 167.452494 233.528849 85.665689 133.000957 134.410774
129.454230 82.757566 146.258495 124.241509 102.667182 187.425871 173.668953 167.453852 233.463472 85.929613 133.063448 134.525566
129.770216 82.662766 146.258495 124.241509 102.644977 187.364356 173.658223 167.455774 233.389856 86.245137 133.122593 134.634211
130.088309 82.567335 146.258495 124.241509 102.632821 187.330682 173.644738 167.458190 233.344221 86.519694 133.183076 134.745315
130.403338 82.472823 146.258495 124.241509 102.574871 187.176442 173.629678 167.460888 233.267868 86.781591 133.331458 134.851252
130.720377 82.377708 146.258495 124.241509 102.549070 187.107833 173.621705 167.462316 233.192241 87.040991 133.461879 134.880224
131.037623 82.294281 146.258495 124.241509 102.535166 187.070861 173.615110 167.463498 233.113767 87.303160 133.575314 134.905422
131.358833 82.213961 146.258495 124.241509 102.526894 187.048865 173.612354 167.463992 233.024377 87.563860 133.672544 134.927021
131.677423 82.134295 146.258495 124.241509 102.525415 187.044934 173.611566 167.464133 232.935635 87.822669 133.753081 134.944911
131.999992 82.053635 146.258495 124.241509 102.524746 187.043155 173.610680 167.464291 232.846245 88.083369 133.820243 134.959831
132.317806 81.974164 146.258495 124.241509 102.524570 187.042687 173.610483 167.464327 232.743977 88.340344 133.885161 134.974252
132.641263 81.898101 146.258495 124.241509 102.524500 187.042500 173.610287 167.464362 232.642891 88.591785 133.936216 134.985593
132.964813 81.853573 146.258495 124.241509 102.524500 187.042500 173.610287 167.464362 232.539566 88.848792 134.037514 135.007096
133.292029 81.808541 146.258495 124.241509 102.524500 187.042500 173.610287 167.464362 232.425896 89.101318 134.059644 135.011681
133.640405 81.793835 146.264176 124.232798 102.524500 187.042500 173.610287 167.464362 232.309245 89.352006 134.076877 135.015252
133.969806 81.748546 146.280074 124.208424 102.524500 187.042500 173.610287 167.464362 232.194408 89.598796 134.101553 135.020365
134.298412 81.704967 146.445238 123.898516 102.524500 187.042500 173.610287 167.464362 232.073999 89.845465 134.132202 135.026716
134.621624 81.669061 146.448805 123.860684 102.524500 187.042500 173.610287 167.464362 231.951761 90.092919 134.173524 135.035278
134.951296 81.632437 146.478212 123.720298 102.524500 187.042500 173.610287 167.464362 231.832047 90.335263 134.232668 135.047533
135.272321 81.596774 146.504830 123.651681 102.524500 187.042500 173.610287 167.464362 231.691464 90.570592 134.281530 135.057658
135.599707 81.560404 146.530026 123.566635 102.524500 187.042500 173.610287 167.464362 231.548498 90.806093 134.447792 135.097815
135.926122 81.528560 146.559608 123.466722 102.524500 187.042500 173.610287 167.464362 231.404702 91.042963 134.519895 135.117720
136.257906 81.531830 146.594470 123.348975 102.524500 187.042500 173.610287 167.464362 231.251253 91.274373 134.593251 135.137971
136.586790 81.535071 146.631063 123.225378 102.524500 187.042500 173.610287 167.464362 231.094610 91.498450 134.670366 135.159260
136.915174 81.538308 146.668258 123.093745 102.524500 187.042500 173.610287 167.464362 230.937567 91.723102 134.739674 135.178393
137.243058 81.541539 146.702410 122.965205 102.524500 187.042500 173.610287 167.464362 230.780762 91.944724 134.811487 135.198219
137.572442 81.544786 146.737127 122.834538 102.524500 187.042500 173.610287 167.464362 230.616259 92.168208 134.881470 135.217538
137.902626 81.548040 146.772050 122.703099 102.524500 187.042500 173.610287 167.464362 230.452171 92.391128 134.956175 135.238162
138.233308 81.574811 146.806382 122.573882 102.579080 186.925328 173.610287 167.464362 230.289386 92.612276 135.026157 135.257482
138.562498 81.605308 146.866774 122.351784 102.612349 186.919361 173.610287 167.464362 230.124298 92.829485 135.105586 135.279409
138.888203 81.635482 146.905065 122.220973 102.662432 186.907881 173.610287 167.464362 229.951774 93.040544 135.158410 135.293992
139.219086 81.666135 146.942963 122.091506 102.802239 186.873070 173.610287 167.464362 229.780768 93.249746 135.318454 135.340906
139.546086 81.696429 146.980388 121.960143 102.887346 186.851087 173.610287 167.464362 229.609067 93.459799 135.398803 135.366080
139.871991 81.726621 147.015486 121.826681 102.985053 186.818728 173.610287 167.464362 229.442038 93.643261 135.490793 135.394901
140.232286 81.730627 147.017434 121.689328 103.097931 186.775919 173.610287 167.464362 229.226419 93.819157 135.597957 135.428477
140.556952 81.776561 147.051961 121.557991 103.228088 186.727994 173.610287 167.464362 229.055106 93.996537 135.720744 135.476284
140.883996 81.822831 147.085522 121.430328 103.353855 186.680603 173.610287 167.464362 228.876077 94.173736 135.838841 135.529064
141.206781 81.868499 147.119573 121.300934 103.469980 186.602860 173.606940 167.464962 228.698650 94.348722 135.963455 135.580730
141.530755 81.914335 147.156557 121.170579 103.597639 186.556254 173.596998 167.466743 228.518018 94.526868 136.090009 135.633201
141.857996 81.960633 147.192423 121.044169 103.724170 186.510059 173.586860 167.468559 228.301744 94.693824 136.197256 135.677667
142.182563 82.006553 147.227524 120.920452 103.853727 186.468098 173.576819 167.470358 228.111847 94.881089 136.272634 135.708919
142.501268 82.075903 147.263389 120.794041 103.982637 186.427341 173.563925 167.472668 227.918035 95.072216 136.345887 135.739290
142.821290 82.163519 147.298927 120.668785 104.110546 186.387769 173.549455 167.475260 227.715460 95.256816 136.402513 135.762768
143.142278 82.251399 147.328916 120.543432 104.148401 186.256433 173.544337 167.476177 227.512300 95.439774 136.437524 135.777284
143.458636 82.338012 147.354590 120.412628 104.000832 186.300817 173.541384 167.476706 227.309066 95.622799 136.508411 135.872977
143.773740 82.424281 147.379860 120.283885 103.838993 186.349493 173.538431 167.477235 227.105387 95.806226 136.489725 135.946644
144.083597 82.528850 147.405649 120.152492 103.666430 186.401395 173.537348 167.477429 226.900518 95.990723 136.466195 136.039407
144.397527 82.637501 147.432921 120.016940 103.484194 186.456206 173.536560 167.477570 226.694953 96.175941 136.438977 136.146709
144.708999 82.745302 147.465325 119.891632 103.298174 186.410993 173.536560 167.477570 226.490599 96.360711 136.407260 136.271749
145.017826 82.852187 147.502880 119.764442 103.227623 186.217651 173.536560 167.477570 226.286171 96.545548 136.375248 136.397952
145.327030 82.959203 147.543544 119.636891 103.262464 186.003061 173.536560 167.477570 226.084117 96.728239 136.342843 136.525706
145.635415 83.074034 147.589504 119.516677 103.296840 185.791334 173.536560 167.477570 225.879319 96.913411 136.315379 136.633977
145.943232 83.191310 147.635443 119.395397 103.330279 185.579663 173.536560 167.477570 225.676004 97.097242 136.399560 136.697692
146.248992 83.307802 147.674220 119.271630 103.362406 185.365054 173.536560 167.477570 225.471428 97.282213 136.448538 136.707747
146.559705 83.426181 147.715479 119.139942 103.416757 185.153042 173.536560 167.477570 225.270115 97.464233 136.476652 136.713519
146.870044 83.544418 147.755990 119.010639 103.492359 184.946721 173.536560 167.477570 225.067393 97.647527 136.494676 136.717219
147.168198 83.688016 147.796023 118.882864 103.549630 184.738867 173.536560 167.477570 224.862521 97.832766 136.499672 136.718245
147.459341 83.840378 147.836146 118.754802 103.607618 184.528410 173.536560 167.477570 224.658241 98.017469 136.500064 136.718325
147.750571 83.992786 147.875282 118.629889 103.664744 184.319896 173.536560 167.477570 224.454704 98.201501 136.500064 136.718325
148.036929 84.142644 147.915942 118.500110 103.719174 184.107150 173.536560 167.477570 224.254133 98.382850 136.500064 136.718325
148.295858 84.315290 147.956002 118.372972 103.768141 183.899175 173.536560 167.477570 224.052217 98.565396 136.500064 136.718325
148.568469 84.457987 147.995545 118.248502 103.821006 183.591586 173.536560 167.477570 223.845848 98.750467 136.500064 136.718325
148.847902 84.604255 148.034634 118.116579 103.854579 183.373981 173.536560 167.477570 223.639255 98.935739 136.500064 136.718325
149.144566 84.771739 148.071418 117.989912 103.876933 183.159452 173.536560 167.477570 223.435491 99.118474 136.500064 136.718325
149.527295 85.015666 148.108788 117.861228 103.901645 182.944568 173.536560 167.477570 223.232621 99.300408 136.500064 136.718325
149.803804 85.191908 148.147280 117.733312 103.921664 182.724992 173.536560 167.477570 223.026698 99.485078 136.500064 136.718325
150.083855 85.370407 148.190333 117.603569 103.938737 182.508069 173.536560 167.477570 222.820179 99.670284 136.500064 136.718325
150.364158 85.549068 148.233857 117.472580 103.955724 182.292237 173.536560 167.477570 222.618500 99.851149 136.500064 136.718325
150.644209 85.727568 148.275774 117.346569 103.973058 182.074626 173.536560 167.477570 222.417148 100.033569 136.500064 136.718325
150.920717 85.903810 148.318859 117.217047 103.994418 181.765188 173.536560 167.477570 222.214048 100.218826 136.500064 136.718325
151.200346 86.082041 148.363943 117.092565 104.007394 181.543567 173.536560 167.477570 222.010356 100.404622 136.500064 136.718325
151.479807 86.260164 148.410041 116.966424 104.020137 181.325940 173.536560 167.477570 221.807477 100.589677 136.500064 136.718325
151.734601 86.465993 148.454972 116.843477 104.031008 181.104509 173.536560 167.477570 221.606741 100.772778 136.500064 136.718325
151.986406 86.675242 148.500178 116.719778 104.041450 180.883755 173.536560 167.477570 221.406448 100.955474 136.500064 136.718325
152.242594 86.888134 148.547134 116.591289 104.051949 180.661804 173.536560 167.477570 221.205120 101.139113 136.500064 136.718325
152.496630 87.099237 148.594536 116.461580 104.061406 180.443123 173.536560 167.477570 221.005273 101.340530 136.500064 136.718325
152.750665 87.310339 148.640256 116.336472 104.072046 180.223081 173.536560 167.477570 220.799269 101.524361 136.500064 136.718325
153.001683 87.523061 148.687031 116.208556 104.082015 180.005209 173.536560 167.477570 220.597071 101.704796 136.500064 136.718325
153.241626 87.745224 148.733341 116.083026 104.091793 179.791533 173.536560 167.477570 220.391590 101.888160 136.500064 136.718325
153.482083 87.967863 148.779686 115.957402 104.108710 179.476200 173.536560 167.477570 220.188049 102.069794 136.500064 136.718325
153.724741 88.192539 148.827035 115.829057 104.120945 179.259745 173.536560 167.477570 219.986596 102.249563 136.500064 136.718325
153.965491 88.415450 148.873206 115.703902 104.133101 179.044688 173.536560 167.477570 219.780891 102.433128 136.500064 136.718325
154.200725 88.650925 148.921213 115.573775 104.145279 178.829232 173.536560 167.477570 219.573694 102.618024 136.500064 136.718325
154.427170 88.888906 148.966796 115.450215 104.157734 178.608884 173.536560 167.477570 219.360866 102.791150 136.500064 136.718325
154.654505 89.127005 149.004765 115.347296 104.170110 178.389934 173.533509 167.478117 219.147435 102.962016 136.500064 136.718325
154.884849 89.367347 149.032523 115.280222 104.182351 178.173379 173.525733 167.479510 218.933146 103.133568 136.500064 136.718325
155.111595 89.603934 149.055621 115.225497 104.195942 177.952598 173.512051 167.481961 218.718076 103.305746 136.500064 136.718325
155.339310 89.841531 149.066937 115.198688 104.209575 177.734423 173.503881 167.483425 218.496742 103.470926 136.500064 136.718325
155.542696 90.096510 149.072731 115.184960 104.222915 177.520940 173.495120 167.484994 218.275596 103.627045 136.500064 136.718325
155.740568 90.356597 149.078564 115.171141 104.234466 177.336100 173.491577 167.485629 218.051754 103.785066 136.500064 136.718325
155.939833 90.618514 149.082608 115.161559 104.243802 177.186692 173.490986 167.485735 217.827422 103.943434 136.500064 136.718325
156.139824 90.881385 149.087158 115.150780 104.201663 177.037621 173.490592 167.485805 217.605378 104.100187 136.500064 136.718325
156.339149 91.143382 149.097035 115.127379 104.067723 177.048735 173.490395 167.485840 217.380801 104.258727 136.500064 136.718325
156.537869 91.404583 149.124192 115.088318 103.935777 177.059683 173.490395 167.485840 217.135494 104.381601 136.500064 136.718325
156.738889 91.668807 149.163240 114.952626 103.797552 177.071152 173.490395 167.485840 216.888615 104.500226 136.500064 136.718325
156.936981 91.932982 149.087893 114.920019 103.665904 177.082075 173.490395 167.485840 216.644349 104.617594 136.500064 136.718325
157.132992 92.196596 148.992722 114.878835 103.527779 177.093536 173.490395 167.485840 216.398010 104.735959 136.500064 136.718325
157.328168 92.459085 148.883876 114.831732 103.291527 177.119763 173.481143 167.487498 216.149779 104.855233 136.500064 136.718325
157.523523 92.721816 148.756217 114.776488 103.159114 177.135961 173.470906 167.489332 215.900556 104.974983 136.500064 136.718325
157.720787 92.987114 148.615067 114.715406 103.025708 177.152281 173.465590 167.490284 215.651153 105.094820 136.500064 136.718325
157.919484 93.254338 148.482635 114.658097 102.894288 177.168358 173.464015 167.490566 215.407248 105.212015 136.500064 136.718325
