158.399516 136.725217 144.234921 129.234391 212.038803 107.106776 220.077000 82.311100 152.409463 163.816184 89.007984 140.169026
158.344629 136.877849 144.202209 129.297293 212.041920 107.104782 220.056019 82.308863 152.314583 163.721986 89.135445 139.988731
158.232864 137.047118 144.170189 129.358865 212.047648 107.101118 220.019327 82.304952 152.213015 163.638518 89.245877 139.832524
158.172659 137.193847 144.139323 129.418219 212.052112 107.098261 219.959565 82.298581 152.101299 163.569531 89.343724 139.694119
158.109570 137.347607 144.101398 129.491147 212.056324 107.095567 219.885585 82.290694 151.985291 163.497789 89.418973 139.582533
158.047960 137.497759 144.068917 129.553606 212.058514 107.094166 219.797484 82.281302 151.867416 163.424882 89.475636 139.483036
157.986617 137.647263 144.038881 129.611363 212.061294 107.092387 219.696655 82.270553 151.759144 163.354025 89.523095 139.399702
157.893649 137.786766 144.013367 129.660426 212.066348 107.089153 219.578326 82.257938 151.646002 163.279647 89.561101 139.332966
157.832799 137.935067 143.978763 129.726966 212.069549 107.087106 219.443191 82.243532 151.486604 163.229278 89.588764 139.284391
157.771645 138.084109 143.944345 129.793151 212.073340 107.084680 219.307962 82.229079 151.367593 163.168569 89.616428 139.235816
157.710529 138.233058 143.899499 129.879387 212.077214 107.082201 219.175815 82.214946 151.250632 163.108906 89.638252 139.197494
157.648768 138.383580 143.847686 129.979020 212.080500 107.080099 219.044660 82.200949 151.132334 163.048562 89.813782 139.112533
157.587539 138.532807 143.799022 130.076441 212.083279 107.078321 218.914599 82.187069 151.035250 162.925526 89.885611 139.115717
157.525208 138.684717 143.757793 130.161004 212.087660 107.075518 218.778969 82.172594 150.982787 162.879638 89.974524 139.119659
157.462954 138.836441 143.727927 130.232084 212.089850 107.074117 218.642444 82.158025 150.951098 162.851921 90.081618 139.124408
157.402901 138.982800 143.696551 130.306761 212.094988 107.070830 218.505919 82.143455 150.950818 162.664107 90.202561 139.127867
157.339726 139.136305 143.668855 130.372679 212.098357 107.068674 218.405788 82.132769 150.993389 162.593673 90.338834 139.130595
157.272911 139.282677 143.647023 130.426471 212.102653 107.065925 218.331509 82.124842 151.059329 162.518314 90.469007 139.133200
157.204477 139.432596 143.637081 130.464389 212.110252 107.059605 218.293823 82.120820 151.147715 162.437148 90.605980 139.135942
157.136956 139.580514 143.628458 130.497278 212.115815 107.054725 218.268467 82.118114 151.243319 162.349353 90.736754 139.138560
157.075817 139.726031 143.621001 130.525716 212.128446 107.043648 218.262402 82.117467 151.318520 162.280294 90.875626 139.141340
157.016612 139.877576 143.616284 130.543708 212.132957 107.039692 218.260115 82.117223 151.373687 162.229632 91.012922 139.152354
156.958572 140.026141 143.611947 130.560249 212.139498 107.033955 218.259916 82.117202 151.409189 162.197031 91.143626 139.164852
156.913587 140.177132 143.605708 130.584045 212.151376 107.023537 218.259916 82.117202 151.428339 162.179445 91.271948 139.178816
156.880492 140.335920 143.599824 130.606486 212.161075 107.015031 218.259916 82.117202 151.438724 162.169908 91.403801 139.196253
156.812776 140.263884 143.589223 130.646920 212.170097 107.007119 218.259916 82.117202 151.447784 162.161588 91.533670 139.213428
156.858018 140.092040 143.576136 130.696833 212.177690 107.000459 218.259916 82.117202 151.449773 162.159762 91.666117 139.230943
156.916306 139.904054 143.557140 130.769284 212.189418 106.990173 218.259916 82.117202 151.451761 162.157935 91.802033 139.248917
156.997215 139.675357 143.536952 130.850497 212.196786 106.983711 218.259916 82.117202 151.457359 162.152795 91.931605 139.266053
157.007871 139.395084 143.515400 130.949375 212.206485 106.975205 218.259916 82.117202 151.460747 162.149684 92.121135 139.286226
157.101657 139.170804 143.491528 131.058904 212.219716 106.963600 218.259916 82.117202 151.470322 162.140891 92.255416 139.298050
157.205017 138.935068 143.425825 131.345310 212.227084 106.957138 218.259916 82.117202 151.486674 162.125875 92.392186 139.310093
157.312192 138.690631 143.420114 131.488983 212.234377 106.950742 218.259916 82.117202 151.495218 162.118029 92.523977 139.321697
157.422820 138.438319 143.410886 131.640602 212.238512 106.947116 218.259916 82.117202 151.516105 162.099232 92.655866 139.333311
157.532387 138.188052 143.405462 131.803893 212.244944 106.939864 218.259916 82.117202 151.525480 162.090813 92.790245 139.342243
157.643431 137.934284 143.372252 131.948353 212.250384 106.933595 218.259916 82.117202 151.534780 162.082461 92.924880 139.348924
157.752070 137.686013 143.378890 132.098707 212.257331 106.925589 218.259916 82.117202 151.547205 162.071303 93.055120 139.355386
157.860908 137.432631 143.384059 132.215793 212.262705 106.919396 218.224956 82.161051 151.554124 162.065089 93.192850 139.362220
157.960774 137.176727 143.390044 132.351361 212.265327 106.916374 218.222320 82.194648 151.566921 162.053596 93.325487 139.368801
158.046026 136.958272 143.396213 132.498431 212.269128 106.911994 218.217978 82.249978 151.585670 162.036758 93.520513 139.367359
158.103031 136.698901 143.401028 132.617834 212.273322 106.907160 218.212329 82.321957 151.613943 162.011368 93.659165 139.360941
158.151507 136.489693 143.406347 132.749727 212.275223 106.904969 218.204913 82.416466 151.636858 161.990789 93.795020 139.354652
158.215463 136.280971 143.411585 132.898621 212.278172 106.901570 218.196338 82.525730 151.667660 161.963126 93.929176 139.348442
158.277961 136.075361 143.411464 133.052121 212.281645 106.897567 218.186246 82.654335 151.690055 161.943015 94.058637 139.342449
158.339542 135.868847 143.413423 133.205972 212.284070 106.894773 218.176021 82.784634 151.702554 161.931789 94.187299 139.336493
158.400551 135.664250 143.442464 133.371883 212.286954 106.891449 218.165303 82.921214 151.717062 161.918760 94.320057 139.330348
158.458789 135.457273 143.435043 133.551393 212.290100 106.887824 218.154976 83.052810 151.725916 161.910809 94.453514 139.324170
158.506183 135.247972 143.430434 133.743833 212.290952 106.886842 218.144141 83.190885 151.728595 161.908403 94.587671 139.317960
158.553821 135.037598 143.424263 133.946439 212.291148 106.886615 218.133892 83.321484 151.730380 161.906800 94.725323 139.311588
158.602806 134.821275 143.405616 134.154861 212.291279 106.886464 218.123730 83.450986 151.730603 161.906599 94.860379 139.305336
158.648388 134.612095 143.401820 134.525120 212.291345 106.886389 218.112879 83.589260 151.730603 161.906599 94.995741 139.299249
158.690092 134.399298 143.419053 134.761256 212.291541 106.886162 218.102137 83.726140 151.730603 161.906599 95.131477 139.295087
158.695113 134.177770 143.460606 135.011398 212.291607 106.886087 218.091975 83.855641 151.730603 161.906599 95.267574 139.289841
158.683049 133.958284 143.527462 135.265913 212.291804 106.885860 218.081734 83.986140 151.730603 161.906599 95.399759 139.284331
158.602996 133.759646 143.604111 135.526264 212.292197 106.885407 218.071611 84.115144 151.730603 161.906599 95.532644 139.278791
158.445893 133.617695 143.672307 135.792858 212.292721 106.884803 218.061542 84.243449 151.730603 161.906599 95.730887 139.272509
158.267807 133.487875 143.730131 136.048907 212.293114 106.884349 218.050902 84.379032 151.730603 161.906599 95.865559 139.269761
158.149060 133.305511 143.777186 136.264420 212.293573 106.883821 218.040568 84.510728 151.730603 161.906599 95.997831 139.267062
158.063136 133.107687 143.796484 136.443181 212.294229 106.883065 218.033323 84.603044 151.730603 161.906599 96.134303 139.264278
157.954060 132.939538 143.812605 136.592514 212.294884 106.882310 218.028473 84.664854 151.730603 161.906599 96.271174 139.261486
157.823268 132.838283 143.825549 136.712417 212.295802 106.881253 218.025914 84.697453 151.730603 161.906599 96.399748 139.258862
157.700815 132.803441 143.834812 136.798218 212.297446 106.879370 218.025101 84.707822 151.730603 161.906599 96.530720 139.256190
157.520001 132.763562 143.841467 136.859860 212.299221 106.877335 218.024350 84.717392 151.730603 161.906599 96.666692 139.253416
157.387102 132.764175 143.847359 136.914443 212.301193 106.875075 218.024248 84.718688 151.730603 161.906599 96.804763 139.250599
157.248904 132.764811 143.852157 136.958885 212.304941 106.870780 218.024217 84.719087 151.730603 161.906599 96.940635 139.247827
157.112005 132.765441 143.855312 136.988115 212.310923 106.863923 218.024209 84.719187 151.730603 161.906599 97.074607 139.245093
156.943762 132.774680 143.856418 136.998356 212.314802 106.859477 218.024209 84.719187 151.730603 161.906599 97.266653 139.234823
156.809044 132.783414 143.856847 137.002332 212.320193 106.853298 218.024209 84.719187 151.730603 161.906599 97.400411 139.223935
156.678518 132.791876 143.856901 137.002830 212.325650 106.847044 218.024209 84.719187 151.730603 161.906599 97.533670 139.213087
156.543701 132.800616 143.857760 137.010783 212.328608 106.843653 218.024209 84.719187 151.730603 161.906599 97.662544 139.202596
156.405492 132.809577 143.859938 137.030966 212.331435 106.840413 218.024209 84.719187 151.730603 161.906599 97.798394 139.191537
156.274216 132.819414 143.823011 137.074559 212.337352 106.833631 218.024209 84.719187 151.730603 161.906599 97.930457 139.180787
156.143122 132.840627 143.683739 137.065726 212.342743 106.827452 218.024209 84.719187 151.730603 161.906599 98.062221 139.170061
156.013705 132.861568 143.618671 137.069868 212.347871 106.821575 218.024209 84.719187 151.730603 161.906599 98.195780 139.159188
155.876842 132.884501 143.472951 137.079900 212.356220 106.812005 218.024209 84.719187 151.735588 161.902123 98.331331 139.148154
155.742543 132.917528 143.304700 137.087381 212.364503 106.802511 218.024209 84.719187 151.746302 161.892501 98.525536 139.131827
155.612420 132.949527 143.187400 137.087316 212.369407 106.795326 218.024209 84.719187 151.773533 161.868046 98.662093 139.119635
155.481159 132.979715 143.058825 137.077104 212.375027 106.787054 218.024209 84.719187 151.806493 161.838446 98.797156 139.107577
155.354039 133.007404 142.863134 137.059055 212.380928 106.778370 218.024209 84.719187 151.846223 161.802766 98.930525 139.095670
155.227604 133.034945 142.664954 137.042182 212.386211 106.770595 218.024209 84.719187 151.880373 161.772097 99.064493 139.083709
155.100754 133.072241 142.534781 137.030455 212.391213 106.763233 218.024209 84.719187 151.892947 161.760805 99.200153 139.071597
154.972975 133.124362 142.406799 137.018927 212.398295 106.752811 218.024209 84.719187 151.894400 161.759500 99.333622 139.059681
154.845752 133.176258 142.277025 137.007236 212.404012 106.744608 218.004476 84.835365 151.894400 161.759500 99.467390 139.047738
154.725011 133.225509 142.135787 137.027665 212.410816 106.735213 217.996723 84.866309 151.894400 161.759500 99.593986 139.036435
154.596492 133.277933 142.006775 137.019037 212.416037 106.728005 217.985689 84.910347 151.894400 161.759500 99.687813 139.028058
154.476399 133.326920 141.875668 137.010269 212.419145 106.723713 217.970791 84.969809 151.894400 161.759500 99.784927 139.019388
154.362564 133.386987 141.738574 137.001100 212.425891 106.714399 217.951007 85.048769 151.894400 161.759500 99.852658 139.013341
154.247019 133.452448 141.628174 136.998050 212.429704 106.709135 217.925925 85.148874 151.894400 161.759500 99.891005 139.009917
154.130604 133.518402 141.548556 137.001658 212.434455 106.702574 217.897927 85.260620 151.894400 161.759500 100.042895 138.997460
154.015929 133.583371 141.487918 137.004406 212.438972 106.696338 217.866818 85.384782 151.894400 161.759500 100.108203 138.992448
153.903708 133.649548 141.410797 137.007901 212.445361 106.684379 217.833740 85.516802 151.894400 161.759500 100.188666 138.986272
153.785353 133.722058 141.366643 137.009902 212.449622 106.672309 217.799982 85.651537 151.894400 161.759500 100.289669 138.978519
153.669897 133.792791 141.302610 137.095692 212.454516 106.658447 217.768678 85.776475 151.894400 161.759500 100.404033 138.969741
153.554612 133.863419 141.329715 137.165920 212.457279 106.650621 217.735649 85.908300 151.894400 161.759500 100.531059 138.959992
153.439157 133.934153 141.359317 137.250171 212.459010 106.645717 217.703155 86.037991 151.894400 161.759500 100.669053 138.949400
153.324810 134.004207 141.383625 137.349302 212.462871 106.634779 217.671438 86.164578 151.894400 161.759500 100.797675 138.939528
153.215319 134.071467 141.401880 137.425856 212.466233 106.625255 217.639114 86.293591 151.880681 161.653166 100.927593 138.929556
153.110732 134.097216 141.418999 137.497643 212.471626 106.609979 217.607275 86.420663 151.851752 161.625977 101.062197 138.919224
153.016065 134.155556 141.431826 137.551435 212.478684 106.589988 217.576045 86.545310 151.811601 161.588242 101.199094 138.908717
152.953238 134.194275 141.439573 137.583924 212.482479 106.579238 217.543477 86.675292 151.758335 161.538180 101.332402 138.898485
152.911353 134.220087 141.320616 137.684807 212.486873 106.566791 217.511080 86.804595 151.696105 161.479693 101.466109 138.888222
152.887260 134.234935 141.247802 137.695394 212.490302 106.557079 217.447338 87.031610 151.622727 161.410729 101.595229 138.878312
152.870489 134.245270 141.158737 137.692881 212.491353 106.545937 217.402190 87.162333 151.533900 161.327246 101.730731 138.867911
152.857805 134.253087 141.047983 137.689693 212.491886 106.539861 217.357696 87.291166 151.434581 161.233900 101.861446 138.857878
152.842481 134.262531 140.924834 137.672108 212.492743 106.530098 217.315617 87.413005 151.327327 161.133081 101.997047 138.847470
152.825454 134.273024 140.805251 137.618376 212.494019 106.515554 217.270796 87.542783 151.206525 161.019518 102.109118 138.838869
152.802213 134.287347 140.685577 137.564603 212.495208 106.502006 217.227371 87.667322 151.073410 160.894380 102.196560 138.832157
152.764415 134.310641 140.559062 137.507756 212.496528 106.486964 217.179652 87.789321 150.938474 160.767529 102.248607 138.828162
152.729936 134.331889 140.441178 137.455379 212.496436 106.477676 217.132807 87.909086 150.800404 160.637732 102.347293 138.769062
152.696479 134.352507 140.318204 137.412863 212.495963 106.464585 217.084468 88.032668 150.660657 160.503916 102.397290 138.695675
152.635385 134.383235 140.183154 137.411304 212.495682 106.456790 216.988177 88.254212 150.526540 160.370323 102.474393 138.619053
152.585257 134.406350 140.047544 137.422835 212.495472 106.450994 216.925440 88.367043 150.393841 160.238140 102.599539 138.481698
152.531044 134.431349 139.919311 137.466741 212.495224 106.444098 216.861051 88.482846 150.259937 160.104758 102.612271 138.349912
152.488726 134.450863 139.793447 137.510334 212.494964 106.436903 216.796273 88.599348 150.127096 159.972435 102.624744 138.220813
152.434058 134.476071 139.656860 137.595799 212.494762 106.431306 216.733341 88.712529 149.991704 159.837571 102.637236 138.091515
152.386110 134.498181 139.655350 137.725290 212.494585 106.426410 216.666036 88.833575 149.787575 159.630768 102.650276 137.956544
152.339217 134.513311 139.653768 137.860881 212.494506 106.424211 216.599475 88.951943 149.595835 159.394690 102.663009 137.824757
152.288475 134.523728 139.652238 137.992072 212.494448 106.422612 216.532976 89.069314 149.477073 159.242430 102.675770 137.692672
152.244590 134.532738 139.650724 138.121863 212.494419 106.421813 216.560959 89.200208 149.358434 159.090328 102.688666 137.559194
152.201195 134.541646 139.645495 138.253455 212.494405 106.421413 216.686102 89.244651 149.219552 158.956029 102.701966 137.421535
152.161131 134.549871 139.645400 138.371853 212.494394 106.421113 216.814825 89.290366 149.080326 158.821503 102.714592 137.289336
152.130176 134.556226 139.645400 138.479153 212.494387 106.420913 216.938554 89.334308 148.946422 158.692119 102.735562 137.066717
152.094912 134.563466 139.645400 138.550653 212.494372 106.420513 217.060021 89.377446 148.763839 158.514240 102.747991 136.934902
152.060775 134.571618 139.645400 138.598453 212.494347 106.419814 217.187143 89.422592 148.575087 158.305160 102.760176 136.805675
152.036985 134.577470 139.717574 138.688239 212.494253 106.417216 217.310024 89.466232 148.462450 158.155638 102.773008 136.669578
152.023584 134.580766 139.775478 138.683471 212.494228 106.416516 217.438370 89.511813 148.346216 158.003071 102.785935 136.532486
152.003677 134.585662 139.807458 138.681051 212.494177 106.415117 217.563701 89.556324 148.228513 157.848983 102.798777 136.396291
151.993675 134.588123 139.829227 138.685403 212.494098 106.412918 217.687995 89.600466 148.066931 157.618108 102.818586 136.167055
151.987169 134.589723 139.833345 138.686226 212.492868 106.407882 217.810593 89.644006 147.962264 157.457265 102.829549 136.029792
151.985519 134.590129 139.834816 138.686520 212.492210 106.406534 217.935170 89.688248 147.858142 157.297260 102.839900 135.900205
151.984353 134.590416 139.837268 138.687010 212.489138 106.400244 218.057674 89.731754 147.763074 157.151169 102.850466 135.767926
151.984062 134.590487 139.840308 138.687618 212.486418 106.394672 218.183476 89.776432 147.624415 156.935248 102.860737 135.639335
151.983868 134.590535 139.844132 138.688382 212.484136 106.390000 218.312954 89.822415 147.542369 156.806581 102.871255 135.507655
151.983868 134.590535 139.851781 138.689911 212.480056 106.381643 218.443467 89.868766 147.469194 156.691826 102.881837 135.375177
151.983868 134.590535 139.860606 138.691675 212.477599 106.376611 218.573981 89.915117 147.394729 156.575047 102.900878 135.147860
151.983868 134.590535 139.870804 138.693714 212.475580 106.372477 218.701950 89.960564 147.314051 156.451216 102.913644 135.012662
151.983868 134.590535 139.880807 138.695713 212.471587 106.364300 218.829449 90.005844 147.228098 156.321511 102.926606 134.875372
151.983868 134.590535 139.893947 138.698339 212.469306 106.359627 218.953649 90.049953 147.142531 156.192389 102.938723 134.747043
151.983868 134.590535 139.903066 138.700162 212.468033 106.357021 219.039307 90.080374 147.050226 156.053098 102.951516 134.611545
151.983868 134.590535 139.906596 138.700868 212.463382 106.347496 219.095073 90.100806 146.953335 155.906888 102.964357 134.475550
151.983868 134.590535 139.907969 138.701142 212.460881 106.342374 219.133660 90.116350 146.851970 155.753926 102.976473 134.347221
151.983868 134.590535 139.908263 138.701201 212.457371 106.335185 219.179766 90.249696 146.749445 155.599213 102.989098 134.213516
151.983868 134.590535 139.908558 138.701260 212.454782 106.329884 219.153703 90.331127 146.524149 155.230390 103.001261 134.084689
151.983674 134.590583 139.908558 138.701260 212.451842 106.323863 219.120750 90.434082 146.429940 155.068054 103.110291 133.855002
151.983479 134.590631 139.908558 138.701260 212.448113 106.316225 219.083712 90.549799 146.346465 154.901491 103.199454 133.760398
151.982800 134.590798 139.908558 138.701260 212.444207 106.308228 219.043840 90.674373 146.256395 154.736208 103.288686 133.665721
151.981926 134.591013 139.908558 138.701260 212.439644 106.298882 219.002961 90.802091 146.161752 154.568007 103.377369 133.571626
151.980663 134.591323 139.908558 138.701260 212.431947 106.286377 218.961473 90.931713 146.066913 154.399456 103.466257 133.477313
151.978818 134.591777 139.908558 138.701260 212.426648 106.280251 218.893339 91.148380 145.975622 154.230218 103.561456 133.376305
151.975420 134.592613 139.908558 138.701260 212.419125 106.271554 218.853199 91.278845 145.884718 154.064986 103.654803 133.277262
151.972312 134.593377 139.908558 138.701260 212.407872 106.258545 218.905936 91.410753 145.821857 153.953485 103.748424 133.177927
151.964835 134.595217 139.908558 138.701260 212.399825 106.249243 219.035371 91.458615 145.779278 153.877961 103.837656 133.083250
151.949298 134.599038 139.908558 138.701260 212.396292 106.245159 219.163492 91.505991 145.748486 153.823343 103.929905 132.985371
151.940462 134.601212 139.908558 138.701260 212.389488 106.237293 219.292739 91.553783 145.733311 153.796426 104.020303 132.889457
151.924342 134.605177 139.908558 138.701260 212.386806 106.234193 219.417014 91.599738 145.729333 153.789370 104.108505 132.795872
151.902979 134.610432 139.932877 138.706121 212.384320 106.231319 219.628848 91.683182 145.727172 153.785537 104.198148 132.700758
151.870643 134.618385 139.977396 138.715020 212.382357 106.229050 219.755755 91.735321 145.687128 153.706156 104.291975 132.601205
151.833743 134.627462 140.023124 138.722871 212.379152 106.225344 219.883217 91.787688 145.665137 153.660252 104.384705 132.502817
151.774120 134.642127 140.065832 138.730007 212.375750 106.221411 219.957599 91.860130 145.636363 153.600188 104.476680 132.405229
151.704241 134.658623 140.099071 138.735561 212.373787 106.219142 219.907628 91.989087 145.600718 153.528348 104.569204 132.307059
151.631031 134.675811 140.110216 138.737424 212.370058 106.214831 219.860295 92.111237 145.531309 153.380139 104.660904 132.209762
151.561035 134.692245 140.119981 138.739055 212.365740 106.209840 219.812745 92.233946 145.485304 153.278792 104.750410 132.114794
151.485781 134.709913 140.125307 138.739945 212.362076 106.205604 219.763424 92.361224 145.433595 153.164879 104.844374 132.015095
151.418714 134.731317 140.129351 138.740621 212.358086 106.200991 219.726063 92.457638 145.375644 153.037217 104.936415 131.966588
151.354272 134.759907 140.129746 138.740687 212.353506 106.195697 219.698711 92.528224 145.313147 152.899538 105.011279 131.968897
151.299518 134.784199 140.129943 138.740720 212.348861 106.190327 219.683752 92.566827 145.248417 152.756941 105.053859 131.970210
151.249219 134.823560 140.130140 138.740753 212.343235 106.183823 219.723045 92.643670 145.197866 152.645578 105.141766 131.928241
151.212711 134.858306 140.130140 138.740753 212.336431 106.175957 219.799756 92.669048 145.161533 152.565538 105.156494 131.856231
151.186561 134.883194 140.130140 138.740753 212.330739 106.169377 219.893937 92.700205 145.143552 152.525928 105.174618 131.781986
151.157535 134.917864 140.130140 138.740753 212.324590 106.162268 220.003402 92.736418 145.081911 152.383822 105.189229 131.743251
151.138606 134.942034 140.130140 138.740753 212.319094 106.155915 220.132045 92.778976 145.051547 152.308405 105.197029 131.722573
151.124856 134.959591 140.130140 138.740753 212.310589 106.146083 220.217966 92.807401 145.012630 152.211745 105.204018 131.704047
151.116347 134.970455 140.130140 138.740753 212.304599 106.140011 220.271606 92.825146 144.967961 152.100800 105.211606 131.683931
151.112031 134.975966 140.130140 138.740753 212.290114 106.136974 220.303506 92.835699 144.916607 151.973250 105.226182 131.645289
151.109565 134.979115 140.130140 138.740753 212.264178 106.131536 220.359910 92.955048 144.860248 151.833270 105.258836 131.599881
151.107900 134.981241 140.130140 138.740753 212.249497 106.128458 220.336072 93.028580 144.798324 151.679467 105.300826 131.544249
151.106729 134.982737 140.130140 138.740753 212.229335 106.124231 220.305450 93.123041 144.734313 151.509994 105.497573 131.330748
151.106606 134.982894 140.130140 138.740753 212.208880 106.119942 220.271157 93.228821 144.669621 151.327204 105.542011 131.234512
151.106606 134.982894 140.130140 138.740753 212.182944 106.114504 220.230636 93.353817 144.605562 151.146206 105.595294 131.119120
151.106606 134.982894 140.130140 138.740753 212.161751 106.110423 220.188357 93.484235 144.511517 150.874152 105.647194 131.006724
151.106606 134.982894 140.130140 138.740753 212.150796 106.109428 220.147839 93.613180 144.451634 150.693519 105.703507 130.887908
151.106606 134.982894 140.130140 138.740753 212.135061 106.107999 220.116262 93.742171 144.360520 150.521767 105.759658 130.775670
151.106606 134.982894 140.130140 138.740753 212.112952 106.105991 220.085160 93.869219 144.306772 150.335049 105.816524 130.662001
151.106606 134.982894 140.130140 138.740753 212.096519 106.104499 220.054438 93.994713 144.253246 150.149100 105.917172 130.467582
151.106606 134.982894 140.130140 138.740753 212.082676 106.103242 220.022932 94.123413 144.176148 149.869636 105.983395 130.348451
151.106606 134.982894 140.130140 138.740753 212.074510 106.102500 219.990023 94.257844 144.125782 149.682391 106.047966 130.232292
151.106606 134.982894 140.130140 138.740753 212.064750 106.101614 219.957542 94.390526 144.076845 149.500458 106.112003 130.117094
151.106606 134.982894 140.130140 138.740753 212.057380 106.100944 219.924776 94.524373 144.034480 149.342956 106.175263 130.003295
151.106606 134.982894 140.130140 138.740753 212.052998 106.100547 219.892913 94.654530 143.987828 149.169521 106.211180 129.870773
151.106606 134.982894 140.130140 138.740753 212.052301 106.100483 219.861644 94.782258 143.939359 148.989326 106.274974 129.756013
151.106606 134.982894 140.130140 138.740753 212.052102 106.100465 219.815789 94.911271 143.902963 148.835411 106.378120 129.547785
151.106606 134.982894 140.130140 138.740753 212.052102 106.100465 219.718474 95.122167 143.870619 148.687609 106.435990 129.423276
151.106606 134.982894 140.130140 138.740753 212.052102 106.100465 219.661559 95.237487 143.843449 148.563447 106.494534 129.297317
151.106606 134.982894 140.130140 138.740753 212.052102 106.100465 219.602653 95.356842 143.819420 148.453645 106.601189 129.073181
151.106606 134.982894 140.130140 138.740753 212.052102 106.100465 219.554456 95.454496 143.799176 148.361134 106.662300 128.955052
151.106606 134.982894 140.130140 138.740753 212.052102 106.100465 219.520113 95.524083 143.782801 148.286305 106.722400 128.838877
151.106606 134.982894 140.130140 138.740753 212.052102 106.100465 219.501215 95.562373 143.775682 148.253775 106.782132 128.723413
151.106606 134.982894 140.130140 138.740753 212.052102 106.100465 219.470358 95.691404 143.767730 148.217435 106.844759 128.602352
151.106606 134.982894 140.130140 138.740753 212.052102 106.100465 219.523094 95.743885 143.791073 148.170047 106.936200 128.426969
151.106606 134.982894 140.130140 138.740753 212.052102 106.100465 219.588659 95.809134 143.778037 148.110456 106.996698 128.311677
151.105249 134.984627 140.130140 138.740753 212.052102 106.100465 219.665424 95.885528 143.762073 148.037482 107.058241 128.196270
151.104243 134.986670 140.130140 138.740753 212.052102 106.100465 219.752041 95.971727 143.742134 147.946338 107.126059 128.075167
151.103144 134.989568 140.130140 138.740753 212.052102 106.100465 219.847094 96.066320 143.718113 147.836534 107.221199 127.972896
151.099847 134.998264 140.130140 138.740753 212.052102 106.100465 219.941583 96.159060 143.695525 147.733276 107.318076 127.637459
151.095876 135.008737 140.130140 138.740753 212.052102 106.100465 220.035349 96.249825 143.681805 147.670559 107.334914 127.504722
151.090417 135.023137 140.134776 138.741527 212.052102 106.100465 220.127822 96.339337 143.671675 147.624254 107.351311 127.375458
151.079462 135.052030 140.140595 138.742500 212.052102 106.100465 220.209577 96.424142 143.668597 147.610187 107.362536 127.286967
151.060851 135.101120 140.150261 138.744115 212.052102 106.100465 220.261503 96.483813 143.665435 147.595729 107.371974 127.212564
151.050653 135.153881 140.169593 138.747345 212.052102 106.100465 220.294457 96.521682 143.664400 147.591000 107.383476 127.121890
151.046980 135.229192 140.183698 138.749702 212.052102 106.100465 220.312969 96.542955 143.664400 147.591000 107.390561 127.066038
151.056109 135.303197 140.192279 138.751136 212.052102 106.100465 220.320387 96.551479 143.664400 147.591000 107.400477 126.987864
151.079569 135.394326 140.199282 138.752306 212.052003 106.100456 220.322554 96.553968 143.664400 147.591000 107.406152 126.943123
151.124391 135.482855 140.202537 138.752850 212.051704 106.100429 220.322816 96.554270 143.664400 147.591000 107.409475 126.916932
151.186829 135.560432 140.203621 138.753031 212.050807 106.100348 220.322882 96.554346 143.664400 147.591000 107.410657 126.907607
151.333512 135.645157 140.204115 138.753114 212.049812 106.100257 220.322882 96.554346 143.664400 147.591000 107.459678 126.688605
151.421226 135.683177 140.204115 138.753114 212.048716 106.100158 220.322882 96.554346 143.664400 147.591000 107.475114 126.639997
151.531146 135.682871 140.204115 138.753114 212.047023 106.100004 220.322882 96.554346 143.664400 147.591000 107.495422 126.576044
151.622881 135.663645 140.204115 138.753114 212.045031 106.099823 220.322882 96.554346 143.664400 147.591000 107.522813 126.489789
151.714267 135.633439 140.204115 138.753114 212.040948 106.099452 220.322882 96.554346 143.664400 147.591000 107.556741 126.382947
151.801511 135.575918 140.204115 138.753114 212.033578 106.098783 220.322882 96.554346 143.664400 147.591000 107.596904 126.256470
151.876929 135.509325 140.214372 138.754828 212.026607 106.098150 220.322882 96.554346 143.664400 147.591000 107.630046 126.131084
151.928709 135.418211 140.229069 138.757283 212.017146 106.097291 220.322882 96.554346 143.664400 147.591000 107.633154 125.989049
151.970230 135.332639 140.244357 138.759838 212.010971 106.096730 220.322882 96.554346 143.664400 147.591000 107.667788 125.856603
151.994478 135.229656 140.268927 138.783968 212.004498 106.096142 220.322882 96.554346 143.664400 147.591000 107.702599 125.723479
151.991884 135.121866 140.290717 138.820106 211.996830 106.095445 220.322882 96.554346 143.664400 147.591000 107.754687 125.598963
151.960689 135.030430 140.239803 138.866945 211.990257 106.094849 220.322882 96.554346 143.664400 147.591000 107.826828 125.503686
151.908728 134.942057 140.158809 138.867957 211.985576 106.094423 220.322882 96.554346 143.664400 147.591000 108.045087 125.426374
151.838895 134.870480 140.065399 138.847695 211.981791 106.094080 220.322882 96.554346 143.664400 147.591000 108.144364 125.442240
151.758056 134.813373 139.955828 138.817333 211.977310 106.093673 220.322882 96.554346 143.664400 147.591000 108.210708 125.455723
151.668847 134.755018 139.829679 138.788412 211.971534 106.093148 220.322882 96.554346 143.664400 147.591000 108.253238 125.464367
151.499190 134.661918 139.745693 138.777433 211.967351 106.092768 220.322882 96.554346 143.664400 147.591000 108.384383 125.490968
151.389872 134.619940 139.647841 138.815868 211.964562 106.092515 220.322882 96.554346 143.664400 147.591000 108.394087 125.492928
151.264218 134.571688 139.439409 138.824847 211.955998 106.091737 220.322882 96.554346 143.664400 147.591000 108.402321 125.494591
151.139218 134.523688 139.309743 138.821880 211.951815 106.091357 220.322882 96.554346 143.664400 147.591000 108.429669 125.500114
151.010949 134.474433 139.190069 138.808908 211.946337 106.090860 220.322882 96.554346 143.664400 147.591000 108.454968 125.505174
150.878774 134.435880 139.079020 138.789688 211.939665 106.090254 220.322882 96.554346 143.664400 147.591000 108.468500 125.507880
150.746476 134.402679 138.920305 138.774270 211.931200 106.089485 220.322882 96.554346 143.664400 147.591000 108.470461 125.508272
150.613791 134.369380 138.819204 138.768936 211.922635 106.088707 220.322882 96.554346 143.664400 147.591000 108.471540 125.508488
150.488160 134.338415 138.703398 138.750446 211.911182 106.087667 220.322882 96.554346 143.664400 147.591000 108.609411 125.534867
150.357861 134.310767 138.577577 138.737362 211.900227 106.086672 220.322882 96.554346 143.664400 147.591000 108.649538 125.542245
150.230985 134.283845 138.451463 138.724187 211.891164 106.085849 220.322882 96.554346 143.664400 147.591000 108.706582 125.552732
150.102154 134.256508 138.336924 138.713284 211.879114 106.084755 220.322882 96.554346 143.664400 147.591000 108.781920 125.566582
149.970361 134.224284 138.204343 138.711021 211.869753 106.083905 220.322882 96.554346 143.664400 147.591000 108.878108 125.584266
149.842602 134.203742 138.081931 138.712040 211.860690 106.083082 220.322882 96.554346 143.664400 147.591000 108.987180 125.604318
149.710103 134.182438 137.945595 138.720531 211.854216 106.082494 220.322882 96.554346 143.664400 147.591000 109.115922 125.627987
149.580567 134.161611 137.822936 138.733971 211.844656 106.081626 220.322882 96.554346 143.664400 147.591000 109.242993 125.651349
149.446193 134.140005 137.693300 138.753464 211.838382 106.081056 220.322882 96.554346 143.664400 147.591000 109.375048 125.676343
149.310167 134.117363 137.592472 138.828072 211.833701 106.080631 220.322882 96.554346 143.664400 147.591000 109.507784 125.701506
149.174842 134.094153 137.643523 138.914756 211.830614 106.080350 220.322882 96.554346 143.664400 147.591000 109.634035 125.725439
149.038237 134.070724 137.695589 139.003164 211.829319 106.080233 220.322882 96.554346 143.664400 147.591000 109.760975 125.749503
148.905180 134.047903 137.741007 139.080283 211.828522 106.080160 220.322882 96.554346 143.664400 147.591000 109.889977 125.773958
148.772616 134.025166 137.777540 139.150063 211.827526 106.080070 220.322882 96.554346 143.644581 147.483429 110.020257 125.798655
148.638573 134.002177 137.813561 139.221943 211.826032 106.079934 220.322882 96.554346 143.630968 147.353476 110.113103 125.816256
148.509557 133.980049 137.849089 139.292839 211.822148 106.079581 220.322882 96.554346 143.623586 147.330115 110.177752 125.828512
148.378569 133.957583 137.892188 139.378844 211.817567 106.079165 220.322882 96.554346 143.616625 147.308088 110.253937 125.798023
148.244921 133.934661 137.932277 139.463233 211.812090 106.078668 220.322882 96.554346 143.578009 147.295482 110.365514 125.771917
148.117119 133.912552 137.960921 139.567366 211.808903 106.078379 220.322882 96.554346 143.540817 147.183903 110.421463 125.806927
147.984194 133.889554 137.991765 139.679501 211.803127 106.077854 220.322882 96.554346 143.494656 147.122685 110.686259 125.928224
147.850776 133.866470 138.028472 139.885473 211.792271 106.076868 220.322882 96.554346 143.478156 147.041443 110.789094 125.942348
147.718738 133.843626 138.038459 139.985576 211.780121 106.075765 220.322882 96.554346 143.459185 146.946419 110.912535 125.959302
147.586010 133.820662 138.049241 140.093640 211.765062 106.074776 220.322882 96.554346 143.437192 146.832829 111.045388 125.977549
147.451311 133.797357 138.059784 140.199315 211.745567 106.074341 220.322882 96.554346 143.412063 146.703039 111.180123 125.996055
147.322327 133.775041 138.071786 140.319618 211.734070 106.074084 220.322882 96.554346 143.346086 146.513074 111.316245 126.014751
147.189008 133.751975 138.082578 140.427781 211.717674 106.073718 220.331350 96.564077 143.311241 146.385029 111.452367 126.033447
147.056772 133.729096 138.088642 140.513633 211.697879 106.073276 220.349337 96.584746 143.185951 146.253477 111.647048 126.065144
146.924931 133.706286 138.091148 140.571079 211.688381 106.073064 220.487524 96.746630 143.064994 146.193979 111.778130 126.095269
146.791217 133.683151 138.093767 140.631121 211.672385 106.072707 220.530777 96.798451 142.880209 146.159023 111.910675 126.125730
146.656617 133.659864 138.097075 140.706949 211.650091 106.072209 220.585244 96.863708 142.748265 146.142212 112.043610 126.156280
146.526747 133.637394 138.110317 140.800971 211.640693 106.071999 220.648425 96.939405 142.617697 146.152764 112.176740 126.186876
146.397270 133.614993 138.120518 141.017159 211.625297 106.071655 220.723638 97.026101 142.487718 146.164407 112.309577 126.217404
146.260995 133.591415 138.116277 141.130380 211.618499 106.071504 220.811239 97.122560 142.358037 146.176024 112.437736 126.246857
146.129449 133.568656 138.123015 141.252773 211.609601 106.071305 220.903957 97.225175 142.220189 146.188372 112.563751 126.275818
145.992780 133.545010 138.130136 141.373964 211.606102 106.071227 220.995701 97.327995 142.087221 146.200284 112.691033 126.305069
145.864486 133.522813 138.140025 141.468639 211.603902 106.071178 221.087644 97.431039 141.957541 146.211900 112.818914 126.345014
145.737768 133.500889 138.153031 141.551727 211.603402 106.071166 221.179987 97.534531 141.827960 146.223508 112.950716 126.386906
145.607898 133.478420 138.163018 141.608028 211.603202 106.071162 221.270599 97.636082 141.698080 146.235143 113.079088 126.427708
145.480589 133.456394 138.171921 141.649790 211.603202 106.071162 221.361369 97.738696 141.594196 146.244449 113.210700 126.469540
145.345792 133.433072 138.180406 141.689595 211.603202 106.071162 221.447342 97.836075 141.521188 146.250989 113.336305 126.509472
145.210305 133.409630 138.184263 141.707689 211.603202 106.071162 221.535963 97.936453 141.478913 146.242633 113.461718 126.549350
145.077084 133.386581 138.189350 141.731553 211.603202 106.071162 221.625852 98.041892 141.462063 146.238713 113.592657 126.590986
144.944060 133.363566 138.195854 141.762067 211.603202 106.071162 221.708865 98.146954 141.376301 146.192166 113.718261 126.630925
144.811923 133.340705 138.202258 141.793315 211.603202 106.071162 221.791505 98.251546 141.370700 146.188136 113.902631 126.698207
144.680180 133.317911 138.212048 141.846827 211.603202 106.071162 221.876466 98.359656 141.369564 146.187318 114.028140 126.748469
144.552773 133.295868 138.220974 141.895617 211.603202 106.071162 221.958837 98.465349 141.258221 146.142021 114.153093 126.798509
144.417483 133.272461 138.223849 141.962538 211.603202 106.071162 222.041331 98.571200 141.222938 146.144883 114.275075 126.847359
144.291447 133.250705 138.225225 141.997711 211.603202 106.071162 222.124317 98.677681 141.165722 146.149476 114.403184 126.898663
144.160462 133.228829 138.143866 142.073011 211.603202 106.071162 222.196483 98.770281 141.084668 146.144197 114.529994 126.949446
144.043580 133.209308 138.065588 142.094216 211.603202 106.071162 222.253344 98.843241 140.988743 146.133472 114.658474 127.000898
143.933604 133.190940 137.980166 142.117356 211.603202 106.071162 222.301968 98.905631 140.874400 146.128185 114.785284 127.051681
143.815440 133.171206 137.910148 142.137219 211.603202 106.071162 222.386158 99.007251 140.742100 146.128325 114.908380 127.100978
143.705464 133.152838 137.855184 142.155423 211.603202 106.071162 222.424269 99.053722 140.607300 146.128468 115.033706 127.151161
143.610085 133.136909 137.822623 142.166207 211.603202 106.071162 222.464536 99.102822 140.470700 146.128613 115.158383 127.201082
143.529106 133.123384 137.812751 142.169476 211.602403 106.071144 222.509178 99.157257 140.336200 146.128756 115.281389 127.250334
143.436292 133.107883 137.801549 142.173186 211.601303 106.071120 222.541455 99.196615 140.203000 146.128898 115.409779 127.301743
143.346535 133.092892 137.795853 142.175073 211.599903 106.071088 222.498062 99.355809 140.072610 146.128187 115.529350 127.349619
143.267727 133.079730 137.794429 142.175544 211.597804 106.071041 222.427561 99.412872 139.940589 146.123841 115.750549 127.420548
143.175800 133.064377 137.793670 142.175796 211.595004 106.070979 222.341593 99.482455 139.810327 146.117843 115.877569 127.458608
143.061878 133.045351 137.791202 142.176613 211.591405 106.070899 222.209792 99.593288 139.675412 146.109159 116.004111 127.496525
142.932076 133.023672 137.786740 142.178091 211.582807 106.070707 222.108151 99.692020 139.546418 146.102459 116.128928 127.533925
142.796849 133.001087 137.779146 142.180606 211.577709 106.070593 221.996611 99.800367 139.442944 146.100172 116.260834 127.573449
142.662904 132.978717 137.771647 142.183090 211.566911 106.070352 221.868640 99.914924 139.355065 146.098229 116.384214 127.610419
142.529551 132.956445 137.761014 142.186611 211.560313 106.070204 221.727827 100.030861 139.289281 146.096774 116.514108 127.649340
142.392746 132.933597 137.730257 142.196798 211.555314 106.070093 221.579066 100.153349 139.257388 146.096246 116.645535 127.688721
142.224191 132.903467 137.714689 142.201954 211.547816 106.069925 221.418283 100.285779 139.094725 146.125066 116.776674 127.728015
142.096673 132.880334 137.681179 142.213052 211.541118 106.069776 221.250414 100.424077 139.023524 146.121303 116.904365 127.766277
141.965808 132.856594 137.641689 142.226131 211.536919 106.069682 221.083471 100.561612 138.882420 146.115788 117.033110 127.804853
141.832681 132.832443 137.599445 142.240122 211.531120 106.069552 220.912592 100.702389 138.772563 146.107105 117.158406 127.842397
141.698373 132.808079 137.567169 142.250812 211.529521 106.069517 220.746032 100.846612 138.693235 146.100543 117.288300 127.881318
141.562196 132.783375 137.520274 142.266343 211.528621 106.069497 220.587785 100.992007 138.625912 146.094431 117.419535 127.920642
141.431233 132.759617 137.477272 142.280586 211.528121 106.069485 220.428706 101.138271 138.579801 146.090245 117.518201 127.950206
141.303903 132.734723 137.355420 142.318905 211.527821 106.069479 220.267713 101.286295 138.547036 146.087270 117.595218 127.973283
141.172548 132.699872 137.262497 142.380016 211.527821 106.069479 220.106778 101.434233 138.519549 146.084775 117.682049 127.908841
141.047282 132.666636 137.224239 142.409987 211.527821 106.069479 219.946641 101.581414 138.501922 146.083175 117.712871 127.832530
140.919599 132.632759 137.190862 142.436135 211.527821 106.069479 219.783559 101.731302 138.483697 146.081520 117.743955 127.755570
140.786021 132.597318 137.142685 142.473877 211.527821 106.069479 219.624379 101.877604 138.470750 146.080345 117.771743 127.686770
140.656212 132.562877 137.106395 142.502307 211.527821 106.069479 219.464241 102.024785 138.453521 146.078781 117.802752 127.609996
140.529396 132.525208 137.060300 142.594579 211.527821 106.069479 219.304430 102.170521 138.440474 146.077596 117.830615 127.541010
140.399940 132.486219 137.079042 142.667510 211.527821 106.069479 219.139966 102.309000 138.426133 146.076294 117.859714 127.468965
140.270292 132.447173 137.102638 142.759326 211.527321 106.069468 218.972748 102.449798 138.414282 146.075219 117.887877 127.399238
140.140149 132.405347 137.129420 142.863540 211.526621 106.069452 218.805607 102.590532 138.402929 146.074188 117.919035 127.322092
