124.074000 134.927300 235.535587 53.478252 141.005744 245.259934 119.151095 159.669099 92.503618 212.131943 135.128500 164.599300
124.058138 134.942832 235.535587 53.478252 140.794428 245.084106 119.337735 159.778223 92.667026 211.915751 135.132774 164.578535
124.024985 134.975295 235.535587 53.478252 140.582805 244.908021 119.578927 159.918595 92.833629 211.695331 135.139547 164.545625
123.980829 135.018533 235.535587 53.478252 140.374103 244.734367 119.768582 160.028702 92.999992 211.475231 135.150558 164.392431
123.926885 135.071355 235.535587 53.478252 140.162096 244.557963 119.958842 160.139161 93.165993 211.255609 135.146742 164.328846
123.875584 135.121589 235.535587 53.478252 139.953009 244.383989 120.143568 160.246406 93.331692 211.036386 135.141566 164.242601
123.820996 135.175041 235.535587 53.478252 139.741386 244.207905 120.318174 160.347777 93.495763 210.819316 135.135084 164.134595
123.769409 135.225555 235.535587 53.478252 139.532991 244.034507 120.458534 160.429265 93.662247 210.599056 135.127722 164.011916
123.721966 135.272011 235.535587 53.478252 139.319523 243.856887 120.577015 160.498051 93.830440 210.380228 135.119677 163.877857
123.696673 135.296778 235.535587 53.478252 139.109822 243.682402 120.756141 160.603387 93.999633 210.161031 135.111871 163.747791
123.609407 135.345496 235.535587 53.478252 138.900007 243.506962 120.823648 160.643450 94.166076 209.945396 135.105465 163.609221
123.538639 135.347599 235.535587 53.478252 138.687913 243.327704 120.858649 160.664221 94.331358 209.731265 135.110732 163.477827
123.466670 135.349737 235.535587 53.478252 138.476889 243.149350 120.879976 160.676878 94.497008 209.516660 135.116904 163.269300
123.388605 135.352057 235.535587 53.478252 138.265330 242.970543 120.938603 160.701642 94.663940 209.300392 135.117903 163.134704
123.313838 135.354279 235.535587 53.478252 138.056291 242.793867 120.941320 160.703332 94.829772 209.085548 135.116112 163.005230
123.240270 135.356465 235.535587 53.478252 137.844961 242.615255 120.941745 160.703596 94.994872 208.871655 135.111545 162.868511
123.166103 135.358669 235.535587 53.478252 137.635005 242.437804 120.941745 160.703596 95.163270 208.653487 135.106135 162.734720
123.092436 135.360858 235.535587 53.478252 137.426348 242.261450 120.941745 160.703596 95.331486 208.435557 135.102636 162.549400
123.012571 135.363231 235.535587 53.478252 137.219983 242.087034 120.941745 160.703596 95.499976 208.219998 135.102570 162.415900
122.933706 135.365574 235.535587 53.478252 137.013617 241.912617 120.941745 160.703596 95.671065 208.003424 135.102506 162.286000
122.851742 135.368010 235.535587 53.478252 136.806542 241.734578 120.941745 160.703596 95.842154 207.786849 135.098216 162.150974
122.773176 135.370344 235.535587 53.478252 136.598468 241.552334 120.941745 160.703596 96.014297 207.568941 135.093422 162.012657
122.696210 135.372631 235.535587 53.478252 136.392124 241.371606 120.941745 160.703596 96.184146 207.353935 135.088892 161.881936
122.621843 135.374841 235.535587 53.478252 136.181050 241.192866 120.941745 160.703596 96.352384 207.140971 135.085459 161.782895
122.567267 135.376463 235.535587 53.478252 135.969898 241.016218 120.941745 160.703596 96.523473 206.924396 135.103903 161.720248
122.543578 135.377167 235.535587 53.478252 135.758899 240.839698 120.941745 160.703596 96.692145 206.710882 135.124528 161.679803
122.526125 135.377116 235.535587 53.478252 135.510819 240.675375 120.941745 160.703596 96.864287 206.492973 135.133523 161.662164
122.523659 135.376701 235.535587 53.478252 135.302710 240.502102 120.951766 160.709826 97.032736 206.274114 135.135568 161.658156
122.522081 135.376436 235.535587 53.478252 135.090221 240.325181 120.968242 160.720068 97.194879 206.057846 135.135749 161.657799
122.521983 135.376419 235.535587 53.478252 134.880883 240.150885 120.999602 160.739665 97.359662 205.838059 135.135795 161.657710
122.521983 135.376419 235.535587 53.478252 134.671622 239.976652 121.159874 160.842442 97.522946 205.620271 135.135795 161.657710
122.521983 135.376419 235.535587 53.478252 134.463053 239.802995 121.222175 160.876910 97.687249 205.401124 135.135795 161.657710
122.521983 135.376419 235.535587 53.478252 134.251409 239.626779 121.299550 160.920652 97.852783 205.186949 135.135795 161.657710
122.521983 135.376419 235.535587 53.478252 134.042225 239.452610 121.358697 160.957337 98.020842 204.972191 135.135795 161.657710
122.521983 135.376419 235.535587 53.478252 133.832426 239.277929 121.398638 160.982110 98.188536 204.753991 135.135795 161.657710
122.521983 135.376419 235.535587 53.478252 133.620398 239.101393 121.436370 161.005512 98.356358 204.533743 135.135795 161.657710
122.521983 135.376419 235.535587 53.478252 133.409216 238.925560 121.483874 161.034976 98.523998 204.313733 135.135795 161.657710
122.521983 135.376419 235.535587 53.478252 133.196497 238.748448 121.601344 161.106091 98.692063 204.093167 135.135795 161.657710
122.521983 135.376419 235.535587 53.478252 132.986621 238.573704 121.684771 161.155185 98.857522 203.876020 135.135795 161.657710
122.521983 135.376419 235.535587 53.478252 132.771178 238.405566 121.787418 161.215588 99.024071 203.657443 135.135795 161.657710
122.521983 135.376419 235.535587 53.478252 132.556078 238.238758 121.951235 161.319662 99.189893 203.439819 135.135795 161.657710
122.521983 135.376419 235.535587 53.478252 132.337580 238.069315 122.071989 161.402612 99.357110 203.220366 135.135795 161.657710
122.521983 135.376419 235.535587 53.478252 132.124061 237.903733 122.246577 161.534519 99.521720 203.004334 135.135795 161.657710
122.520898 135.376237 235.535587 53.478252 131.910147 237.737844 122.402520 161.624618 99.687663 202.786551 135.135795 161.657710
122.519813 135.376054 235.535587 53.478252 131.695758 237.571588 122.572749 161.722972 99.852940 202.569644 135.135795 161.657710
122.519222 135.375955 235.535587 53.478252 131.479789 237.404106 122.842419 161.874665 100.021065 202.348998 135.135795 161.657710
122.519222 135.375955 235.535587 53.478252 131.262160 237.235337 123.031132 161.977581 100.188100 202.129784 135.135795 161.657710
122.519222 135.375955 235.535587 53.478252 131.047851 237.069141 123.216319 162.089348 100.354164 201.911842 135.353980 161.597494
122.519222 135.375955 235.535587 53.478252 130.831487 236.901353 123.403731 162.202457 100.521199 201.692628 135.389273 161.611290
122.519222 135.375955 235.535587 53.478252 130.612119 236.731236 123.586691 162.312880 100.689142 201.472220 135.441037 161.631585
122.519222 135.375955 235.535587 53.478252 130.393432 236.570627 123.857284 162.466133 100.854480 201.255233 135.504717 161.656551
122.519222 135.375955 235.535587 53.478252 130.167589 236.411626 124.047082 162.571120 101.019817 201.038246 135.589345 161.689731
122.519222 135.375955 235.535587 53.478252 129.942726 236.253317 124.240031 162.677850 101.184003 200.822770 135.690080 161.729225
122.519222 135.375955 235.535587 53.478252 129.721134 236.097310 124.426766 162.781143 101.360580 200.592135 135.810365 161.776385
122.519222 135.375955 235.535587 53.478252 129.495536 235.938483 124.618402 162.887146 101.527348 200.370461 135.931023 161.823690
122.519222 135.375955 235.535587 53.478252 129.272636 235.781555 124.803562 162.989568 101.690268 200.153902 136.056895 161.873040
122.519222 135.375955 235.535587 53.478252 129.046710 235.622498 124.989685 163.092522 101.855592 199.934146 136.185559 161.923485
122.519222 135.375955 235.535587 53.478252 128.825200 235.466548 125.175739 163.193504 102.021218 199.713990 136.308917 161.971849
122.519222 135.375955 235.535587 53.478252 128.587257 235.290744 125.452006 163.343928 102.184378 199.497111 136.431251 162.019811
122.519222 135.375955 235.535587 53.478252 128.356158 235.139666 125.633956 163.450177 102.349463 199.277674 136.559543 162.070110
122.512023 135.374743 235.535587 53.478252 128.127570 234.990229 125.822642 163.560359 102.512803 199.060555 136.684018 162.118912
122.487468 135.370612 235.535587 53.478252 127.900322 234.841668 126.009945 163.669734 102.678308 198.840560 136.811007 162.168700
122.446149 135.363660 235.535587 53.478252 127.667557 234.690035 126.194572 163.777546 102.843453 198.621043 136.936320 162.217830
122.357810 135.430334 235.535587 53.478252 127.437520 234.541729 126.384294 163.888333 103.006072 198.404883 137.063216 162.267582
122.318135 135.490656 235.535587 53.478252 127.208659 234.394182 126.570993 163.997355 103.170074 198.186885 137.184525 162.315143
122.240210 135.732945 235.535587 53.478252 126.981060 234.247447 126.849355 164.144406 103.333055 197.970246 137.309426 162.365032
122.241408 135.807736 235.535587 53.478252 126.753628 234.100821 127.042938 164.238182 103.497417 197.751768 137.434646 162.416540
122.242557 135.879527 235.535587 53.478252 126.521742 233.951323 127.234546 164.330756 103.660574 197.529680 137.553855 162.465575
122.243784 135.956117 235.535587 53.478252 126.290276 233.802096 127.427931 164.424020 103.817984 197.308960 137.681665 162.518148
122.244982 136.030907 235.535587 53.478252 126.061079 233.654332 127.626271 164.519674 103.978472 197.083926 137.805867 162.569238
122.246144 136.103498 235.535587 53.478252 125.826805 233.508932 127.948535 164.668912 104.137451 196.861008 137.932937 162.621507
122.247328 136.177388 235.535587 53.478252 125.590138 233.371851 128.156195 164.737125 104.294223 196.641184 138.058990 162.673358
122.248495 136.250279 235.535587 53.478252 125.351222 233.233467 128.373150 164.783604 104.452098 196.419813 138.184210 162.724866
122.249707 136.325969 235.535587 53.478252 125.111181 233.094431 128.585403 164.813870 104.611715 196.196000 138.304158 162.774205
122.251032 136.408659 235.535587 53.478252 124.875380 232.957851 128.767362 164.839816 104.772551 195.970477 138.423552 162.823317
122.252266 136.485749 235.535587 53.478252 124.637502 232.820068 128.918830 164.861414 104.932807 195.745768 138.551824 162.876080
122.253474 136.561139 235.535587 53.478252 124.400749 232.682937 129.143642 164.884938 105.090914 195.524071 138.671218 162.925192
122.254784 136.642929 235.535587 53.478252 124.163563 232.545555 129.261355 164.888771 105.251112 195.299444 138.793571 162.975521
122.255975 136.717319 235.535587 53.478252 123.928281 232.409275 129.346377 164.866860 105.409509 195.077340 138.919808 163.027447
122.257299 136.800009 235.535587 53.478252 123.689400 232.268657 129.408740 164.850789 105.559829 194.852406 139.037527 163.071115
122.258460 136.872499 235.535587 53.478252 123.453739 232.128676 129.469553 164.835117 105.709052 194.621771 139.122803 163.096591
122.259629 136.945490 235.535587 53.478252 123.218594 231.989002 129.601888 164.801023 105.857352 194.392563 139.163736 163.119937
122.260912 137.025580 235.535587 53.478252 122.980525 231.847591 129.658466 164.705339 106.007715 194.160165 139.183441 163.132558
122.262233 137.108069 235.535587 53.478252 122.745208 231.707815 129.701210 164.637243 106.157916 193.928018 139.198598 163.142265
122.263304 137.174961 235.535587 53.478252 122.512814 231.569774 129.744273 164.568638 106.304857 193.700909 139.200620 163.143560
122.264222 137.232253 235.535587 53.478252 122.280076 231.431530 129.787336 164.500034 106.452722 193.472373 139.201967 163.144423
122.266772 137.294183 235.535587 53.478252 122.044844 231.291805 129.831569 164.429566 106.601185 193.242913 139.202220 163.144584
122.269324 137.333700 235.535587 53.478252 121.811848 231.153407 129.870644 164.367314 106.750190 193.012614 139.202304 163.144638
122.271721 137.370823 235.535587 53.478252 121.574038 231.012150 129.912113 164.301250 106.898109 192.783993 139.202304 163.144638
122.273976 137.405750 235.535587 53.478252 121.337001 230.871352 129.951986 164.237728 107.048256 192.551931 139.202304 163.144638
122.275890 137.435388 235.535587 53.478252 121.105465 230.728470 129.994624 164.169801 107.195686 192.324066 139.202304 163.144638
122.277256 137.456544 235.535587 53.478252 120.875819 230.583082 130.035317 164.104326 107.344094 192.094690 139.202304 163.144638
122.278397 137.474208 235.535587 53.478252 120.645159 230.437051 130.099518 163.980255 107.491850 191.866322 139.202304 163.144638
122.279125 137.485484 235.535587 53.478252 120.413738 230.290540 130.131415 163.914481 107.640008 191.632291 139.202304 163.144638
122.280388 137.505043 235.535587 53.478252 120.182486 230.144135 130.167196 163.840700 107.782404 191.402305 139.202304 163.144638
122.281877 137.528095 235.535587 53.478252 119.951488 229.997890 130.198515 163.771169 107.928064 191.167047 139.202304 163.144638
122.283475 137.552844 235.535587 53.478252 119.718040 229.850095 130.229055 163.695716 108.073303 190.932470 139.202304 163.144638
122.285131 137.578490 235.535587 53.478252 119.485985 229.700026 130.258542 163.622856 108.218331 190.698233 139.202304 163.144638
122.286098 137.593459 235.535587 53.478252 119.261151 229.542721 130.287837 163.550459 108.362623 190.465186 139.202304 163.144638
122.287902 137.621401 235.535587 53.478252 119.037218 229.386046 130.317100 163.478156 108.508493 190.229588 139.202304 163.144638
122.289081 137.639663 235.535587 53.478252 118.812957 229.229142 130.358651 163.347438 108.652627 189.996797 139.202304 163.144638
122.291723 137.680578 235.535587 53.478252 118.590254 229.073327 130.378241 163.267298 108.795497 189.766045 139.202304 163.144638
122.294352 137.721293 235.535587 53.478252 118.366403 228.916710 130.395883 163.195123 108.941525 189.530193 139.202304 163.144638
122.296550 137.755322 235.535587 53.478252 118.142634 228.760150 130.415117 163.116440 109.085079 189.298336 139.202304 163.144638
122.298676 137.788254 235.535587 53.478252 117.916079 228.601640 130.433567 163.040962 109.230423 189.063589 139.202304 163.144638
122.308554 137.838571 235.535587 53.478252 117.700049 228.439406 130.448147 162.981318 109.374662 188.830627 139.202304 163.144638
122.322936 137.886666 235.535587 53.478252 117.482099 228.273023 130.456695 162.946348 109.518006 188.599111 139.202304 163.144638
122.510049 138.020171 235.535587 53.478252 117.265719 228.103254 130.483407 162.828757 109.662929 188.365044 139.202304 163.144638
122.595553 138.011925 235.535587 53.478252 117.059185 227.928108 130.498465 162.756510 109.807062 188.132252 139.202304 163.144638
122.702357 138.001625 235.535587 53.478252 116.848302 227.749276 130.514298 162.680542 109.948571 187.899859 139.202304 163.144638
122.822699 137.990019 235.535587 53.478252 116.641615 227.574001 130.531152 162.599680 110.087684 187.664381 139.202304 163.144638
122.958469 137.976926 235.535587 53.478252 116.434775 227.398597 130.546005 162.528412 110.225677 187.430797 139.202304 163.144638
123.087271 137.964504 235.535587 53.478252 116.227554 227.222869 130.588748 162.445967 110.363671 187.197213 139.202304 163.144638
123.218961 137.951804 235.535587 53.478252 116.018273 227.045395 130.635053 162.366354 110.503546 186.960444 139.202304 163.144638
123.352043 137.938970 235.535587 53.478252 115.807391 226.866563 130.708640 162.291549 110.644846 186.721263 139.202304 163.144638
123.451681 137.929361 235.535587 53.478252 115.597348 226.688442 130.806872 162.222975 110.784620 186.484666 139.202304 163.144638
123.510508 137.923688 235.535587 53.478252 115.390432 226.512973 130.919946 162.144040 110.917209 186.246801 139.202304 163.144638
123.545147 137.920348 235.535587 53.478252 115.182371 226.336534 131.045566 162.056348 111.037248 186.002499 139.202304 163.144638
123.643829 137.998640 235.535587 53.478252 114.970650 226.156990 131.182501 161.960756 111.157992 185.756760 139.202304 163.144638
123.649154 138.071346 235.535587 53.478252 114.766569 225.969621 131.329850 161.857895 111.277634 185.513266 139.202304 163.144638
123.656093 138.166092 235.535587 53.478252 114.572738 225.781517 131.486464 161.748566 111.396834 185.270669 139.202304 163.144638
123.664120 138.275698 235.535587 53.478252 114.376681 225.591254 131.656444 161.629906 111.518504 185.023046 139.202304 163.144638
123.673492 138.403656 235.535587 53.478252 114.177682 225.398135 131.834132 161.505866 111.639734 184.776320 139.202304 163.144638
123.683338 138.538096 235.535587 53.478252 113.979545 225.205852 132.017880 161.392659 111.755623 184.526663 139.202304 163.144638
123.692826 138.667649 235.535587 53.478252 113.781910 225.014056 132.225533 161.313865 111.857494 184.274029 139.202304 163.144638
123.702636 138.801590 235.535587 53.478252 113.584275 224.822261 132.429260 161.236560 111.958878 184.022600 139.202304 163.144638
123.712292 138.933437 235.535587 53.478252 113.386855 224.630674 132.629527 161.160568 112.061609 183.767832 139.202304 163.144638
123.721875 139.064286 235.535587 53.478252 113.189578 224.439227 132.834281 161.082874 112.164788 183.511952 139.202304 163.144638
123.731473 139.195335 235.535587 53.478252 112.990867 224.246387 133.041747 161.004150 112.268566 183.254587 139.202304 163.144638
123.739647 139.306936 235.535587 53.478252 112.799271 224.054107 133.204755 160.937826 112.370922 183.000747 139.202304 163.144638
123.744957 139.379442 235.535587 53.478252 112.612148 223.856426 133.335127 160.883600 112.473241 182.747000 139.202304 163.144638
123.747937 139.420133 235.535587 53.478252 112.421243 223.654752 133.434938 160.842086 112.579140 182.490946 139.202304 163.144638
123.749391 139.439980 235.535587 53.478252 112.235218 223.458234 133.496339 160.816548 112.686647 182.237504 139.202304 163.144638
123.749909 139.447061 235.535587 53.478252 112.049401 223.261933 133.534657 160.800610 112.801888 181.957642 139.202304 163.144638
123.749960 139.447759 235.535587 53.478252 111.860558 223.062438 133.556816 160.791393 112.892540 181.697378 139.202304 163.144638
123.758657 139.563044 235.535587 53.478252 111.670753 222.861925 133.563095 160.788782 112.983028 181.437585 139.202304 163.144638
123.761642 139.604536 235.535587 53.478252 111.485004 222.665698 133.566234 160.787476 113.074075 181.176188 139.202304 163.144638
123.766080 139.669084 235.535587 53.478252 111.297330 222.467436 133.566603 160.787322 113.163872 180.918379 139.202304 163.144638
123.771884 139.753485 235.535587 53.478252 111.111718 222.271354 133.566603 160.787322 113.253176 180.661987 139.202304 163.144638
123.778860 139.854945 235.535587 53.478252 110.923151 222.072149 133.566603 160.787322 113.343434 180.402855 139.202304 163.144638
123.785006 139.944334 235.535587 53.478252 110.736051 221.875135 133.566603 160.787322 113.432442 180.147313 139.202304 163.144638
123.789307 140.006886 235.535587 53.478252 110.546090 221.675459 133.566603 160.787322 113.507492 179.884734 139.202304 163.144638
123.792449 140.052579 235.535587 53.478252 110.358818 221.478610 133.566603 160.787322 113.582195 179.622570 139.202304 163.144638
123.795639 140.098969 235.535587 53.478252 110.170925 221.281108 133.566603 160.787322 113.657885 179.356943 139.202304 163.144638
123.799501 140.155136 235.535587 53.478252 109.981171 221.081650 133.566603 160.787322 113.733905 179.090163 139.202304 163.144638
123.802690 140.201527 235.535587 53.478252 109.790727 220.881467 133.566603 160.787322 113.809136 178.826173 139.202304 163.144638
123.805572 140.243428 235.532435 53.492713 109.599871 220.680850 133.566603 160.787322 113.884969 178.560068 139.202304 163.144638
123.808185 140.281438 235.528176 53.512254 109.409979 220.481247 133.566603 160.787322 113.960446 178.295212 139.202304 163.144638
123.810167 140.310270 235.523278 53.534726 109.223396 220.285121 133.566603 160.787322 114.036060 178.029876 139.202304 163.144638
123.811491 140.329525 235.520893 53.545669 109.034882 220.086967 133.566603 160.787322 114.120933 177.766106 139.202304 163.144638
123.812390 140.342594 235.519785 53.550750 108.844922 219.887292 133.574913 160.783866 114.211567 177.505941 139.202304 163.144638
123.813666 140.361150 235.519636 53.551434 108.657962 219.691388 133.599935 160.773459 114.300654 177.250214 139.202304 163.144638
123.814661 140.375616 235.519600 53.551600 108.470008 219.495742 133.622926 160.763896 114.391682 176.988916 139.202304 163.144638
123.816376 140.400557 235.519600 53.551600 108.277691 219.295553 133.632067 160.760094 114.481756 176.730357 139.202304 163.144638
123.817535 140.417417 235.519600 53.551600 108.085719 219.095725 133.634283 160.759173 114.571238 176.473497 139.538688 163.232084
123.818859 140.436672 235.519600 53.551600 107.897974 218.900296 133.635298 160.758750 114.661214 176.215220 139.572266 163.233287
123.820951 140.467100 235.519600 53.551600 107.710090 218.704722 133.788177 160.740586 114.751255 175.956755 139.619336 163.234973
123.823475 140.503813 235.519600 53.551600 107.521859 218.508788 133.826312 160.765037 114.841461 175.697818 139.685100 163.240376
123.825904 140.539130 235.519600 53.551600 107.332520 218.311700 133.897483 160.771458 114.930482 175.442280 139.763957 163.269315
123.828956 140.583525 235.519600 53.551600 107.142073 218.113458 133.967208 160.818817 115.020096 175.185042 139.863938 163.306006
123.832434 140.634106 235.519600 53.551600 106.951418 217.915000 134.049600 160.876016 115.150263 174.928010 139.977436 163.347658
123.833626 140.650662 235.519600 53.551600 106.757959 217.716334 134.147189 160.943765 115.270319 174.678824 140.106800 163.395132
123.843764 140.788153 235.519600 53.551600 106.566123 217.519855 134.260632 161.022520 115.388161 174.434231 140.225838 163.438816
123.847757 140.849924 235.519600 53.551600 106.373169 217.322231 134.356906 161.089356 115.506091 174.189459 140.316430 163.472061
123.852698 140.926364 235.519600 53.551600 106.179167 217.123533 134.487534 161.162324 115.626624 173.939281 140.369190 163.491423
123.858439 141.015179 235.519600 53.551600 105.988449 216.928199 134.562276 161.194820 115.750679 173.696189 140.402423 163.503619
123.865509 141.124551 235.519600 53.551600 105.797940 216.733079 134.640502 161.228831 115.881862 173.455291 140.413500 163.507684
123.873701 141.251286 235.519600 53.551600 105.605964 216.536457 134.706185 161.261985 116.012470 173.215447 140.416035 163.508614
123.882564 141.388400 235.519600 53.551600 105.413989 216.339834 134.751360 161.285436 116.142791 172.976130 140.417068 163.508993
123.891279 141.523219 235.519600 53.551600 105.220406 216.141566 134.785531 161.303175 116.262974 172.755432 140.417819 163.509269
123.900180 141.660931 235.519600 53.551600 105.031155 215.947735 134.811535 161.316675 116.394471 172.525547 140.417913 163.509303
123.995540 141.761170 235.519600 53.551600 104.840920 215.756201 134.835854 161.329299 116.491192 172.301174 140.417913 163.509303
124.125307 141.755280 235.519600 53.551600 104.642785 215.572488 134.870024 161.347037 116.605331 172.111813 140.417913 163.509303
124.258669 141.749227 235.519600 53.551600 104.439811 215.384287 134.982745 161.328147 116.726130 171.911405 140.417913 163.509303
124.390034 141.743265 235.519600 53.551600 104.240503 215.199486 135.053651 161.276616 116.853847 171.699520 140.417913 163.509303
124.525195 141.737130 235.519600 53.551600 104.037015 215.010809 135.051839 161.187342 116.981202 171.488234 140.417913 163.509303
124.660755 141.730977 235.519600 53.551600 103.833820 214.822404 135.066710 161.086331 117.109487 171.275407 140.417913 163.509303
124.797415 141.724774 235.519600 53.551600 103.635318 214.638351 135.124978 160.912161 117.244947 171.050676 140.417913 163.509303
124.930078 141.718753 235.519600 53.551600 103.436670 214.454162 135.179482 160.792269 117.386498 170.815838 140.417913 163.509303
125.064939 141.712632 235.519600 53.551600 103.238608 214.270516 135.234897 160.670374 117.530153 170.582420 140.417913 163.509303
125.193307 141.706805 235.519600 53.551600 103.040254 214.086599 135.288416 160.510832 117.677732 170.350374 140.417913 163.509303
125.326270 141.700770 235.519600 53.551600 102.841605 213.902410 135.336806 160.394169 117.824935 170.118918 140.417913 163.509303
125.458534 141.694767 235.519600 53.551600 102.639437 213.714957 135.388605 160.269286 117.969991 169.890838 140.417913 163.509303
125.593295 141.688650 235.519600 53.551600 102.426324 213.545115 135.441324 160.142185 118.115048 169.662757 140.417913 163.509303
125.724161 141.682711 235.519600 53.551600 102.207698 213.373884 135.494502 160.013977 118.263753 169.428939 140.417913 163.509303
125.763494 141.515724 235.519600 53.551600 101.991040 213.204194 135.543313 159.896298 118.406663 169.204233 140.417913 163.509303
125.769197 141.385049 235.519600 53.551600 101.777296 213.036786 135.631146 159.688599 118.527892 169.013618 140.417913 163.509303
125.774843 141.255672 235.519600 53.551600 101.559457 212.866172 135.683794 159.567335 118.683562 168.814862 140.419790 163.509992
125.780202 141.132889 235.519600 53.551600 101.344768 212.698024 135.774268 159.362314 118.768312 168.618141 140.424390 163.511680
125.784291 141.039178 235.519600 53.551600 101.130787 212.530431 135.827185 159.245984 118.852785 168.422063 140.440913 163.517744
125.786781 140.982132 235.519600 53.551600 100.916786 212.362863 135.880101 159.129654 118.940581 168.218271 140.461472 163.525289
125.788459 140.943669 235.519600 53.551600 100.699128 212.202677 135.936745 159.005132 119.025806 168.020448 140.498127 163.543219
125.914315 140.911188 235.519600 53.551600 100.467944 212.053752 135.990324 158.887346 119.113980 167.817800 140.529632 163.566712
125.971304 140.956327 235.519600 53.551600 100.237012 211.904989 136.044317 158.768649 119.200896 167.618967 140.579815 163.604134
126.039425 141.010283 235.519600 53.551600 100.006163 211.756281 136.123513 158.586798 119.288132 167.419401 140.619177 163.633485
126.104226 141.093611 235.519600 53.551600 99.773380 211.606328 136.171757 158.469210 119.371884 167.227806 140.671685 163.672640
126.170943 141.192149 235.519600 53.551600 99.543036 211.457945 136.222773 158.344869 119.447300 167.033185 140.705221 163.700248
126.246799 141.304185 235.519600 53.551600 99.315802 211.311566 136.274396 158.219047 119.492305 166.891145 140.711969 163.709437
126.324393 141.418787 235.519600 53.551600 99.084617 211.162641 136.323324 158.099794 119.545873 166.771136 140.717059 163.716369
126.397727 141.527096 235.519600 53.551600 98.857467 211.016316 136.372821 157.979154 119.619795 166.678714 140.720492 163.721044
126.510446 141.689539 235.519600 53.551600 98.608315 210.837657 136.421863 157.859623 119.719789 166.622525 140.967556 163.878938
126.587735 141.794069 235.519600 53.551600 98.371735 210.698050 136.488686 157.655762 120.066129 166.606976 141.010770 163.891488
126.665499 141.899242 235.519600 53.551600 98.133347 210.557375 136.515813 157.523618 120.171990 166.673823 141.066565 163.907692
126.747485 142.010124 235.519600 53.551600 97.894528 210.416447 136.542136 157.395392 120.288860 166.748654 141.132286 163.949569
126.823067 142.098984 235.519600 53.551600 97.658293 210.277043 136.568438 157.267263 120.412503 166.844995 141.213700 164.009678
126.902767 142.098857 235.519600 53.551600 97.422574 210.137944 136.595907 157.133454 120.536429 166.945723 141.305413 164.077390
126.946967 142.098786 235.519600 53.551600 97.184272 209.997320 136.622572 157.003563 120.663440 167.068703 141.408383 164.153756
126.967167 142.098753 235.519600 53.551600 96.946659 209.857103 136.648553 156.877002 120.795619 167.200167 141.517053 164.237509
126.977967 142.098736 235.519600 53.551600 96.709649 209.717242 136.674152 156.752302 120.968691 167.311260 141.624219 164.320102
126.985367 142.098724 235.519600 53.551600 96.468870 209.594390 136.701299 156.620060 121.129486 167.455485 141.732810 164.403794
126.987367 142.098721 235.519600 53.551600 96.222732 209.475839 136.728446 156.487817 121.294930 167.611794 141.832275 164.489492
127.002567 142.098697 235.519600 53.551600 95.975062 209.356550 136.755211 156.357436 121.459246 167.777411 141.930714 164.574709
127.023867 142.098663 235.519600 53.551600 95.725501 209.236350 136.777271 156.249977 121.633282 167.952824 142.028699 164.659533
127.048567 142.098623 235.519600 53.551600 95.477831 209.117061 136.795751 156.159954 121.815288 168.137087 142.131447 164.748480
127.082867 142.033924 235.519600 53.551600 95.228720 208.997078 136.811858 156.081491 122.088643 168.453348 142.232348 164.832758
127.067007 141.966155 235.519600 53.551600 94.983123 208.878787 136.823542 156.024578 122.242461 168.676586 142.339792 164.917596
127.045838 141.875699 235.519600 53.551600 94.737886 208.760670 136.830620 155.990097 122.392590 168.894472 142.449657 165.001953
127.021113 141.770054 235.519600 53.551600 94.491478 208.641988 136.833435 155.976383 122.527060 169.089631 142.573122 165.085699
126.991740 141.644545 235.519600 53.551600 94.239412 208.531879 136.836773 155.960122 122.643317 169.258357 142.723282 165.157631
126.959085 141.505015 235.519600 53.551600 93.985935 208.423182 136.837879 155.954734 122.753389 169.418107 142.889405 165.237210
126.964288 141.382442 235.519600 53.551600 93.732734 208.314602 136.838201 155.953167 122.844457 169.563985 143.072355 165.276698
126.938758 141.250536 235.519600 53.551600 93.478247 208.205471 136.838382 155.952285 122.912792 169.706221 143.260556 165.315203
126.918525 141.101907 235.519600 53.551600 93.227067 208.097759 136.838422 155.952089 122.965495 169.815918 143.449871 165.342264
126.896296 140.938613 235.519600 53.551600 92.978462 207.991150 136.838422 155.952089 123.007717 169.903801 143.638103 165.347321
126.871449 140.756096 235.519600 53.551600 92.726088 207.882925 136.838422 155.952089 123.032799 169.954043 143.831738 165.352107
126.946267 140.660970 235.519600 53.551600 92.472795 207.774307 136.838422 155.952089 123.047019 169.976286 144.023932 165.350623
127.014071 140.850082 235.519600 53.551600 92.223362 207.667343 136.838422 155.952089 123.052890 169.985470 144.212520 165.348619
127.087533 141.055115 235.519600 53.551600 91.969517 207.558488 136.838422 155.952089 123.057091 169.992042 144.404303 165.346031
127.133555 141.291781 235.519600 53.551600 91.718982 207.451052 136.838422 155.952089 123.059084 169.995160 144.589886 165.343527
127.182288 141.542387 235.519600 53.551600 91.449821 207.318720 136.838422 155.952089 123.059515 169.995834 144.781869 165.340937
127.233254 141.804478 235.519600 53.551600 91.199937 207.206076 136.838422 155.952089 123.059623 169.996002 144.971152 165.334423
127.284564 142.068335 235.519600 53.551600 90.948321 207.092651 136.838422 155.952089 123.114383 169.989838 145.165123 165.327334
127.336466 142.335235 235.519600 53.551600 90.698892 206.980212 136.838422 155.952089 123.133495 169.967894 145.354896 165.320398
127.388064 142.600565 235.519600 53.551600 90.449737 206.867897 136.838422 155.952089 123.166599 169.929890 145.541443 165.312863
127.440334 142.869329 235.519600 53.551600 90.199124 206.754924 136.838422 155.952089 123.210414 169.879599 145.731247 165.307711
127.487220 143.196786 235.519600 53.551600 89.950881 206.643020 136.838422 155.952089 123.266117 169.815661 145.916266 165.292516
127.545287 143.477909 235.519600 53.551600 89.702729 206.531156 136.838422 155.952089 123.330892 169.741190 146.107463 165.266177
127.585929 143.668320 235.519600 53.551600 89.451659 206.417978 136.838422 155.952089 123.405489 169.655249 146.293671 165.214591
127.621436 143.834673 235.519600 53.551600 89.204328 206.306484 136.838422 155.952089 123.491622 169.556017 146.472509 165.156945
127.653082 143.982933 235.519600 53.551600 88.956176 206.194621 136.838422 155.952089 123.579591 169.454671 146.649067 165.096886
127.679634 144.107331 235.519600 53.551600 88.707444 206.083565 136.838422 155.952089 123.666576 169.354457 146.828034 165.031468
127.703828 144.220678 235.519600 53.551600 88.456803 205.972616 136.838422 155.952089 123.753496 169.254319 146.995370 164.951069
127.723283 144.311825 235.519600 53.551600 88.205887 205.861545 136.838422 155.952089 123.839433 169.155313 147.159348 164.857492
127.740420 144.392116 235.519600 53.551600 87.953234 205.749705 136.838724 155.950620 123.928451 169.052758 147.322292 164.763920
127.753822 144.454902 235.519600 53.551600 87.705610 205.640092 136.839508 155.946799 124.017599 168.950052 147.487932 164.668018
127.762652 144.496270 235.519600 53.551600 87.451768 205.527726 136.840855 155.940236 124.102307 168.841516 147.648261 164.575518
127.770584 144.533433 235.519600 53.551600 87.202042 205.417181 136.842343 155.932987 124.180682 168.735427 147.797941 164.488579
127.780416 144.579495 235.519600 53.551600 86.949663 205.305463 136.845078 155.919665 124.262742 168.624351 147.963489 164.387052
127.791751 144.632599 235.519600 53.551600 86.702679 205.196133 136.849904 155.896156 124.341474 168.517779 148.123367 164.288730
127.799996 144.671229 235.519600 53.551600 86.450483 205.084495 136.858773 155.852956 124.421038 168.410081 148.277323 164.179101
127.806446 144.701448 235.519600 53.551600 86.198745 204.973060 136.871461 155.791145 124.502978 168.299166 148.432628 164.069302
127.809932 144.717780 235.519600 53.551600 85.945726 204.861059 136.886563 155.717579 124.580403 168.194364 148.586687 163.961903
127.812834 144.731374 235.519600 53.551600 85.698259 204.750605 136.905385 155.625891 124.662819 168.082805 148.739499 163.853639
127.817113 144.751422 235.519600 53.551600 85.448074 204.637412 136.923906 155.535673 124.741848 167.975831 148.892003 163.737982
127.822979 144.778903 235.519600 53.551600 85.199074 204.524754 136.940355 155.455544 124.823432 167.865399 149.042116 163.624138
127.830431 144.813817 235.519600 53.551600 84.952534 204.413210 137.005961 155.261010 124.901510 167.759712 149.196534 163.507696
127.842559 144.870637 235.519600 53.551600 84.706357 204.301830 137.028741 155.178393 124.978816 167.655071 149.345854 163.395123
127.994871 144.988711 235.519600 53.551600 84.454715 204.187978 137.044717 155.120455 125.067278 167.552112 149.494216 163.283273
128.066520 144.959698 235.519600 53.551600 84.205532 204.075238 137.058540 155.070326 125.160878 167.449892 149.645692 163.167243
128.132421 144.933012 235.519600 53.551600 83.955347 203.962044 137.073532 155.015955 125.254411 167.347746 149.803668 163.037540
128.191186 144.909215 235.519600 53.551600 83.703523 203.848109 137.082782 154.982407 125.341933 167.252163 149.968080 162.898439
128.242629 144.888384 235.519600 53.551600 83.452244 203.734421 137.093256 154.944425 125.433575 167.152082 150.134091 162.750747
128.302533 144.867249 235.519600 53.551600 83.202789 203.621558 137.102001 154.912708 125.520355 167.057311 150.299879 162.603255
128.348767 144.853622 235.519600 53.551600 82.954244 203.509107 137.111597 154.877907 125.610984 166.958336 150.462379 162.458686
128.414664 144.834200 235.519600 53.551600 82.703785 203.395790 137.122310 154.839057 125.701950 166.858992 150.646576 162.289221
128.457829 144.821478 235.519600 53.551600 82.457792 203.284493 137.132517 154.802039 125.853229 166.688998 150.803022 162.141161
128.621573 144.717155 235.519600 53.551600 82.209702 203.172248 137.142778 154.764827 125.939772 166.590390 150.959686 161.992894
128.696958 144.678104 235.519600 53.551600 81.960682 203.059634 137.157876 154.710071 126.025986 166.492157 151.117897 161.838172
128.789392 144.630221 235.519600 53.551600 81.714003 202.948154 137.166117 154.680186 126.117345 166.388062 151.273607 161.684458
128.892393 144.576864 235.519600 53.551600 81.463769 202.835069 137.174038 154.651458 126.208567 166.283848 151.427609 161.532430
129.000408 144.533711 235.519600 53.551600 81.212625 202.721571 137.178477 154.635359 126.297337 166.181765 151.577593 161.379790
129.088417 144.505239 235.519600 53.551600 80.966401 202.610297 137.266346 154.531284 126.390612 166.080061 151.726941 161.227080
129.172525 144.478030 235.519600 53.551600 80.720359 202.499105 137.284913 154.518753 126.482536 165.979831 151.879996 161.068360
129.242837 144.455283 235.519600 53.551600 80.474318 202.387914 137.377161 154.506328 126.574865 165.879158 152.027058 160.913724
129.316410 144.432862 235.519600 53.551600 80.227729 202.276475 137.428762 154.530305 126.666180 165.779591 152.177084 160.755973
129.364953 144.424848 235.519600 53.551600 79.977496 202.163389 137.500769 154.563763 126.739651 165.699481 152.328764 160.596482
129.393565 144.420124 235.519600 53.551600 79.726898 202.050139 137.592364 154.606322 126.786019 165.648924 152.478514 160.439021
129.853209 144.347936 235.519600 53.551600 79.479034 201.938123 137.700827 154.656720 126.817110 165.615023 152.625852 160.284095
129.917886 144.340183 235.519600 53.551600 79.232355 201.826644 137.822712 154.713353 126.999767 165.560894 152.778635 160.123445
129.997179 144.339082 235.519600 53.551600 78.984764 201.714752 137.943600 154.769524 127.086568 165.581442 152.928316 159.966056
130.094469 144.337730 235.519600 53.551600 78.736381 201.602483 138.060769 154.823966 127.192442 165.606505 153.076137 159.810623
130.203742 144.351931 235.519600 53.551600 78.476396 201.483345 138.180296 154.879504 127.310771 165.634517 153.223328 159.655421
130.302724 144.368745 235.519600 53.551600 78.208237 201.353136 138.349449 154.954191 127.438637 165.664786 153.372970 159.496755
130.382777 144.382343 235.519600 53.551600 77.928653 201.217380 138.472618 155.008474 127.567379 165.695263 153.524601 159.335979
130.459281 144.395339 235.519600 53.551600 77.637196 201.075858 138.667823 155.095346 127.701376 165.726984 153.674860 159.176658
130.520504 144.405739 235.519600 53.551600 77.336023 200.929619 138.785676 155.147804 127.788955 165.747717 153.824571 159.017919
130.555015 144.416051 235.519600 53.551600 77.025135 200.778662 138.904350 155.200627 127.854058 165.745852 153.975859 158.857507
130.930638 144.546428 235.519600 53.551600 76.704261 200.622857 139.026862 155.255158 127.888026 165.737009 154.125775 158.698550
131.006529 144.582202 235.519600 53.551600 76.378968 200.449771 139.148826 155.309446 127.991504 165.814161 154.277063 158.538137
131.092012 144.585969 235.519600 53.551600 76.047316 200.271772 139.274718 155.365482 128.005134 165.878942 154.422563 158.378642
131.244562 144.681945 235.519600 53.551600 75.707470 200.089374 139.394763 155.418915 128.022430 165.961142 154.568778 158.218591
131.353572 144.758664 235.519600 53.551600 75.357667 199.901632 139.513712 155.471861 128.042485 166.056455 154.721963 158.059572
131.466344 144.838029 235.519600 53.551600 75.011185 199.696917 139.642759 155.498275 128.133597 166.052254 154.875425 157.900265
131.553764 144.899554 235.519600 53.551600 74.675581 199.460700 139.789665 155.496562 128.212877 165.949227 155.025835 157.744127
131.617061 144.944100 235.519600 53.551600 74.333844 199.220167 139.940919 155.487934 128.299171 165.837086 155.179436 157.584676
131.656850 144.974427 235.519600 53.551600 73.984256 198.974108 140.107551 155.473122 128.393393 165.714642 155.330272 157.425490
131.686468 145.000713 235.519600 53.551600 73.614690 198.754326 140.288898 155.455520 128.483590 165.597429 155.477225 157.269923
131.696041 145.009209 235.519600 53.551600 73.260793 198.492793 140.487465 155.436247 128.560797 165.497096 155.629327 157.108904
131.700304 145.012993 235.519600 53.551600 72.912551 198.219137 140.695886 155.416017 128.627071 165.415872 155.780743 156.948612
131.705166 145.017307 235.519600 53.551600 72.567592 197.940539 140.914964 155.395933 128.705738 165.357094 155.929961 156.790646
131.718928 145.029521 235.519600 53.551600 72.233894 197.654060 141.292760 155.371362 128.760612 165.316094 156.080222 156.630778
131.740019 145.048239 235.519600 53.551600 71.910506 197.351581 141.599231 155.355849 128.811321 165.278206 156.229674 156.471521
131.767617 145.072733 235.519600 53.551600 71.599008 197.041249 141.853961 155.338796 128.850174 165.249176 156.380152 156.311170
131.790953 145.093443 235.519600 53.551600 71.314664 196.751211 142.120165 155.320975 128.882218 165.225234 156.526388 156.155341
131.807557 145.108179 235.519600 53.551600 71.064479 196.489440 142.393154 155.302699 128.902085 165.210391 156.676046 155.995867
131.811595 145.111763 235.519600 53.551600 70.842553 196.257237 142.666375 155.280800 128.923874 165.194110 156.823331 155.838965
131.812568 145.112626 235.519600 53.551600 70.647573 196.053228 142.936866 155.258606 128.933247 165.187107 156.970752 155.681917
131.813091 145.113091 235.519600 53.551600 70.461946 195.848880 143.211941 155.236036 128.935490 165.185431 157.123681 155.522805
131.813390 145.113357 235.519600 53.551600 70.289637 195.639195 143.486519 155.213507 128.936451 165.184713 157.274490 155.368588
131.813390 145.113357 235.519600 53.551600 70.113455 195.424798 143.895563 155.177382 128.936451 165.184713 157.424492 155.214846
131.813390 145.113357 235.519600 53.551600 69.939432 195.213028 144.171066 155.151938 128.936451 165.184713 157.569793 155.056104
131.813390 145.113357 235.519600 53.551600 69.773150 194.996812 144.444615 155.130343 128.936451 165.184713 157.718671 154.893453
131.813390 145.113357 235.519600 53.551600 69.612713 194.773956 144.717656 155.109995 128.936451 165.184713 157.862891 154.735891
131.813390 145.113357 235.519600 53.551600 69.452918 194.551993 144.989255 155.090470 128.936451 165.184713 158.004333 154.570821
131.813390 145.113357 235.519600 53.551600 69.293707 194.330841 145.359724 155.062450 128.936451 165.184713 158.133819 154.399312
132.107387 145.339734 235.519600 53.551600 69.132626 194.107092 145.633040 155.060453 128.936451 165.184713 158.264328 154.226445
132.134139 145.353530 235.519600 53.551600 68.974244 193.881465 145.877428 155.101433 128.936451 165.184713 158.393142 154.055932
132.180177 145.377273 235.519600 53.551600 68.823067 193.656671 146.072324 155.168801 128.939335 165.182558 158.522660 153.884949
132.242041 145.409164 235.519600 53.551600 68.672170 193.432292 146.221330 155.250013 128.946945 165.176872 158.635567 153.697332
132.318589 145.448361 235.519600 53.551600 68.518314 193.203514 146.334598 155.311748 128.961525 165.165978 158.745329 153.512139
132.421767 145.470439 235.519600 53.551600 68.369895 192.976783 146.419155 155.357834 128.979069 165.152870 158.859947 153.325998
132.546540 145.480519 235.519600 53.551600 68.233460 192.735254 146.477897 155.389850 129.007107 165.131921 158.973679 153.140142
132.750365 145.459342 235.519600 53.551600 68.097812 192.495118 146.501955 155.402962 129.049805 165.100018 159.083433 152.951670
132.852467 145.431614 235.519600 53.551600 67.961623 192.254024 146.513400 155.409200 129.058882 165.067037 159.193036 152.763457
132.912396 145.415338 235.519600 53.551600 67.827697 192.016936 146.513400 155.409200 129.057540 165.019056 159.297688 152.574179
132.951095 145.404829 235.519600 53.551600 67.693476 191.779325 146.513400 155.409200 129.056408 164.978572 159.403551 152.379501
132.969097 145.399072 235.519600 53.551600 67.528650 191.516997 146.513400 155.409200 129.117869 164.883756 159.505879 152.191323
