159.859000 211.467000 231.238272 154.101238 226.867500 121.274800 114.745697 179.535475 192.072200 197.002000 82.286700 154.001400
159.880344 211.473105 230.962821 154.079586 226.872224 121.250250 114.745065 179.534835 192.067769 196.983216 82.278981 154.014494
159.918321 211.483968 230.689465 154.058099 226.880878 121.205275 114.735369 179.525015 192.059595 196.948567 82.260142 154.046455
159.969277 211.498544 230.413017 154.036368 226.892953 121.142527 114.732067 179.521670 192.048276 196.900584 82.234143 154.090563
160.043020 211.519637 230.143614 153.985951 226.907483 121.067012 114.728203 179.517757 192.031630 196.830020 82.200882 154.146989
160.137337 211.546616 229.875259 153.927719 226.925831 120.971661 114.727501 179.517045 192.011128 196.743106 82.160410 154.215649
160.245307 211.577500 229.606025 153.869296 226.936294 120.860200 114.727009 179.516547 191.985505 196.634487 82.111611 154.298437
160.365872 211.611986 229.335619 153.810618 226.932868 120.728245 114.723566 179.513060 191.956913 196.511980 82.052452 154.398798
160.501435 211.650763 229.067116 153.742078 226.926373 120.599238 114.706774 179.496053 191.926153 196.377349 81.985625 154.512169
160.656804 211.695204 228.808017 153.654189 226.917252 120.467754 114.683589 179.472570 191.897308 196.251103 81.911690 154.637599
160.824575 211.743194 228.547687 153.565882 226.901872 120.234020 114.658366 179.447024 191.868530 196.125149 81.832321 154.772248
161.013955 211.774294 228.287451 153.477607 226.893351 120.098488 114.600446 179.387423 191.839106 195.996367 81.746909 154.917148
161.221605 211.787959 228.026837 153.389203 226.885010 119.965148 114.571020 179.361072 191.808835 195.863881 81.652356 155.077555
161.435606 211.745102 227.765841 153.303893 226.886789 119.829954 114.541370 179.334522 191.779634 195.736075 81.551457 155.248730
161.642057 211.677620 227.507040 153.222160 226.893671 119.693428 114.525875 179.320646 191.749156 195.602816 81.445631 155.428261
161.851403 211.609663 227.248240 153.140426 226.898667 119.559638 114.517159 179.312841 191.718987 195.476982 81.332747 155.619767
162.053592 211.534901 226.989631 153.058753 226.901316 119.423264 114.515892 179.311707 191.687139 195.344147 81.227097 155.825785
162.253331 211.454539 226.730163 152.976808 226.903875 119.289388 114.515445 179.311307 191.656666 195.217048 81.125234 156.045632
162.455766 211.370747 226.471839 152.895225 226.873461 119.156408 114.515296 179.311173 191.594347 195.098522 81.017821 156.277457
162.651578 211.283822 226.207500 152.832544 226.875993 119.026733 114.515296 179.311173 191.562579 194.966078 80.906456 156.517811
162.935551 211.139501 225.935998 152.777628 226.878600 118.893559 114.515296 179.311173 191.532141 194.839178 80.792400 156.763972
163.121508 211.031389 225.667428 152.723351 226.881169 118.764684 114.515296 179.311173 191.501190 194.710138 80.676275 157.014684
163.313772 210.924837 225.397780 152.668851 226.882979 118.629897 114.515296 179.311173 191.468190 194.575834 80.560681 157.265091
163.497560 210.803417 225.130062 152.614972 226.884618 118.499007 114.511199 179.307504 191.436508 194.448619 80.444753 157.516224
163.675497 210.677125 224.860035 152.586728 226.886342 118.361218 114.504792 179.301767 191.403400 194.315680 80.343030 157.767406
163.850906 210.552627 224.587124 152.558183 226.888022 118.227028 114.491457 179.289826 191.370606 194.184002 80.251194 158.028739
164.106858 210.371006 224.312820 152.529493 226.891815 118.096486 114.468438 179.269213 191.337715 194.051936 80.159159 158.290638
164.287892 210.242686 224.039611 152.500916 226.896068 117.959652 114.447132 179.250134 191.304704 193.919385 80.067721 158.550839
164.465918 210.116519 223.769765 152.487614 226.933274 117.824722 114.421132 179.226852 191.271795 193.785779 79.976547 158.810286
164.642479 209.991399 223.496351 152.475115 226.937341 117.693885 114.406904 179.214110 191.240034 193.656112 79.885407 159.069638
164.818305 209.866798 223.220239 152.462492 226.902079 117.478229 114.391855 179.200635 191.207846 193.524696 79.795560 159.325311
164.993561 209.742602 222.944627 152.449892 226.878908 117.343102 114.381575 179.191429 191.174967 193.390464 79.718452 159.587094
165.169469 209.617944 222.669344 152.442992 226.854507 117.212488 114.375093 179.185625 191.143872 193.263517 79.651733 159.854703
165.346356 209.492592 222.394505 152.448778 226.805240 117.100114 114.364515 179.176152 191.112587 193.135793 79.586224 160.117460
165.531798 209.380901 222.121266 152.454529 226.741247 116.953958 114.354458 179.167147 191.077509 193.006376 79.519942 160.383322
165.830923 209.239694 221.849726 152.460245 226.716348 116.897177 114.346189 179.159742 191.041943 192.879153 79.453175 160.651124
166.125796 209.139558 221.579286 152.465937 226.706148 116.873915 114.342762 179.156673 191.006013 192.746434 79.386239 160.919606
166.339669 209.081549 221.303347 152.471746 226.808411 116.760590 114.342166 179.156139 190.971997 192.617961 79.322611 161.185873
166.551321 209.024142 221.032705 152.494195 226.874940 116.769324 114.341868 179.155873 190.926877 192.493626 79.265786 161.456266
166.764808 208.966237 220.762251 152.524079 226.961200 116.780649 114.341868 179.155873 190.868997 192.374659 79.209105 161.725974
166.974820 208.909275 220.490207 152.554139 227.066893 116.794526 114.341868 179.155873 190.806836 192.254419 79.152301 161.996270
167.186053 208.852233 220.220846 152.583902 227.188747 116.810524 114.341868 179.155873 190.730967 192.146331 79.096830 162.263983
167.399176 208.794900 219.946715 152.614192 227.316128 116.835176 114.341868 179.155873 190.649341 192.042090 79.041590 162.534194
167.611527 208.737774 219.677354 152.643955 227.445896 116.865656 114.341868 179.155873 190.563921 191.936005 78.986009 162.806071
167.823201 208.680830 219.404904 152.688847 227.574496 116.895863 114.341868 179.155873 190.467382 191.839672 78.931389 163.073245
168.031302 208.624847 219.136011 152.736021 227.703778 116.926230 114.341868 179.155873 190.367595 191.748301 78.878473 163.340454
168.241723 208.568247 218.862488 152.784007 227.830287 116.903641 114.341868 179.155873 190.276313 191.653789 78.825380 163.610994
168.450223 208.512208 218.592905 152.831303 227.951997 116.840748 114.341868 179.155873 190.190043 191.554941 78.772730 163.879276
168.855103 208.422055 218.320535 152.882186 228.067222 116.781206 114.341868 179.155873 190.105483 191.458051 78.719733 164.149325
169.065604 208.381351 218.050409 152.939281 228.185468 116.720103 114.341868 179.155873 190.015400 191.354833 78.665236 164.421615
169.264030 208.352017 217.780497 152.997408 228.452018 116.585711 114.341421 179.155472 189.925251 191.251539 78.605603 164.691095
169.344302 208.345960 217.514653 153.058920 228.571496 116.529917 114.337994 179.152404 189.834510 191.147568 78.546791 164.956866
169.392066 208.342355 217.245676 153.125519 228.687169 116.462075 114.326670 179.142264 189.749227 191.049849 78.488152 165.221855
169.410912 208.340933 216.976601 153.192143 228.801376 116.395093 114.317135 179.133725 189.662037 190.949946 78.428130 165.493094
169.422779 208.340037 216.708982 153.258406 228.918084 116.326644 114.303278 179.121317 189.577148 190.852680 78.363351 165.757928
169.428562 208.339601 216.441073 153.324741 229.034016 116.258650 114.292327 179.111510 189.486013 190.748256 78.293255 166.022189
169.429360 208.339541 216.178210 153.389826 229.148654 116.191415 114.271990 179.093299 189.394746 190.643682 78.222314 166.289640
169.429759 208.339511 215.914960 153.455007 229.266225 116.122460 114.252472 179.075821 189.304290 190.541598 78.151813 166.555069
169.429759 208.339511 215.648312 153.521030 229.377671 116.057097 114.240850 179.065414 189.216919 190.445201 78.081456 166.819054
169.429759 208.339511 215.384576 153.586331 229.493948 115.988901 114.227292 179.053273 189.127130 190.346137 78.010482 167.085359
169.429759 208.339511 215.035106 153.675885 229.609880 115.920907 114.211349 179.038997 189.039759 190.249741 77.934526 167.347701
169.429759 208.339511 214.772793 153.743149 229.722103 115.855089 114.185946 179.016249 188.949165 190.149788 77.850734 167.608889
169.429759 208.339511 214.505153 153.811780 229.841054 115.785324 114.164640 178.997169 188.861726 190.053317 77.767706 167.867697
169.429759 208.339511 214.239255 153.879963 230.039273 115.678257 114.153614 178.987296 188.769654 189.951734 77.683578 168.129933
169.429759 208.339511 213.975586 153.947575 230.150750 115.612552 114.142514 178.977357 188.681142 189.854077 77.600366 168.389312
169.429759 208.339511 213.711917 154.015187 230.265502 115.544918 114.126944 178.963414 188.591152 189.754791 77.516483 168.650786
169.429759 208.339511 213.452413 154.081731 230.381028 115.476827 114.118973 178.956276 188.504452 189.659135 77.432386 168.912927
169.429759 208.339511 213.238339 154.136626 230.492858 115.411541 114.107724 178.946203 188.417014 189.562665 77.348960 169.172973
169.429759 208.339511 213.029045 154.190300 230.603678 115.351163 114.094836 178.934662 188.272083 189.370663 77.266564 169.434585
169.429759 208.339511 212.814684 154.245285 230.684378 115.307196 114.085673 178.926457 188.126239 189.190174 77.191099 169.697884
169.429759 208.339511 212.603133 154.299549 230.727669 115.283609 114.071370 178.913649 188.036410 189.087662 77.116338 169.961982
169.429759 208.339511 212.395844 154.352720 230.751203 115.270787 114.054087 178.898172 187.946516 188.985076 77.055645 170.229176
169.429759 208.339511 212.187005 154.406289 230.867675 115.304815 114.033302 178.879560 187.855106 188.880759 76.994242 170.499490
169.429759 208.339511 211.975938 154.460429 230.900515 115.358227 114.001790 178.851341 187.702750 188.699953 76.966986 170.769471
169.429759 208.339511 211.767874 154.513799 230.932586 115.429712 113.979888 178.831729 187.642039 188.573017 76.940236 171.042061
169.429759 208.339511 211.558453 154.567517 230.953476 115.509627 113.946737 178.802043 187.560587 188.472856 76.934474 171.319188
169.429759 208.339511 211.345449 154.622154 230.972267 115.581511 113.917906 178.776226 187.475919 188.371088 76.936010 171.590751
169.429759 208.339511 211.134285 154.676319 230.987896 115.641302 113.883191 178.745139 187.388469 188.270616 76.955965 171.860915
169.429759 208.339511 210.927287 154.729415 230.996698 115.674971 113.847060 178.712785 187.301084 188.170218 76.984619 172.130169
169.429759 208.339511 210.717575 154.783206 231.080733 115.699746 113.811450 178.680897 187.212912 188.068916 77.018127 172.404210
169.429759 208.339511 210.507282 154.837141 231.151237 115.679695 113.764815 178.639137 187.124411 187.967237 77.075524 172.675198
169.429759 208.339511 210.298538 154.890677 231.225974 115.658440 113.726300 178.604648 187.038471 187.868499 77.136818 172.938293
169.429759 208.339511 210.086985 154.944935 231.299477 115.641727 113.690095 178.572227 186.948395 187.765009 77.204076 173.201124
169.429759 208.339511 209.873688 154.999639 231.379516 115.648188 113.655454 178.541207 186.858385 187.661595 77.297821 173.456721
169.429759 208.339511 209.662044 155.053944 231.461849 115.654835 113.616153 178.506401 186.793585 187.587146 77.394465 173.711401
169.429759 208.339511 209.449626 155.108454 231.543084 115.661394 113.583053 178.478023 186.754419 187.541958 77.504207 173.959895
169.429759 208.339511 209.240986 155.161994 231.618339 115.667469 113.552761 178.452053 186.731077 187.514288 77.615477 174.206998
169.429759 208.339511 209.028763 155.216454 231.695090 115.673666 113.534844 178.436692 186.717730 187.498466 77.729128 174.459390
169.429759 208.339511 208.820801 155.269820 231.738748 115.677190 113.523760 178.427190 186.714828 187.495026 77.848749 174.704790
169.429759 208.339511 208.608964 155.324180 231.897182 115.685329 113.515181 178.419835 186.714571 187.494721 77.975970 174.950959
169.429759 208.339511 208.402068 155.377273 231.973150 115.687532 113.504477 178.410657 186.714571 187.494721 78.103053 175.196862
169.429759 208.339511 208.138511 155.444885 232.046719 115.689666 113.493772 178.401480 186.714571 187.494721 78.253855 175.498323
169.429759 208.339511 207.931518 155.498001 232.127785 115.692017 113.485573 178.394451 186.714571 187.494721 78.360025 175.766060
169.429759 208.339511 207.719197 155.552485 232.204653 115.694246 113.466973 178.378504 186.714571 187.494721 78.458564 176.025047
169.429759 208.339511 207.512494 155.605527 232.280721 115.696453 113.453232 178.366723 186.714571 187.494721 78.556569 176.282633
169.429759 208.339511 207.302398 155.659429 232.356689 115.698656 113.436226 178.352144 186.714571 187.494721 78.652269 176.542486
169.429759 208.339511 207.087740 155.714461 232.430058 115.700784 113.423927 178.341600 186.714571 187.494721 78.713834 176.807427
169.429759 208.339511 206.877734 155.768308 232.507725 115.703036 113.414741 178.333724 186.714571 187.494721 78.774923 177.070323
169.429759 208.339511 206.666289 155.822588 232.579595 115.705121 113.395913 178.317583 186.714571 187.494721 78.825261 177.286951
169.429759 208.339511 206.453296 155.877265 232.655563 115.707324 113.376630 178.301050 186.714571 187.494721 78.876388 177.496531
169.429759 208.339511 206.242820 155.931296 232.738229 115.709721 113.346566 178.275276 186.714571 187.494721 78.913720 177.638815
169.429759 208.339511 206.032829 155.985202 232.778312 115.710884 113.224116 178.159114 186.714571 187.494721 78.940266 177.739990
169.429759 208.339511 205.821578 156.039432 232.899355 115.787058 113.197837 178.132785 186.714571 187.494721 78.947860 177.810543
169.429759 208.339511 205.585253 156.100124 232.916259 115.861769 113.175937 178.110844 186.714571 187.494721 78.949748 177.854102
169.429759 208.339511 205.375542 156.153918 232.934023 115.940285 113.159971 178.094848 186.714571 187.494721 78.902652 177.880718
169.429759 208.339511 205.166214 156.207594 232.949867 116.010315 113.147326 178.082179 186.714571 187.494721 78.883759 177.811310
169.429759 208.339511 204.960101 156.267486 232.960570 116.057619 113.138778 178.073615 186.714571 187.494721 78.863670 177.726352
169.429759 208.339511 204.754462 156.331257 232.991664 116.223196 113.130936 178.065759 186.714571 187.494721 78.838670 177.621185
169.429759 208.339511 204.547582 156.395413 233.003949 116.304270 113.126415 178.061229 186.714571 187.494721 78.805889 177.498903
169.429759 208.339511 204.340797 156.459540 233.016070 116.384257 113.121541 178.056346 186.714571 187.494721 78.770001 177.365030
169.429759 208.339511 204.132337 156.518452 233.027067 116.456829 112.926705 177.908453 186.714571 187.494721 78.729167 177.212708
169.429759 208.339511 203.922067 156.571672 233.039113 116.536321 112.901587 177.883509 186.714571 187.494721 78.684579 177.046381
169.429759 208.339511 203.710149 156.625308 233.051593 116.618681 112.876610 177.858705 186.714571 187.494721 78.635848 176.864599
169.429759 208.339511 203.501140 156.678208 233.064043 116.700843 112.844894 177.827207 186.714571 187.494721 78.584062 176.671420
169.429759 208.339511 203.293372 156.727071 233.074067 116.766988 112.822543 177.805010 186.714571 187.494721 78.519654 176.470805
169.429759 208.339511 203.083668 156.768721 233.079176 116.800703 112.806933 177.789507 186.714571 187.494721 78.439586 176.263747
169.429759 208.339511 202.871904 156.810781 233.101351 116.946275 112.797212 177.779854 186.714571 187.494721 78.353819 176.041953
169.429759 208.339511 202.657002 156.853464 233.112550 117.019423 112.785788 177.768509 186.714571 187.494721 78.264662 175.811391
169.429759 208.339511 202.444369 156.900125 233.119209 117.062916 112.781105 177.763858 186.714571 187.494721 78.138931 175.509894
169.429759 208.339511 202.232801 156.945972 233.132905 117.212991 112.779473 177.762237 186.714571 187.494721 78.017809 175.263227
169.429759 208.339511 202.022606 156.984519 233.134692 117.285169 112.779189 177.761955 186.714571 187.494721 77.895805 175.014765
169.429759 208.339511 201.810823 157.017355 233.136603 117.362345 112.774577 177.757375 186.714571 187.494721 77.776534 174.771869
169.474645 208.281705 201.597690 157.044063 233.138628 117.444120 112.764076 177.746946 186.714571 187.494721 77.657921 174.527103
169.473736 208.237514 201.379794 157.071369 233.140551 117.521797 112.746621 177.729612 186.714571 187.494721 77.542875 174.281846
169.472486 208.176827 201.159301 157.097943 233.140746 117.606487 112.736617 177.719676 186.714571 187.494721 77.425663 174.031971
169.470928 208.101143 200.946725 157.118836 233.138001 117.709451 112.731082 177.714180 186.714571 187.494721 77.312379 173.780020
169.469078 208.011262 200.726529 157.136354 233.134757 117.831107 112.728457 177.711572 186.714571 187.494721 77.218446 173.525607
169.466849 207.902985 200.513006 157.142096 233.131298 117.960861 112.726541 177.709670 186.772145 187.370102 77.124652 173.271569
169.464359 207.782011 200.298801 157.142961 233.128854 118.052529 112.726257 177.709388 186.809350 187.347755 77.048359 173.009881
169.461433 207.639841 200.084226 157.135631 233.126761 118.131001 112.725973 177.709106 186.861470 187.316449 76.983830 172.744262
169.458086 207.477275 199.865497 157.127120 233.125695 118.192591 112.725973 177.709106 186.930508 187.274473 76.930003 172.472339
169.454507 207.303412 199.645165 157.116250 233.124682 118.252083 112.725973 177.709106 187.021727 187.235833 76.887406 172.202503
169.450667 207.116851 199.427379 157.104608 233.124252 118.277379 112.725973 177.709106 187.141576 187.248342 76.851049 171.929526
169.446689 206.923592 199.214261 157.091845 233.171813 118.323988 112.725973 177.709106 187.275847 187.262356 76.838528 171.658014
169.442719 206.730733 198.995069 157.070935 233.229088 118.302140 112.725973 177.709106 187.421356 187.277543 76.834642 171.380369
169.438836 206.542073 198.779540 157.044041 233.300937 118.274732 112.717104 177.700298 187.585564 187.294681 76.838611 171.108098
169.434895 206.350614 198.559546 157.016590 233.392969 118.239625 112.702416 177.685711 187.763796 187.313284 76.864296 170.839017
169.431063 206.164453 198.341741 156.977014 233.496866 118.199991 112.673680 177.657173 187.952273 187.332955 76.892727 170.566597
169.432486 205.972587 198.127925 156.937150 233.618422 118.153622 112.768138 177.531118 188.155469 187.354163 76.938251 170.299174
169.463475 205.787969 197.915872 156.894733 233.745584 118.105113 112.829424 177.492513 188.370202 187.376575 76.994561 170.030001
169.494944 205.600492 197.706627 156.845758 233.875269 118.055643 112.906116 177.452035 188.748516 187.416017 77.065246 169.761868
169.526114 205.414790 197.498258 156.796989 234.084750 117.974373 112.966914 177.371634 188.969323 187.439000 77.142813 169.498764
169.558014 205.224749 197.287066 156.747558 234.213492 117.923038 113.037965 177.277674 189.186152 187.461568 77.222705 169.234902
169.589615 205.036482 197.072836 156.697502 234.340006 117.872592 113.102424 177.164344 189.406760 187.484530 77.304865 168.971309
169.621249 204.848019 196.858273 156.648000 234.464661 117.822886 113.163177 177.032795 189.619610 187.506685 77.386460 168.709531
169.652834 204.659851 196.647607 156.599396 234.590338 117.772773 113.229128 176.889988 189.836737 187.529284 77.466835 168.451667
169.684700 204.470007 196.431094 156.549444 234.716666 117.722401 113.347618 176.760477 190.053566 187.551853 77.547745 168.192084
169.715573 204.286080 196.221013 156.500976 234.838999 117.673621 113.512461 176.672661 190.272414 187.575292 77.629310 167.930401
169.747521 204.095743 196.011224 156.452575 234.967927 117.622212 113.696905 176.591030 190.489064 187.598601 77.710875 167.668718
169.779685 203.904124 195.801045 156.404084 235.092954 117.572358 113.895247 176.503248 190.702209 187.621755 77.792291 167.407513
169.811601 203.713984 195.590964 156.355616 235.315033 117.499721 114.090390 176.416882 190.916607 187.645422 77.871602 167.143285
169.842921 203.527394 195.382831 156.307597 235.447717 117.464810 114.291173 176.323452 191.137068 187.669759 77.945696 166.879701
169.874075 203.341790 195.167391 156.257892 235.581659 117.429569 114.448784 176.179287 191.355455 187.695707 78.020088 166.615058
169.912451 203.153272 194.957699 156.209514 235.706703 117.396669 114.569173 176.000036 191.560095 187.761317 78.087829 166.365611
169.951814 202.964329 194.741127 156.160761 235.833198 117.363387 114.699065 175.788028 191.857781 187.856248 78.156099 166.098600
169.989953 202.781259 194.525344 156.115398 235.958822 117.330334 114.799963 175.599648 192.069499 187.922695 78.224716 165.830234
170.027704 202.600050 194.311126 156.070365 236.083963 117.297408 114.901618 175.409857 192.369550 188.016787 78.292212 165.565916
170.065599 202.418155 194.101018 156.026196 236.208427 117.264661 115.004594 175.217598 192.574511 188.081050 78.355372 165.299809
170.103697 202.235282 193.861892 155.980375 236.342272 117.229445 115.087833 174.981536 192.781266 188.140684 78.419110 165.031269
170.142774 202.047709 193.649233 155.946754 236.473699 117.194865 115.189566 174.770364 192.989489 188.199243 78.481554 164.768178
170.181892 201.859940 193.438649 155.913461 236.599807 117.161685 115.296680 174.548020 193.200022 188.258452 78.544068 164.504795
170.220745 201.673444 193.226706 155.879818 236.733555 117.126495 115.409350 174.314144 193.411421 188.317904 78.602349 164.239887
170.260291 201.483620 193.020712 155.834593 236.861761 117.130228 115.526055 174.071890 193.621597 188.377270 78.654179 163.972463
170.299368 201.296047 192.808760 155.788059 236.992291 117.143474 115.645930 173.823060 193.833288 188.437161 78.706902 163.700425
170.337773 201.111705 192.595734 155.741289 237.124611 117.156902 115.776178 173.580335 193.984280 188.375772 78.758351 163.434965
170.375932 200.928538 192.384075 155.694820 237.260215 117.170663 115.905731 173.342422 193.936528 188.161222 78.810161 163.167639
170.414377 200.744000 192.168216 155.647429 237.388854 117.183717 116.037198 173.100996 193.889233 187.948721 78.861954 162.902042
170.453597 200.555742 191.962297 155.604244 237.496203 117.194611 116.156756 172.881438 193.865683 187.732298 78.914820 162.631560
170.491532 200.373652 191.754180 155.560814 237.583455 117.203465 116.270146 172.673209 193.894006 187.514633 78.967745 162.360784
170.529589 200.190974 191.541560 155.516445 237.662051 117.211441 116.395740 172.459531 193.922626 187.294687 79.020305 162.091872
170.569156 200.001051 191.329723 155.472240 237.717765 117.217095 116.523302 172.247903 193.950228 187.080156 79.073325 161.820605
170.608396 199.812695 191.115928 155.427626 237.760844 117.221466 116.652773 172.033106 193.990491 186.766383 79.125808 161.552086
170.646393 199.630311 190.904527 155.380491 237.793775 117.224808 116.783742 171.815825 193.992701 186.546375 79.178368 161.283175
170.685429 199.442934 190.689461 155.331389 237.834565 117.228947 116.919873 171.589980 193.993536 186.328377 79.233402 161.017876
170.724404 199.255851 190.475858 155.282620 237.856751 117.231199 117.053114 171.368931 193.983821 186.113226 79.298548 160.749983
170.763706 199.067201 190.266859 155.232336 237.866800 117.232219 117.187696 171.145656 193.960333 185.896193 79.368503 160.481901
170.802049 198.883153 190.071670 155.179171 237.974471 117.325044 117.352851 170.935547 193.937277 185.682031 79.441577 160.220835
170.839861 198.701650 189.895006 155.131051 237.990015 117.367593 117.495640 170.698653 193.915089 185.469285 79.516052 159.954761
170.876185 198.527294 189.734745 155.087399 238.013314 117.431371 117.641489 170.468829 193.892249 185.250273 79.589314 159.693021
170.924985 198.226900 189.555523 155.033452 238.043887 117.515061 117.788705 170.237382 193.871950 185.037948 79.663722 159.428913
170.926391 198.060806 189.407219 154.979245 238.097666 117.607951 117.934311 170.008466 193.853104 184.824076 79.748403 159.171693
170.927851 197.888212 189.255721 154.923871 238.164691 117.709171 118.082762 169.775078 193.825588 184.544150 79.833272 158.913904
170.929385 197.706919 189.098395 154.866096 238.225730 117.825669 118.227778 169.547090 193.798783 184.330235 79.918453 158.655165
170.931025 197.513126 188.932052 154.804732 238.282454 117.950594 118.374618 169.316233 193.774384 184.113101 80.004072 158.395096
170.932668 197.318933 188.750042 154.737588 238.339756 118.076794 118.521244 169.085714 193.749884 183.895073 80.090347 158.133032
170.934248 197.132140 188.561026 154.660980 238.395239 118.198987 118.683392 168.826638 193.725284 183.676151 80.175403 157.874673
170.933513 196.941891 188.378168 154.547877 238.452211 118.324459 118.818672 168.587213 193.702327 183.462585 80.256082 157.629612
170.924525 196.750502 188.174730 154.461796 238.508190 118.447745 118.953214 168.349094 193.680716 183.247970 80.352484 157.421823
170.915780 196.564308 187.972122 154.376066 238.564376 118.571486 119.088150 168.110278 193.659056 183.032858 80.450876 157.219254
170.906806 196.373218 187.768039 154.289712 238.618453 118.690584 119.208322 167.860490 193.637446 182.818243 80.552239 157.010569
170.897780 196.181030 187.539734 154.196775 238.674226 118.813415 119.317571 167.612377 193.603143 182.483906 80.639184 156.831568
170.888236 195.988967 187.246593 154.119059 238.730247 118.936792 119.429157 167.358956 193.580340 182.269515 80.719401 156.666418
170.878974 195.803699 187.045017 154.037102 238.783828 119.054797 119.539172 167.109105 193.557020 182.050252 80.795074 156.510624
170.869354 195.611239 186.847240 153.956690 238.984582 119.103957 119.650798 166.855592 193.533675 181.830690 80.860785 156.375338
170.860053 195.425171 186.642422 153.873415 239.128247 119.070102 119.760458 166.569417 193.516536 181.614869 80.927501 156.237984
170.867292 195.236534 186.438715 153.790591 239.290308 119.031913 119.842443 166.338329 193.499342 181.398351 80.999722 156.089296
170.884134 195.048186 186.235657 153.708032 239.463465 118.991108 119.914999 166.133818 193.481934 181.179141 81.064953 155.954999
170.888800 194.418924 186.036195 153.631415 239.651661 118.941124 119.977981 165.919234 193.465033 180.966311 81.133809 155.813237
170.829507 194.239677 185.827664 153.554685 239.853714 118.873087 120.035092 165.712476 193.447917 180.750789 81.198385 155.680290
170.823855 194.052096 185.624388 153.479888 240.060884 118.803327 120.092203 165.505719 193.429925 180.533338 81.261591 155.564752
170.836700 193.866439 185.422708 153.405678 240.253175 118.738577 120.149207 165.299347 193.408065 180.312317 81.330571 155.438919
170.849510 193.681282 185.221872 153.331779 240.443002 118.674656 120.207436 165.088541 193.386639 180.095674 81.403301 155.306246
170.862513 193.493331 185.020849 153.257811 240.610926 118.614435 120.264547 164.881784 193.365261 179.879528 81.483481 155.159981
170.886846 193.307620 184.814934 153.187272 240.787871 118.539711 120.323255 164.669243 193.344220 179.663953 81.567123 155.007403
170.914898 193.119297 184.581604 153.108979 240.938260 118.471362 120.376539 164.454988 193.323583 179.444823 81.657062 154.843338
170.942213 192.935920 184.379382 153.035378 241.073718 118.403514 120.422992 164.262823 193.303162 179.227982 81.755942 154.662963
170.970073 192.748884 184.172398 152.959946 241.198447 118.341041 120.472969 164.056078 193.282993 179.013830 81.850423 154.433051
171.004866 192.559953 183.966652 152.884334 241.323623 118.278344 120.518411 163.868092 193.273851 178.792995 81.971587 154.246435
171.049508 192.377742 183.764849 152.810170 241.431274 118.224424 120.558590 163.701880 193.271444 178.575108 82.101954 154.045644
171.094032 192.196016 183.557507 152.733971 241.525693 118.177132 120.593811 163.556176 193.269000 178.353822 82.235697 153.839654
171.138817 192.013223 183.355515 152.664629 241.621810 118.128990 120.580977 163.452578 193.266582 178.134935 82.376955 153.622089
171.184721 191.825864 183.144693 152.596035 241.709255 118.085191 120.591200 163.415979 193.264212 177.920348 82.523006 153.397143
171.230313 191.642359 182.939387 152.529234 241.786685 118.046408 120.599917 163.384774 193.274435 177.706850 82.668784 153.172617
171.284768 191.462522 182.733131 152.462125 241.854101 118.012641 120.609522 163.350390 193.307365 177.491756 82.842276 152.965981
171.339020 191.283356 182.528525 152.396413 241.915795 117.981741 120.618346 163.318799 193.340628 177.274487 82.993138 152.738599
171.393562 191.103233 182.324181 152.331523 241.978920 117.950123 120.625368 163.293662 193.401797 176.957321 83.146316 152.547773
171.447322 190.925694 182.113641 152.264665 242.023447 117.927821 120.631717 163.270932 193.463650 176.751724 83.275457 152.386893
171.501835 190.745666 181.900984 152.216776 242.063682 117.907668 120.641941 163.234333 193.526339 176.543350 83.377993 152.259156
171.556029 190.566691 181.690670 152.179568 242.098373 117.890292 120.647806 163.213337 193.589345 176.333922 83.456429 152.161443
171.609963 190.388578 181.475163 152.148255 242.135390 117.871752 120.656980 163.180494 193.652841 176.122867 83.516523 152.086578
171.677372 190.208896 181.258902 152.119230 242.173121 117.852853 120.667311 163.143510 193.714493 175.917940 83.554458 152.039320
171.745981 190.033755 181.046407 152.090710 242.205488 117.836641 120.672449 163.125114 193.776692 175.711193 83.571485 152.018109
171.813969 189.860197 180.828957 152.061524 242.235799 117.821459 120.680978 163.094583 193.839727 175.501670 83.619916 151.955912
171.884656 189.679748 180.612002 152.032406 242.254605 117.811080 120.690260 163.061355 193.901235 175.297222 83.660833 151.901475
171.954395 189.501720 180.397823 152.003659 242.278497 117.796478 120.697766 163.034483 193.963550 175.090093 83.714068 151.830651
172.024098 189.323785 180.183941 151.974953 242.296415 117.785527 120.703792 163.012909 194.025087 174.885549 83.777757 151.745918
172.093035 189.147806 179.956235 151.977664 242.309897 117.777288 120.711594 162.984978 194.087607 174.672331 83.849557 151.650393
172.161242 188.973689 179.738685 151.948468 242.318430 117.772073 120.721576 162.949246 194.148486 174.459362 83.932894 151.539521
172.229048 188.800596 179.523118 151.919538 242.325938 117.767484 120.731664 162.913129 194.207881 174.251584 84.027707 151.413381
172.298568 188.623127 179.303091 151.890010 242.333703 117.762738 120.741316 162.883152 194.267029 174.044672 84.130331 151.276849
172.368599 188.444354 179.087325 151.861054 242.342662 117.757263 120.748649 162.861246 194.319611 173.850886 84.239125 151.132069
172.439687 188.264816 178.868982 151.831751 242.354693 117.749910 120.754046 162.845126 194.365073 173.680134 84.357347 150.972864
172.510573 188.085842 178.651829 151.802609 242.381059 117.733796 120.762046 162.821229 194.420586 173.496558 84.484750 150.801294
172.581090 187.907798 178.432672 151.788820 242.402903 117.720446 120.769189 162.799893 194.403360 173.259306 84.618651 150.620973
172.641628 187.754951 178.210985 151.787370 242.430719 117.703446 120.776522 162.777988 194.251927 173.105659 84.758991 150.431982
172.693145 187.624881 177.990007 151.784238 242.459474 117.685872 120.781221 162.763954 194.064546 173.026521 84.905949 150.234078
172.750442 187.480215 177.770440 151.792800 242.506574 117.657086 120.788967 162.740816 193.903192 173.012550 85.058809 150.028227
172.701555 187.251987 177.557801 151.810811 242.544971 117.633619 120.797030 162.716730 193.804016 173.076766 85.218406 149.813303
172.529059 186.990500 177.341875 151.829101 242.591644 117.605094 120.808046 162.683825 193.739515 173.140115 85.379610 149.596585
172.529894 186.802202 177.124105 151.844114 242.633710 117.579385 120.816142 162.659644 193.711627 173.182456 85.517577 149.357585
172.530877 186.602004 176.670503 151.872720 242.679616 117.551330 120.821221 162.644472 193.695785 173.206507 85.681552 149.138942
172.531941 186.385307 176.455661 151.862079 242.726033 117.522961 120.828046 162.624084 193.662559 173.283067 85.848167 148.916778
172.533031 186.163310 176.234928 151.845127 242.777144 117.491724 120.836396 162.599144 193.643989 173.352942 86.010522 148.700294
172.534109 185.943712 176.020450 151.825226 242.815540 117.468258 120.844078 162.576196 193.619587 173.444754 86.173177 148.483411
172.535176 185.726315 175.808123 151.792814 242.861702 117.440045 120.854332 162.545567 193.591410 173.550774 86.336312 148.265887
172.536235 185.510618 175.594617 151.752627 242.900269 117.416474 120.861856 162.523093 193.559893 173.669357 86.490238 148.036408
172.536746 185.292921 175.380720 151.706568 242.946345 117.388314 120.870269 162.497964 193.531392 173.809070 86.638094 147.803828
172.534105 185.073647 175.167674 151.659002 242.996603 117.357599 120.879602 162.470084 193.500307 173.963268 86.786326 147.570656
172.525851 184.859306 174.957559 151.609356 243.039266 117.331525 120.885348 162.452921 193.466830 174.129327 86.934612 147.337400
172.521470 184.449278 174.743567 151.557124 243.087048 117.302322 120.890808 162.436610 193.427307 174.307183 87.064779 147.093899
172.533937 184.235341 174.531544 151.497320 243.141231 117.269208 120.896829 162.420013 193.383981 174.499565 87.183507 146.844187
172.546439 184.020805 174.317809 151.438619 243.192170 117.238076 120.909174 162.399782 193.334625 174.701485 87.300475 146.598179
172.559343 183.799380 174.103150 151.399465 243.254971 117.199695 120.924383 162.374856 193.270877 174.909618 87.413825 146.349184
172.572056 183.581451 173.888522 151.365530 243.324085 117.157455 120.939072 162.350783 193.177723 175.104840 87.479932 146.083381
172.581558 183.364261 173.676679 151.332520 243.389786 117.117301 120.953604 162.326967 193.036671 175.268762 87.546763 145.814667
172.590847 183.143757 173.463754 151.300626 243.457706 117.075791 120.961781 162.313564 192.858626 175.395189 87.613039 145.548185
172.599827 182.931247 173.249830 151.268658 243.521103 117.037045 120.972147 162.296577 192.659426 175.492653 87.686388 145.232506
172.607173 182.757402 173.031495 151.243588 243.589620 116.995170 120.986679 162.272761 192.466066 175.590073 87.724418 144.895988
172.612784 182.624620 172.815179 151.226371 243.660868 116.951626 120.994961 162.259188 192.287983 175.720588 87.736162 144.625443
172.616761 182.530504 172.594776 151.208828 243.728275 116.910429 121.004545 162.243481 192.137091 175.882956 87.748110 144.350202
172.619738 182.460067 172.373875 151.191246 243.784029 116.876245 121.011889 162.231444 192.045640 176.079702 87.748983 143.768201
172.620958 182.431193 172.106449 151.170056 243.838531 116.841565 121.020848 162.216762 192.005490 176.297563 87.753668 143.496841
172.702590 182.358167 171.891906 151.153256 243.885946 116.811394 121.025015 162.209933 191.958535 176.511675 87.796812 142.909380
172.748217 182.309378 171.676465 151.136386 243.931589 116.782351 121.032828 162.197128 191.910937 176.728717 87.801511 142.637720
172.805594 182.248027 171.463019 151.119672 243.963227 116.762219 121.041057 162.183641 191.863382 176.945564 87.847250 142.366956
172.839200 182.212093 171.246551 151.103109 243.998999 116.739457 121.050016 162.168958 191.822918 177.130079 87.891200 142.121300
172.926309 182.122558 171.032174 151.086766 244.024731 116.723083 121.058142 162.155641 191.789672 177.281677 87.950664 141.941984
172.986447 182.063769 170.786847 151.068152 244.051223 116.706226 121.064705 162.144886 191.765482 177.392159 88.046786 141.682090
173.056311 181.995472 170.572657 151.051973 244.076196 116.690335 121.070330 162.135666 191.746786 177.477843 88.142561 141.423134
173.134408 181.918579 170.356025 151.037989 244.093576 116.679276 121.073664 162.130203 191.734593 177.533729 88.287261 141.188492
173.224161 181.828304 170.137600 151.027028 244.098553 116.676109 121.077883 162.123289 191.728198 177.563039 88.446588 140.963123
173.315677 181.736256 169.916178 151.015917 244.101759 116.674069 121.086946 162.108435 191.722378 177.589712 88.602798 140.742164
173.412411 181.638960 169.696655 151.004900 244.102856 116.673371 121.093717 162.097338 191.718776 177.606223 88.762759 140.515897
173.509920 181.540884 169.477830 150.993919 244.103615 116.672887 121.101061 162.085302 191.714790 177.624493 88.919026 140.294857
173.599038 181.451247 169.259505 150.982963 244.103615 116.672887 121.104916 162.078985 191.708949 177.651264 89.075986 140.072836
173.661647 181.388274 169.039182 150.971907 244.103615 116.672887 121.110176 162.070363 191.702383 177.681356 89.232484 139.851468
173.697041 181.352675 168.824721 150.936493 244.103615 116.672887 121.112989 162.065753 191.696308 177.709201 89.390541 139.627896
173.719814 181.329769 168.610479 150.895120 244.103868 116.672726 121.116218 162.060461 191.689593 177.739977 89.526707 139.393359
173.830544 181.328209 168.392507 150.853027 244.105134 116.671921 121.122833 162.049620 191.684413 177.763718 89.713077 139.043101
173.870019 181.374845 168.182389 150.812451 244.109859 116.668915 121.128459 162.040400 191.677336 177.796155 89.812799 138.788859
173.922673 181.437052 167.966085 150.770681 244.112558 116.667197 121.132417 162.033913 191.672262 177.819408 89.886542 138.522840
173.984308 181.509869 167.757113 150.719746 244.117620 116.663976 121.140491 162.020681 191.669875 177.830351 89.952097 138.258165
174.055634 181.594135 167.548230 150.668403 244.123611 116.660164 121.143460 162.015816 191.666571 177.845494 90.020497 137.995217
174.140462 181.694354 167.335463 150.616105 244.137869 116.651092 121.149398 162.006084 191.664950 177.852920 90.088640 137.731788
174.227986 181.797794 167.099623 150.533910 244.147571 116.644918 121.151898 162.001987 191.664439 177.855264 90.157235 137.466617
174.309874 181.894606 166.847548 150.490545 244.171363 116.629779 121.159711 161.989182 191.664247 177.856144 90.226431 137.199122
174.369289 181.964848 166.645426 150.416377 244.205110 116.608305 121.165076 161.980390 191.664226 177.856241 90.294950 136.934241
174.411395 182.014629 166.444900 150.342795 244.258852 116.574108 121.171482 161.969890 191.664226 177.856241 90.364471 136.665487
174.433512 182.040451 166.244375 150.269213 244.321369 116.534327 121.179236 161.957166 191.664226 177.856241 90.433742 136.397701
174.500127 182.019229 166.036432 150.192909 244.400591 116.483917 121.186077 161.945877 191.664226 177.856241 90.501703 136.135051
174.522916 181.953572 165.832996 150.118259 244.493395 116.424864 121.189913 161.939549 191.664226 177.856241 90.569892 135.872564
174.550542 181.874245 165.626065 150.042688 244.600121 116.356953 121.197428 161.927148 191.664226 177.856241 90.637324 135.611120
174.585108 181.774991 165.423822 149.971219 244.722117 116.279325 121.203647 161.916886 191.664226 177.856241 90.705192 135.347207
174.624475 181.661950 165.216656 149.898681 244.852887 116.196114 121.207483 161.910557 191.664226 177.856241 90.773234 135.082616
174.669039 181.533988 165.013165 149.828974 244.909693 116.004549 121.214272 161.899354 191.664226 177.856241 90.842149 134.814635
174.712320 181.409709 164.803007 149.781316 244.871903 115.859181 121.222358 161.886013 191.664226 177.856241 90.911212 134.546073
174.756719 181.282219 164.591040 149.748079 244.833383 115.711006 121.231583 161.870790 191.664226 177.856241 90.978831 134.283128
174.800690 181.155956 164.375463 149.728111 244.793328 115.556927 121.237751 161.860614 191.664226 177.856241 91.046226 134.021055
174.845550 181.027144 164.141114 149.723812 244.755562 115.410004 121.244696 161.849154 191.664226 177.856241 91.114094 133.757142
174.890949 180.895980 163.924693 149.732609 244.717798 115.260294 121.256513 161.829655 191.664226 177.856241 91.182585 133.490808
174.933048 180.771823 163.708171 149.741409 244.679783 115.105493 121.260919 161.822386 191.664226 177.856241 91.250943 133.224439
174.975472 180.646089 163.488248 149.755147 244.640193 114.944283 121.269263 161.808617 191.664226 177.856241 91.317229 132.957857
175.017234 180.514457 163.275573 149.772718 244.591435 114.756520 121.274809 161.799466 191.664226 177.856241 91.383443 132.691566
175.057470 180.390525 163.061203 149.790429 244.478063 114.622525 121.287092 161.779198 191.664226 177.856241 91.449368 132.426439
175.099405 180.261362 162.845066 149.835643 244.316497 114.518772 121.296422 161.763804 191.664226 177.856241 91.515582 132.160148
175.140722 180.134101 162.631853 149.886525 244.116084 114.485168 121.301294 161.755766 191.664226 177.856241 91.581937 131.893273
175.180010 180.010143 162.419321 149.941235 243.892101 114.539918 121.306165 161.747727 191.664226 177.856241 91.647894 131.627948
175.202716 179.873922 162.240577 149.987176 243.668728 114.619052 121.319382 161.725919 191.664226 177.856241 91.713320 131.364759
175.225027 179.740069 162.046617 150.081318 243.436603 114.705756 121.328193 161.711380 191.664226 177.856241 91.779977 131.096620
175.247486 179.605328 161.848068 150.177686 243.175134 114.717410 121.335812 161.698809 191.664226 177.856241 91.846682 130.828286
175.269633 179.472461 161.652738 150.278791 242.909738 114.649504 121.343275 161.686494 191.664226 177.856241 91.912301 130.564320
175.292388 179.335945 161.462749 150.390702 242.636238 114.563454 121.350946 161.673837 191.664226 177.856241 91.978017 130.299966
175.314256 179.204755 161.060396 150.734334 242.355902 114.466074 121.363903 161.652457 191.664226 177.856241 92.041426 130.038856
175.336760 179.067995 161.021204 150.950564 242.049542 114.483496 121.376239 161.632103 191.664226 177.856241 92.098245 129.803826
175.357101 178.939799 161.090184 151.149144 241.742129 114.575671 121.384272 161.618847 191.664226 177.856241 92.146674 129.603497
175.377786 178.809429 161.257515 151.277201 241.436773 114.698944 121.393498 161.603625 191.664226 177.856241 92.187984 129.432619
175.399490 178.672640 161.468431 151.300080 241.124555 114.824988 121.399303 161.594047 191.664226 177.856241 92.223066 129.287500
175.420960 178.537232 161.674323 151.231030 240.811688 114.951294 121.406351 161.582416 191.664226 177.856241 92.252932 129.163959
175.441804 178.405774 161.856467 151.111248 240.518109 115.069813 121.413659 161.570357 191.664226 177.856241 92.277300 129.063162
175.489423 178.282646 162.041535 150.989544 240.235428 115.145963 121.421091 161.556877 191.664226 177.856241 92.299110 128.970398
175.497765 178.152914 162.273364 150.807384 239.957496 115.254574 121.430018 161.539878 191.664226 177.856241 92.318874 128.877476
175.506594 178.015598 162.313670 150.596094 239.671368 115.366388 121.435132 161.530139 191.664226 177.856241 92.337306 128.790815
175.515448 177.877882 162.207050 150.413095 239.393249 115.475071 121.440060 161.520755 191.664226 177.856241 92.350787 128.727433
175.523693 177.749647 162.012920 150.252843 239.148289 115.570797 121.445640 161.510130 191.664226 177.856241 92.361589 128.663652
175.530835 177.638576 161.823150 150.120438 238.930339 115.655968 121.450847 161.500215 191.664119 177.856730 92.371912 128.599679
175.535538 177.565427 161.622823 149.978698 238.744983 115.725190 121.458425 161.485783 191.663650 177.858879 92.384466 128.521886
175.594508 177.486074 161.413027 149.834865 238.591294 115.777972 121.463586 161.475956 191.662691 177.863276 92.417303 128.256175
