53.664300 144.906700 203.151503 68.778042 225.963500 76.859100 175.654183 184.200257 190.372797 144.941147 171.594659 109.658231
53.667433 144.922594 203.163764 68.798674 225.942817 76.862101 175.767797 184.343961 190.289214 145.051709 171.581102 109.671685
53.673777 144.954775 203.187981 68.839421 225.907486 76.867227 175.893909 184.493347 190.207320 145.160037 171.575778 109.676968
53.683332 145.003242 203.223795 68.899681 225.859390 76.874205 176.074884 184.707637 190.069122 145.339428 171.569035 109.683660
53.695923 145.067113 203.266762 68.971977 225.797142 76.883236 176.208686 184.885019 189.983269 145.448108 171.564137 109.688520
53.711609 145.146681 203.317494 69.057339 225.720370 76.877456 176.349256 185.078680 189.886743 145.583336 171.557110 109.695494
53.730158 145.240770 203.379162 69.161097 225.555963 76.864582 176.521444 185.259821 189.822234 145.704662 171.553632 109.698945
53.752729 145.355267 203.447726 69.276459 225.437412 76.852170 176.677299 185.474515 189.785244 145.832726 171.544547 109.707961
53.778086 145.483891 203.525488 69.407295 225.301665 76.837850 176.838617 185.696735 189.749780 145.955507 171.533261 109.719161
53.803868 145.614674 203.613263 69.554980 225.155562 76.810835 177.000817 185.920168 189.714621 146.077231 171.521336 109.730995
53.830560 145.750068 203.708906 69.715903 225.011493 76.773214 177.161073 186.140312 189.688897 146.166291 171.508347 109.743886
53.856264 145.880459 203.808703 69.889034 224.809763 76.778034 177.329000 186.360983 189.679055 146.238885 171.495641 109.756495
53.882240 146.012223 203.904842 70.076522 224.709845 76.870591 177.493778 186.577516 189.674765 146.286492 171.483220 109.768822
53.907945 146.142613 204.006275 70.274332 224.669001 77.078667 177.664231 186.790690 189.669533 146.344557 171.472147 109.779810
53.934714 146.278400 204.115979 70.483393 224.659633 77.206925 177.839912 187.002648 189.665709 146.386985 171.461358 109.790517
53.960457 146.408986 204.232612 70.704067 224.647104 77.436080 178.013551 187.212143 189.662149 146.469193 171.449646 109.802140
53.985427 146.535649 204.356114 70.937737 224.643164 77.572123 178.189807 187.424794 189.664129 146.545267 171.437011 109.814678
54.006161 146.640824 204.480249 71.181215 224.639372 77.704568 178.362425 187.633057 189.666600 146.640235 171.422815 109.828766
54.020938 146.715782 204.602374 71.422339 224.636316 77.824529 178.534787 187.841011 189.669405 146.747998 171.407342 109.844122
54.028481 146.754045 204.700543 71.678683 224.634287 77.971500 178.711586 188.045115 189.672381 146.868059 171.393676 109.857318
54.079096 146.901971 204.798925 71.933233 224.691497 78.052923 178.900225 188.238985 189.671936 146.985959 171.381043 109.868990
54.099081 146.976850 204.900164 72.186187 224.767086 78.046065 179.092071 188.436153 189.671581 147.079858 171.404903 109.891789
54.138323 147.135939 205.009036 72.439806 224.842278 78.039244 179.285591 188.635041 189.671238 147.170457 171.391833 109.903872
54.162617 147.246195 205.108165 72.670729 224.915577 78.032594 179.474229 188.828911 189.670988 147.236757 171.361506 109.931907
54.190376 147.372172 205.211995 72.880195 224.994552 78.025429 179.657288 189.017048 189.670873 147.267057 171.314877 109.975012
54.219620 147.504889 205.347736 73.164643 225.067652 78.018797 179.811832 189.172632 189.633482 147.255442 171.266780 110.019475
54.247939 147.633406 205.432008 73.367971 225.114759 78.014523 179.973674 189.353113 189.626461 147.178763 171.219711 110.062987
54.276472 147.762899 205.519574 73.579243 225.146130 78.011677 180.136479 189.496103 189.618255 147.089138 171.185565 110.094552
54.324621 147.981607 205.610241 73.797998 225.161566 78.010276 180.297588 189.636501 189.608545 146.983082 171.149364 110.128017
54.352365 148.107486 205.701673 74.018601 225.167542 78.009734 180.470100 189.773664 189.597522 146.862685 171.109638 110.164741
54.380540 148.235318 205.796169 74.246594 225.170131 78.009499 180.612963 189.886744 189.584358 146.724512 171.071747 110.199768
54.409941 148.368716 205.914464 74.475375 225.170828 78.009436 180.744708 189.990990 189.572322 146.594769 171.031801 110.236696
54.438094 148.496450 206.061155 74.681385 225.171227 78.009400 180.854581 190.070628 189.560905 146.471698 171.001327 110.264866
54.466140 148.623696 206.211675 74.892771 225.171426 78.009382 180.943737 190.135229 189.517686 146.337993 170.930853 110.334491
54.494551 148.752602 206.362717 75.104891 225.171426 78.009382 181.015729 190.186869 189.469488 146.259649 170.892773 110.375414
54.532820 148.935165 206.514339 75.317824 225.171426 78.009382 181.073908 190.227740 189.401078 146.233139 170.860551 110.410041
54.549257 149.015501 206.664182 75.535401 225.171426 78.009382 181.122023 190.261540 189.359137 146.235364 170.817974 110.455795
54.558438 149.060372 206.815840 75.759509 225.171426 78.009382 181.169647 190.294995 189.345057 146.236111 170.777918 110.498841
54.562908 149.082219 206.966210 75.981711 225.171426 78.009382 181.228890 190.336612 189.333910 146.239235 170.740178 110.539398
54.564872 149.091820 207.150199 76.429634 225.171426 78.009382 181.263994 190.361272 189.254889 146.273650 170.696511 110.586324
54.504916 149.191551 207.168697 76.702006 225.171426 78.009382 181.284123 190.375413 189.220417 146.316762 170.653458 110.632591
54.466404 149.219696 207.190658 77.025245 225.171426 78.009382 181.302289 190.388174 189.174391 146.374323 170.616672 110.672123
54.414490 149.257636 207.206534 77.259107 225.171426 78.009382 181.318572 190.399613 189.035891 146.547660 170.572886 110.716423
54.351192 149.303895 207.220501 77.464834 225.171426 78.009382 181.354167 190.424618 188.965512 146.635683 170.538527 110.750227
54.272877 149.361129 207.235666 77.688220 225.171426 78.009382 181.375259 190.584796 188.830312 146.796429 170.502100 110.786064
54.182371 149.427273 207.251806 77.925972 225.171426 78.009382 181.356402 190.649609 188.745060 146.897607 170.458389 110.815209
54.092591 149.492886 207.268458 78.236959 225.171426 78.009382 181.333540 190.734678 188.660092 147.000836 170.375617 110.895066
54.027532 149.525556 207.276141 78.496746 225.171426 78.009382 181.310539 190.842069 188.577222 147.101517 170.325923 110.970528
53.980864 149.541754 207.293889 78.927133 225.171426 78.009382 181.312866 190.956798 188.489013 147.208683 170.245571 111.053497
53.959135 149.549296 207.308874 79.199421 225.171426 78.009382 181.335987 191.088687 188.403536 147.312529 170.158239 111.151842
53.949877 149.552510 207.325207 79.473633 225.171426 78.009382 181.385924 191.232112 188.325114 147.407806 170.007065 111.330515
53.945437 149.554051 207.342359 79.748097 225.171426 78.009382 181.471030 191.379848 188.240525 147.510048 169.873426 111.480581
53.941753 149.555330 207.392282 80.018366 225.174414 78.009111 181.579204 191.527992 188.156585 147.609709 169.792853 111.563336
53.941375 149.555461 207.409941 80.332851 225.178098 78.008776 181.715940 191.670087 188.072968 147.708987 169.719326 111.638853
53.941186 149.555526 207.422848 80.591525 225.179592 78.008641 181.893376 191.788089 187.989029 147.808648 169.660798 111.698966
53.941091 149.555559 207.434486 80.854067 225.180688 78.008542 182.095953 191.814755 187.905991 147.907238 169.626755 111.733931
53.941091 149.555559 207.445792 81.109117 225.181883 78.008433 182.295637 191.765297 187.822631 148.006210 169.576527 111.785518
53.941091 149.555559 207.451683 81.334527 225.182182 78.008406 182.462089 191.626208 187.737017 148.107859 169.543531 111.819408
53.941091 149.555559 207.462898 81.569787 225.182480 78.008379 182.578479 191.446194 187.651016 148.209968 169.462762 112.018468
53.926732 149.560543 207.480255 81.913722 225.194431 78.007295 182.691033 191.259731 187.563772 148.317982 169.527736 112.069954
53.898674 149.570282 207.496939 82.179299 225.215744 78.005361 182.801882 191.076093 187.480612 148.428987 169.605486 112.131562
55.722300 149.915500 207.514180 82.453758 225.240243 78.003138 182.914229 190.889972 187.399670 148.537031 169.698206 112.205033
55.930986 149.943829 207.531121 82.723426 225.250800 78.002181 183.008672 190.742171 187.318488 148.645395 169.803387 112.288378
56.144032 149.972750 207.540651 82.998871 225.255481 78.001756 183.090890 190.613613 187.236043 148.753584 169.975777 112.440330
56.361240 150.002236 207.536737 83.270943 225.324534 78.084592 183.164643 190.510223 187.079840 148.934690 170.072311 112.537401
56.578943 150.031789 207.532795 83.544915 225.323446 78.121275 183.233675 190.419499 186.996406 149.029508 170.231894 112.698920
56.793971 150.060979 207.513103 83.816096 225.321905 78.173253 183.283934 190.353447 186.910263 149.127404 170.324173 112.794560
57.007554 150.040022 207.432762 84.067514 225.319836 78.243022 183.320206 190.305777 186.826072 149.223807 170.495857 112.949580
57.200386 149.953805 207.117073 84.376752 225.317091 78.335581 183.362077 190.259255 186.743632 149.325228 170.599863 113.039365
57.370497 149.816199 206.916075 84.559120 225.313688 78.450331 183.397016 190.223629 186.658354 149.430141 170.687822 113.115297
57.542553 149.677020 206.712559 84.743771 225.264324 78.571136 183.409339 190.211063 186.575851 149.531639 170.758750 113.176526
57.714145 149.539023 206.512750 84.935366 225.201461 78.693087 183.416691 190.203566 186.494168 149.632129 170.803713 113.215342
57.883291 149.404689 206.320674 85.126965 225.112217 78.900502 183.421872 190.198283 186.412846 149.732524 170.849781 113.256216
58.054708 149.268552 206.303453 85.415857 225.069230 79.022933 183.423413 190.196712 186.330331 149.835042 170.887228 113.291571
58.223228 149.134715 206.437026 85.652915 225.023319 79.143002 183.424323 190.195784 186.248067 149.937248 170.904897 113.308253
58.391513 149.001066 206.571827 85.892151 224.970784 79.270178 183.424603 190.195499 186.163734 150.042025 170.912819 113.427187
58.560032 148.867230 206.705154 86.128774 224.921036 79.390607 183.424603 190.195499 186.080968 150.144854 170.869478 113.465580
58.874106 148.726428 206.818321 86.506585 224.871336 79.511596 183.457606 190.153214 185.994315 150.252513 170.814460 113.514317
59.084386 148.677048 206.843303 86.777546 224.822755 79.632501 183.479252 190.122715 185.909342 150.358819 170.748214 113.573000
59.296867 148.660185 206.895270 87.042488 224.798059 79.766456 183.511083 190.077862 185.825175 150.466384 170.670668 113.638899
59.510090 148.668876 207.018036 87.283370 224.778896 79.896148 183.552233 190.019880 185.741533 150.570176 170.579470 113.711231
59.727809 148.677749 207.174063 87.506686 224.759314 80.030928 183.604611 189.946077 185.655569 150.676850 170.477852 113.791827
59.947527 148.686704 207.333746 87.730453 224.744711 80.163123 183.668911 189.855475 185.569731 150.783368 170.373178 113.874847
60.167444 148.695667 207.493545 87.954382 224.730317 80.293431 183.749637 189.752604 185.487720 150.885136 170.267329 113.958799
60.386412 148.698204 207.706584 88.246933 224.715198 80.430298 183.840184 189.639863 185.406085 150.986436 170.158581 114.045051
60.601408 148.699495 207.880233 88.461717 224.701056 80.558320 183.939560 189.516130 185.319306 151.094122 170.057432 114.125275
60.919097 148.701414 208.027995 88.695658 224.675288 80.786199 184.047766 189.381403 185.232777 151.201496 169.949233 114.211091
61.228996 148.703287 208.323962 89.140713 224.658609 80.921676 184.167055 189.232875 185.151269 151.302641 169.845969 114.292993
61.449093 148.704591 208.477519 89.367761 224.642492 81.052588 184.293859 189.074992 185.033141 151.390391 169.744194 114.373713
61.666389 148.705878 208.572662 89.624602 224.625716 81.188859 184.429680 188.905882 184.950359 151.487834 169.642027 114.454745
61.879785 148.707142 208.653128 89.885723 224.609367 81.321657 184.576721 188.726670 184.878401 151.585484 169.535786 114.539008
62.294198 148.709599 208.719360 90.149846 224.593482 81.450683 184.745053 188.548516 184.822400 151.661480 169.429232 114.623519
62.515294 148.710905 208.785250 90.412610 224.577023 81.584373 184.919977 188.363385 184.761120 151.744640 169.328084 114.703743
62.731490 148.712182 208.851196 90.678143 224.560344 81.719850 185.104723 188.167860 184.699237 151.828676 169.220354 114.789187
63.043297 148.713981 208.916098 90.941051 224.554051 81.850442 185.296047 187.965619 184.659036 151.883272 169.119541 114.872493
63.352099 148.715761 208.982199 91.208813 224.551998 81.979726 185.494251 187.757914 184.620139 151.936097 169.039544 114.940658
63.661497 148.717639 209.047341 91.472691 224.549818 82.117008 185.699981 187.542323 184.587883 151.979902 168.989765 114.983075
63.879294 148.718946 209.113873 91.742200 224.497556 82.220434 185.911411 187.319190 184.547800 152.034337 168.953610 115.013882
64.097691 148.719700 209.178607 92.004428 224.394353 82.299651 186.125816 187.087873 184.518509 152.074116 168.952378 115.108888
64.315391 148.719700 209.242190 92.272789 224.289723 82.379963 186.346884 186.849369 184.476479 152.128996 169.001761 115.176344
64.528791 148.719700 209.303718 92.536067 224.170487 82.416035 186.574002 186.604338 184.439937 152.149084 169.058646 115.254047
64.842796 148.717711 209.363558 92.799865 224.042127 82.429838 186.806866 186.354835 184.340998 152.326128 169.123860 115.343128
65.060889 148.716083 209.424083 93.066687 223.910984 82.443941 187.053518 186.101048 184.318146 152.397325 169.193602 115.450804
65.274484 148.714488 209.484874 93.334678 223.772816 82.454616 187.307210 185.840018 184.258007 152.476594 169.258523 115.564931
65.496177 148.712833 209.545577 93.602280 223.538713 82.447910 187.569265 185.570383 184.188863 152.567734 169.317271 115.682562
65.712771 148.711216 209.600351 93.843745 223.405469 82.444047 187.838429 185.293433 184.085997 152.701529 169.377670 115.807140
66.025900 148.710131 209.645502 94.042788 223.271325 82.440158 188.109980 185.006597 183.999497 152.807768 169.461111 116.010073
66.246598 148.711047 209.682003 94.203700 223.133783 82.436171 188.369059 184.697896 183.915774 152.910595 169.555400 116.216505
66.460796 148.711937 209.679975 94.344259 223.001139 82.432325 188.623537 184.372104 183.832936 153.012336 169.597533 116.345499
66.771148 148.684281 209.708314 94.469185 222.868095 82.428468 188.876973 184.035979 183.779450 153.207628 169.640596 116.477344
66.981310 148.645011 209.731343 94.570706 222.734351 82.424590 189.130054 183.692187 183.777439 153.280801 169.679224 116.600715
67.198232 148.600208 209.752625 94.664522 222.508100 82.420470 189.369380 183.330817 183.777414 153.348611 169.714415 116.725862
67.407255 148.546553 209.772314 94.751317 222.373400 82.420359 189.593439 182.949120 183.790180 153.414995 169.751148 116.856495
67.620637 148.491779 209.812505 94.926397 222.240600 82.420249 189.813018 182.564983 183.796424 153.443857 169.787150 116.984530
67.926336 148.412397 209.842637 95.032189 222.105800 82.420157 190.019395 182.176395 183.871293 153.564666 169.822747 117.111120
68.135349 148.359935 209.875071 95.146060 221.968500 82.420078 190.216750 181.778556 183.920007 153.603019 169.858695 117.238962
68.344413 148.308073 209.909861 95.268202 221.832800 82.420001 190.403090 181.376624 183.983885 153.653311 169.894643 117.366804
68.554544 148.255946 209.946102 95.395441 221.699200 82.419924 190.556409 180.960575 184.065048 153.717212 169.930456 117.494165
68.769042 148.202735 209.980481 95.516141 221.471176 82.409076 190.705693 180.556574 184.161297 153.792991 169.966341 117.622751
68.977899 148.149237 210.015189 95.637994 221.342282 82.398835 190.821601 180.161320 184.271139 153.879471 170.000070 117.744672
69.192891 148.093899 210.051622 95.765907 221.209599 82.388313 190.911603 179.827334 184.393395 153.975725 170.030920 117.856183
69.404009 148.039558 210.087672 95.892473 221.085128 82.459657 190.986743 179.535343 184.541862 154.066494 170.049104 117.921914
69.618291 147.987671 210.124708 96.022501 221.066746 82.593299 191.037828 179.278168 184.715717 154.124451 170.061209 117.965671
69.925928 147.916834 210.160155 96.146952 221.047874 82.730507 191.080867 179.061501 184.913099 154.096913 169.996155 118.087391
70.140192 147.861877 210.195383 96.270632 221.030188 82.859096 191.158082 178.832409 185.084160 153.967047 169.919184 118.108068
70.354166 147.806995 210.233350 96.403931 221.012174 82.990063 191.161361 178.610634 185.167562 153.779196 169.829175 118.132248
70.648752 147.710880 210.270277 96.533574 220.994651 83.117464 191.175496 178.395971 185.188759 153.672629 169.717630 118.162213
70.848445 147.635630 210.339081 96.654687 220.976692 83.248035 191.219713 178.184443 185.116241 153.520164 169.590343 118.196407
71.054032 147.558159 210.375407 96.782214 220.957848 83.385045 191.264340 177.970957 185.041079 153.412018 169.462862 118.230653
71.258965 147.480935 210.410885 96.906760 220.939766 83.516507 191.310042 177.756885 184.980991 153.349828 169.334803 118.265055
71.460342 147.405051 210.446170 97.030632 220.876269 83.726616 191.357345 177.542747 184.933280 153.316149 169.203599 118.306367
71.666585 147.327333 210.482552 97.158352 220.828116 83.852951 191.405188 177.326168 184.905013 153.296195 169.080895 118.347138
71.871985 147.249932 210.520522 97.291649 220.779607 83.980219 191.451219 177.117792 184.896680 153.290313 168.955725 118.388730
72.169675 147.143352 210.557533 97.421581 220.733271 84.101788 191.499970 176.902340 184.887612 153.283912 168.830744 118.430259
72.506511 147.029580 210.593285 97.547088 220.686543 84.224385 191.549358 176.686211 184.866453 153.268975 168.706195 118.472421
72.711690 146.960800 210.629200 97.673172 220.637393 84.353335 191.594558 176.475935 184.848153 153.256058 168.576007 118.519970
73.013656 146.861652 210.665828 97.801757 220.590558 84.476212 191.636669 176.264793 184.835817 153.247349 168.446476 118.567279
73.221434 146.799063 210.701689 97.927649 220.506681 84.694168 191.647410 176.052731 184.830261 153.243428 168.199315 118.753435
73.429116 146.736503 210.739522 98.060466 220.457584 84.820139 191.591996 175.846398 184.826585 153.240833 168.098395 118.846676
73.641011 146.672673 210.774835 98.184434 220.410775 84.940239 191.492772 175.657918 184.824379 153.239276 168.000560 118.937066
73.862698 146.515147 210.811436 98.312923 220.365309 85.056892 191.349809 175.498252 184.824134 153.239103 167.899346 119.030579
73.963784 146.323243 210.849187 98.445451 220.323439 85.164321 191.192471 175.347072 184.823971 153.238987 167.797911 119.124295
74.066314 146.128596 210.886555 98.576633 220.291446 85.246407 191.055097 175.180767 184.823971 153.238987 167.702941 119.212039
74.166654 145.938107 210.922662 98.703391 220.257674 85.333058 190.974273 174.980430 184.823971 153.238987 167.620603 119.288111
74.269278 145.743283 210.958961 98.830821 220.237447 85.384955 190.972475 174.763578 184.823971 153.238987 167.546639 119.356447
74.371808 145.548635 210.995534 98.959214 220.223212 85.421479 191.005548 174.547500 184.823971 153.238987 167.487732 119.410872
74.526244 145.396937 211.010328 99.089549 220.263989 85.499998 191.038305 174.334100 184.823971 153.238987 167.427871 119.466178
74.686478 145.252238 211.024585 99.218161 220.326668 85.530023 191.070324 174.120491 184.823971 153.238987 167.382993 119.507642
74.847083 145.107204 211.039602 99.353631 220.403598 85.566874 191.100023 173.902707 184.823971 153.238987 167.378182 119.608838
75.007317 144.962504 211.054189 99.485225 220.492341 85.609384 191.128910 173.690867 184.823971 153.238987 167.450337 119.680365
75.160928 144.811731 211.069163 99.620298 220.594974 85.658547 191.158906 173.470903 184.823971 153.238987 167.537690 119.766958
75.250011 144.617373 211.083673 99.751196 220.711134 85.714190 191.188767 173.251930 184.811961 153.230510 167.635342 119.863760
75.331635 144.439288 211.097908 99.879609 220.921012 85.822609 191.217884 173.038406 184.789413 153.214593 167.747623 119.975063
75.400926 144.288112 211.112462 100.010905 221.035500 85.886070 191.247448 172.821612 184.776996 153.205827 167.873043 120.099391
75.459051 144.161298 211.126730 100.139617 221.152612 85.950986 191.277362 172.602243 184.768499 153.199830 167.982767 120.208161
75.495162 144.049569 211.141329 100.271310 221.268936 86.015465 191.355315 172.379927 184.656498 153.136237 168.082315 120.320366
75.520037 143.960372 211.156026 100.403898 221.381500 86.077859 191.403139 172.246860 184.604815 153.117426 168.145135 120.425299
75.543434 143.876474 211.171132 100.540163 221.498700 86.142823 191.564548 172.076601 184.535747 153.092289 168.196243 120.510670
75.559740 143.818005 211.186160 100.675733 221.619048 86.209532 191.697407 172.098370 184.449483 153.060892 168.242060 120.587204
75.570377 143.779860 211.221316 100.799701 221.737646 86.275272 191.820766 172.135060 184.347996 153.023955 168.265085 120.657740
75.617002 143.664166 211.258508 100.928852 221.703347 86.400070 191.945276 172.172091 184.234762 152.982743 168.282005 120.722465
75.633277 143.643634 211.287426 101.029271 221.656374 86.525994 192.076304 172.211061 184.106319 152.935662 168.298697 120.786319
75.711607 143.628372 211.314075 101.121811 221.608247 86.655010 192.191559 172.245338 183.962992 152.882988 168.311899 120.836822
75.778191 143.611299 211.340034 101.188135 221.569872 86.757885 192.336973 172.254183 183.806242 152.825382 168.329249 120.903192
75.864996 143.615364 211.358606 101.229014 221.544463 86.826001 192.487557 172.298960 183.637102 152.763223 168.341617 120.950502
76.027721 143.604486 211.373455 101.261699 221.529400 86.866383 192.649068 172.346986 183.451654 152.695910 168.351000 120.986396
76.226359 143.560457 211.378543 101.272898 221.475114 87.008418 192.827161 172.399943 183.247964 152.629636 168.362064 121.031957
76.360387 143.548068 211.383010 101.282730 221.445384 87.083980 193.020982 172.457547 183.042944 152.562928 168.371458 121.077805
76.488988 143.520195 211.384623 101.286281 221.410455 87.172756 193.229081 172.522416 182.835546 152.495448 168.400312 121.230413
76.618780 143.499149 211.385781 101.288830 221.368460 87.279491 193.416121 172.584262 182.632508 152.429434 168.413286 121.305500
76.749679 143.482049 211.386029 101.289377 221.320496 87.401395 193.563379 172.632955 182.424351 152.363332 168.428967 121.396256
76.886363 143.474679 211.386029 101.289377 221.271801 87.525160 193.680234 172.685107 182.219626 152.298321 168.446827 121.499624
77.023035 143.468855 211.386029 101.289377 221.221714 87.652461 193.965722 172.738037 182.013285 152.240599 168.468246 121.623587
77.155654 143.464213 211.386029 101.289377 221.171407 87.780320 194.028073 172.756407 181.800769 152.198412 168.491725 121.759474
77.292170 143.459434 211.386029 101.289377 221.123810 87.901293 194.075363 172.770340 181.583591 152.162808 168.517622 121.909353
77.428687 143.454655 211.386029 101.289377 221.076616 88.021243 194.103948 172.778762 181.364059 152.133343 168.546345 122.075590
77.566502 143.449830 211.386029 101.289377 221.026932 88.147520 194.126106 172.785290 181.145023 152.103945 168.577145 122.253849
77.701819 143.445093 211.386029 101.289377 220.977723 88.272588 194.145291 172.790942 180.929852 152.075066 168.610226 122.445312
77.831732 143.407595 211.386029 101.289377 220.930639 88.392258 194.161790 172.795803 180.714979 152.046227 168.629898 122.651217
77.961353 143.403059 211.386029 101.289377 220.855856 88.580223 194.175315 172.799788 180.499709 152.017334 168.649278 122.870864
78.092473 143.398470 211.386029 101.289377 220.806097 88.701945 194.187114 172.803264 180.286125 151.988668 168.668051 123.083637
78.230288 143.393647 211.386029 101.289377 220.755695 88.825241 194.195363 172.805695 180.069765 151.959629 168.687097 123.299499
78.361308 143.389062 211.386029 101.289377 220.705671 88.947611 194.199584 172.806938 179.857766 151.931175 168.695383 123.482031
78.494227 143.384410 211.386029 101.289377 220.656214 89.068592 194.203900 172.808210 179.644379 151.902535 168.678453 123.645959
78.624947 143.379835 211.386029 101.289377 220.605850 89.191796 194.207833 172.809369 179.425838 151.873204 168.645848 123.778583
78.753768 143.375327 211.386029 101.289377 220.568615 89.282879 194.211094 172.810330 179.212452 151.844564 168.482719 123.893139
78.892083 143.370486 211.386029 101.289377 220.540614 89.351376 194.212054 172.810612 178.984844 151.847300 168.350301 123.869006
79.086479 143.363525 211.386029 101.289377 220.526235 89.386551 194.213301 172.810980 178.765708 151.817892 168.219357 123.845142
79.216194 143.358833 211.386029 101.289377 220.560277 89.461558 194.213876 172.811149 178.552520 151.789281 168.084804 123.857046
79.349107 143.354026 211.386029 101.289377 220.627600 89.483148 194.214164 172.811234 178.338073 151.789086 167.956006 123.871440
79.480121 143.349287 211.386029 101.289377 220.713682 89.510752 194.214260 172.811262 178.118194 151.786055 167.827506 123.885801
79.615233 143.344400 211.386029 101.289377 220.819761 89.544769 194.214356 172.811290 177.897116 151.782922 167.698174 123.919397
79.753842 143.339386 211.386029 101.289377 220.936125 89.582084 194.214452 172.811319 177.680163 151.800447 167.567469 123.955873
79.883857 143.334683 211.386029 101.289377 221.017827 89.608284 194.214452 172.811319 177.460948 151.819015 167.440103 123.991296
80.015371 143.329926 211.386029 101.289377 221.061249 89.622209 194.214452 172.811319 177.246324 151.835902 167.314292 124.027064
80.146186 143.325195 211.386029 101.289377 221.083468 89.630913 194.214452 172.811319 177.027723 151.851948 167.185135 124.064954
80.280698 143.320329 211.386029 101.289377 221.089487 89.633619 194.214452 172.811319 176.574395 151.870037 167.068810 124.101356
80.417908 143.315366 211.386029 101.289377 221.094048 89.635669 194.214452 172.811319 176.355985 151.855399 166.966308 124.134737
80.546824 143.310703 211.389752 101.297571 221.095051 89.636120 194.214452 172.811319 176.137746 151.836109 166.881398 124.162389
80.676139 143.306026 211.397694 101.315051 221.095234 89.636202 194.214452 172.811319 175.917534 151.811525 166.820353 124.182269
80.814249 143.301030 211.413908 101.350741 221.095234 89.636202 194.214452 172.811319 175.700880 151.774473 166.758778 124.206063
80.947862 143.296198 211.435541 101.398357 221.095234 89.636202 194.214452 172.811319 175.490874 151.730389 166.718087 124.233002
81.076729 143.290394 211.522445 101.539003 221.095234 89.636202 194.214452 172.811319 175.278595 151.684415 166.616053 124.331190
81.213619 143.284988 211.576563 101.607760 221.095234 89.636202 194.214452 172.811319 175.065196 151.634788 166.569806 124.399509
81.343819 143.279969 211.641752 101.690582 221.095234 89.636202 194.214452 172.811319 174.850702 151.584108 166.535796 124.487778
81.477638 143.273002 211.714549 101.783069 221.095234 89.636202 194.214452 172.811319 174.636039 151.527255 166.511906 124.604151
81.609559 143.266135 211.798293 101.889465 221.095234 89.636202 194.214452 172.811319 174.422671 151.465599 166.490675 124.737234
81.741880 143.259247 211.884140 101.998533 221.095234 89.636202 194.214452 172.811319 174.206741 151.418360 166.488860 124.872822
81.874500 143.252343 211.969519 102.101068 221.095234 89.636202 194.214452 172.811319 173.988713 151.381143 166.500748 125.002568
82.008865 143.246466 212.058220 102.199498 221.095234 89.636202 194.214452 172.811319 173.777364 151.348209 166.545717 125.124436
82.147398 143.242186 212.137348 102.287304 221.095234 89.636202 194.214452 172.811319 173.562162 151.315332 166.592561 125.251261
82.285331 143.237870 212.225580 102.385214 221.099612 89.638169 194.214452 172.811319 173.347841 151.283304 166.637849 125.373971
82.414966 143.233751 212.314549 102.483941 221.116760 89.645876 194.214452 172.811319 173.130283 151.251450 166.685784 125.503911
82.551677 143.226625 212.407535 102.587125 221.144762 89.658461 194.214452 172.811319 172.917057 151.234479 166.732542 125.630661
82.689611 143.217287 212.490077 102.678720 221.194016 89.680598 194.214452 172.811319 172.699246 151.217143 166.761467 125.755243
82.820543 143.201335 212.554410 102.750109 221.245550 89.703759 194.214452 172.811319 172.478045 151.199538 166.669124 125.839187
82.954254 143.185044 212.611915 102.813921 221.279937 89.719213 194.214452 172.811319 172.203851 151.177683 166.544741 125.885999
83.089653 143.168548 212.654826 102.861539 221.329766 89.850483 194.214452 172.811319 171.982827 151.160376 166.422511 125.932000
83.223165 143.152281 212.683545 102.893408 221.310480 89.925545 194.214452 172.811319 171.764296 151.143264 166.301217 125.977649
83.356990 143.170707 212.703227 102.915248 221.288158 90.012424 194.214452 172.811319 171.548856 151.126394 166.095229 126.023659
83.490654 143.192321 212.712465 102.925499 221.260262 90.120997 194.214452 172.811319 171.331804 151.109609 165.965344 126.069086
83.723611 143.208416 212.725854 102.940357 221.227265 90.249426 194.214452 172.811319 171.111244 151.092794 165.843576 126.111673
83.854559 143.185143 212.734758 102.950237 221.194367 90.377467 194.214452 172.811319 170.864127 151.073989 165.717372 126.155812
83.983242 143.162272 212.742925 102.959300 221.160250 90.510254 194.214452 172.811319 170.650236 151.057833 165.593245 126.199224
84.117242 143.138457 212.758322 102.976386 221.127303 90.638489 194.214452 172.811319 170.433228 151.041863 165.465247 126.243990
84.249273 143.114991 212.765552 102.984409 221.093658 90.769436 194.214452 172.811319 170.212406 151.030782 165.339043 126.288129
84.381648 143.097002 212.775058 102.994957 221.059641 90.901836 194.214452 172.811319 169.992382 151.019741 165.214444 126.331707
84.510916 143.094109 212.795275 103.017392 221.029978 91.017286 194.214452 172.811319 169.776454 151.008905 165.092393 126.374393
84.641083 143.091196 212.860115 103.083333 220.999444 91.136126 194.214452 172.811319 169.557130 150.997899 164.968927 126.417574
84.770651 143.088297 212.902119 103.127152 220.928569 91.360860 194.214452 172.811319 169.340503 150.987028 164.840835 126.462374
84.901618 143.085366 212.934297 103.160721 220.881781 91.491430 194.214452 172.811319 169.123176 150.976122 164.715729 126.506908
85.036784 143.082341 212.955611 103.182955 220.837118 91.616070 194.214452 172.811319 168.909358 150.952837 164.593222 126.551879
85.174650 143.079255 212.972565 103.200642 220.792016 91.741933 194.214452 172.811319 168.693250 150.911104 164.470152 126.597057
85.309805 143.076030 212.980315 103.208727 220.746038 91.870244 194.214452 172.811319 168.476848 150.869315 164.350149 126.644042
85.441905 143.064525 212.981699 103.210171 220.701071 91.995730 194.214452 172.811319 168.263981 150.828208 164.224293 126.696107
85.574802 143.052950 212.982253 103.210748 220.655565 92.122723 194.214452 172.811319 168.052979 150.787461 164.110265 126.743279
85.704013 143.041697 212.982668 103.211182 220.610430 92.248681 194.214452 172.811319 167.837325 150.739463 164.014256 126.782997
85.835555 143.032105 212.982668 103.211182 220.567049 92.369743 194.214452 172.811319 167.628540 150.688143 163.938207 126.814458
85.973572 143.023258 212.982668 103.211182 220.521813 92.495983 194.214452 172.811319 167.415190 150.635702 163.886830 126.835712
86.106699 143.014725 212.982668 103.211182 220.488147 92.589933 194.214452 172.811319 167.171103 150.554549 163.856151 126.848404
86.242658 143.003975 212.982668 103.211182 220.463488 92.658748 194.214452 172.811319 166.964156 150.494797 163.830278 126.859107
86.378444 142.991041 212.982668 103.211182 220.448206 92.701393 194.214452 172.811319 166.713770 150.441455 163.815770 126.865109
86.514528 142.978079 212.982668 103.211182 220.433499 92.742437 194.214452 172.811319 166.505640 150.365083 163.782597 126.878832
86.648322 142.965334 212.987927 103.216668 220.416598 92.789601 194.214452 172.811319 166.297135 150.288573 163.731387 126.946346
86.785601 142.952258 212.998930 103.228146 220.405230 92.821325 194.214452 172.811319 166.089756 150.212476 163.750200 127.003636
86.917083 142.939504 213.024119 103.254423 220.356826 92.964560 194.214452 172.811319 165.888760 150.138721 163.775472 127.080593
87.129262 142.923846 213.066054 103.298170 220.333913 93.035239 194.214452 172.811319 165.686826 150.064623 163.805424 127.171801
87.260856 142.916493 213.171246 103.288361 220.305172 93.123897 194.214452 172.811319 165.478602 149.990577 163.846609 127.282023
87.390155 142.909268 213.238933 103.225756 220.271805 93.226823 194.214452 172.811319 165.275500 149.918838 163.897445 127.397641
87.536383 142.900969 213.315649 103.154800 220.232640 93.347634 194.214452 172.811319 165.067656 149.847640 163.949679 127.513268
87.665595 142.893988 213.401323 103.075560 220.189837 93.479669 194.214452 172.811319 164.860741 149.790748 164.007740 127.630810
87.793907 142.887055 213.498522 102.985659 220.148933 93.608711 194.214452 172.811319 164.648949 149.756149 164.060929 127.738490
87.930908 142.879653 213.590949 102.900172 220.117688 93.736343 194.214452 172.811319 164.430726 149.733230 164.102294 127.822230
88.061153 142.871844 213.684771 102.813395 220.085374 93.868345 194.214452 172.811319 164.204461 149.688185 164.137369 127.893240
88.191889 142.856794 213.780208 102.725124 220.053820 93.997239 194.214452 172.811319 164.016216 149.695836 164.172148 127.963727
88.329481 142.840956 213.875498 102.636989 220.022076 94.126910 194.214452 172.811319 163.848854 149.702638 164.193288 128.006598
88.467746 142.831571 213.994629 102.571813 219.990522 94.255804 194.214452 172.811319 163.692084 149.709010 164.217435 128.055568
88.601383 142.823184 214.094329 102.479610 219.959373 94.383047 194.214452 172.811319 163.517047 149.719673 164.237071 128.095390
88.729930 142.815117 214.191093 102.390122 219.927272 94.514175 194.214452 172.811319 163.356595 149.732952 164.285181 128.197368
88.866062 142.806573 214.292702 102.296153 219.896337 94.640543 194.214452 172.811319 163.208900 149.745176 164.314491 128.259060
88.994709 142.798499 214.393945 102.202524 219.865330 94.767203 194.214452 172.811319 163.076652 149.756121 164.337792 128.308106
89.219645 142.783342 214.495187 102.108895 219.823476 94.891299 194.214452 172.811319 162.936711 149.780253 164.358519 128.351733
89.349234 142.774359 214.594080 102.017439 219.729096 95.100646 194.214452 172.811319 162.785621 149.816170 164.380332 128.397943
89.482157 142.763152 214.693633 101.925371 219.669304 95.221794 194.214452 172.811319 162.630932 149.852942 164.442978 128.527631
89.615015 142.751142 214.793040 101.833439 219.615487 95.330837 194.214452 172.811319 162.462907 149.894856 164.480052 128.600660
89.742993 142.739574 214.890758 101.743069 219.576762 95.409301 194.214452 172.811319 162.294999 149.924073 164.526768 128.692681
89.871270 142.727978 214.991226 101.649781 219.532726 95.498526 194.214452 172.811319 162.114173 150.011839 164.581813 128.801109
90.007216 142.715689 215.087685 101.560112 219.506437 95.551792 194.214452 172.811319 161.920842 150.105675 164.657899 128.941817
90.138281 142.703841 215.184364 101.470239 219.491124 95.582819 194.214452 172.811319 161.728051 150.199248 164.766625 129.142493
90.266957 142.692209 215.278992 101.382272 219.510102 95.684369 194.214452 172.811319 161.539899 150.306981 164.838212 129.257657
90.403201 142.679893 215.351721 101.314663 219.536328 95.710469 194.215891 172.811743 161.354428 150.416121 164.909799 129.372821
90.531976 142.668252 215.415002 101.255837 219.549441 95.723519 194.219632 172.812845 160.905455 150.716407 164.979327 129.484672
90.665034 142.656224 215.475353 101.199734 219.532025 95.752773 194.229704 172.815812 160.739604 150.851962 165.047271 129.593976
90.801178 142.643917 215.655107 101.214342 219.537624 95.758346 194.246778 172.820843 160.581283 151.006159 165.116007 129.704553
90.935485 142.632394 215.718754 101.297224 219.545138 95.765823 194.253588 172.822849 160.430200 151.165940 165.183898 129.813772
91.070998 142.620900 215.791597 101.392082 219.549178 95.769844 194.263852 172.825873 160.283678 151.327985 165.253479 129.925709
91.203722 142.609642 215.875281 101.501057 219.557046 95.777674 194.273061 172.828586 160.154500 151.489517 165.323386 130.035842
91.341327 142.597969 215.952510 101.601626 219.568883 95.789454 194.276994 172.829745 160.042760 151.671206 165.411863 130.157159
91.471759 142.586906 216.033303 101.706770 219.586107 95.806595 194.286202 172.832458 159.927808 151.855965 165.506641 130.296183
91.600696 142.575969 216.187838 101.872934 219.617083 95.837420 194.295507 172.835199 159.812264 152.041179 165.612423 130.444654
91.735014 142.564576 216.282103 101.968592 219.655571 95.875723 194.309896 172.839439 159.697989 152.224357 165.728534 130.607621
91.927055 142.572486 216.374273 102.062104 219.700865 95.920798 194.324092 172.843621 159.584562 152.406178 165.853987 130.783700
92.060074 142.583803 216.467917 102.157111 219.752112 95.971798 194.343373 172.849302 159.465189 152.593727 165.980021 130.960594
92.195784 142.595349 216.564932 102.255536 219.817111 96.036482 194.358060 172.853209 159.379170 152.788840 166.082026 131.154461
92.331494 142.606895 216.658506 102.350471 219.895670 96.114617 194.379855 172.858796 159.259724 152.974899 166.170587 131.355739
92.465410 142.618289 216.749343 102.442629 219.986634 96.202669 194.397582 172.863340 159.127104 153.190628 166.258503 131.555553
92.578994 142.661031 216.844602 102.539274 220.063012 96.276602 194.408722 172.866196 159.030817 153.381829 166.374519 131.833075
92.809985 142.642809 216.927155 102.623027 220.129259 96.340728 194.421993 172.869597 158.924296 153.571688 166.439694 131.990626
92.936689 142.608373 216.987385 102.684134 220.177399 96.387328 194.426740 172.870814 158.805628 153.757522 166.494700 132.123598
93.069762 142.572207 217.035120 102.732563 220.213779 96.428970 194.429064 172.871410 158.678541 153.936612 166.532543 132.215080
93.200133 142.536775 217.081592 102.779710 220.243844 96.463520 194.430421 172.871758 158.554549 154.113723 166.564500 132.292331
93.330329 142.507444 217.114796 102.813397 220.259206 96.481172 194.431099 172.871931 158.427517 154.295176 166.583383 132.337979
93.461446 142.489054 217.131643 102.830489 220.265639 96.488565 194.431099 172.871931 158.289469 154.468900 166.595386 132.366995
93.589889 142.471038 217.216439 102.916858 220.272138 96.496033 194.431099 172.871931 158.154941 154.637759 166.600661 132.379747
93.725066 142.452079 217.222520 102.923080 220.273057 96.497089 194.431099 172.871931 158.006645 154.798908 166.603490 132.386585
93.856281 142.433674 217.226014 102.926656 220.273516 96.497617 194.431099 172.871931 157.856656 154.961898 166.604025 132.387878
93.985417 142.415562 217.226713 102.927371 220.273582 96.497693 194.431099 172.871931 157.712016 155.119074 166.604369 132.388710
94.176962 142.395387 217.227482 102.928158 220.273582 96.497693 194.431099 172.871931 157.567376 155.276250 166.604446 132.388895
94.314304 142.382985 217.228461 102.929159 220.273582 96.497693 194.431099 172.871931 157.421856 155.434382 166.604446 132.388895
94.449254 142.370799 217.231536 102.932306 220.273582 96.497693 194.431099 172.871931 157.280128 155.588394 166.604446 132.388895
94.585600 142.358487 217.240203 102.941174 220.273582 96.497693 194.431099 172.871931 157.134608 155.746527 166.604446 132.388895
94.718957 142.346445 217.249080 102.950257 220.273582 96.497693 194.431099 172.871931 156.991761 155.902497 166.604446 132.388895
94.849526 142.334654 217.259354 102.960770 220.273582 96.497693 194.431099 172.871931 156.844815 156.063528 166.604446 132.388895
94.977388 142.321179 217.276479 102.978291 220.273582 96.497693 194.431099 172.871931 156.698092 156.219007 166.604446 132.388895
95.113665 142.302893 217.282280 102.984227 220.273582 96.497693 194.431099 172.871931 156.548239 156.374155 166.604446 132.388895
95.250669 142.286341 217.294582 102.996814 220.273582 96.497693 194.431099 172.871931 156.396997 156.530741 166.604446 132.388895
95.387856 142.271401 217.309399 103.011976 220.273582 96.497693 194.431099 172.871931 156.244157 156.688981 166.605860 132.392314
95.581801 142.256179 217.316668 103.019413 220.273582 96.497693 194.431099 172.871931 156.120496 156.817012 166.610447 132.403403
95.713714 142.249157 217.323518 103.026422 220.273582 96.497693 194.431099 172.871931 156.000621 156.941747 166.617366 132.420128
95.849722 142.241917 217.328690 103.031714 220.273582 96.497693 194.431099 172.871931 155.895895 157.051083 166.628145 132.446186
95.985829 142.234671 217.330508 103.033574 220.273582 96.497693 194.431099 172.871931 155.796910 157.154425 166.644238 132.485089
96.267665 142.220626 217.331556 103.034647 220.273582 96.497693 194.431099 172.871931 155.710238 157.244913 166.667327 132.540902
96.401997 142.216336 217.331975 103.035076 220.273582 96.497693 194.431099 172.871931 155.641965 157.316191 166.696149 132.610576
96.538827 142.211967 217.331975 103.035076 220.273582 96.497693 194.442335 172.874812 155.586213 157.374397 166.761395 132.798499
96.677656 142.207533 217.331975 103.035076 220.273582 96.497693 194.467812 172.881342 155.535510 157.427332 166.788587 132.902296
96.811188 142.203269 217.331975 103.035076 220.273582 96.497693 194.511587 172.896503 155.493453 157.471240 166.820291 133.023312
96.941522 142.199107 217.331975 103.035076 220.273582 96.497693 194.541570 172.949855 155.456654 157.509659 166.855163 133.156420
97.072954 142.161878 217.331975 103.035076 220.273582 96.497693 194.694926 172.946395 155.426356 157.541290 166.908990 133.364886
97.202388 142.157744 217.331975 103.035076 220.273582 96.497693 194.784788 172.971114 155.394814 157.574221 166.940071 133.499751
97.396915 142.149682 217.331975 103.035076 220.273582 96.497693 194.887860 172.999467 155.374408 157.595525 166.970681 133.632569
97.529848 142.143029 217.331975 103.035076 220.273582 96.497693 195.006551 173.032116 155.351028 157.619934 167.001786 133.767531
97.663381 142.136347 217.331975 103.035076 220.273582 96.497693 195.143466 173.069778 155.329424 157.642444 167.032216 133.899570
97.799411 142.129540 217.332814 103.035934 220.273582 96.497693 195.291372 173.110464 155.308908 157.663502 167.078597 134.088853
97.935441 142.122733 217.337008 103.040225 220.273582 96.497693 195.547252 173.262671 155.287484 157.685491 167.112314 134.222774
98.066976 142.116151 217.339804 103.043086 220.273582 96.497693 195.725482 173.316218 155.272969 157.700389 167.144272 134.349713
98.204804 142.109254 217.348610 103.052097 220.273582 96.497693 195.921141 173.375007 155.264735 157.708841 167.176866 134.479173
98.343430 142.102318 217.353643 103.057246 220.273582 96.497693 196.128962 173.437451 155.259850 157.713855 167.227006 134.672780
98.543093 142.094458 217.359514 103.063253 220.273582 96.497693 196.350000 173.503865 155.259850 157.713855 167.260429 134.801099
98.681266 142.091752 217.370767 103.074768 220.273582 96.497693 196.586936 173.575057 155.255314 157.718510 167.294733 134.932804
98.813141 142.089170 217.378875 103.083063 220.273582 96.497693 196.894431 173.667450 155.251755 157.722163 167.335067 135.132187
98.948015 142.086528 217.386633 103.091002 220.273582 96.497693 197.244581 173.772630 155.249243 157.724742 167.373624 135.319332
99.085689 142.083832 217.394671 103.099226 220.273582 96.497693 197.500871 173.849605 155.245405 157.728681 167.404438 135.453950
99.219557 142.082850 217.404806 103.109596 220.273582 96.497693 197.717794 173.914774 155.226144 157.748450 167.434115 135.583597
99.323888 142.098513 217.414801 103.119823 220.273582 96.497693 197.932302 173.878219 155.208280 157.766786 167.463301 135.711099
99.389255 142.108326 217.422420 103.127619 220.273582 96.497693 198.007942 173.670993 155.196556 157.778819 167.488649 135.821835
99.435536 142.115274 217.429829 103.135199 220.273582 96.497693 198.082108 173.467805 155.188112 157.787486 167.503488 135.886658
99.456600 142.118437 217.434582 103.140062 220.273582 96.497693 198.155691 173.266215 155.172481 157.803530 167.512458 135.925845
99.462237 142.119283 217.436049 103.141564 220.273582 96.497693 198.278630 172.969843 155.158105 157.818285 167.444535 136.016223
99.462929 142.119387 217.436399 103.141922 220.273582 96.497693 198.373075 172.778145 155.144497 157.832252 167.375019 136.038504
99.463028 142.119402 217.436748 103.142279 220.273582 96.497693 198.511629 172.533617 155.144497 157.832252 167.292456 136.064965
99.463028 142.119402 217.436818 103.142351 220.273582 96.497693 198.602879 172.340267 155.144497 157.832252 167.188752 136.098203
99.463028 142.119402 217.436818 103.142351 220.273582 96.497693 198.697159 172.140497 155.144497 157.832252 167.072192 136.135561
99.463028 142.119402 217.436818 103.142351 220.273582 96.497693 198.791438 171.940727 155.144497 157.832252 166.938758 136.166136
99.463028 142.119402 217.436818 103.142351 220.273582 96.497693 198.882560 171.747649 155.144497 157.832252 166.806450 136.186103
99.463028 142.119402 217.436818 103.142351 220.273582 96.497693 198.974151 171.553576 155.144497 157.832252 166.668995 136.171767
99.463028 142.119402 217.436818 103.142351 220.277455 96.502144 199.115066 171.386932 155.144497 157.832252 166.540990 136.158418
99.463028 142.119402 217.436818 103.142351 220.288943 96.515345 199.359988 171.276962 155.144497 157.832252 166.414172 136.138102
99.463028 142.119402 217.436818 103.142351 220.313495 96.543558 199.571973 171.277200 155.131308 157.845789 166.285136 136.103480
99.463028 142.119402 217.436818 103.142351 220.348681 96.583992 199.782755 171.267364 155.105837 157.871933 166.153878 136.068263
99.463028 142.119402 217.436818 103.142351 220.501493 96.763366 199.910165 171.094346 155.066130 157.912688 166.028828 136.033485
99.463028 142.119402 217.436818 103.142351 220.557626 96.830619 200.026406 170.909567 155.012187 157.968054 165.904116 135.997863
99.463028 142.119402 217.436818 103.142351 220.624652 96.910923 200.144137 170.722419 154.947079 158.034881 165.777096 135.961582
99.463028 142.119402 217.439684 103.145283 220.704747 97.005300 200.251077 170.532720 154.867526 158.116534 165.682865 135.934667
99.463028 142.119402 217.443109 103.148788 220.791205 97.100499 200.341924 170.334992 154.775481 158.211008 165.621326 135.917089
99.463028 142.119402 217.450518 103.156368 220.879789 97.198090 200.431560 170.139678 154.688880 158.299896 165.591133 135.908465
99.463028 142.119402 217.456529 103.162519 220.968737 97.297776 200.517568 169.951502 154.625307 158.365147 165.541864 135.966653
99.463028 142.119402 217.467922 103.174176 221.059215 97.399178 200.588443 169.796431 154.587275 158.404183 165.548436 136.039256
99.463028 142.119402 217.472115 103.178467 221.146698 97.497223 200.641112 169.681197 154.571015 158.420872 165.556351 136.126698
99.463028 142.119402 217.482110 103.188694 221.234913 97.596088 200.680229 169.595613 154.571015 158.420872 165.565709 136.230075
99.463028 142.119402 217.484626 103.191269 221.320600 97.692518 200.706916 169.537223 154.557337 158.434910 165.576844 136.353073
99.463028 142.119402 217.487981 103.194701 221.407102 97.790497 200.721008 169.506390 154.547568 158.444938 165.593182 136.485794
99.463028 142.119402 217.488401 103.195130 221.495855 97.891024 200.859007 169.455795 154.532564 158.460337 165.620824 136.619262
99.463028 142.119402 217.489030 103.195774 221.585203 97.992226 200.934250 169.467838 154.472218 158.474870 165.648973 136.755178
99.463028 142.119402 217.489170 103.195917 221.671915 98.100190 201.022329 169.481935 154.420712 158.527724 165.676351 136.887373
99.463028 142.119402 217.489240 103.195989 221.755609 98.206116 201.128838 169.500400 154.365710 158.585255 165.704053 137.021134
99.463028 142.119402 217.489240 103.195989 221.839551 98.312356 201.247791 169.521440 154.312604 158.642930 165.755875 137.253816
99.463028 142.119402 217.489240 103.195989 221.918881 98.414080 201.381417 169.545076 154.267220 158.692218 165.783966 137.383407
99.463028 142.119402 217.489240 103.195989 222.004264 98.523638 201.508937 169.567632 154.233758 158.728559 165.801218 137.517200
99.466292 142.119891 217.489240 103.195989 222.073910 98.613004 201.644060 169.591417 154.199958 158.765267 165.818164 137.648611
99.476379 142.121406 217.489240 103.195989 222.137471 98.694561 201.772887 169.614050 154.166225 158.801903 165.835238 137.781015
99.491410 142.123662 217.489240 103.195989 222.189845 98.761763 201.905456 169.637341 154.120706 158.851338 165.852416 137.913303
99.523946 142.128547 217.489240 103.195989 222.232813 98.816897 202.037534 169.660545 154.076135 158.899743 165.872177 138.044119
99.572106 142.135777 217.489240 103.195989 222.276273 98.872661 202.171581 169.684096 154.054391 158.923357 165.892416 138.178099
99.638957 142.145813 217.489240 103.195989 222.360793 98.976322 202.307794 169.708027 154.023165 158.957271 165.854777 138.379565
99.725190 142.158759 217.489240 103.195989 222.390343 99.012354 202.444672 169.731644 154.005079 158.976912 165.722221 138.409975
100.042376 142.115483 217.489240 103.195989 222.426552 99.056506 202.542845 169.748440 153.975478 159.009060 165.607696 138.436248
100.159797 142.083877 217.491406 103.198206 222.460287 99.097641 202.611054 169.760110 153.930298 159.058128 165.512859 138.458005
100.288628 142.057963 217.497767 103.204714 222.506896 99.154474 202.650777 169.766907 153.894126 159.097411 165.437809 138.475222
100.418713 142.040892 217.508251 103.215441 222.533846 99.187336 202.665858 169.769487 153.845220 159.150524 165.355059 138.494206
100.550384 142.023612 217.532575 103.240329 222.508477 99.347378 202.675616 169.771156 153.781480 159.219749 165.299697 138.506906
100.678287 142.006827 217.553893 103.262142 222.446139 99.397835 202.679066 169.771747 153.735318 159.318633 165.227473 138.523475
100.812739 141.991982 217.568679 103.275382 222.368021 99.461064 202.681530 169.772168 153.655316 159.405507 165.178251 138.534767
100.941247 141.980726 217.590161 103.287161 222.237408 99.566462 202.681924 169.772236 153.576127 159.491500 165.111876 138.549995
