168.700876 157.696730 102.877092 186.819620 79.061495 143.364429 126.785233 109.893299 177.220397 142.339267 213.911797 136.552689
168.507906 157.500942 102.891033 186.816013 79.193309 143.359661 126.765709 109.880952 177.202639 142.334847 213.886007 136.474114
168.313617 157.303788 102.927724 186.806517 79.329920 143.354720 126.730804 109.858876 177.167414 142.326079 213.860335 136.401446
168.120813 157.108118 102.975348 186.787065 79.458935 143.350053 126.684490 109.829585 177.119089 142.314050 213.831464 136.328233
167.931236 156.915726 103.036174 186.765432 79.590749 143.345285 126.618398 109.787786 177.055431 142.298205 213.802667 136.255206
167.751589 156.712284 103.114627 186.734624 79.729158 143.340279 126.537432 109.736579 176.976732 142.278616 213.775227 136.185621
167.580820 156.502761 103.208114 186.700268 79.860672 143.335522 126.437788 109.673560 176.880544 142.253184 213.746357 136.112407
167.410113 156.293316 103.320705 186.657899 79.997683 143.330566 126.250660 109.542993 176.769168 142.222598 213.716166 136.035845
167.260015 156.068652 103.449221 186.610439 80.134294 143.325625 126.141886 109.464735 176.646123 142.188807 213.685902 135.959097
167.122176 155.831269 103.574531 186.564690 80.264808 143.320904 126.034330 109.387354 176.516245 142.153091 213.659989 135.889268
166.985894 155.596566 103.702471 186.517981 80.403418 143.315891 125.926449 109.309738 176.386369 142.117364 213.633912 135.813215
166.852701 155.354747 103.829127 186.475876 80.535231 143.311123 125.815808 109.230137 176.257361 142.081876 213.607285 135.735553
166.722616 155.113936 103.960421 186.434365 80.671342 143.306199 125.708902 109.153223 176.131439 142.047236 213.582862 135.664323
166.590964 154.870222 104.087083 186.394464 80.801058 143.301508 125.603375 109.077301 175.800004 141.956130 213.556461 135.587324
166.482020 154.618173 104.158177 186.273981 80.934071 143.296696 125.499054 109.000131 175.666735 141.918426 213.529736 135.509378
166.340781 154.378957 104.027741 186.292724 81.069338 143.290755 125.391866 108.913213 175.463993 141.841008 213.504146 135.434743
166.202287 154.144391 103.864562 186.341803 81.204225 143.285313 125.285610 108.827051 175.345637 141.786509 213.479736 135.357727
166.021335 153.857564 103.689987 186.394310 81.338825 143.280228 125.092973 108.694178 175.226282 141.731551 213.457057 135.283933
165.874449 153.627566 103.499612 186.451569 81.474642 143.273158 124.978578 108.621743 175.100516 141.703038 213.432675 135.204596
165.717423 153.404896 103.299474 186.412378 81.613254 143.265942 124.861733 108.547756 174.967916 141.690414 213.409291 135.128508
165.529100 153.201490 103.226710 186.223278 81.751866 143.258727 124.684397 108.441280 174.847508 141.636356 213.386347 135.053854
165.343087 153.000578 103.261679 186.007898 81.890479 143.251511 124.568835 108.382176 174.738992 141.566474 213.364932 134.984171
165.155579 152.798052 103.296520 185.793308 82.024157 143.245994 124.448544 108.233443 174.609767 141.559757 213.341342 134.907414
164.971727 152.598683 103.330782 185.576300 82.160292 143.241787 124.377990 108.125686 174.480885 141.549205 213.316871 134.827789
164.771175 152.407279 103.362451 185.364757 82.292227 143.237651 124.304041 108.012741 174.349297 141.511077 213.294985 134.756576
164.571283 152.223552 103.415071 185.157643 82.425560 143.233414 124.235843 107.908582 174.130512 141.447703 213.273716 134.687371
164.369182 152.037795 103.488916 184.954594 82.556870 143.226345 124.186543 107.833285 173.903526 141.388925 213.251193 134.611861
164.164718 151.857740 103.548594 184.742627 82.685938 143.217735 124.150171 107.777733 173.777923 141.357808 213.230918 134.541941
163.953892 151.679306 103.605307 184.536797 82.817664 143.201686 124.134833 107.754308 173.643196 141.324431 213.210755 134.472406
163.745648 151.503084 103.662697 184.327836 82.946809 143.185951 124.042907 107.702137 173.517690 141.293338 213.129587 134.404606
163.535864 151.325585 103.717167 184.115307 83.081513 143.169539 123.985739 107.733278 173.297160 141.238705 212.962787 134.471458
163.320540 151.154135 103.767752 183.901137 83.211849 143.153660 123.915398 107.771595 173.164079 141.205755 212.897685 134.504038
163.092971 150.994982 103.821070 183.591090 83.342183 143.168313 123.833378 107.816274 173.036901 141.173527 212.825413 134.540169
162.892854 150.855028 103.854611 183.373784 83.472885 143.189447 123.779019 107.845885 172.910507 141.140650 212.757347 134.574201
162.637921 150.712408 103.876990 183.158955 83.704805 143.211758 123.753377 107.859853 172.777532 141.106061 212.684041 134.610036
162.509966 150.617855 103.902182 182.939899 83.839790 143.187767 123.617168 107.805253 172.647363 141.072202 212.648790 134.657680
162.408873 150.543151 103.921511 182.726585 83.972215 143.164232 123.574006 107.757592 172.453604 141.023774 212.674730 134.730816
162.330459 150.485207 103.938495 182.511260 84.104147 143.140784 123.513658 107.700598 172.320816 140.996799 212.699575 134.800839
162.260732 150.433681 103.955391 182.296423 84.231748 143.118106 123.432089 107.647736 172.189401 140.970103 212.723985 134.869637
162.197036 150.386612 103.972756 182.078414 84.359854 143.097490 123.339779 107.587913 172.062199 140.944262 212.748361 134.938341
162.159719 150.359036 103.994196 181.768981 84.489022 143.094599 123.228356 107.523340 171.841114 140.899376 212.773172 135.008270
162.087803 150.304373 104.007014 181.550056 84.618489 143.091702 123.105429 107.467538 171.715184 140.873805 212.797750 135.077539
162.018439 150.256642 104.019961 181.328935 84.750556 143.088746 122.980954 107.411034 171.583178 140.847000 212.823029 135.148787
161.931693 150.196949 104.030677 181.111501 84.886622 143.085701 122.859301 107.355810 171.456954 140.821369 212.848509 135.220601
161.832211 150.126850 104.041039 180.892446 85.019889 143.082719 122.738741 107.301083 171.324101 140.802018 212.874156 135.292886
161.721354 150.048413 104.051283 180.675888 85.149856 143.079810 122.620002 107.247183 171.194308 140.791730 212.900706 135.367715
161.599966 149.962526 104.060351 180.462795 85.282023 143.076852 122.495451 107.194090 171.061428 140.781164 212.929506 135.436411
161.468779 149.871661 104.071017 180.245558 85.415007 143.066867 122.375692 107.143516 170.932538 140.770880 212.970823 135.507139
161.321888 149.774713 104.080964 180.028185 85.547904 143.055293 122.257315 107.093524 170.799460 140.760262 213.027299 135.553585
161.157851 149.670733 104.090765 179.814010 85.676417 143.044100 122.132029 107.040615 170.682831 140.750957 213.097662 135.564192
160.973112 149.565519 104.107423 179.498963 85.807613 143.033896 122.007019 106.987823 170.602686 140.744562 213.170263 135.539594
160.773774 149.451990 104.119692 179.281910 85.939342 143.025452 121.886797 106.927950 170.543673 140.739854 213.244150 135.489341
160.579322 149.350517 104.131989 179.064357 86.070174 143.017066 121.786757 106.833948 170.517158 140.737738 213.266322 135.420537
160.433239 149.240337 104.144128 178.849600 86.207617 143.007312 121.718603 106.723246 170.509980 140.737165 213.260636 135.346806
160.272949 149.160983 104.156634 178.628353 86.341610 142.994549 121.648482 106.607592 170.502105 140.736537 213.243700 135.267392
160.145394 149.110997 104.168677 178.415293 86.471821 142.982146 121.591252 106.485213 170.501308 140.736474 213.227723 135.192477
160.015325 149.060026 104.181064 178.196143 86.600439 142.969895 121.532836 106.360297 170.501009 140.736450 213.211642 135.117073
159.877341 149.005953 104.194064 177.982639 86.738514 142.956744 121.476622 106.240092 170.501009 140.736450 213.194705 135.037658
159.680961 148.930773 104.207798 177.762868 86.840453 142.947034 121.419942 106.118890 170.501009 140.736450 213.179500 134.966362
159.519783 148.867919 104.221649 177.541200 86.898982 142.941404 121.365423 106.002308 170.501009 140.736450 213.163565 134.891642
159.351431 148.802267 104.235407 177.321030 86.932896 142.937844 121.309718 105.883190 170.501009 140.736450 213.147546 134.816531
159.176650 148.734109 104.248941 177.104452 87.020429 142.875395 121.253293 105.762531 170.501009 140.736450 213.130881 134.738389
159.061497 148.689203 104.273155 176.795835 87.043041 142.806406 121.195130 105.638159 170.501009 140.736450 213.113820 134.658388
158.971963 148.654288 104.288823 176.611700 87.070014 142.724114 121.140399 105.521124 170.501009 140.736450 213.097634 134.582494
158.911685 148.630781 104.301108 176.467322 87.129219 142.559452 121.082576 105.397477 170.501009 140.736450 213.083639 134.516870
158.880288 148.618538 104.310518 176.356722 87.172262 142.443701 121.027421 105.279536 170.501009 140.736450 213.075296 134.477750
158.873114 148.615740 104.317682 176.272526 87.217515 142.315875 120.969386 105.155436 170.501009 140.736450 213.136188 134.370110
158.869667 148.614396 104.321014 176.233368 87.298137 142.188790 120.912918 105.034687 170.501009 140.736450 213.270197 134.440422
158.867896 148.613706 104.413312 176.123433 87.421013 142.085120 120.852295 104.913453 170.501009 140.736450 213.290628 134.510817
158.866872 148.613306 104.494280 176.106594 87.608494 142.056187 120.788963 104.795818 170.501009 140.736450 213.311422 134.582460
158.866685 148.613233 104.590031 176.086679 87.808162 142.077608 120.723830 104.674837 170.501009 140.736450 213.334351 134.659832
158.844035 148.607118 104.705186 176.062354 87.889383 142.318345 120.659408 104.555176 170.501009 140.736450 213.356670 134.732481
158.813989 148.599488 104.832645 176.032977 87.848213 142.547781 120.595271 104.436044 170.501009 140.736450 213.380987 134.811629
158.765236 148.587109 104.975499 176.000051 87.831603 142.794936 120.534214 104.322636 170.501009 140.736450 213.435405 134.876316
158.702856 148.572950 105.136479 175.962947 87.827167 143.056298 120.471025 104.205264 170.501009 140.736450 213.459844 134.955845
158.514809 148.535029 105.308079 175.923395 87.822567 143.327359 120.405180 104.082963 170.500311 140.736394 213.480994 135.024669
158.424190 148.516469 105.586759 175.857623 87.820600 143.443300 120.341185 103.964095 170.496623 140.736100 213.505198 135.103434
158.313978 148.493895 105.790972 175.806976 87.812931 144.173349 120.275673 103.842409 170.489844 140.735559 213.527228 135.175125
158.189602 148.463259 106.005765 175.753704 87.820616 144.394516 120.212957 103.725919 170.479278 140.734716 213.548348 135.243854
158.046288 148.427534 106.221334 175.700240 87.827551 144.594095 120.150005 103.608988 170.462332 140.733364 213.572729 135.323192
157.887871 148.375904 106.430000 175.648860 87.833955 144.778384 120.084445 103.487214 170.421860 140.730135 213.594967 135.394290
157.724565 148.290599 106.639698 175.599210 87.840077 144.954578 120.022392 103.373804 170.382186 140.726969 213.619154 135.464860
157.598781 148.133143 106.852070 175.554184 87.801771 145.339951 119.951461 103.259528 170.340918 140.723676 213.645611 135.542053
157.471762 147.954006 107.063497 175.520484 87.749117 145.556967 119.880899 103.145847 170.297555 140.720217 213.672164 135.619528
157.362329 147.748842 107.274465 175.487055 87.705917 145.725313 119.811972 103.034799 170.284696 140.719191 213.698070 135.695112
157.250062 147.532203 107.487705 175.453267 87.662717 145.893658 119.743098 102.923837 170.265856 140.717687 213.724526 135.772304
157.132044 147.304467 107.701142 175.419446 87.614869 146.080117 119.673063 102.811005 170.228176 140.714681 213.750367 135.847699
157.017933 147.080610 107.915863 175.385423 87.564958 146.274615 119.601447 102.695625 170.196975 140.712192 213.775097 135.915512
156.893810 146.835665 108.127912 175.349045 87.496712 146.475231 119.512645 102.597838 170.143645 140.707937 213.804581 135.990311
156.776417 146.604909 108.367192 175.183135 87.403977 146.680012 119.406588 102.522245 170.068782 140.701963 213.831608 136.058876
156.674124 146.403834 108.397213 174.973393 87.304105 146.900552 119.280299 102.499922 169.894508 140.688076 213.858012 136.125860
156.589332 146.237162 108.359150 174.771136 87.200273 147.129838 119.151963 102.510903 169.793230 140.679998 213.886323 136.197682
156.516466 146.093932 108.327572 174.611530 87.076275 147.357625 119.024380 102.521351 169.677298 140.670750 213.914047 136.268015
156.459651 145.982253 108.302341 174.484002 86.929097 147.585772 118.892981 102.481952 169.557678 140.661209 213.941918 136.338720
156.423096 145.892202 108.291214 174.394357 86.781378 147.814759 118.779983 102.404346 169.434987 140.647239 213.970122 136.413237
156.391539 145.813815 108.294338 174.333979 86.635556 148.040805 118.696980 102.296234 169.310503 140.632103 213.993979 136.485921
156.370678 145.762543 108.302484 174.299015 86.490818 148.265171 118.612577 102.186298 169.185822 140.616942 214.016496 136.554521
156.354158 145.724146 108.428010 174.225465 86.338030 148.486194 118.530000 102.078741 169.052907 140.600727 214.040478 136.627585
156.341116 145.693832 108.492456 174.230259 86.180941 148.709300 118.423207 101.940998 168.926149 140.585247 214.064835 136.701790
156.322502 145.650567 108.577905 174.224655 86.015955 148.923659 118.339251 101.840959 168.627286 140.562158 214.090626 136.780366
156.298473 145.594716 108.679227 174.209157 85.850969 149.138018 118.252337 101.737398 168.502018 140.565172 214.116261 136.858466
156.277060 145.521350 108.797155 174.191119 85.681836 149.357766 118.165166 101.633529 168.367886 140.546684 214.139588 136.929536
156.151008 145.249150 108.933668 174.170238 85.515081 149.574424 118.080631 101.532801 168.230981 140.527814 214.162385 136.998990
156.107476 145.166854 109.068401 174.149629 85.354835 149.787593 118.001409 101.426076 168.102891 140.510159 214.187896 137.076710
156.061325 145.079608 109.203035 174.129036 85.193924 150.006520 117.933927 101.325761 167.969255 140.491740 214.210662 137.146070
156.009470 144.981578 109.396168 174.108955 85.032422 150.226252 117.882241 101.248928 167.837302 140.473553 214.235798 137.222650
155.957756 144.883813 109.459334 174.103523 84.871452 150.445259 117.850816 101.202214 167.710264 140.457125 214.261745 137.301701
155.902160 144.778712 109.497195 174.100267 84.710423 150.664346 117.863608 101.049484 167.581313 140.441453 214.284916 137.372295
155.840308 144.657155 109.715728 174.171522 84.549927 150.882708 117.939765 100.982232 167.451072 140.425623 214.307682 137.441654
155.735555 144.457877 109.759464 174.226943 84.387655 151.103488 118.027090 100.905118 167.320334 140.409733 214.332756 137.518044
155.670272 144.335388 109.815668 174.298384 84.237863 151.360546 118.127233 100.816686 167.183838 140.393144 214.356271 137.589684
155.604519 144.224441 109.885339 174.387477 84.076417 151.576961 118.236446 100.720244 167.054490 140.377423 214.378756 137.658188
155.535467 144.110771 109.963573 174.487519 83.911502 151.798024 118.354953 100.615594 166.926631 140.361883 214.401927 137.728783
155.470983 144.004623 110.080749 174.583827 83.747544 152.017804 118.488228 100.497904 166.687929 140.338745 214.427469 137.806598
155.404362 143.897462 110.182517 174.713959 83.584739 152.236074 118.632445 100.370550 166.558860 140.328187 214.450516 137.876812
155.348102 143.812381 110.296359 174.859531 83.419609 152.457475 118.786108 100.234856 166.424308 140.317195 214.474498 137.949877
155.308775 143.752907 110.419240 175.014394 83.253583 152.680079 118.947116 100.092676 166.288660 140.306115 214.500320 138.028548
155.275791 143.703026 110.553913 175.180705 83.094166 152.902277 119.113446 99.945795 166.156500 140.295320 214.522837 138.097147
155.253618 143.669494 110.698026 175.358672 82.938078 153.125400 119.243830 99.773279 166.061616 140.287570 214.545447 138.166031
155.243745 143.654563 110.849324 175.548137 82.777139 153.297910 119.374643 99.595898 165.994739 140.282107 214.569897 138.240521
155.239498 143.648141 111.019342 175.743172 82.646564 153.484573 119.505575 99.418356 165.918692 140.275896 214.595439 138.318336
155.238229 143.646222 111.199376 175.944254 82.539892 153.637067 119.635913 99.241618 165.867762 140.271736 214.617986 138.387031
155.237347 143.644888 111.382612 176.148912 82.453683 153.760307 119.756340 99.078322 165.772654 140.329571 214.641625 138.459050
155.236795 143.644053 111.565346 176.353078 82.393612 153.846182 119.804142 98.910038 165.755389 140.420614 214.665639 138.532210
155.236740 143.643970 111.748080 176.557246 82.348158 153.911162 119.760958 98.793976 165.732883 140.531452 214.689372 138.604515
155.236740 143.643970 111.990995 176.828798 82.321447 153.949347 119.698507 98.657227 165.706893 140.659440 214.712418 138.674729
155.236740 143.643970 112.142803 176.998643 82.264560 154.038960 119.593749 98.579742 165.680884 140.787525 214.736494 138.748079
155.236740 143.643970 112.262023 177.132028 82.222362 154.110549 119.485213 98.499462 165.653462 140.922569 214.758917 138.816393
155.236740 143.643970 112.358642 177.235261 82.171429 154.196955 119.392031 98.409263 165.627572 141.050067 214.782712 138.888888
155.236740 143.643970 112.449599 177.331405 82.110240 154.300763 119.300737 98.318548 165.600548 141.183151 214.806414 138.961097
155.236740 143.643970 112.543013 177.428173 82.042448 154.415770 119.207528 98.225931 165.573265 141.317509 214.831312 139.030664
155.236740 143.643970 112.638858 177.527460 81.965720 154.545938 119.108998 98.128027 165.545643 141.453533 214.856875 139.099362
155.236740 143.643970 112.787792 177.516323 81.882593 154.686962 119.013874 98.033507 165.519893 141.580345 214.883728 139.171528
155.236740 143.643970 112.915585 177.439512 81.793576 154.837978 118.919246 97.939479 165.494242 141.706667 214.912081 139.247724
155.236740 143.643970 113.017820 177.304314 81.695215 155.004846 118.821496 97.842351 165.467496 141.838379 214.939143 139.320452
155.236740 143.643970 113.109593 177.148819 81.590100 155.183172 118.728996 97.750438 165.439855 141.974501 214.967879 139.397679
155.236740 143.643970 113.191939 176.970516 81.475744 155.377176 118.635162 97.654113 165.413129 142.106115 214.994140 139.468251
155.236740 143.643970 113.306592 176.800191 81.353415 155.584705 118.547008 97.559250 165.386821 142.235671 215.022457 139.544353
155.236740 143.643970 113.483108 176.685652 81.234959 155.808817 118.459398 97.464973 165.360056 142.367481 215.051228 139.621674
155.236740 143.643970 113.679530 176.598720 81.122249 156.052075 118.366070 97.364543 165.365493 142.612068 215.080244 139.699651
155.236740 143.643970 113.875770 176.511868 81.006260 156.302409 118.304992 97.245961 165.336792 142.741832 215.108178 139.774722
155.236740 143.643970 114.072741 176.424693 80.892204 156.548570 118.246605 97.120921 165.308112 142.871498 215.141276 139.839728
155.236740 143.643970 114.274558 176.335372 80.777728 156.795638 118.190080 96.999867 165.279130 143.002532 215.179584 139.912682
155.236740 143.643970 114.439487 176.187791 80.662989 157.043465 118.133301 96.878271 165.250321 143.132784 215.215567 139.981209
155.236740 143.643970 114.563209 176.009516 80.548359 157.291784 118.077707 96.759211 165.221944 143.261083 215.252341 140.051241
155.236740 143.643970 114.693257 175.798871 80.434023 157.539467 118.021690 96.639245 165.192767 143.392995 215.286743 140.116758
155.236740 143.643970 114.795384 175.608198 80.333847 157.793539 117.964065 96.515836 165.163937 143.523344 215.324168 140.188030
155.236740 143.643970 114.896471 175.419465 80.242408 158.053740 117.908047 96.395870 165.135840 143.650374 215.361407 140.258947
155.236740 143.643970 115.000108 175.225972 80.152827 158.308658 117.849576 96.270649 165.106858 143.781407 215.395716 140.324287
155.236740 143.643970 115.082799 174.991987 80.062350 158.566123 117.791909 96.147149 165.077487 143.914198 215.432444 140.394231
155.236740 143.643970 115.181623 174.786850 79.971276 158.825287 117.734783 96.023316 165.049218 144.042009 215.463918 140.454170
155.236740 143.643970 115.284528 174.573245 79.880832 159.082657 117.696154 95.917656 165.019675 144.175581 215.447000 140.492847
155.236740 143.643970 115.393769 174.346487 79.790886 159.338613 117.673217 95.854918 164.990477 144.307590 215.510039 140.616378
155.236740 143.643970 115.508478 174.108377 79.715621 159.598447 117.657318 95.811433 164.961689 144.437745 215.553687 140.701646
155.236740 143.643970 115.628786 173.858646 79.648927 159.865958 117.650073 95.791616 164.918433 144.684093 215.655895 140.916731
155.236740 143.643970 115.757670 173.614323 79.583418 160.128715 117.647910 95.785699 164.913190 144.816889 215.688837 140.987874
155.236740 143.643970 115.889472 173.372282 79.517087 160.394771 117.646468 95.781754 164.907773 144.954082 215.721065 141.057474
155.236740 143.643970 116.019742 173.133051 79.450490 160.661895 117.646399 95.781566 164.902317 145.092275 215.753125 141.126712
155.236740 143.643970 116.151878 172.890396 79.384908 160.924943 117.646399 95.781566 164.898139 145.228233 215.786194 141.198127
155.236740 143.643970 116.282819 172.649936 79.321747 161.189983 117.646399 95.781566 164.933455 145.358532 215.821115 141.268878
155.236740 143.643970 116.423926 172.412769 79.264737 161.461257 117.646399 95.781566 164.968273 145.486997 215.829922 141.487141
155.236740 143.643970 116.566614 172.176047 79.208981 161.726562 117.646399 95.781566 165.004164 145.619420 215.796773 141.561814
155.236740 143.643970 116.707649 171.942066 79.153288 161.991573 117.646399 95.781566 165.075743 145.737832 215.765490 141.632282
155.236740 143.643970 116.847807 171.709540 79.097792 162.259280 117.646399 95.781566 165.145432 145.848757 215.733558 141.704213
155.236740 143.643970 116.989565 171.474360 79.043092 162.526846 117.646399 95.781566 165.217782 145.963915 215.703411 141.772122
155.236740 143.643970 117.129723 171.241835 78.988132 162.795686 117.640253 95.764755 165.283049 146.100109 215.703202 141.853797
155.236740 143.643970 117.271120 171.007254 78.933953 163.060704 117.631153 95.739866 165.353090 146.213642 215.672365 141.923260
155.236740 143.643970 117.414117 170.770018 78.880072 163.332310 117.561910 95.549743 165.420821 146.323431 215.642340 141.990895
155.233927 143.639716 117.557201 170.539893 78.827075 163.602358 117.540390 95.490320 165.492318 146.441334 215.612761 142.057525
155.223668 143.624201 117.705262 170.307087 78.773654 163.874566 117.514238 95.416729 165.559046 146.557423 215.580545 142.130095
155.209438 143.602681 117.851124 170.077741 78.751697 164.157565 117.480565 95.321614 165.625026 146.672211 215.551654 142.201123
155.186162 143.567480 117.999507 169.844428 78.698236 164.424861 117.442086 95.212924 165.692601 146.789774 215.522134 142.277518
155.167960 143.539954 118.146871 169.612719 78.639781 164.689072 117.398502 95.089811 165.760524 146.907944 215.496073 142.344958
155.114622 143.207919 118.292571 169.383626 78.580224 164.958262 117.318198 94.863206 165.827651 147.024726 215.468210 142.417061
155.186095 143.194653 118.441277 169.149808 78.521941 165.221692 117.265590 94.714646 165.891936 147.136567 215.402864 142.585979
155.270860 143.177927 118.586494 168.921474 78.462319 165.491175 117.207573 94.550816 165.955720 147.253429 215.375405 142.656953
155.373384 143.157697 118.743347 168.653454 78.396669 165.760839 117.145050 94.374259 166.013685 147.371687 215.345817 142.733429
155.490721 143.134544 118.879230 168.412992 78.326612 166.025008 117.078288 94.185731 166.074730 147.496230 215.317672 142.806174
155.621892 143.108662 119.015851 168.171223 78.255760 166.292172 117.006618 93.983347 166.134412 147.617991 215.303065 142.882475
155.749433 143.083496 119.142731 167.928038 78.186599 166.552647 116.930000 93.772237 166.194797 147.741187 215.259688 142.945126
155.881033 143.053921 119.252749 167.678078 78.115968 166.817698 116.844816 93.550968 166.252982 147.859894 215.247861 143.018985
156.011764 143.023169 119.361638 167.430681 78.045105 167.083618 116.753884 93.314767 166.311915 147.980128 215.236032 143.092742
156.142009 142.992530 119.473348 167.176877 77.970183 167.344492 116.663024 93.078752 166.368735 148.096052 215.241917 143.169299
156.268945 142.962671 119.584292 166.924813 77.888592 167.598825 116.582367 92.869242 166.427228 148.215387 215.249260 143.242029
156.400345 142.931705 119.698329 166.645876 77.804648 167.860490 116.515578 92.695754 166.484092 148.331400 215.261833 143.320317
156.530004 142.900336 119.785163 166.401123 77.721438 168.119870 116.462226 92.557169 166.542981 148.451544 215.284987 143.397415
156.661121 142.868613 119.857685 166.196706 77.637404 168.381821 116.421592 92.451620 166.587189 148.574828 215.306702 143.469725
156.793988 142.836467 119.924242 165.989859 77.553949 168.641962 116.390730 92.371456 166.630309 148.702123 215.331804 143.546731
156.910710 142.768622 119.983031 165.777030 77.470128 168.903246 116.366156 92.307623 166.674168 148.831597 215.356837 143.621976
156.973421 142.656383 120.040727 165.568152 77.387560 169.160626 116.343234 92.248082 166.715748 148.954345 215.382343 143.698645
156.981590 142.520929 120.099222 165.356382 77.303775 169.424429 116.266889 92.156555 166.758194 149.079651 215.407439 143.774080
156.979884 142.389280 120.157318 165.146058 77.228855 169.686012 116.211485 92.037600 166.800962 149.205904 215.432629 143.849800
156.971808 142.260433 120.214802 164.937951 77.154982 169.943941 116.180248 91.960486 166.843472 149.331400 215.455246 143.918996
156.963175 142.122703 120.273457 164.725603 77.093156 170.213115 116.143530 91.869841 166.885823 149.456422 215.479005 143.994233
156.954848 141.989864 120.327534 164.517338 77.032680 170.479332 116.100654 91.763995 166.928654 149.582864 215.503367 144.071378
156.946277 141.853132 120.375645 164.318269 77.001919 170.749852 116.050682 91.640632 166.971710 149.709970 215.527367 144.147379
156.909391 141.723091 120.423685 164.119491 76.975380 171.021358 116.025378 91.490225 167.007393 149.868047 215.550524 144.220709
156.871857 141.591749 120.464677 163.949875 76.967873 171.295777 115.963955 91.338593 167.025970 150.013465 215.575337 144.299284
156.840039 141.480406 120.499327 163.806502 76.967316 171.568198 115.896488 91.172039 167.030997 150.171663 215.598253 144.371852
156.816794 141.399062 120.532849 163.667796 76.987238 171.836760 115.822150 90.988524 166.977492 150.337978 215.594593 144.445823
156.801434 141.345313 120.560452 163.553584 77.015518 172.109764 115.741588 90.790483 166.866137 150.487027 215.589842 144.525181
156.796076 141.326564 120.579578 163.457586 77.046887 172.381420 115.657306 90.583483 166.688625 150.580332 215.584958 144.606735
156.796076 141.326564 120.595666 163.399991 77.103768 172.649451 115.570245 90.364576 166.476276 150.610208 215.565196 144.676640
156.794153 141.319833 120.609683 163.349812 77.166157 172.919787 115.498758 90.176183 166.274928 150.542598 215.409309 144.940759
156.792999 141.315795 120.618373 163.318703 77.234922 173.188425 115.440114 90.021635 166.087696 150.436194 215.341029 144.995157
156.792508 141.312439 120.623000 163.302137 77.327690 173.442758 115.389488 89.888218 165.895909 150.326463 215.260470 145.059338
156.792366 141.311147 120.627601 163.285668 77.425632 173.700689 115.353407 89.793133 165.701427 150.227749 215.175531 145.127008
156.792018 141.307966 120.630775 163.274303 77.534776 173.947590 115.326480 89.722170 165.505876 150.128491 215.120391 145.170938
156.791920 141.307071 120.635833 163.256196 77.647070 174.196864 115.300404 89.653451 165.306501 150.042283 215.083553 145.200287
156.791865 141.306574 120.639681 163.242423 77.758913 174.445135 115.279756 89.599037 165.102634 149.957226 215.067284 145.213248
156.791865 141.306574 120.695855 163.164063 77.880361 174.694093 115.267623 89.567061 164.894438 149.892252 215.063687 145.216114
156.791865 141.306574 120.741457 163.000813 78.004661 174.934568 115.229098 89.449302 164.686736 149.831873 215.062904 145.216737
156.791865 141.306574 120.781561 162.866828 78.131073 175.179129 115.219015 89.416204 164.475355 149.769824 215.062748 145.216862
156.791865 141.306574 120.820737 162.749812 78.283240 175.483173 115.215868 89.405873 164.231839 149.720125 215.040828 145.234393
156.791865 141.306574 120.851532 162.657830 78.381532 175.729863 115.214440 89.401186 164.015917 149.728901 215.012042 145.257319
156.791865 141.306574 120.877026 162.581684 78.478680 175.985100 115.213915 89.399464 163.794400 149.737904 214.969568 145.291148
156.791865 141.306574 120.897153 162.521564 78.576468 176.242019 115.213624 89.398507 163.574355 149.748034 214.916220 145.333637
156.791865 141.306574 120.916170 162.464762 78.674221 176.498845 115.312596 89.321919 163.355999 149.766074 214.853252 145.383788
156.791865 141.306574 120.934572 162.421485 78.737333 176.763527 115.343066 89.302007 163.141629 149.783784 214.779505 145.442558
156.791865 141.306574 120.955040 162.387935 78.799430 177.030500 115.389777 89.271481 162.928911 149.815633 214.617502 145.572486
156.791865 141.306574 120.972903 162.358654 78.859126 177.287149 115.453062 89.230125 162.714531 149.866794 214.516853 145.653972
156.791865 141.306574 120.990871 162.329202 78.956853 177.515460 115.530159 89.179742 162.506397 149.916948 214.404622 145.744833
156.791865 141.306574 121.015036 162.289591 79.023846 177.675592 115.619915 89.119367 162.318126 149.949537 214.279102 145.846454
156.791865 141.306574 121.041181 162.246737 79.111327 177.776900 115.720639 89.045849 162.119037 150.046167 214.346876 145.767187
156.791865 141.306574 121.065242 162.207297 79.195983 177.832826 115.838002 88.960187 161.921118 150.142230 214.482869 145.626459
156.791865 141.306574 121.087584 162.170674 79.266492 177.853954 115.970388 88.863559 161.722569 150.238598 214.516727 145.433540
156.791865 141.306574 121.115655 162.124661 79.306877 177.863938 116.113922 88.758796 161.532972 150.349338 214.348001 145.295814
156.791865 141.306574 121.135133 162.092734 79.432791 177.861394 116.268746 88.650175 161.076756 150.634922 214.159788 145.176659
156.791865 141.306574 121.157840 162.055513 79.502249 177.855590 116.443041 88.538320 160.899783 150.763396 213.934501 145.204695
156.791865 141.306574 121.179506 162.020000 79.586854 177.848521 116.633064 88.438578 160.730201 150.902129 213.733663 145.349592
156.791865 141.306574 121.207983 161.973298 79.692885 177.839661 116.842561 88.370438 160.576732 151.058605 213.588233 145.570403
156.791865 141.306574 121.232035 161.933618 79.816953 177.829294 117.061708 88.374836 160.424561 151.219697 213.437743 145.798897
156.791865 141.306574 121.251888 161.900865 79.961407 177.822745 117.271644 88.414711 160.282656 151.381531 213.286372 146.028727
156.791865 141.306574 121.271015 161.869310 80.122799 177.821123 117.475195 88.479125 160.150669 151.558314 213.135881 146.257221
156.791865 141.306574 121.291801 161.835018 80.298373 177.831407 117.687701 88.541123 160.035413 151.745824 212.983301 146.488889
156.791865 141.306574 121.315283 161.796278 80.491584 177.849962 117.905450 88.556624 159.920037 151.930790 212.832431 146.717972
156.791865 141.306574 121.332959 161.767117 80.703612 177.861685 118.091314 88.534500 159.805932 152.113719 212.679911 146.949559
156.791865 141.306574 121.350738 161.737785 80.927523 177.865558 118.249239 88.503703 159.691668 152.296904 212.531021 147.175635
156.791865 141.306574 121.363023 161.717518 81.147389 177.857876 118.373270 88.452242 159.576610 152.481361 212.381141 147.403214
156.791865 141.306574 121.379040 161.691093 81.325566 177.846034 118.461972 88.412986 159.459340 152.663959 212.228566 147.634885
156.791865 141.306574 121.394332 161.665866 81.468242 177.835027 118.516930 88.388663 159.340975 152.848335 212.077145 147.864803
156.791865 141.306574 121.407550 161.644059 81.573956 177.821901 118.548753 88.374579 159.221799 153.033973 211.927705 148.091714
156.791865 141.306574 121.415792 161.630462 81.649814 177.807040 118.558812 88.370127 159.099309 153.246496 211.775349 148.323050
156.791865 141.306574 121.422686 161.619088 81.691914 177.798793 118.563201 88.368185 158.999159 153.438255 211.626125 148.549625
156.791865 141.306574 121.436215 161.596768 81.704377 177.796352 118.564207 88.367739 158.894302 153.625149 211.475141 148.778872
156.791865 141.306574 121.447344 161.577685 81.714191 177.794429 118.565030 88.367375 158.770778 153.806609 211.323333 149.009371
156.791865 141.306574 121.452366 161.568123 81.715467 177.794179 118.565200 88.367300 158.644016 153.985927 211.170699 149.241123
156.791865 141.306574 121.460783 161.552099 81.716055 177.794064 118.565200 88.367300 158.518131 154.165742 211.020045 149.469869
156.791222 141.300709 121.466223 161.541741 81.716154 177.794045 118.565200 88.367300 158.387726 154.345424 210.867356 149.701705
156.789860 141.288284 121.474036 161.526868 81.716154 177.794045 118.565200 88.367300 158.252420 154.515458 210.715272 149.932622
156.787200 141.264029 121.479151 161.517130 81.716154 177.794045 118.565200 88.367300 158.114448 154.681762 210.618325 150.186590
156.786045 141.253492 121.487521 161.501194 81.716154 177.794045 118.565200 88.367300 157.966558 154.842470 210.527951 150.441859
156.783756 141.232617 121.494682 161.487560 81.716154 177.794045 118.565200 88.367300 157.821376 155.000235 210.472187 150.713188
156.782153 141.218005 121.504214 161.469412 81.721551 177.792988 118.565200 88.367300 157.673621 155.160796 210.417389 150.979815
156.781151 141.208860 121.519792 161.439754 81.741276 177.789123 118.565200 88.367300 157.528101 155.318928 210.362773 151.245560
156.778001 141.180132 121.534207 161.412309 81.770618 177.783375 118.565200 88.367300 157.378925 155.481035 210.308719 151.514286
156.720433 140.907113 121.554993 161.372736 81.823906 177.772937 118.609200 88.341701 157.232592 155.640050 210.297836 151.788370
156.726693 140.880438 121.582102 161.321122 81.986796 177.741950 118.644222 88.318881 157.084769 155.800685 210.290498 152.063825
156.729412 140.868853 121.614653 161.259151 82.075139 177.724647 118.692900 88.287164 156.939926 155.959301 210.290638 152.519888
156.730874 140.862622 121.644692 161.201960 82.165581 177.693060 118.754230 88.247203 156.791092 156.122400 210.304812 152.793621
156.731651 140.859312 121.677102 161.140254 82.270752 177.656329 118.833407 88.195614 156.641888 156.277197 210.394854 153.614394
156.731880 140.858338 121.705328 161.086515 82.391804 177.613520 118.925737 88.135455 156.491272 156.433135 210.410216 153.828844
156.732040 140.857657 121.735600 161.028882 82.483268 177.580624 119.034991 88.064267 156.340863 156.588858 210.423542 154.014867
156.732100 140.857400 121.757874 160.986475 82.538787 177.560657 119.154216 87.986584 156.211922 156.722355 210.435053 154.175556
156.732100 140.857400 121.783216 160.938226 82.570498 177.549252 119.285925 87.900766 156.091248 156.847293 210.444292 154.304525
156.732100 140.857400 121.805397 160.895997 82.588283 177.542855 119.432296 87.805395 155.995779 156.946802 210.450844 154.395991
156.732100 140.857400 121.826462 160.855892 82.596500 177.539900 119.594334 87.699816 155.917338 157.028696 210.455152 154.456137
156.732100 140.857400 121.851804 160.807643 82.596500 177.539900 119.767851 87.586757 155.860825 157.087697 210.457117 154.483566
156.732100 140.857400 121.875426 160.762669 82.596500 177.539900 119.953433 87.465837 155.820498 157.129799 210.462009 154.542259
156.732100 140.857400 121.899746 160.716368 82.596500 177.539900 120.147142 87.339622 155.788333 157.163380 210.465813 154.598430
156.732100 140.857400 121.920578 160.676706 82.596500 177.539900 120.355514 87.203854 155.757621 157.195444 210.471097 154.676452
156.732100 140.857400 121.938481 160.642621 82.618050 177.528986 120.570206 87.060781 155.736523 157.217470 210.477400 154.769539
156.732100 140.857400 121.955360 160.610485 82.655838 177.509536 120.796598 86.909293 155.717293 157.237547 210.484738 154.877890
156.732100 140.857400 121.973449 160.576046 82.713899 177.479652 121.033461 86.750798 155.702491 157.253001 210.493271 155.003902
156.732100 140.857400 121.990096 160.544352 82.785830 177.442629 121.278968 86.586519 155.684713 157.271561 210.502588 155.141487
156.732100 140.857400 122.004465 160.516996 82.872609 177.397963 121.541154 86.421947 155.678350 157.278205 210.512682 155.290545
156.732100 140.857400 122.014230 160.498405 82.970592 177.347530 121.816570 86.260989 155.676136 157.280516 210.524140 155.459758
156.732100 140.857400 122.032085 160.467376 83.084579 177.288861 122.098547 86.096198 155.675652 157.281021 210.536761 155.646131
156.732100 140.857400 122.046472 160.442427 83.215022 177.221736 122.381819 85.930649 155.675652 157.281021 210.594981 155.867418
156.732100 140.857400 122.055863 160.426140 83.354980 177.149720 122.667509 85.763688 155.675652 157.281021 210.699749 156.058893
156.732100 140.857400 122.066653 160.407428 83.504453 177.072808 122.951818 85.597534 155.675652 157.281021 210.862482 156.208454
156.732100 140.857400 122.076943 160.389582 83.665397 176.989994 123.242196 85.445103 155.675652 157.281021 211.192533 156.222426
156.732100 140.857400 122.088332 160.369831 83.837544 176.901415 123.536457 85.292885 155.668112 157.288893 211.393574 156.141546
156.732100 140.857400 122.099322 160.350772 84.025875 176.804509 123.830984 85.140529 155.649574 157.308247 211.541344 155.987958
156.775173 140.277146 122.110511 160.331367 84.222653 176.703256 124.122136 84.989919 155.624949 157.333956 211.650668 155.802814
156.782658 140.248715 122.114307 160.324783 84.433569 176.594728 124.417107 84.837334 155.587458 157.373097 211.735703 155.599217
156.795668 140.199299 122.121351 160.312568 84.654711 176.480939 124.709147 84.686264 155.537862 157.424877 211.806933 155.395119
156.814661 140.127157 122.129992 160.297581 84.881267 176.356330 125.008493 84.546316 155.478996 157.486333 211.827113 155.174439
156.871297 140.044779 122.133739 160.291084 85.115949 176.221037 125.310067 84.408435 155.410724 157.557611 211.734408 154.977973
156.903472 139.939904 122.137535 160.284500 85.356303 176.084153 125.607550 84.272425 155.328936 157.642945 211.565585 154.855561
156.949647 139.817772 122.141581 160.277483 85.597092 175.947022 125.909852 84.134211 155.255244 157.718582 211.366314 154.797591
157.004931 139.651788 122.148075 160.266221 85.833015 175.812662 126.210063 83.997700 155.198929 157.776384 211.149008 154.808902
156.991099 139.435220 122.154220 160.255566 86.068938 175.678301 126.516139 83.868829 155.154686 157.821795 210.935496 154.866272
157.061041 139.267847 122.161113 160.243611 86.309293 175.541418 126.817883 83.741781 155.116165 157.861332 210.725074 154.925873
157.138078 139.087738 122.166158 160.234861 86.550690 175.403940 127.124512 83.612677 155.100952 157.876946 210.513021 154.985954
157.221601 138.897244 122.170404 160.227498 86.789220 175.268095 127.432734 83.486207 155.091183 157.886974 210.336086 155.036084
157.311389 138.692463 122.175050 160.219441 86.996380 175.150115 127.744043 83.367986 155.079319 157.899150 210.183107 155.079427
157.405152 138.478615 122.178297 160.213810 87.220677 174.959676 128.054416 83.250121 155.044296 157.887814 210.068807 155.111811
157.502681 138.255937 122.182593 160.206360 87.099606 174.780676 128.359741 83.134173 155.025592 157.907008 209.982600 155.136236
157.604786 138.022599 122.185690 160.200989 86.976742 174.599025 128.666002 83.017870 154.993697 157.939737 209.918137 155.154500
157.712864 137.775611 122.189036 160.195185 86.816726 174.367409 128.973403 82.901819 154.950008 157.984570 209.878498 155.165731
157.823227 137.523400 122.192933 160.188428 86.688295 174.192496 129.289389 82.807020 154.892500 158.043584 209.863571 155.169905
157.925765 137.266438 122.199227 160.177512 86.495613 173.946567 129.605471 82.712192 154.823337 158.114558 209.856409 155.171767
158.017852 137.030469 122.205471 160.166684 86.346809 173.782901 129.920595 82.617651 154.834867 158.150055 209.851666 155.173000
158.097905 136.825337 122.209767 160.159233 86.201436 173.623007 130.237730 82.522507 154.820422 158.164881 209.851473 155.173050
158.131087 136.556334 122.213064 160.153516 86.065292 173.449934 130.556781 82.426788 154.810582 158.174981 209.851279 155.173101
158.194486 136.349430 122.216760 160.147105 85.935236 173.280366 130.871537 82.335812 154.800115 158.185725 209.851279 155.173101
158.259291 136.137935 122.224403 160.133851 85.804085 173.109370 131.188672 82.256510 154.791880 158.194176 209.851279 155.173101
158.322368 135.926441 122.235942 160.113839 85.672386 172.937660 131.510755 82.175972 154.770178 158.216452 209.851279 155.173101
158.385263 135.715519 122.248330 160.092355 85.537462 172.761744 131.830316 82.096064 154.760199 158.226694 209.851279 155.173101
158.447473 135.506897 122.259120 160.073643 85.402836 172.588251 132.147063 82.016859 154.671611 158.270256 209.851279 155.173101
158.496466 135.290886 122.267612 160.058916 85.256697 172.431632 132.466527 81.936976 154.555409 158.389501 209.851279 155.173101
158.543662 135.082463 122.281049 160.035613 85.090175 172.289241 132.789763 81.877664 154.483855 158.510332 209.851279 155.173101
158.592691 134.865944 122.295435 160.010663 84.927440 172.149960 133.136545 81.863111 154.396540 158.600610 209.851183 155.173126
158.640037 134.652848 122.307874 159.989092 84.764661 172.009964 133.464262 81.818053 154.323380 158.680055 209.850892 155.173201
158.683819 134.439188 122.317764 159.971940 84.602488 171.870489 133.794357 81.772669 154.263429 158.745156 209.849731 155.173503
158.694957 134.220864 122.324008 159.961111 84.434932 171.726385 134.119894 81.727911 154.213233 158.799664 209.848957 155.173705
158.691348 133.999149 122.330352 159.950109 84.283980 171.596561 134.449781 81.688151 154.155991 158.861823 209.847892 155.173981
158.618650 133.791656 122.336996 159.938587 84.163052 171.492558 134.777266 81.651770 154.091366 158.931999 209.844698 155.174812
158.475817 133.636421 122.345488 159.923860 84.062291 171.405900 135.106143 81.615235 154.042525 158.985036 209.841311 155.175692
