136.129800 129.866700 187.547599 100.133474 79.977084 220.159682 137.510482 146.012205 65.104009 280.052706 215.389500 110.583200
136.115836 129.847304 187.654098 100.072364 80.065520 219.898398 137.497626 146.014131 65.168380 279.849036 215.387979 110.596614
136.089952 129.811352 187.771489 100.004092 80.135514 219.633179 137.489318 146.015375 65.234107 279.641075 215.384699 110.625529
136.053318 129.760468 187.884385 99.938435 80.193420 219.363576 137.484373 146.016115 65.300919 279.429682 215.379099 110.674912
136.004940 129.693271 187.998836 99.871873 80.239972 219.096706 137.482890 146.016337 65.365440 279.225536 215.371583 110.741187
135.949199 129.615849 188.108880 99.807874 80.302548 218.834383 137.481802 146.016500 65.431017 279.018052 215.361993 110.825745
135.882183 129.522764 188.221603 99.742318 80.398766 218.575911 137.480912 146.016634 65.497768 278.806850 215.349879 110.932560
135.736242 129.458165 188.334412 99.676710 80.488424 218.339034 137.475670 146.017418 65.564128 278.596887 215.336334 111.051995
135.606871 129.507895 188.448864 99.610148 80.599024 218.153964 137.469242 146.018381 65.629644 278.389594 215.320490 111.191699
135.483847 129.555186 188.561241 99.544793 80.688746 218.003830 137.459100 146.019900 65.696336 278.178582 215.303001 111.345911
135.361384 129.602261 188.648895 99.493815 80.761385 217.882281 137.415504 145.990425 65.760857 277.974435 215.283934 111.514033
135.240787 129.648619 188.710098 99.458221 80.810170 217.800648 137.401411 145.990873 65.827458 277.763710 215.262703 111.701233
135.112629 129.697883 188.759189 99.429850 80.842848 217.745968 137.394314 145.991099 65.892703 277.557275 215.240166 111.899959
134.990446 129.744850 188.807948 99.401703 80.860956 217.715667 137.380021 145.991553 65.958550 277.348933 215.215802 112.114782
134.864342 129.793325 188.848220 99.378456 80.869933 217.700645 137.361031 145.992156 66.024066 277.141640 215.189132 112.343127
134.738611 129.841657 189.001798 99.422279 80.873576 217.694550 137.344858 145.992018 66.090336 276.931963 215.159518 112.580688
134.618202 129.887945 189.049007 99.490910 80.875576 217.691202 137.334401 145.991074 66.154737 276.728198 215.128320 112.830951
134.490325 129.937103 189.093099 99.555009 80.876500 217.689657 137.308805 145.988764 66.220042 276.521572 215.095934 113.090740
134.366836 129.984576 189.137587 99.619685 80.876910 217.688971 137.293168 145.987352 66.286944 276.309893 215.061879 113.364127
134.239426 130.033555 189.180319 99.681808 80.877064 217.688713 137.259804 145.984341 66.353575 276.099072 215.027948 113.636925
134.110803 130.083001 189.222597 99.743271 80.877064 217.688713 137.230224 145.981671 66.420357 275.887774 214.994568 113.904854
133.981916 130.132593 189.267086 99.807947 80.877064 217.688713 137.187797 145.977842 66.487199 275.676286 214.958471 114.179277
133.858931 130.194528 189.310101 99.870481 80.877064 217.688713 137.143676 145.973860 66.551931 275.471472 214.919374 114.449160
133.742823 130.252999 189.355723 99.936805 80.877064 217.688713 137.100053 145.969923 66.618352 275.261318 214.880277 114.719043
133.620552 130.314574 189.397945 99.998186 80.877064 217.688713 137.046670 145.965104 66.682994 275.056790 214.840463 114.993874
133.496584 130.377003 189.440510 100.067538 80.877064 217.688713 136.987796 145.949678 66.747606 274.852358 214.801165 115.265142
133.353799 130.455701 189.462961 100.139099 80.877064 217.688713 136.921930 145.916834 66.813694 274.643253 214.761624 115.537790
133.441829 130.599873 189.486189 100.213141 80.877064 217.688713 136.886134 145.898985 66.879542 274.434911 214.721493 115.812171
133.521825 130.708494 189.508101 100.282985 80.877064 217.688713 136.640637 145.874591 66.965988 274.240033 214.681836 116.083488
133.599628 130.814135 189.528127 100.346817 80.877064 217.688713 136.564810 145.889612 67.056177 274.045966 214.641835 116.358638
133.676542 130.918569 189.546836 100.406451 80.877064 217.688713 136.472700 145.907859 67.147462 273.849541 214.609838 116.633180
133.756183 131.026707 189.565365 100.465513 80.877064 217.688713 136.367250 145.928750 67.217767 273.677067 214.578270 116.904046
133.835409 131.134281 189.574465 100.494519 80.877064 217.688713 136.239919 145.948563 67.259655 273.535223 214.549109 117.154253
133.915109 131.242499 189.606857 100.631667 80.877064 217.688713 136.110163 145.942466 67.258102 273.370315 214.520515 117.399592
134.039173 131.390436 189.617518 100.692236 80.877064 217.688713 135.980506 145.936374 67.149185 273.203352 214.490672 117.655659
134.131438 131.493863 189.631194 100.769942 80.877064 217.688713 135.850535 145.930632 67.021140 273.158723 214.460932 117.910832
134.219642 131.592738 189.638579 100.811897 80.877064 217.688713 135.714598 145.926498 66.894605 273.114622 214.429394 118.165771
134.301057 131.684001 189.561904 100.926778 80.877064 217.688713 135.583258 145.922504 66.765804 273.069730 214.392477 118.423541
134.357907 131.747729 189.480318 100.925267 80.877064 217.688713 135.450832 145.918140 66.637003 273.024838 214.321358 118.687496
134.397715 131.792353 189.397432 100.923731 80.877064 217.688713 135.318246 145.912640 66.511790 272.981197 214.282426 118.959424
134.445046 131.845410 189.316546 100.922233 80.877064 217.688713 135.090506 145.900141 66.382517 272.936141 214.243693 119.229965
134.476134 131.880258 189.240159 100.920818 80.877064 217.688713 134.957067 145.889047 66.255462 272.889107 214.205186 119.498923
134.491512 131.897496 189.165072 100.919428 80.877064 217.688713 134.824628 145.877985 66.128614 272.840060 214.168572 119.771159
134.484845 131.969110 189.087685 100.917994 80.877064 217.688713 134.694480 145.870168 65.998502 272.786958 214.134746 120.044071
134.432715 131.997165 189.008031 100.931580 80.877064 217.688713 134.558747 145.859907 65.855576 272.724444 214.101449 120.312715
134.360508 132.036026 188.930819 100.945746 80.877064 217.688713 134.422926 145.843570 65.698997 272.655960 214.067868 120.584045
134.324717 132.135506 188.855280 100.959604 80.877064 217.688713 134.294652 145.826720 65.530008 272.579066 214.036448 120.856837
134.389845 132.204943 188.779544 100.973499 80.877064 217.688713 134.160877 145.804545 65.362537 272.496995 214.006290 121.129272
134.430002 132.247757 188.704398 100.987285 80.877064 217.688713 134.030358 145.782909 65.188781 272.411843 213.976342 121.399820
134.456135 132.275619 188.634957 101.000025 80.877064 217.688713 133.902503 145.761715 65.023836 272.326697 213.942132 121.670087
134.444149 132.402058 188.591483 101.008000 80.877064 217.688713 133.780961 145.741569 64.865353 272.225754 213.891661 121.941818
134.447712 132.471566 188.440430 101.044221 80.877064 217.688713 133.675599 145.724105 64.705352 272.123844 213.831141 122.205543
134.452280 132.560649 188.370303 101.065895 80.877064 217.688713 133.587698 145.709535 64.546194 272.022471 213.748097 122.467285
134.457840 132.669107 188.291768 101.090168 80.877064 217.688713 133.520909 145.698468 64.383579 271.918895 213.663849 122.729336
134.464164 132.792445 188.222501 101.111576 80.877064 217.688713 133.474539 145.690797 64.231746 271.807799 213.559380 122.986528
134.470907 132.923972 188.153139 101.133014 80.877064 217.688713 133.445434 145.685986 64.078640 271.689311 213.446537 123.238705
134.477671 133.055899 188.084445 101.154245 80.877064 217.688713 133.431622 145.683703 63.931905 271.569879 213.323244 123.482838
134.484507 133.189224 188.004859 101.178842 80.877064 217.688713 133.422150 145.682137 63.792208 271.445415 213.200855 123.725411
134.491133 133.318454 187.927819 101.208852 80.877064 217.688713 133.415145 145.680979 63.662742 271.285824 213.048442 123.951757
134.497538 133.443390 187.853510 101.241339 80.877064 217.688713 133.403306 145.679022 63.521205 271.159229 212.894352 124.176131
134.498354 133.533456 187.780209 101.273386 80.877064 217.688713 133.389789 145.676788 63.385901 271.024703 212.732069 124.395038
134.497934 133.595055 187.708466 101.304752 81.016328 217.640047 133.359599 145.671798 63.252015 270.891587 212.564042 124.611901
134.497715 133.627154 187.634524 101.337079 81.064777 217.648610 133.322605 145.635858 63.119405 270.759740 212.383172 124.820641
134.546121 133.706586 187.563330 101.368204 81.131345 217.660375 133.180732 145.605290 62.989678 270.618806 212.202956 125.028625
134.610679 133.719309 187.509179 101.391879 81.218002 217.675691 133.094022 145.609244 62.864873 270.479952 212.025425 125.233511
134.694762 133.735880 187.480134 101.404577 81.326126 217.694802 132.997123 145.613664 62.746297 270.337483 211.844162 125.442704
134.792580 133.755157 187.399912 101.337709 81.448726 217.716471 132.890533 145.618525 62.633341 270.181114 211.672054 125.655385
134.907176 133.777741 187.375219 101.274996 81.589969 217.719400 132.763965 145.624298 62.521791 270.026690 211.505859 125.870580
135.036489 133.803225 187.344701 101.197487 81.747669 217.719400 132.626608 145.630563 62.419611 269.871315 211.340826 126.084272
135.180519 133.831609 187.309273 101.107511 82.079369 217.666989 132.475403 145.634392 62.316307 269.711019 211.174571 126.299546
135.333379 133.861734 187.269083 101.005438 82.245462 217.577764 132.313945 145.616345 62.211703 269.548706 211.011597 126.515293
135.455137 133.885729 187.224313 100.891735 82.421052 217.469534 132.151239 145.546503 62.109091 269.385203 210.849595 126.734780
135.543438 133.903131 187.175184 100.766958 82.595268 217.330011 131.691461 145.147263 62.031315 269.244349 210.684315 126.956818
135.590336 133.912373 187.124589 100.638460 82.750160 217.157586 131.521074 145.027094 61.965817 269.125731 210.521126 127.176049
135.612800 133.916800 187.076338 100.515917 82.907474 216.970547 131.346193 144.903756 61.922757 269.039394 210.358652 127.394317
135.612800 133.916800 186.920296 100.522365 83.072190 216.774707 131.168287 144.778285 61.890307 268.972665 210.196179 127.612585
135.612800 133.916800 186.799124 100.608384 83.243666 216.570831 130.981519 144.674532 61.869054 268.928959 210.033348 127.831334
135.612800 133.916800 186.662930 100.690440 83.478646 216.293299 130.456175 144.521058 61.847931 268.885523 209.868248 128.053132
135.682339 133.930932 186.519108 100.773932 83.615692 216.131813 130.238574 144.497244 61.836080 268.861151 209.703625 128.274287
135.714108 133.937297 186.358595 100.867114 83.725303 216.002655 130.021187 144.474281 61.730026 268.808710 209.540674 128.493197
135.768722 133.948240 186.194363 100.962455 83.816278 215.895455 129.411113 144.525878 61.671708 268.792986 209.375514 128.715075
135.841327 133.970107 186.022632 101.064632 83.878590 215.822032 129.203753 144.603180 61.642700 268.774300 209.209996 128.937434
135.929805 133.998752 185.859990 101.136451 83.922848 215.769881 129.007168 144.676465 61.558466 268.612236 209.045910 129.157868
136.113383 134.063060 185.712330 101.237984 83.944460 215.744415 128.854192 144.755284 61.587780 268.465960 208.884273 129.375012
136.223149 134.116567 185.590955 101.321443 84.019442 215.667703 128.727927 144.823681 61.554558 268.382316 208.719651 129.596168
136.342196 134.185970 185.492075 101.389434 84.056965 215.626538 128.493291 144.917600 61.516686 268.286962 208.557595 129.813875
136.466080 134.258193 185.414701 101.442637 84.071987 215.610057 128.421069 144.947847 61.474384 268.180455 208.393507 130.036131
136.555495 134.310320 185.364190 101.477369 84.084046 215.596828 128.361022 144.972995 61.431909 268.061771 208.245686 130.265291
136.636530 134.357562 185.329335 101.501336 84.087482 215.593059 128.330768 144.985665 61.396294 267.936641 208.096564 130.496467
136.692338 134.390098 185.307005 101.516690 84.087751 215.592763 128.307650 144.990416 61.359393 267.806990 207.946304 130.729409
136.726808 134.410193 185.299671 101.521733 84.087818 215.592689 128.294937 144.991906 61.323615 267.681282 207.796911 130.961005
136.745209 134.420921 185.292914 101.526379 84.087818 215.592689 128.291163 144.992349 61.293871 267.548589 207.648764 131.190669
136.759205 134.429080 185.283274 101.533008 84.247158 215.613433 128.290666 144.992407 61.265999 267.422124 207.500372 131.424805
136.767153 134.433714 185.271985 101.540770 84.283442 215.627177 128.290666 144.992407 61.237395 267.292338 207.354608 131.654923
136.769226 134.434922 185.258718 101.549892 84.310468 215.637414 128.290666 144.992407 61.208404 267.160795 207.207613 131.886985
136.769313 134.434973 185.240755 101.562244 84.440255 215.703324 128.290666 144.992407 61.179370 267.029057 207.074424 132.097251
136.769399 134.435023 185.216859 101.578675 84.491945 215.742899 128.290666 144.992407 61.158986 266.886514 206.956700 132.283103
136.769399 134.435023 185.199061 101.590914 84.554750 215.790985 128.290666 144.992407 61.138651 266.738909 206.859470 132.436600
136.769399 134.435023 185.187113 101.599129 84.637307 215.839452 128.290666 144.992407 61.116241 266.576245 206.775143 132.570215
136.769399 134.435023 185.159839 101.617883 84.735147 215.895386 128.290666 144.992407 61.091758 266.398524 206.703173 132.684785
136.769399 134.435023 185.136272 101.634088 84.848085 215.951549 128.290666 144.992407 61.098002 266.202643 206.642853 132.780812
136.769399 134.435023 185.096555 101.661398 84.980208 216.009813 128.290666 144.992407 61.074046 266.015578 206.590990 132.863374
136.769399 134.435023 185.057415 101.688311 85.127338 216.074695 128.290666 144.992407 61.053401 265.823864 206.550138 132.928407
136.769399 134.435023 185.025115 101.710521 85.279300 216.162430 128.290666 144.992407 61.045212 265.636343 206.516787 132.973011
136.769399 134.435023 184.999653 101.728029 85.437479 216.265873 128.290666 144.992407 61.036961 265.447423 206.481210 133.020329
136.769399 134.435023 184.962820 101.753355 85.610639 216.379113 128.290666 144.992407 61.028536 265.254507 206.458074 133.051101
136.769399 134.435023 184.925081 101.779305 85.793736 216.574028 128.290666 144.992407 61.020395 265.068084 206.440406 133.074601
136.769399 134.435023 184.877289 101.812168 85.887332 216.759260 128.290666 144.992407 61.011930 264.874269 206.430370 133.087949
136.769399 134.435023 184.835101 101.841177 85.948081 216.966340 128.290666 144.992407 61.003606 264.683651 206.422378 133.098579
136.769399 134.435023 184.700200 101.944324 86.008538 217.146254 128.285501 144.993012 60.995264 264.492633 206.415346 133.107931
136.769399 134.435023 184.633311 102.001813 86.048486 217.302661 128.279046 144.993769 60.986982 264.303014 206.399722 133.128712
136.769399 134.435023 184.556866 102.067516 86.069987 217.426915 128.270206 144.994805 60.978745 264.114393 206.393712 133.136705
136.769399 134.435023 184.469651 102.142473 86.088691 217.535008 128.261466 144.995829 60.971886 263.928625 206.387522 133.144938
136.769399 134.435023 184.369166 102.228838 86.113567 217.634068 128.251733 144.996970 60.965087 263.738050 206.379590 133.155488
136.769399 134.435023 184.253133 102.328565 86.153813 217.731048 128.239516 144.998402 60.957198 263.551417 206.375744 133.160604
136.769399 134.435023 184.124056 102.439502 86.199004 217.839944 128.229882 144.999531 60.949026 263.358090 206.371838 133.165799
136.769399 134.435023 183.986940 102.557349 86.293209 217.922367 128.221142 145.000556 60.940986 263.167859 206.370516 133.167558
136.769399 134.435023 183.840520 102.681852 86.410704 218.009245 128.217666 145.000963 60.933156 262.982625 206.368532 133.170195
136.769399 134.435023 183.684914 102.812686 86.549206 218.062588 128.216275 145.001126 60.923993 262.789345 206.368412 133.170355
136.769399 134.435023 183.515989 102.954718 86.712891 218.067256 128.207734 145.002127 60.913649 262.599828 206.368412 133.170355
136.769399 134.435023 183.336272 103.105823 86.892143 218.042894 128.190651 145.004129 60.903322 262.410609 206.368412 133.170355
136.769399 134.435023 183.146653 103.269348 87.117980 218.005698 128.171085 145.006423 60.892913 262.219893 206.368412 133.170355
136.769745 134.435225 182.969197 103.424169 87.316285 217.954539 128.145559 145.009414 60.882341 262.026181 206.368412 133.170355
136.771645 134.436333 182.809223 103.563739 87.486949 217.911529 128.105533 145.014106 60.872193 261.840258 206.367270 133.171874
136.776742 134.439304 182.664018 103.690423 87.625003 217.862615 128.056966 145.019798 60.808749 261.562118 206.366670 133.172673
136.785900 134.444643 182.534713 103.803235 87.732586 217.815214 128.019820 145.024152 60.782884 261.362789 206.363545 133.176829
136.793588 134.449125 182.418368 103.904740 87.826149 217.767340 127.761107 144.938560 60.755785 261.153940 206.359819 133.181785
136.813199 134.460558 182.301872 104.006376 87.906804 217.726072 127.732015 144.911399 60.714237 260.931677 206.355432 133.187620
136.837475 134.474710 182.197584 104.097362 87.967836 217.690345 127.659134 144.796023 60.659804 260.699471 206.349903 133.194973
136.874278 134.496166 182.091035 104.190321 88.017338 217.651215 127.644471 144.721043 60.593257 260.458082 206.342031 133.205444
136.922666 134.527500 181.980643 104.286632 88.067860 217.611278 127.626872 144.631048 60.470031 260.150633 206.325144 133.227904
136.982664 134.576715 181.862641 104.389583 88.109125 217.578660 127.606912 144.528982 60.345720 259.904549 206.308137 133.250524
137.054645 134.635759 181.738742 104.491597 88.147565 217.548273 127.584591 144.414844 60.218879 259.664336 206.285842 133.280177
137.138688 134.704698 181.638477 104.574029 88.183887 217.519561 127.559871 144.288438 60.084322 259.422900 206.274604 133.295124
137.215079 134.806218 181.524176 104.661433 88.223505 217.488245 127.500507 144.156646 59.962229 259.182088 206.264388 133.308712
137.233542 134.842152 181.418045 104.741923 88.257516 217.455528 127.472647 144.014144 59.793212 258.895886 206.251167 133.326296
137.273610 135.149187 181.311198 104.822956 88.285391 217.428539 127.449086 143.893625 59.652088 258.681219 206.245759 133.333490
137.255817 135.230155 181.198533 104.908400 88.320811 217.394247 127.465368 143.805192 59.529422 258.494629 206.238247 133.343481
137.234591 135.326750 181.094873 104.987016 88.348471 217.367467 127.445715 143.704695 59.427084 258.343295 206.223223 133.363463
137.206362 135.444076 180.991212 105.065632 88.366360 217.350147 127.428288 143.615583 59.338296 258.214662 206.204413 133.388481
137.171818 135.574995 180.878149 105.151379 88.386404 217.330740 127.417963 143.562784 59.266380 258.110471 206.186745 133.411980
137.132810 135.722835 180.778074 105.227276 88.396790 217.319794 127.412071 143.532654 59.213210 258.033440 206.174726 133.427965
137.097824 135.889842 180.666505 105.300268 88.403813 217.311854 127.410804 143.526177 59.181456 257.987435 206.164270 133.441873
137.074545 136.078511 180.545335 105.376771 88.414215 217.300095 127.409748 143.520779 59.159131 257.955091 206.152912 133.456979
137.048975 136.285740 180.448687 105.437792 88.418058 217.295751 127.409307 143.518522 59.149303 257.940853 206.145340 133.467051
137.032505 136.419227 180.342145 105.505060 88.419913 217.293653 127.409249 143.518228 59.147883 257.938796 206.143417 133.469608
137.005571 136.516063 180.238056 105.570779 88.420443 217.293054 127.409230 143.518129 59.147031 257.937562 206.142996 133.470168
136.982869 136.583863 180.119942 105.639972 88.420774 217.292680 127.409230 143.518129 59.146861 257.937315 206.139691 133.474564
136.970898 136.619612 180.007783 105.684569 88.420907 217.292530 127.409230 143.518129 59.146804 257.937232 206.134343 133.481677
136.964421 136.638956 179.878154 105.736112 88.420973 217.292455 127.409230 143.518129 59.146804 257.937232 206.125208 133.493827
136.963277 136.642370 179.772309 105.813654 88.420973 217.292455 127.409230 143.518129 59.146804 257.937232 206.111086 133.512610
136.963100 136.642900 179.681964 105.838104 88.420973 217.292455 127.409230 143.518129 59.146804 257.937232 206.105076 133.520603
136.963100 136.642900 179.572322 105.863300 88.420973 217.292455 127.409230 143.518129 59.146804 257.937232 206.101531 133.525319
136.963100 136.642900 179.448938 105.891654 88.420973 217.292455 127.409230 143.518129 59.146804 257.937232 206.099127 133.528516
136.963100 136.642900 179.312104 105.923098 88.420973 217.292455 127.409230 143.518129 59.146804 257.937232 206.095161 133.533791
136.963100 136.642900 179.156656 105.958821 88.420973 217.292455 127.409230 143.518129 59.146804 257.937232 206.086387 133.545461
136.963100 136.642900 179.016844 105.980561 88.420973 217.292455 127.409230 143.518129 59.146804 257.937232 206.071063 133.565842
136.963100 136.642900 178.882723 106.001201 88.420973 217.292455 127.409230 143.518129 59.146804 257.937232 206.044441 133.601251
136.963100 136.642900 178.765997 106.019164 88.420973 217.292455 127.409230 143.518129 59.146804 257.937232 206.020282 133.633382
136.963100 136.642900 178.633852 106.039499 88.421304 217.292080 127.409230 143.518129 59.146804 257.937232 205.974671 133.702352
136.963100 136.642900 178.498808 106.061964 88.421901 217.291406 127.409230 143.518129 59.143964 257.933117 205.938691 133.761345
136.963100 136.642900 178.345822 106.087480 88.425214 217.287661 127.408674 143.515283 59.139306 257.926369 205.893703 133.835109
136.963100 136.642900 178.192243 106.113095 88.426936 217.285714 127.407388 143.508708 59.130671 257.913859 205.839967 133.923215
136.963100 136.642900 178.030479 106.146706 88.435549 217.275977 127.404720 143.495066 59.113459 257.888923 205.779046 134.023102
136.963100 136.642900 177.865461 106.201572 88.443566 217.266914 127.400901 143.475536 59.094599 257.861600 205.709328 134.137421
136.963100 136.642900 177.706136 106.254545 88.452113 217.257252 127.395143 143.446094 59.076251 257.835017 205.630207 134.267322
136.963100 136.642900 177.536186 106.327808 88.458673 217.249836 127.390057 143.420087 59.052506 257.800616 205.544999 134.407215
136.963100 136.642900 177.405539 106.386683 88.469737 217.237328 127.383992 143.389074 59.022115 257.756586 205.450896 134.561712
136.963100 136.642900 177.282276 106.442230 88.480272 217.225419 127.374147 143.338728 58.993826 257.715602 205.350613 134.724617
136.963100 136.642900 176.974921 106.521889 88.487560 217.217179 127.365913 143.296625 58.909889 257.597783 205.239636 134.902780
136.963100 136.642900 176.824464 106.596408 88.500348 217.202724 127.353457 143.232932 58.858883 257.529913 205.120199 135.094524
136.963100 136.642900 176.664508 106.675632 88.506311 217.195982 127.344110 143.185137 58.799286 257.450611 204.993095 135.298575
136.963100 136.642900 176.495860 106.759161 88.511942 217.189616 127.313133 143.026027 58.728995 257.357079 204.857533 135.516207
136.963100 136.642900 176.321925 106.845309 88.515454 217.185646 127.298012 142.948386 58.649933 257.251876 204.714938 135.745128
136.963100 136.642900 176.153009 106.928971 88.518237 217.182500 127.280387 142.857886 58.427579 257.199938 204.567373 135.982028
136.963100 136.642900 175.981672 107.013832 88.519761 217.180778 127.259722 142.751780 58.272582 257.250624 204.412671 136.230386
136.963100 136.642900 175.814100 107.096829 88.520291 217.180178 127.236018 142.630067 58.108469 257.392676 204.251571 136.489015
136.963100 136.642900 175.642674 107.181734 88.520423 217.180029 127.191817 142.403312 57.994772 257.553584 204.084656 136.756981
136.963100 136.642900 175.473488 107.265529 88.520423 217.180029 127.169028 142.286208 57.878968 257.725763 203.911766 137.034539
136.963100 136.642900 175.288807 107.320268 88.520423 217.180029 127.149310 142.185215 57.757422 257.909137 203.731738 137.323555
136.963100 136.642900 175.120960 107.401337 88.520423 217.180029 127.108976 142.000328 57.638865 258.095832 203.546793 137.620464
136.963100 136.642900 174.953392 107.482065 88.520423 217.180029 127.054497 141.912699 57.585140 258.308062 203.355980 137.926796
136.963100 136.642900 174.778527 107.566309 88.520423 217.180029 127.028633 141.802185 57.619858 258.521262 203.158716 138.243483
136.963100 136.642900 174.609338 107.647818 88.520423 217.180029 127.000034 141.679987 57.748744 258.672240 202.957328 138.566790
136.963100 136.642900 174.441230 107.728807 88.520423 217.180029 126.971504 141.558081 57.906780 258.751462 202.752809 138.899564
136.963100 136.642900 174.266725 107.812877 88.520423 217.180029 126.941789 141.431112 58.061492 258.754756 202.543952 139.240825
136.963100 136.642900 174.098256 107.894040 88.520622 217.179804 126.913399 141.307657 58.200491 258.697795 202.329876 139.590615
136.963100 136.642900 173.931409 107.974421 88.522543 217.177632 126.896509 141.183803 58.299431 258.627553 202.110318 139.949362
136.963100 136.642900 173.763391 108.055366 88.524266 217.175684 126.878121 141.048951 58.354557 258.551833 201.889192 140.317883
136.963100 136.642900 173.593751 108.137093 88.527778 217.171715 126.859016 140.908847 58.398983 258.471042 201.668946 140.697174
136.963100 136.642900 173.425643 108.218081 88.535795 217.162652 126.841045 140.777067 58.427035 258.403763 201.446189 141.080789
136.963100 136.642900 173.260166 108.315802 88.548317 217.148495 126.859661 140.642586 58.453856 258.334152 201.228837 141.464104
136.963100 136.642900 173.097354 108.412573 88.559713 217.135612 126.709842 140.530014 58.474062 258.281709 201.020367 141.851583
136.963100 136.642900 172.933855 108.509753 88.573958 217.119509 126.575775 140.541982 58.505697 258.183311 200.811280 142.240207
136.963100 136.642900 172.770613 108.606780 88.594696 217.096065 126.438023 140.554279 58.526300 258.098168 200.601057 142.630944
136.963100 136.642900 172.610477 108.706657 88.622391 217.064756 126.300569 140.566549 58.550243 257.999224 200.396014 143.020111
136.963100 136.642900 172.455550 108.822421 88.643195 217.041237 126.172279 140.578001 58.578067 257.884242 200.194443 143.415823
136.963100 136.642900 172.321291 108.922742 88.677000 217.003593 125.957425 140.592575 58.609371 257.754876 199.997906 143.812393
136.963100 136.642900 172.222426 109.009938 88.706316 216.972685 125.725923 140.606557 58.644369 257.610250 199.801501 144.208694
136.963100 136.642900 172.148411 109.079685 88.738454 216.938802 125.592880 140.614837 58.682564 257.452406 199.612529 144.606763
136.963100 136.642900 172.104526 109.121040 88.775065 216.900203 125.456491 140.624047 58.725229 257.276094 199.429471 145.007205
136.963100 136.642900 172.075197 109.148678 88.813947 216.859210 125.320708 140.633319 58.771280 257.085787 199.245373 145.409920
136.963100 136.642900 172.063917 109.158716 88.846223 216.825182 125.189613 140.642271 58.821342 256.886535 199.060003 145.811598
136.963100 136.642900 172.061519 109.160835 88.885931 216.783318 125.056523 140.651359 58.888844 256.674102 198.869241 146.208872
136.963100 136.642900 172.059945 109.162225 88.924056 216.743123 124.921038 140.660611 58.961100 256.446705 198.667133 146.634954
136.963100 136.642900 172.053049 109.168315 88.947316 216.718600 124.786851 140.669774 59.038080 256.204442 198.502972 147.045015
136.963100 136.642900 172.036335 109.183077 88.977845 216.684730 124.657652 140.678597 59.119603 255.947883 198.341560 147.458836
136.963100 136.642900 172.010478 109.201543 89.008850 216.650075 124.519673 140.688018 59.204064 255.682079 198.183554 147.871843
136.963100 136.642900 171.813258 109.174589 89.067401 216.579126 124.383590 140.697311 59.291068 255.408270 198.025083 148.286065
136.963100 136.642900 171.766533 109.122376 89.117106 216.513657 124.245611 140.706733 59.387858 255.124987 197.876481 148.700136
136.963100 136.642900 171.707320 109.051312 89.178602 216.432656 124.110326 140.715971 59.500347 254.836760 197.743350 149.119512
136.963100 136.642900 171.637034 108.966956 89.252615 216.335168 123.981626 140.724759 59.615818 254.540895 197.622419 149.541795
136.963100 136.642900 171.578269 108.896430 89.334187 216.227725 123.755746 140.740169 59.734343 254.237205 197.531025 149.974549
136.963100 136.642900 171.535957 108.845647 89.425614 216.107299 123.626142 140.748932 59.856432 253.924385 197.433847 150.434760
136.963100 136.642900 171.503502 108.806696 89.526778 215.974050 123.491150 140.758059 59.982374 253.601691 197.374538 150.871606
136.963100 136.642900 171.467078 108.762982 89.639249 215.825907 123.355161 140.767254 60.112678 253.267818 197.278445 151.301702
136.963100 136.642900 171.439425 108.729793 89.758492 215.668844 123.225457 140.776023 60.247019 252.923605 197.181566 151.735312
136.963100 136.642900 171.378422 108.656452 89.883722 215.503896 123.088569 140.785279 60.383723 252.573336 197.085233 152.166481
136.963100 136.642900 171.326141 108.593670 90.019049 215.325646 122.952181 140.794500 60.523517 252.215149 196.988770 152.598236
136.963100 136.642900 171.259589 108.513752 90.161210 215.138397 122.837543 140.802251 60.666401 251.849044 196.892698 153.028235
136.963100 136.642900 171.181838 108.420388 90.313348 214.938006 122.729789 140.809537 60.812304 251.475207 196.806099 153.461758
136.963100 136.642900 171.091350 108.312123 90.473726 214.729695 122.642488 140.815439 60.994156 251.106759 196.720655 153.895013
136.963100 136.642900 170.987845 108.188282 90.639903 214.515752 122.580729 140.819615 61.181335 250.733793 196.635578 154.326404
136.963100 136.642900 170.872027 108.049709 90.803565 214.305046 122.558180 140.821139 61.372864 250.352158 196.550057 154.760051
136.906744 136.987898 170.748577 107.902005 90.970908 214.089601 122.423108 140.828180 61.566995 249.965339 196.460014 155.192057
136.907231 137.018194 170.615847 107.745252 91.140827 213.870840 122.270627 140.833167 61.763593 249.573604 196.367802 155.625558
136.908041 137.068588 170.475763 107.584399 91.307985 213.655632 122.196367 140.835605 61.963913 249.174451 196.275549 156.059255
136.909066 137.132379 170.322622 107.432922 91.474469 213.441293 122.098920 140.838804 62.200593 248.776349 196.183815 156.490506
136.902256 137.213885 170.130001 107.353172 91.643100 213.224191 121.985781 140.842519 62.407086 248.364965 196.091645 156.923812
136.893443 137.316105 169.917436 107.330502 91.810136 213.009141 121.853152 140.846873 62.644209 247.964885 195.999308 157.357900
136.883032 137.436857 169.733124 107.435645 91.979564 212.791011 121.718825 140.851283 62.892710 247.564304 195.907262 157.790618
136.871617 137.569266 169.624695 107.618371 92.148747 212.573198 121.590121 140.856153 63.145007 247.157605 195.815278 158.222021
136.859110 137.714328 169.630138 107.825925 92.344008 212.343108 121.455303 140.863150 63.401099 246.744787 195.722729 158.654734
136.853655 137.873463 169.725078 108.019469 92.508441 212.125561 121.326609 140.872860 63.660460 246.326701 195.630138 159.087643
136.854923 138.044458 169.865177 108.182028 92.674864 211.905380 121.194297 140.886378 63.923195 245.903177 195.537358 159.521432
136.889237 138.233156 170.008931 108.348830 92.840021 211.686875 121.059300 140.900171 64.188090 245.476168 195.445394 159.951407
136.890750 138.434951 170.150008 108.512526 93.004635 211.469088 120.931366 140.913242 64.476864 245.060533 195.352824 160.384219
136.892398 138.654744 170.290172 108.675161 93.171118 211.248828 120.702532 140.935123 64.782327 244.647893 195.259961 160.818399
136.799423 138.865637 170.430662 108.838175 93.338084 211.027929 120.565526 140.946762 65.091716 244.229948 195.167077 161.252677
136.721253 139.099116 170.554570 108.981949 93.504145 210.808228 120.429914 140.958281 65.404022 243.808065 195.074925 161.683532
136.644292 139.347667 170.649296 109.091862 93.667553 210.592036 120.301078 140.969225 65.718885 243.382726 194.982292 162.116637
136.590098 139.617274 170.724568 109.179202 93.833556 210.376190 120.166104 140.978607 66.037200 242.952725 194.889428 162.550817
136.529403 139.903476 170.789068 109.254043 94.001710 210.158339 120.033124 140.987837 66.374351 242.474934 194.796837 162.983726
136.573379 140.175747 170.832351 109.304265 94.166993 209.944209 119.904134 140.996789 66.731032 242.062333 194.704873 163.413701
136.639789 140.454165 170.862642 109.339413 94.335269 209.726199 119.767563 141.006268 67.090002 241.647084 194.612178 163.847099
136.650880 140.659266 170.878572 109.357896 94.501163 209.511277 119.638074 141.015256 67.452177 241.228128 194.519440 164.280692
136.659914 140.826321 170.885753 109.366229 94.669439 209.293267 119.504595 141.024520 67.816641 240.806525 194.426493 164.715264
136.666696 140.951738 170.889343 109.370395 94.837227 209.075891 119.369720 141.033881 68.183394 240.382274 194.334195 165.146804
136.671361 141.038012 170.889539 109.370622 95.005748 208.857565 119.240877 141.041919 68.622943 239.895258 194.242168 165.577072
136.674903 141.103516 170.889604 109.370698 95.174085 208.639476 119.107730 141.048299 69.011186 239.479291 194.149953 166.008221
136.676016 141.127589 170.889604 109.370698 95.341018 208.423208 118.972285 141.054790 69.401748 239.060839 194.057634 166.439859
136.676403 141.140984 170.889604 109.370698 95.511010 208.206031 118.842234 141.061022 69.794426 238.640120 193.960164 166.888737
136.676554 141.146181 170.889604 109.370698 95.682471 207.988985 118.703993 141.067646 70.189287 238.217061 193.866067 167.304830
136.676640 141.149180 170.889604 109.370698 95.852072 207.774294 118.571661 141.074274 70.586195 237.791810 193.773999 167.711949
136.676707 141.151479 170.889604 109.370698 96.019442 207.562428 118.435751 141.083151 70.985219 237.364292 193.682217 168.117800
136.676707 141.151479 170.889604 109.370698 96.189229 207.347501 118.303532 141.091788 71.386016 236.934874 193.597794 168.521768
136.676707 141.151479 170.889604 109.370698 96.358397 207.133359 118.171314 141.100424 71.797099 236.512003 193.513753 168.926842
136.676707 141.151479 170.889604 109.370698 96.528742 206.917726 118.034565 141.108671 72.214113 236.089697 193.430363 169.328783
136.676707 141.151479 170.889604 109.370698 96.696732 206.705075 117.897862 141.116015 72.632953 235.665541 193.345753 169.736598
136.676707 141.151479 170.889604 109.370698 96.864102 206.493209 117.768948 141.122940 73.053479 235.239678 193.229745 170.129210
136.676707 141.151479 170.898157 109.380621 97.029496 206.278434 117.632066 141.131935 73.475621 234.812178 193.143166 170.537123
136.676707 141.151479 170.912911 109.397741 97.193320 206.059927 117.494870 141.144821 73.900082 234.382329 193.054635 170.954231
136.676707 141.151479 170.927534 109.414709 97.359482 205.838299 117.366634 141.156866 74.326089 233.950916 192.965576 171.379096
136.676707 141.151479 170.936795 109.425602 97.524505 205.618191 117.255623 141.167292 74.753642 233.517936 192.875668 171.811345
136.676707 141.151479 170.937949 109.427111 97.689948 205.397523 117.175874 141.174783 75.183513 233.082609 192.785943 172.242712
136.676707 141.151479 170.938375 109.427667 97.857959 205.180334 117.136796 141.177726 75.611672 232.642066 192.696178 172.674275
136.676707 141.151479 170.938375 109.427667 98.026697 204.964709 117.113718 141.178729 76.027948 232.187463 192.605863 173.108482
136.676707 141.151479 170.938375 109.427667 98.195202 204.745241 117.102029 141.179236 76.445237 231.731755 192.509722 173.569535
136.676707 141.151479 170.971084 109.467955 98.361813 204.526584 117.097933 141.179414 76.864349 231.274055 192.418186 174.000113
136.676707 141.151479 170.991848 109.492827 98.530059 204.305779 117.097733 141.179423 77.284542 230.815175 192.326359 174.432060
136.677021 141.162375 171.023892 109.531210 98.695093 204.089190 117.097533 141.179432 77.706559 230.354304 192.211158 174.890814
136.677761 141.187964 171.068368 109.584485 98.859885 203.872918 117.097533 141.179432 78.130061 229.891810 192.115357 175.332852
136.688874 141.337181 171.121944 109.648660 99.027768 203.652591 117.097533 141.179432 78.547770 229.421674 192.017841 175.782807
136.717490 141.399967 171.184685 109.723813 99.192015 203.437035 117.097533 141.179432 78.948287 228.969967 191.919076 176.238527
136.749860 141.484253 171.264789 109.806686 99.358564 203.218457 117.097533 141.179432 79.321803 228.548712 191.818955 176.700502
136.781286 141.588505 171.360151 109.894596 99.523902 203.001470 117.097533 141.179432 79.686229 228.137709 191.724298 177.137263
136.815968 141.706827 171.469159 109.994400 99.688693 202.785199 117.097533 141.179432 80.022592 227.758356 191.637987 177.535517
136.856331 141.844534 171.593585 110.104584 99.856698 202.564712 117.097533 141.179432 80.338455 227.402123 191.561633 177.892339
136.901729 141.999417 171.729690 110.225111 100.022399 202.347248 117.097533 141.179432 80.634481 227.068262 191.494920 178.205512
136.966513 142.401270 171.874330 110.353195 100.189009 202.128590 117.097533 141.179432 80.899393 226.769494 191.437187 178.476531
137.071625 142.638647 172.030499 110.491489 100.352892 201.913512 117.097533 141.179432 81.136815 226.501816 191.375078 178.768001
137.123272 142.839617 172.197898 110.639727 100.521017 201.692866 117.097533 141.179432 81.339352 226.261766 191.318314 179.033808
137.155954 143.060672 172.373382 110.795125 100.686657 201.475482 117.097533 141.179432 81.516592 226.049283 191.257325 179.296828
137.136186 143.367108 172.566179 110.948194 100.850722 201.260165 117.097533 141.179432 81.693437 225.837299 191.194939 179.565172
137.116915 143.604928 172.776212 111.103473 101.014605 201.045087 117.097533 141.179432 81.866474 225.629905 191.130213 179.832116
137.096659 143.854909 172.994125 111.264579 101.180488 200.827384 117.097533 141.179432 82.042714 225.418672 191.061026 180.099201
137.073534 144.177086 173.220883 111.432223 101.351743 200.603882 117.097533 141.179432 82.215879 225.211125 190.992266 180.364639
137.016921 144.554874 173.454958 111.605278 101.517248 200.383886 117.097533 141.179432 82.393850 224.997819 190.907172 180.624556
136.976927 144.801350 173.692993 111.788308 101.682573 200.164130 117.097533 141.179432 82.567399 224.789811 190.818606 180.882578
136.939624 145.031243 173.954604 111.960328 101.848438 199.943655 117.097533 141.179432 82.743704 224.578501 190.728515 181.142614
136.904932 145.245047 174.227078 112.139491 102.015026 199.722221 117.097533 141.179432 82.920136 224.367038 190.639274 181.400193
136.878407 145.456654 174.509154 112.307579 102.180410 199.502385 117.097533 141.179432 83.095352 224.157034 190.542587 181.654536
136.852105 145.684038 174.792856 112.474569 102.347358 199.280471 117.097533 141.179432 83.268325 223.949717 190.433850 181.902982
136.825871 145.910826 175.076300 112.641407 102.512202 199.061354 117.097533 141.179432 83.445847 223.736948 190.323830 182.154360
136.807529 146.149031 175.361902 112.805406 102.677106 198.842158 117.097533 141.179432 83.620613 223.527481 190.207667 182.403837
136.798828 146.394477 175.653506 112.959683 102.840627 198.624799 117.097533 141.179432 83.796854 223.316248 190.077065 182.643001
136.790414 146.631828 175.947849 113.115409 103.006433 198.404404 117.097533 141.179432 83.973607 223.104401 189.944933 182.882310
136.781575 146.881171 176.237420 113.268610 103.171096 198.185527 117.097533 141.179432 84.146708 222.896931 189.799771 183.113282
136.792542 147.131423 176.536882 113.413464 103.335159 197.967449 117.093637 141.179601 84.316037 222.685645 189.653812 183.345524
136.806764 147.391134 176.831842 113.553467 103.500363 197.747852 117.081848 141.180113 84.486787 222.466770 189.509183 183.575649
136.821575 147.645101 177.131861 113.695872 103.661561 197.528296 117.054673 141.181294 84.652912 222.253673 189.362455 183.807588
136.835651 147.875371 177.437223 113.817329 103.822165 197.303098 117.004554 141.180778 84.824742 222.043216 189.189768 184.021735
136.856925 148.075242 177.745951 113.934458 103.980621 197.080913 116.762240 141.127979 84.997306 221.832706 189.020510 184.236796
136.877556 148.235318 178.054264 114.051824 104.139425 196.858240 116.676980 141.160353 85.170194 221.618109 188.854861 184.453419
136.895107 148.371491 178.360683 114.173790 104.297764 196.636218 116.573863 141.199507 85.337835 221.401124 188.683788 184.670110
136.886324 148.474302 178.668449 114.288606 104.458949 196.410206 116.449449 141.210163 85.504452 221.185498 188.523194 184.869858
136.922874 148.595928 178.982879 114.394555 104.617231 196.188265 116.330935 141.214661 85.673146 220.967178 188.385533 185.041082
136.962907 148.729143 179.297538 114.497241 104.778067 195.962742 116.198230 141.219698 85.842375 220.748136 188.260481 185.232656
137.007919 148.878926 179.606625 114.596061 104.937568 195.739092 116.074519 141.224394 86.011298 220.529489 188.108784 185.387963
137.047318 149.010034 179.920284 114.696343 105.096604 195.516092 115.775804 141.227041 86.180772 220.310129 187.957178 185.544057
137.088404 149.171232 180.247122 114.793630 105.253841 195.295617 115.649211 141.225681 86.347495 220.094331 187.808004 185.698469
137.111037 149.265452 180.566475 114.872718 105.414271 195.070664 115.520519 141.224299 86.514095 219.878691 187.654035 185.857843
137.124148 149.323146 180.883983 114.951349 105.564012 194.845941 115.389826 141.222896 86.683385 219.659569 187.500900 186.016354
137.127047 149.345862 181.206539 115.031231 105.714485 194.613375 115.251734 141.221413 86.848763 219.445512 187.352211 186.170263
137.128326 149.355880 181.526863 115.110559 105.863056 194.383747 115.153240 141.220355 87.014935 219.230426 187.199632 186.328198
137.129529 149.365304 181.846603 115.189743 106.012604 194.152608 115.074545 141.219510 87.184553 219.011179 187.046983 186.486206
137.130035 149.369272 182.166927 115.269071 106.162642 193.920714 115.034624 141.316477 87.354898 218.793129 186.894172 186.644474
137.130073 149.369569 182.488512 115.348712 106.313169 193.688064 115.038586 141.391272 87.522780 218.578232 186.741000 186.803782
137.130098 149.369768 182.811068 115.428593 106.459893 193.461290 115.042622 141.467466 87.690724 218.363256 186.592956 186.957757
137.130098 149.369768 183.131003 115.507826 106.607269 193.233510 115.046796 141.546255 87.858359 218.148673 186.444982 187.111659
137.130098 149.369768 183.454044 115.587827 106.754916 193.005309 115.050615 141.618354 88.028642 217.930703 186.295413 187.267219
137.130098 149.369768 183.775726 115.667492 106.901640 192.778536 115.054720 141.695845 88.197552 217.714451 186.142310 187.426455
137.130098 149.369768 184.098767 115.747493 107.049614 192.549832 115.058698 141.770940 88.372493 217.463687 185.989091 187.586823
137.130098 149.369768 184.415693 115.825980 107.197153 192.321799 115.062845 141.849230 88.542894 217.245555 185.839304 187.746176
137.130098 149.369768 184.736114 115.905333 107.343442 192.095698 115.067055 141.928719 88.710217 217.031363 185.692256 187.902615
137.130098 149.369768 185.053719 115.983988 107.488265 191.871863 115.071329 142.009406 88.880679 216.813151 185.542468 188.061968
137.130098 149.369768 185.376857 116.064014 107.636429 191.638072 115.075138 142.081305 89.057303 216.592427 185.392625 188.222500
137.130098 149.369768 185.699219 116.143847 107.779614 191.406811 115.079100 142.156100 89.223167 216.373956 185.244318 188.382687
137.162280 149.362034 186.022066 116.223800 107.921010 191.178440 115.083384 142.236987 89.390362 216.153733 185.099272 188.539352
137.164189 149.376811 186.343943 116.303513 108.064933 190.945989 115.087304 142.310983 89.557375 215.933749 184.948316 188.702401
137.167906 149.405572 186.694055 116.390215 108.205540 190.718893 115.091255 142.385579 89.721123 215.718066 184.802021 188.860415
137.106376 149.637745 187.015930 116.469933 108.348252 190.488397 115.095291 142.461772 89.886987 215.499595 184.644982 189.033021
137.045258 149.750895 187.336738 116.549387 108.492332 190.255690 115.099550 142.542159 90.053395 215.280407 184.488457 189.221632
136.968602 149.772715 187.660260 116.626982 108.637413 190.021368 115.109705 142.616559 90.217687 215.064007 184.324716 189.418939
136.872615 149.800037 187.983415 116.703977 108.782178 189.787556 115.119897 142.689450 90.385209 214.843657 184.152418 189.626557
136.758258 149.832588 188.306861 116.781041 108.924627 189.557485 115.131363 142.771452 90.552429 214.628370 183.970413 189.845872
136.627357 149.869848 188.625051 116.857708 109.069813 189.322993 115.140322 142.835529 90.722777 214.409056 183.780726 190.074663
136.502132 149.905493 188.947019 116.938294 109.213736 189.090541 115.145446 142.872172 90.889506 214.194401 183.588179 190.347849
