187.779201 154.390930 169.472546 208.179726 96.021800 144.257300 168.837396 140.948883 208.905517 169.301331 234.895289 67.098509
187.768888 154.383182 169.472190 208.162430 96.022873 144.272763 168.832756 140.932840 208.820560 169.298618 234.886095 67.370854
187.764730 154.380058 169.471554 208.131536 96.025414 144.309375 168.824839 140.905462 208.713515 169.295199 234.876898 67.643298
187.760733 154.377055 169.470533 208.081947 96.028973 144.360651 168.813839 140.867421 208.589978 169.291254 234.867593 67.918941
187.760413 154.376814 169.469084 208.011562 96.033791 144.430084 168.803727 140.832453 208.454450 169.280262 234.858375 68.191986
187.760173 154.376634 169.467236 207.921781 96.040098 144.520966 168.788199 140.778754 208.324236 169.240325 234.849114 68.466330
187.760173 154.376634 169.464987 207.812504 96.047575 144.628707 168.776726 140.739079 208.195457 169.200828 234.839934 68.738275
187.760173 154.376634 169.462314 207.682632 96.055849 144.747920 168.761697 140.687108 208.070407 169.162475 234.830578 69.015417
187.745782 154.365822 169.459397 207.540962 96.065410 144.885689 168.748759 140.634711 207.938281 169.121952 234.821209 69.292959
187.715162 154.342816 169.456247 207.387894 96.074500 145.016674 168.748264 140.617318 207.813518 169.083686 234.811992 69.566003
187.706127 154.336029 169.452750 207.218030 96.083459 145.145763 168.748025 140.608921 207.682826 169.043603 234.802741 69.840047
187.703169 154.333806 169.448934 207.032669 96.093068 145.284230 168.623001 140.563157 207.554334 169.004194 234.793368 70.117689
187.701011 154.332184 169.444993 206.841210 96.102484 145.419904 168.582973 140.572483 207.429379 168.965869 234.784019 70.394631
187.700211 154.331583 169.441071 206.650650 96.111671 145.552285 168.529161 140.568913 207.302512 168.926959 234.773430 70.667121
187.700131 154.331523 169.437235 206.464290 96.121246 145.690253 168.457737 140.559068 207.173063 168.887257 234.762054 70.944483
187.700131 154.331523 169.433279 206.272130 96.130260 145.820141 168.373830 140.547503 207.040651 168.846645 234.752641 71.221523
187.700131 154.331523 169.429466 206.086870 96.139392 145.951724 168.269021 140.533057 206.917035 168.808732 234.743354 71.494865
187.700131 154.331523 169.444471 205.901186 96.148801 146.087298 168.143904 140.515812 206.790072 168.769792 234.734076 71.767908
187.700131 154.331523 169.476221 205.712032 96.158334 146.224668 168.015220 140.498076 206.659785 168.734190 234.724728 72.043049
187.700131 154.331523 169.506962 205.528894 96.167895 146.362437 167.877918 140.479151 206.534974 168.702383 234.715308 72.320289
187.700131 154.331523 169.538447 205.341318 96.177235 146.497013 167.747788 140.461686 206.402508 168.668625 234.706615 72.592149
187.700131 154.331523 169.570230 205.151967 96.186671 146.632986 167.619631 140.446110 206.268164 168.666289 234.698412 72.865726
187.700131 154.331523 169.600855 204.969519 96.195962 146.766864 167.488595 140.430184 206.133369 168.677958 234.690273 73.137204
187.700131 154.331523 169.633002 204.777998 96.205018 146.897350 167.343276 140.379306 206.004152 168.689145 234.681996 73.413280
187.700131 154.331523 169.664786 204.588647 96.323385 146.920323 167.221871 140.364532 205.870851 168.700685 234.673775 73.687457
187.700131 154.331523 169.695543 204.405411 96.453618 146.930111 167.130942 140.353466 205.738346 168.712156 234.665510 73.963133
187.700131 154.331523 169.727508 204.214975 96.590531 146.940402 167.063242 140.345227 205.504510 168.726501 234.657328 74.236011
187.700131 154.331523 169.759490 204.024440 96.721063 146.950212 167.025520 140.340637 205.268915 168.733824 234.649210 74.506789
187.700131 154.331523 169.790396 203.840316 96.853490 146.960166 166.999115 140.337423 205.104134 168.736376 234.640992 74.780866
187.700131 154.331523 169.822560 203.648697 96.989058 146.849099 166.990379 140.336360 204.926266 168.726134 234.632703 75.057342
187.700131 154.331523 169.854707 203.457176 97.015072 146.714693 166.984423 140.335635 204.749376 168.645989 234.624414 75.333817
187.700131 154.331523 169.887202 203.274470 97.027808 146.585205 166.981445 140.335273 204.564942 168.557239 234.616226 75.606895
187.700131 154.331523 169.925871 203.088855 97.026454 146.453844 166.979460 140.335031 204.402290 168.405122 234.607994 75.881471
187.700131 154.331523 169.965397 202.899129 97.015809 146.321170 166.978467 140.334911 204.256744 168.217828 234.599722 76.157347
187.657093 154.275156 170.004270 202.712535 97.005508 146.192783 166.978467 140.334911 204.201882 167.825126 234.591478 76.432324
187.629547 154.229824 170.043633 202.523592 96.994544 146.056122 166.978467 140.334911 204.178722 167.575197 234.583177 76.709199
187.576992 154.210485 170.082588 202.336606 96.983563 145.919262 166.978467 140.334911 204.154639 167.315310 234.575037 76.980677
187.503509 154.183445 170.120910 202.152656 96.972462 145.780906 166.978467 140.334911 204.135493 167.061875 234.537556 78.004897
187.409943 154.149015 170.160232 201.963908 96.961369 145.642651 166.978467 140.334911 204.096309 166.804822 234.524468 78.280186
187.217135 154.107082 170.198331 201.781034 96.950501 145.507186 166.969037 140.333763 204.057453 166.538663 234.511370 78.554574
187.099302 154.059173 170.236898 201.595909 96.939976 145.376007 166.921866 140.361304 203.902970 166.319898 234.497553 78.831729
186.969056 154.006218 170.300172 201.453742 96.929443 145.244729 166.740363 140.309913 203.704747 166.129287 234.483841 79.106788
186.825563 153.947876 170.337945 201.272435 97.082751 145.197681 166.734383 140.309424 203.509336 165.941378 234.470124 79.381946
186.665210 153.882680 170.375820 201.090639 97.218364 145.186184 166.734383 140.309424 203.309167 165.748895 234.456327 79.658702
186.490406 153.811608 170.414225 200.906297 97.350490 145.174982 166.732389 140.309261 203.053396 165.505483 234.442714 79.931763
186.298742 153.733681 170.453181 200.719312 97.479826 145.164017 166.725612 140.308706 202.852429 165.322636 234.429047 80.205923
186.096164 153.653481 170.492810 200.529096 97.605974 145.153323 166.716144 140.307932 202.652275 165.140530 234.415325 80.481181
185.887727 153.576785 170.531990 200.341034 97.697844 145.145534 166.711260 140.307532 202.448793 164.955394 234.401857 80.751346
185.679477 153.500158 170.570375 200.156790 97.755836 145.140617 166.709167 140.307361 202.248269 164.772951 234.373880 81.022844
185.474794 153.424844 170.608393 199.974308 97.789117 145.137796 166.686833 140.338655 201.786520 164.452338 234.343306 81.295736
185.271518 153.350047 170.646145 199.793099 97.937355 145.146122 166.632922 140.301124 201.545009 164.330508 234.314497 81.569422
185.112501 153.256345 170.685122 199.606016 98.008131 145.157599 166.632922 140.301124 201.213371 164.167030 234.286966 81.838517
184.927045 153.189060 170.724628 199.416388 98.092331 145.171252 166.632922 140.301124 200.964319 164.046924 234.258712 82.114675
184.730016 153.124939 170.762931 199.232535 98.194990 145.187899 166.632922 140.301124 200.632767 163.877665 234.230570 82.389739
184.492639 153.041486 170.801357 199.048096 98.317490 145.207763 166.632922 140.301124 200.388187 163.745933 234.202723 82.661919
184.288537 152.967202 170.840272 198.861306 98.446702 145.228715 166.621360 140.300178 200.147305 163.616192 234.161877 82.935231
184.085427 152.892824 170.874333 198.697817 98.578481 145.250084 166.598736 140.298328 199.908711 163.487685 234.115593 83.201539
183.883626 152.818652 170.901643 198.566731 98.706114 145.270780 166.558271 140.295017 199.667212 163.357613 234.068779 83.470901
183.675443 152.742133 170.921366 198.472064 98.815189 145.288467 166.499168 140.290189 199.423512 163.226355 234.022342 83.738096
183.472664 152.668037 170.932828 198.417045 98.885669 145.299895 166.425613 140.284181 199.179751 163.095001 233.972928 84.009771
183.269261 152.601853 170.939538 198.384837 98.929496 145.307002 166.367805 140.279459 198.937909 162.964933 233.906537 84.277873
183.065762 152.535639 171.031702 198.331359 98.950521 145.310412 166.322357 140.275747 198.609940 162.789362 233.841203 84.541704
182.854942 152.467042 171.088083 198.364103 98.953582 145.310908 166.299832 140.273907 198.368990 162.661659 233.776230 84.804078
182.648685 152.399932 171.201217 198.381298 98.955358 145.311196 166.287473 140.272897 198.126184 162.532972 233.710512 85.069463
182.442343 152.334393 171.292451 198.418954 98.955852 145.311276 166.281792 140.272433 197.886912 162.406158 233.644794 85.334847
182.233809 152.268158 171.394778 198.461189 98.956000 145.311300 166.277905 140.272116 197.515227 162.208788 233.578067 85.604307
182.026116 152.209686 171.507642 198.507773 98.956000 145.311300 166.277107 140.272051 197.200188 162.070917 233.511531 85.872992
181.816118 152.167642 171.728616 198.588019 98.956000 145.311300 166.270928 140.271546 196.933960 161.997800 233.445549 86.139444
181.604057 152.132316 171.877759 198.628351 98.956000 145.311300 166.254383 140.270195 196.668344 161.937806 233.360567 86.463628
181.390274 152.103620 172.039644 198.672129 98.956000 145.311300 166.239234 140.268957 196.398911 161.902024 233.283737 86.727157
181.171635 152.074271 172.219002 198.720632 98.998202 145.267520 166.200263 140.265774 196.125539 161.873088 233.207999 86.986941
180.959636 152.045814 172.400193 198.769631 99.007963 145.228729 166.164383 140.262843 195.854151 161.925484 233.131505 87.249318
180.747836 152.017383 172.584121 198.817629 99.021969 145.173064 166.117240 140.258993 195.492539 161.911031 233.044195 87.506063
180.533657 151.988633 172.776099 198.841036 99.040953 145.097616 166.071991 140.255297 195.237956 161.845026 232.955875 87.763642
180.314721 151.959245 172.965298 198.864105 99.064891 145.002481 166.027040 140.251625 195.018415 161.788106 232.867263 88.022073
180.096577 151.929963 173.154397 198.887161 99.092684 144.892024 166.001625 140.249549 194.824622 161.737862 232.769230 88.277530
179.883984 151.901426 173.338633 198.909625 99.125650 144.761008 165.992057 140.248768 194.645446 161.691407 232.667174 88.531383
179.664552 151.871971 173.530711 198.933044 99.164411 144.612794 165.985678 140.248247 194.488825 161.650800 232.565043 88.785422
179.450670 151.843261 173.717130 198.955774 99.206476 144.453453 165.981193 140.247880 194.341786 161.612678 232.456863 89.034770
179.233617 151.814126 173.904641 198.978636 99.253543 144.275161 165.978502 140.247660 194.205106 161.577241 232.342785 89.279927
179.017555 151.785123 174.092550 199.001548 99.304082 144.083720 165.971824 140.247115 194.068909 161.541929 232.228074 89.526445
178.801592 151.756134 174.162419 198.792164 99.352707 143.899530 165.954382 140.245690 193.913464 161.420000 232.109519 89.773559
178.583448 151.726852 174.087151 198.610714 99.405448 143.677142 165.935545 140.244152 193.782116 161.377103 231.989894 90.015724
178.368699 151.723100 173.857673 198.341604 99.461283 143.444495 165.922688 140.243102 193.654078 161.339667 231.869029 90.260399
178.150218 151.720504 173.707867 198.183071 99.486739 143.352762 165.915910 140.242548 193.525617 161.301538 231.734379 90.499899
177.934739 151.717444 173.573278 198.014896 99.507810 143.276831 165.888402 140.240301 193.395335 161.262869 231.593022 90.732750
177.715857 151.731398 173.443554 197.844621 99.520138 143.232410 165.850329 140.237191 193.268606 161.227079 231.451042 90.966628
177.499620 151.749586 173.333554 197.651789 99.526368 143.209958 165.611764 140.253593 193.134529 161.191569 231.305739 91.196429
177.279975 151.767764 173.244198 197.456935 99.529657 143.198106 165.536141 140.246404 193.005092 161.157288 231.149727 91.419605
177.063810 151.782829 173.170993 197.250354 99.530753 143.194156 165.443121 140.235138 192.875022 161.147234 230.990793 91.646961
176.581975 151.804816 173.128690 197.039788 99.531395 143.191843 165.328558 140.221264 192.768793 161.141196 230.831745 91.874481
176.368175 151.790185 173.110366 196.825995 99.531769 143.190494 165.206351 140.206463 192.692417 161.136854 230.667537 92.098546
176.151420 151.771141 173.123524 196.604786 99.531930 143.189916 165.092882 140.171166 192.627491 161.133899 230.507539 92.315908
175.932029 151.747221 173.136379 196.388668 99.531983 143.189723 164.969007 140.122753 192.575008 161.132556 230.343984 92.538103
175.716786 151.710219 173.167965 196.170877 99.532010 143.189627 164.890184 140.032191 192.534322 161.131515 230.180073 92.760782
175.502353 151.699053 173.213640 195.956491 99.532010 143.189627 164.707971 139.713090 192.513628 161.130986 230.006265 92.973882
175.290561 151.653192 173.256805 195.741379 99.532010 143.189627 164.665568 139.590163 192.503832 161.130735 229.832791 93.186103
175.079277 151.604182 173.299996 195.526680 99.532010 143.189627 164.643578 139.457676 192.490536 161.130395 229.657799 93.400182
174.863317 151.553183 173.343010 195.313068 99.532117 143.189241 164.655379 139.327426 192.486337 161.130288 229.444555 93.593297
174.654395 151.498098 173.394286 195.101381 99.532518 143.187796 164.635007 139.204807 192.481439 161.130162 229.255805 93.788731
174.443209 151.437179 173.454044 194.895686 99.532973 143.186158 164.618124 139.114579 192.478540 161.130088 229.067680 93.983517
174.227672 151.388693 173.514834 194.686437 99.533588 143.183942 164.608263 139.063624 192.472942 161.129945 228.875365 94.174439
174.017136 151.352157 173.581045 194.477083 99.535326 143.177678 164.602297 139.032796 192.466644 161.129784 228.679782 94.367330
173.805982 151.319266 173.665219 194.274364 99.537198 143.170933 164.600511 139.023567 192.454048 161.129462 228.483344 94.561065
173.586451 151.285588 173.747859 194.075340 99.539898 143.161201 164.598763 139.014535 192.444251 161.129211 228.288473 94.753254
173.373223 151.253696 173.829923 193.877700 99.545032 143.142700 164.598592 139.013651 192.426257 161.128751 228.094171 94.944882
173.154160 151.220930 173.923417 193.684465 99.553830 143.110998 164.598497 139.013161 192.404264 161.128188 227.899169 95.135767
172.938718 151.203109 174.071156 193.436152 99.561157 143.084596 164.598497 139.013161 192.378373 161.127526 227.693707 95.320801
172.738651 151.187181 174.167014 193.242587 99.571799 143.046245 164.598497 139.013161 192.336086 161.126444 227.487724 95.506303
172.558022 151.172801 174.257786 193.060262 99.581158 143.012520 164.598497 139.013161 192.271408 161.124789 227.283079 95.690600
172.388459 151.159301 174.387519 192.851634 99.594394 142.964822 164.598497 139.013161 192.194033 161.122816 227.079177 95.874229
172.169265 151.141872 174.481103 192.763760 99.611508 142.903153 164.598497 139.013161 192.124555 161.121052 226.875647 96.057522
171.996394 151.128337 174.608971 192.646602 99.632954 142.825873 164.598497 139.013161 192.043981 161.119007 226.672393 96.240824
171.815747 151.114193 174.675597 192.531609 99.650976 142.760928 164.598497 139.013161 191.963207 161.116957 226.433707 96.412152
171.631510 151.099768 174.740769 192.419125 99.664801 142.711110 164.598497 139.013161 191.879934 161.114844 226.228908 96.597324
171.433416 151.084265 174.822729 192.315010 99.679802 142.657053 164.598497 139.013161 191.806358 161.112976 226.026854 96.780015
171.222528 151.068187 174.906452 192.213088 99.697450 142.593456 164.598497 139.013161 191.748072 161.111747 225.823687 96.963711
171.001170 151.051311 174.992587 192.108230 99.716249 142.525716 164.598497 139.013161 191.683177 161.110920 225.617627 97.150024
170.755244 151.032676 175.075486 192.007313 99.728549 142.481391 164.598497 139.013161 191.641280 161.110387 225.413942 97.334190
170.541453 151.016527 175.162256 191.901682 99.742213 142.432152 164.598497 139.013161 191.607183 161.109952 225.212036 97.516746
170.326066 151.003464 175.244754 191.801085 99.754380 142.388309 164.598497 139.013161 191.574386 161.109534 225.007163 97.701986
170.109238 150.992590 175.324575 191.700256 99.763605 142.355065 164.598497 139.013161 191.554187 161.109277 224.803625 97.886018
169.888915 150.981540 175.407687 191.595272 99.768739 142.336564 164.598497 139.013161 191.540489 161.109102 224.602906 98.067501
169.671488 150.970636 175.489247 191.492248 99.770424 142.330494 164.598497 139.013161 191.525890 161.108916 224.398404 98.252405
169.450766 150.959567 175.574469 191.384598 99.771600 142.326254 164.598497 139.013161 191.518990 161.108828 224.197685 98.433888
169.229544 150.948472 175.656028 191.281574 99.772403 142.323363 164.597775 139.009430 191.513991 161.108765 223.996232 98.615603
169.012516 150.937588 175.738767 191.177060 99.772670 142.322400 164.596122 139.000888 191.512291 161.108743 223.789937 98.800608
168.802671 150.898952 175.819644 191.074898 99.772830 142.321822 164.592398 138.981645 191.511991 161.108739 223.584387 98.984945
168.585892 150.857008 175.901763 190.971169 99.772830 142.321822 164.584969 138.943257 191.511891 161.108738 223.380251 99.168013
168.369407 150.815121 176.042305 190.789781 99.772830 142.321822 164.574919 138.891321 191.511891 161.108738 223.174253 99.352751
168.158223 150.774260 176.123714 190.682591 99.772830 142.321822 164.560707 138.817884 191.511891 161.108738 222.973021 99.533216
167.945672 150.732170 176.204398 190.576356 99.772830 142.321822 164.542923 138.725988 191.511891 161.108738 222.767917 99.717152
167.732810 150.679843 176.284462 190.470907 99.772830 142.321822 164.455287 138.470915 191.511891 161.108738 222.561473 99.902291
167.521307 150.627850 176.365992 190.362806 99.772830 142.321822 164.420077 138.360396 191.511891 161.108738 222.358856 100.086740
167.307376 150.575260 176.448727 190.253107 99.772830 142.321822 164.383937 138.249644 191.511891 161.108738 222.154204 100.273413
167.074519 150.492323 176.530679 190.144446 99.772830 142.321822 164.344814 138.134304 191.511891 161.108738 221.951620 100.458198
166.839742 150.417320 176.609198 190.040337 99.772830 142.321822 164.305200 138.020714 191.511891 161.108738 221.746747 100.645072
166.625377 150.373837 176.687537 189.936466 99.772830 142.321822 164.260349 137.892110 191.511891 161.108738 221.542612 100.831273
166.419406 150.298256 176.766057 189.832357 99.772830 142.321822 164.216586 137.766623 191.511891 161.108738 221.341062 101.015114
166.218411 150.224502 176.843912 189.729124 99.772830 142.321822 164.174567 137.646139 191.511891 161.108738 221.141813 101.218686
166.013003 150.149129 176.914176 189.635948 99.772830 142.321822 164.129816 137.517819 191.511891 161.108738 220.937525 101.400986
165.806938 150.073514 176.968726 189.563610 99.772830 142.321822 164.084966 137.389216 191.511891 161.108738 220.735327 101.581421
165.603803 149.999799 176.998048 189.524727 99.772830 142.321822 164.019023 137.274838 191.511891 161.108738 220.531562 101.763254
165.397875 149.927051 177.012800 189.505166 99.772830 142.321822 163.953816 137.163300 191.511891 161.108738 220.324439 101.948083
165.192379 149.855497 177.153310 189.362221 99.772830 142.321822 163.889014 137.052452 191.511891 161.108738 220.121495 102.129184
164.985102 149.784495 177.200571 189.316870 99.772830 142.321822 163.822748 136.939101 191.511891 161.108738 219.915939 102.312616
164.770748 149.742821 177.260674 189.259194 99.772830 142.321822 163.753049 136.819880 191.511891 161.108738 219.709189 102.497112
164.554402 149.711592 177.334054 189.188779 99.772830 142.321822 163.684663 136.702903 191.511891 161.108738 219.504506 102.676157
164.341215 149.691837 177.417246 189.108947 99.772830 142.321822 163.614915 136.583595 191.511891 161.108738 219.289046 102.848647
164.092052 149.659697 177.507484 189.017084 99.772830 142.321822 163.546327 136.466273 191.511891 161.108738 219.072649 103.021887
163.897113 149.667620 177.597385 188.922628 99.772830 142.321822 163.475026 136.363079 191.511891 161.108738 218.859687 103.192377
163.715263 149.675011 177.686390 188.829114 99.772830 142.321822 163.395357 136.260732 191.511891 161.108738 218.644617 103.364555
163.546740 149.684099 177.775257 188.735745 99.772830 142.321822 163.312065 136.153728 191.511891 161.108738 218.424688 103.521793
163.407616 149.695611 177.867779 188.638536 99.772830 142.321822 163.229202 136.047277 191.511891 161.108738 218.199866 103.680507
163.257130 149.708064 177.962920 188.538575 99.772830 142.321822 163.149841 135.945324 191.511891 161.108738 217.977576 103.837433
163.095388 149.754570 178.057785 188.438904 99.772830 142.321822 163.066057 135.837690 191.511891 161.108738 217.751202 103.997242
162.917059 149.784924 178.146376 188.345825 99.772830 142.321822 162.983993 135.732265 191.511891 161.108738 217.526380 104.155956
162.731626 149.829005 178.236623 188.251007 99.772830 142.321822 162.905188 135.626263 191.511891 161.108738 217.295934 104.304511
162.539383 149.874705 178.246182 188.109936 99.772830 142.321822 162.825024 135.516154 191.511891 161.108738 217.052390 104.421533
162.364500 149.922300 178.149093 188.018597 99.772830 142.321822 162.746095 135.407742 191.511891 161.108738 216.805961 104.539940
162.170400 149.984548 178.051713 187.926985 99.772830 142.321822 162.667284 135.299492 191.511891 161.108738 216.561155 104.657569
161.983187 150.075415 177.953969 187.835030 99.772830 142.321822 162.588296 135.191000 191.511891 161.108738 216.315357 104.775673
161.801191 150.163749 177.855278 187.742184 99.772830 142.321822 162.514066 135.093149 191.507991 161.108688 216.071902 104.892652
161.611950 150.264583 177.764915 187.646127 99.772830 142.321822 162.441040 135.009024 191.504191 161.108640 215.827366 105.010150
161.434408 150.369057 177.697414 187.557507 99.772830 142.321822 162.383287 134.942493 191.496892 161.108547 215.583011 105.127562
160.981528 150.656023 177.647425 187.491877 99.772830 142.321822 162.329993 134.881098 191.479693 161.108328 215.330095 105.240972
160.817032 150.788678 177.598344 187.427440 99.772830 142.321822 162.299457 134.845243 191.453596 161.107995 215.068204 105.323877
160.653629 150.929648 177.561322 187.378834 99.772830 142.321822 162.278071 134.819070 191.419998 161.107567 214.804121 105.407476
160.505569 151.086232 177.541205 187.352423 99.772830 142.321822 162.265417 134.803582 191.363103 161.106842 214.527684 105.557481
160.361838 151.238238 177.531753 187.196392 99.772830 142.321822 162.254850 134.790650 191.287909 161.105884 214.258467 105.611584
160.224391 151.401317 177.500457 187.096635 99.772830 142.321822 162.251433 134.786468 191.210815 161.104901 213.993563 105.664819
160.101380 151.575890 177.489742 187.031510 99.772830 142.321822 162.249345 134.783913 191.158120 161.104230 213.721954 105.718161
159.987459 151.760345 177.480253 186.991463 99.772830 142.321822 162.248396 134.782751 191.093525 161.103407 213.453457 105.769709
159.870433 151.947935 177.415898 186.776454 99.772830 142.321822 162.244157 134.777563 191.042019 161.102135 213.182617 105.817860
159.756053 152.131283 177.384954 186.696536 99.772830 142.321822 162.233401 134.764399 191.017543 161.101054 212.911059 105.864299
159.642255 152.313698 177.311915 186.585192 99.772830 142.321822 162.224036 134.752938 190.996563 161.100128 212.640191 105.910619
159.520731 152.507224 177.238035 186.488357 99.772830 142.321822 162.205345 134.725657 190.993366 161.099987 212.372083 105.956468
159.401110 152.693526 177.154450 186.378802 99.772830 142.321822 162.193756 134.687791 190.951540 161.150409 212.103016 105.985449
159.282947 152.877557 177.058673 186.253267 99.772830 142.321822 162.066792 134.526370 190.942714 161.189936 211.827180 106.006001
159.166136 153.059484 176.955313 186.117794 99.772830 142.321822 162.005688 134.495964 190.930228 161.245859 211.554835 106.026292
159.043475 153.284593 176.870796 185.947051 99.772830 142.321822 161.948686 134.430371 190.910865 161.317395 211.283687 106.046495
158.941695 153.473229 176.758277 185.784737 99.772830 142.321822 161.874553 134.351989 190.882498 161.403545 211.008649 106.066987
158.834672 153.659933 176.635732 185.607958 99.772830 142.321822 161.783740 134.265078 190.841542 161.504561 210.735307 106.087353
158.710742 153.834273 176.505801 185.424308 99.772830 142.321822 161.690470 134.175817 190.784917 161.615475 210.315713 106.101061
158.587350 154.009360 176.362518 185.235149 99.772830 142.321822 161.596334 134.085725 190.713101 161.727537 210.045853 106.114859
158.463428 154.186399 176.211627 185.035946 99.772830 142.321822 161.494729 133.993724 190.641553 161.839178 209.773092 106.136263
158.334867 154.358973 176.052464 184.825822 99.772830 142.321822 161.392249 133.904013 190.568330 161.947013 209.498436 106.157814
158.198144 154.530691 175.867351 184.620460 99.772830 142.321822 161.291048 133.815420 190.491108 162.053451 209.227568 106.179069
158.057107 154.695425 175.679836 184.420127 99.778446 142.301586 161.186872 133.730143 190.411478 162.163207 208.955991 106.200214
157.909747 154.855534 175.421690 184.237842 99.788580 142.265066 161.075342 133.652314 190.329670 162.274461 208.681472 106.220940
157.764080 155.013803 175.194284 184.143277 99.819842 142.084791 160.967257 133.576890 190.248447 162.381667 208.411241 106.241344
157.618074 155.172440 174.940710 184.066958 99.826890 142.010324 160.861633 133.503182 190.183540 162.474439 208.136623 106.262078
157.472678 155.330415 174.776872 184.018335 99.835087 141.923711 160.753548 133.427757 190.137009 162.554151 207.865794 106.282526
157.322677 155.493394 174.641010 183.977395 99.845140 141.817485 160.629177 133.381073 190.094057 162.627732 207.590677 106.303298
157.172609 155.656446 174.532221 183.943321 99.857021 141.691946 160.509658 133.312060 190.049760 162.707723 207.315147 106.319402
157.027382 155.814440 174.451584 183.918064 99.869929 141.555556 160.394051 133.255048 190.007974 162.804159 207.045205 106.335134
156.878370 155.977782 174.394041 183.900040 99.882601 141.421654 160.271000 133.194366 189.972407 162.918957 206.773866 106.350947
156.729549 156.138973 174.343559 183.884229 99.894746 141.293327 160.147322 133.133374 189.917604 163.149560 206.499399 106.366370
156.575381 156.298572 174.313238 183.874993 99.907663 141.156837 160.027427 133.079818 189.889661 163.268933 206.222593 106.381131
156.424965 156.454287 174.167845 183.832895 99.914896 140.969001 159.906944 133.030993 189.859690 163.396972 205.950879 106.395620
156.270936 156.613742 174.128963 183.793436 99.915376 140.835601 159.786369 132.982130 189.829034 163.527932 205.677967 106.410174
156.121909 156.768019 174.090595 183.748221 99.927338 140.636367 159.634510 132.919127 189.800430 163.650129 205.404990 106.427071
155.973982 156.921826 174.062850 183.703623 99.937146 140.505033 159.503792 132.878452 189.768865 163.775379 205.129726 106.444270
155.820914 157.081651 174.042021 183.524128 99.947371 140.368114 159.376607 132.838877 189.731242 163.907528 204.858056 106.461244
155.673726 157.235337 174.063624 183.433775 99.957410 140.233688 159.253241 132.800490 189.697727 164.025250 204.582408 106.481121
155.541478 157.373424 174.102056 183.291875 99.967569 140.097667 159.123765 132.760202 189.673220 164.111330 204.313738 106.507882
155.423824 157.496271 174.141288 183.165421 99.967290 139.895447 158.997629 132.733168 189.658750 164.175416 204.040888 106.535059
155.315439 157.609442 174.183012 183.039152 99.963572 139.765400 158.864768 132.729948 189.647565 164.224969 203.765936 106.563309
155.217168 157.710415 174.227643 182.909838 99.959762 139.632155 158.730108 132.726684 189.643601 164.242528 203.492047 106.592116
155.126859 157.803089 174.271231 182.783548 99.955927 139.498010 158.569952 132.729998 189.640937 164.254331 203.221738 106.620547
155.047157 157.884878 174.316254 182.653099 99.952028 139.361665 158.441409 132.733819 189.638449 164.265353 202.952594 106.660274
154.969549 157.964517 174.358863 182.529645 99.948555 139.240215 158.311566 132.737679 189.637612 164.269060 202.685459 106.708535
154.896129 158.039860 174.402091 182.404395 99.946260 139.159948 158.179325 132.741611 189.637370 164.270133 202.412984 106.759436
154.829478 158.108255 174.446005 182.277160 99.944768 139.107769 158.072971 132.711743 189.637216 164.270816 202.147210 106.812810
154.766248 158.173142 174.530121 182.033527 100.041599 138.997560 157.971716 132.714754 189.637172 164.271011 201.887259 106.887976
154.702877 158.238171 174.574761 181.905062 100.130138 138.990764 157.890652 132.717164 189.637172 164.271011 201.627402 106.963461
154.643625 158.298975 174.618690 181.778891 100.233534 138.982828 157.823581 132.719158 189.637172 164.271011 201.361566 107.043070
154.576835 158.367514 174.632204 181.639757 100.357071 138.973346 157.755012 132.721196 189.637172 164.271011 201.101997 107.122250
154.500553 158.445793 174.674794 181.517461 100.486291 138.963428 157.700936 132.722804 189.637172 164.271011 200.844735 107.214249
154.417432 158.531091 174.717352 181.395260 100.614713 138.953571 157.667049 132.723765 189.637172 164.271011 200.591110 107.322300
154.334144 158.619536 174.761257 181.269186 100.745229 138.943553 157.560400 132.730376 189.637172 164.271011 200.347069 107.441051
154.250422 158.710462 174.805788 181.141319 100.874449 138.933635 157.482401 132.730735 189.637172 164.271011 200.103605 107.559845
154.156742 158.812202 174.849793 181.014962 101.007757 138.923403 157.389902 132.731161 189.637172 164.271011 199.854188 107.682172
154.048972 158.929243 174.892362 180.891813 101.146150 138.912781 157.283703 132.731650 189.636291 164.274913 199.614478 107.810786
153.933007 159.055185 174.934140 180.768603 101.283247 138.902258 157.161405 132.732213 189.635212 164.279693 199.377761 107.948178
153.808575 159.190323 174.977739 180.638835 101.420842 138.891697 156.991956 132.738514 189.630016 164.302713 199.142254 108.084867
153.672898 159.337672 175.017327 180.514172 101.557939 138.881174 156.853447 132.747495 189.626339 164.319004 198.907093 108.221356
153.529973 159.492893 175.057131 180.391572 101.689851 138.871049 156.724817 132.755835 189.621935 164.338513 198.673266 108.368484
153.382104 159.653485 175.097274 180.267925 101.827646 138.860473 156.596586 132.764149 189.616475 164.362704 198.439810 108.517758
153.236632 159.811116 175.138282 180.141615 101.963546 138.850042 156.466060 132.772612 189.612599 164.379872 198.212084 108.663369
153.085667 159.970458 175.180059 180.009847 102.086285 138.840621 156.328649 132.781522 189.609341 164.394309 197.983093 108.809788
152.936904 160.127477 175.201861 179.879052 102.179211 138.833489 156.200544 132.798071 189.607161 164.403966 197.752839 108.957016
152.795980 160.276221 175.224616 179.742535 102.240132 138.828813 156.068752 132.819358 189.605311 164.412160 197.521152 109.105159
152.672664 160.406380 175.246894 179.608879 102.267950 138.826677 155.937651 132.840534 189.601568 164.428743 197.293257 109.250877
152.557876 160.527538 175.269025 179.476111 102.346448 138.770302 155.807758 132.867656 189.594742 164.458982 197.065277 109.396650
152.452097 160.639187 175.290366 179.348077 102.386649 138.711295 155.682867 132.898317 189.585142 164.501512 196.833035 109.542983
152.347970 160.749093 175.311658 179.220340 102.443139 138.643208 155.549138 132.931147 189.570522 164.566282 196.599615 109.689698
152.243980 160.858854 175.333830 179.086464 102.524795 138.580100 155.422125 132.958852 189.561891 164.604520 196.369073 109.834604
152.131323 160.977762 175.354045 178.959058 102.604366 138.431731 155.294810 132.986583 189.558027 164.629638 196.134890 109.981798
152.017980 161.097396 175.374198 178.832046 102.617012 138.300840 155.160655 133.015803 189.557805 164.633732 195.905364 110.126065
151.894522 161.227557 175.395181 178.699801 102.629956 138.166864 155.039508 133.062087 189.453409 164.682507 195.674398 110.271237
151.756160 161.364681 175.415557 178.571306 102.643266 138.029106 154.919753 133.110844 189.403220 164.665166 195.440180 110.419679
151.610837 161.508704 175.435916 178.442910 102.655806 137.899310 154.795645 133.161374 189.340839 164.643613 195.207031 110.569432
151.441591 161.677229 175.454514 178.313414 102.668327 137.769714 154.672926 133.211338 189.257758 164.614907 194.975565 110.718104
151.284895 161.833781 175.463114 178.179390 102.681540 137.632950 154.553357 133.260019 189.156719 164.579997 194.745192 110.866074
151.129401 161.989132 175.471725 178.045166 102.694080 137.503155 154.425913 133.313507 189.042906 164.528445 194.512029 111.015056
150.973668 162.138208 175.480043 177.915532 102.706678 137.372762 154.306416 133.381122 188.918417 164.467972 194.278396 111.160868
150.813739 162.289281 175.488520 177.783404 102.728108 137.145766 154.187790 133.448244 188.807661 164.395925 194.046715 111.305462
150.653157 162.440972 175.497388 177.645188 102.741129 137.007679 154.073515 133.512904 188.726870 164.295102 193.812659 111.451538
150.493286 162.582461 175.508859 177.444432 102.754111 136.869989 153.959588 133.577367 188.648801 164.177103 193.580044 111.596715
150.327577 162.728231 175.515323 177.307585 102.766813 136.735287 153.847567 133.645263 188.585286 164.046319 193.348573 111.743330
150.167349 162.869180 175.520532 177.197308 102.779054 136.605463 153.741324 133.710360 188.526861 163.894364 193.117621 111.890392
150.015756 163.002534 175.521058 177.112260 102.791849 136.469765 153.657165 133.761925 188.458877 163.726619 192.884643 112.038743
149.887394 163.112913 175.519534 177.045878 102.812359 136.245006 153.594579 133.800272 188.386105 163.547757 192.655462 112.184678
149.758392 163.222398 175.518387 176.995891 102.822654 136.116117 153.554077 133.825089 188.276960 163.270797 192.416681 112.321741
149.635153 163.321803 175.517166 176.942705 102.833204 135.984038 153.529861 133.839926 188.179646 163.135634 192.179759 112.453088
149.506751 163.418268 175.516174 176.899516 102.843698 135.852656 153.510676 133.851681 188.068689 163.040742 191.925126 112.609488
149.379549 163.513831 175.515229 176.858327 102.854025 135.723368 153.498483 133.859152 187.849134 162.970438 191.697464 112.760318
149.249069 163.611858 175.513905 176.800642 102.864288 135.594877 153.482708 133.868817 187.720466 162.959884 191.467983 112.904469
149.121866 163.707421 175.512881 176.756054 102.874631 135.465389 153.475802 133.873049 187.584371 162.970409 191.239892 113.050772
149.007223 163.833740 175.511998 176.717564 102.885276 135.332114 153.461136 133.882035 187.449357 162.988346 191.010037 113.203375
148.871783 163.928328 175.511031 176.675475 102.905494 135.098978 153.449113 133.889401 187.318903 163.005677 190.784598 113.353046
148.740300 164.019848 175.509785 176.621189 102.917949 134.967064 153.420975 133.906642 187.187854 163.023087 190.560433 113.507959
148.603016 164.113880 175.508888 176.582100 102.930752 134.831467 153.396162 133.921845 187.054427 163.040813 190.344047 113.674747
148.469197 164.205539 175.507766 176.533213 102.943498 134.696468 153.371179 133.937153 186.923796 163.054946 190.143447 113.866492
148.336748 164.296013 175.506347 176.471429 102.956310 134.560771 153.337498 133.957789 186.786731 163.069157 189.945142 114.057425
148.206844 164.384183 175.504957 176.410845 102.968634 134.430252 153.302197 133.979419 186.658817 163.082419 189.753580 114.254870
148.076196 164.472858 175.504004 176.369356 102.981587 134.293062 153.270307 133.998958 186.522698 163.096039 189.582591 114.463588
147.938526 164.565055 175.502139 176.311107 102.993939 134.162244 153.226768 134.025707 186.284266 163.096337 189.421746 114.682424
147.803197 164.650867 175.494479 176.243943 103.006272 134.031625 153.179860 134.054615 186.152164 163.085292 189.273469 114.914064
147.664760 164.734996 175.485278 176.163266 103.152335 133.810393 153.144445 134.076440 186.022957 163.062510 189.144998 115.159809
147.507158 164.859705 175.476507 176.086364 103.240469 133.716880 153.097282 134.105505 185.890107 163.039086 189.025963 115.403014
147.361344 164.929135 175.441768 175.695205 103.328604 133.623368 153.063995 134.126019 185.762968 163.016669 188.914754 115.657190
147.218690 164.997061 175.410759 175.581401 103.422499 133.523742 153.028239 134.148054 185.629329 162.993106 188.819502 115.910792
147.072605 165.066620 175.392544 175.449150 103.510839 133.430011 152.994016 134.169144 185.493327 162.969126 188.740410 116.173892
146.924173 165.137297 175.372313 175.302135 103.600413 133.334970 152.954430 134.193540 185.359189 162.945519 188.677669 116.441126
146.773522 165.201321 175.353562 175.137902 103.691977 133.237819 152.913651 134.218671 185.232062 162.925456 188.614700 116.709333
146.622169 165.250363 175.333383 174.961150 103.785461 133.138630 152.875853 134.241965 185.099701 162.904566 188.552023 116.950921
146.470341 165.299559 175.311638 174.770688 103.876201 133.042352 152.835415 134.266885 184.964079 162.883161 188.496709 117.159925
146.317525 165.343188 175.288429 174.567408 103.968039 132.944910 152.810471 134.282258 184.832212 162.862349 188.443680 117.358793
146.155331 165.378530 175.266547 174.374143 104.059466 132.847904 152.780419 134.300777 184.697677 162.841116 188.387477 117.569009
145.999683 165.412446 175.249724 174.221467 104.153773 132.747842 152.765947 134.309696 184.482939 162.789940 188.326164 117.778728
145.843171 165.446094 175.240002 174.057796 104.248491 132.647343 152.752241 134.318143 184.360343 162.742650 188.256555 117.985422
145.683925 165.471755 175.181068 173.939794 104.343347 132.546699 152.736236 134.328006 184.155606 162.680695 188.190010 118.189441
145.523261 165.492529 175.135145 173.815022 104.438271 132.445981 152.721338 134.337188 184.022152 162.663959 188.114465 118.395360
145.364200 165.506803 175.098990 173.681946 104.528394 132.350358 152.714527 134.341385 183.891758 162.652460 188.017453 118.590808
145.198267 165.521694 175.064329 173.554370 104.619889 132.253280 152.706184 134.346526 183.762996 162.646497 187.918807 118.787220
145.037387 165.529725 175.030088 173.428339 104.711179 132.156420 152.703375 134.348258 183.622836 162.597853 187.814769 118.976902
144.878396 165.531348 175.001458 173.322959 104.801988 132.060069 152.700565 134.349989 183.514555 162.501905 187.698473 119.160226
144.711738 165.534720 174.977798 173.242361 104.890670 131.965974 152.700225 134.350199 183.321542 162.294133 187.577628 119.344652
144.552611 165.539543 174.965765 173.201495 104.986791 131.968142 152.699969 134.350356 183.199445 162.164748 187.455463 119.528815
144.393784 165.544356 174.960370 173.183173 105.040465 131.969797 152.699969 134.350356 183.070209 162.027799 187.322591 119.705536
144.235857 165.549142 174.956020 173.168400 105.078947 131.970983 152.699969 134.350356 182.957720 161.908596 187.192072 119.875564
144.077529 165.553941 174.893583 173.149306 105.146455 131.905315 152.699799 134.350461 182.866301 161.811721 187.037465 120.090225
143.912005 165.558957 174.847252 173.163982 105.161945 131.829583 152.699714 134.350514 182.801031 161.742555 186.886987 120.244208
143.755077 165.557770 174.808929 173.176121 105.189124 131.743531 152.699544 134.350619 182.743311 161.681390 186.733784 120.400979
143.596799 165.547664 174.785000 173.183701 105.208359 131.692539 152.699288 134.350776 182.624073 161.557167 186.579208 120.553269
143.435727 165.537380 174.760023 173.191612 105.218312 131.666153 152.698692 134.351143 182.595678 161.527869 186.401376 120.682620
143.279601 165.516352 174.746105 173.196021 105.223747 131.651745 152.698352 134.351353 182.492102 161.418472 186.225403 120.810617
143.120837 165.481240 174.732759 173.200249 105.226359 131.644821 152.697416 134.351930 182.442738 161.365101 186.047652 120.939909
142.963148 165.446365 174.708258 173.208009 105.227418 131.642014 152.695798 134.352927 182.393239 161.311583 185.865280 121.058176
142.810156 165.406067 174.672223 173.219424 105.227594 131.641546 152.692818 134.354763 182.343263 161.257551 185.676564 121.169884
142.662085 165.346777 174.647818 173.227155 105.227665 131.641359 152.690179 134.356390 182.291319 161.201390 185.490880 121.278584
142.507609 165.284921 174.638476 173.230114 105.227735 131.641172 152.678974 134.363135 182.236455 161.142072 185.298387 121.372770
142.365967 165.211921 174.635711 173.230990 105.227735 131.641172 152.676068 134.364475 182.187588 161.089195 185.099667 121.468279
142.234799 165.119427 174.634662 173.231322 105.227735 131.641172 152.671345 134.366652 182.138744 161.036296 184.901745 121.557249
142.100934 165.025030 174.634186 173.231473 105.227735 131.641172 152.667622 134.368369 182.085830 160.978989 184.696926 121.639261
141.974196 164.930157 174.542054 173.167104 105.227735 131.641172 152.660267 134.371761 182.035494 160.924474 184.485884 121.704514
141.859400 164.818992 174.524046 173.125319 105.227735 131.641172 152.651912 134.375614 181.981494 160.865991 184.276848 121.769147
141.741514 164.704835 174.498123 173.065168 105.227735 131.641172 152.642559 134.379927 181.928309 160.808391 184.072111 121.832451
141.626861 164.593808 174.464206 172.986465 105.227735 131.641172 152.625668 134.387715 181.879194 160.755198 183.861708 121.894242
141.502445 164.483686 174.423403 172.891783 105.227735 131.641172 152.609140 134.395337 181.823295 160.694658 183.651135 121.954408
141.380125 164.378235 174.394986 172.825845 105.227735 131.641172 152.585621 134.406182 181.764914 160.637963 183.439120 122.014986
141.258334 164.273241 174.379987 172.791040 105.227735 131.641172 152.555926 134.419875 181.710124 160.585728 183.226431 122.075757
140.965536 164.237025 174.375515 172.780662 105.227735 131.641172 152.514425 134.439012 181.651063 160.529421 183.014320 122.136362
140.840922 164.449202 174.372269 172.773132 105.227735 131.641172 152.460666 134.463802 181.600761 160.481464 182.808266 122.195237
140.864592 164.636412 174.371280 172.770836 105.227735 131.641172 152.398188 134.492612 181.574777 160.456692 182.602047 122.260408
140.889779 164.835626 174.371280 172.770836 105.227735 131.641172 152.337257 134.513713 181.503681 160.395951 182.393309 122.336284
140.917111 165.051805 174.371280 172.770836 105.227735 131.641172 152.275251 134.526443 181.439344 160.375865 182.190399 122.410042
140.937238 165.266966 174.371280 172.770836 105.227735 131.641172 152.220003 134.537785 181.362407 160.351844 181.946206 122.507388
140.946621 165.462441 174.371280 172.770836 105.227735 131.641172 152.177783 134.546453 181.288620 160.328804 181.747949 122.594532
140.954642 165.629549 174.371280 172.770836 105.227735 131.641172 152.115679 134.559202 181.210255 160.311807 181.553204 122.692948
140.961192 165.765992 174.371280 172.770836 105.227735 131.641172 152.072428 134.568752 181.132325 160.316964 181.362189 122.797132
140.965574 165.857287 174.371161 172.770561 105.227735 131.641172 152.031838 134.578736 181.055793 160.322029 181.173042 122.909093
140.969543 165.932179 174.371122 172.770469 105.227735 131.641172 151.976002 134.592470 180.980258 160.327027 180.992456 123.023390
140.973055 165.984962 174.371082 172.770377 105.227735 131.641172 151.932693 134.603123 180.907617 160.331835 180.816059 123.149774
140.974701 166.009708 174.371043 172.770285 105.227735 131.641172 151.889093 134.613847 180.830585 160.336932 180.636167 123.278663
140.975259 166.018089 174.371003 172.770193 105.231184 131.636517 151.859961 134.621013 180.769319 160.340987 180.469664 123.425052
140.975564 166.022679 174.370924 172.770010 105.238955 131.626221 151.834811 134.627199 180.705259 160.345226 180.304226 123.573086
140.975670 166.024275 174.370726 172.769550 105.260402 131.597806 151.814321 134.632239 180.669937 160.347564 180.145271 123.715319
140.975670 166.024275 174.370568 172.769183 105.291187 131.557020 151.800630 134.635607 180.518451 160.362345 179.981174 123.862152
140.975670 166.024275 174.370409 172.768816 105.299387 131.465480 151.786743 134.639022 180.436456 160.387145 179.818272 124.010129
140.975670 166.024275 174.370053 172.767989 105.213655 131.447979 151.774314 134.642080 180.336644 160.418763 179.565424 124.273518
140.975670 166.024275 174.368787 172.765050 105.113226 131.427478 151.770430 134.643035 180.241217 160.448992 179.401427 124.423148
140.975670 166.024275 174.368153 172.763581 105.016739 131.344201 151.766740 134.643943 180.176583 160.469467 179.242749 124.567925
140.975670 166.024275 174.367520 172.762112 104.902798 131.275251 151.765768 134.644178 180.134256 160.482875 179.083185 124.713511
140.975670 166.024275 174.366293 172.759265 104.792371 131.207221 151.765281 134.644292 180.026195 160.523400 178.921774 124.860782
140.975670 166.024275 174.365304 172.756969 104.693353 131.146220 151.765281 134.644292 179.984161 160.587316 178.758664 125.009603
140.975670 166.024275 174.362573 172.750632 104.620558 131.101374 151.765281 134.644292 179.924304 160.660829 178.597696 125.156470
140.975670 166.024275 174.361386 172.747877 104.582075 131.077666 151.765281 134.644292 179.852829 160.748610 178.434142 125.305695
140.975670 166.024275 174.359249 172.742918 104.562233 130.923515 151.765281 134.644292 179.772388 160.847403 178.266721 125.449686
140.975963 166.028666 174.355172 172.733459 104.605050 130.859517 151.765281 134.644292 179.711205 160.922544 178.101492 125.585212
140.977012 166.044431 174.352362 172.726939 104.648534 130.794522 151.765281 134.644292 179.672878 160.969614 177.936418 125.720610
