193.282952 168.533738 162.639202 149.850976 124.543153 203.447362 200.280275 193.681555 235.702744 175.508873 210.109341 95.848170
193.285795 168.520541 162.475622 149.891310 124.508260 203.315294 200.275089 193.603628 235.710545 175.429053 210.147394 95.981756
193.290048 168.500794 162.308134 149.917697 124.474644 203.188060 200.270281 193.525676 235.718296 175.349731 210.184789 96.113034
193.294343 168.480851 162.132076 150.003150 124.441666 203.063243 200.265497 193.448123 235.726136 175.269513 210.220129 96.237099
193.297417 168.466578 161.944952 150.093972 124.390155 202.842492 200.260393 193.365380 235.733333 175.195864 210.256319 96.364145
193.298975 168.459344 161.750542 150.188332 124.366521 202.708054 200.249984 193.192593 235.740589 175.121618 210.293960 96.496288
193.300638 168.451621 161.561876 150.294049 124.343250 202.575684 200.245638 193.115015 235.748506 175.040604 210.329410 96.620738
193.303544 168.438131 161.373302 150.405014 124.323442 202.463012 200.241079 193.033643 235.756433 174.959490 210.364805 96.744995
193.306617 168.423858 160.917766 150.706345 124.307997 202.375159 200.236671 192.954966 235.764010 174.881959 210.402776 96.878292
193.308870 168.413398 160.750676 150.842912 124.298890 202.323354 200.232353 192.877887 235.771353 174.806817 210.438417 97.003415
193.313208 168.393260 160.590833 150.996060 124.270641 202.155463 200.228203 192.803803 235.779144 174.727097 210.476059 97.135558
193.317271 168.374392 160.443322 151.152062 124.256535 202.067487 200.223896 192.726924 235.786594 174.650860 210.512659 97.264047
193.319206 168.365398 160.295875 151.312899 124.344910 201.948296 200.219303 192.644952 235.793801 174.577112 210.548822 97.390997
193.320879 168.357473 160.158272 151.483384 124.452152 201.892044 200.215259 192.572765 235.801543 174.497889 210.584326 97.515639
193.323894 168.343187 160.043703 151.669673 124.571438 201.829474 200.212302 192.499933 235.808604 174.425633 210.620160 97.641435
193.325876 168.333794 159.928867 151.854268 124.701174 201.761424 200.210400 192.427758 235.815704 174.352979 210.656431 97.768769
193.328334 168.322151 159.825073 152.020647 124.841625 201.687752 200.208497 192.355583 235.822970 174.278633 210.693333 97.898316
193.329449 168.316867 159.725724 152.179899 124.991817 201.608971 200.201768 192.279095 235.830187 174.204785 210.729824 98.026420
193.330379 168.312464 159.625212 152.341017 125.151219 201.525360 200.194079 192.197858 235.838240 174.122378 210.767493 98.158660
193.331329 168.307963 159.523000 152.503689 125.324348 201.434548 200.187096 192.124087 235.845758 174.045444 210.803929 98.286571
193.332237 168.303658 159.424234 152.657511 125.331250 201.232433 200.180000 192.049122 235.873320 173.970119 210.841434 98.418234
193.332650 168.301701 159.318013 152.822946 125.403805 200.987090 200.161440 191.858464 235.903217 173.892905 210.877487 98.544799
193.333208 168.299060 159.203308 153.001591 125.557113 200.837925 200.153920 191.784244 235.932573 173.817090 210.913978 98.672903
193.333580 168.297298 159.079048 153.213161 125.710779 200.688413 200.146046 191.706542 235.960846 173.744073 210.950578 98.801392
193.334468 168.293091 158.979271 153.406249 125.864445 200.538900 200.139645 191.643365 235.990057 173.668631 210.987562 98.931227
193.335087 168.290156 158.871388 153.598555 126.022913 200.384714 200.136570 191.613020 236.018402 173.595427 211.007628 99.065198
193.335851 168.286535 158.752226 153.775915 126.184566 200.240422 200.120737 191.445787 236.044364 173.528378 211.021918 99.194108
193.337070 168.280763 158.626804 153.952996 126.365631 200.119917 200.115423 191.379901 236.070362 173.461235 211.037112 99.331169
193.337854 168.277045 158.506380 154.125037 126.550609 199.996807 200.108573 191.294977 236.100188 173.384208 211.051821 99.463856
193.339052 168.271370 158.381397 154.300535 126.729926 199.877465 200.100026 191.189021 236.128641 173.310724 211.066000 99.591772
193.340849 168.262857 158.249407 154.466307 126.908244 199.758788 200.014090 191.108126 236.156769 173.238080 211.080963 99.726746
193.344442 168.245832 158.114940 154.632589 127.092057 199.636454 199.900032 191.024383 236.184717 173.165902 211.095374 99.856749
193.348986 168.224307 157.966226 154.794169 127.276702 199.513566 199.667854 190.908195 236.212087 173.095216 211.110666 99.994704
193.351278 168.213446 157.821507 154.951408 127.460098 199.391509 199.509331 190.841197 236.238157 173.027887 211.125595 100.129379
193.354830 168.196617 157.672657 155.113135 127.643495 199.269453 199.237608 190.726803 236.266935 172.953564 211.140745 100.266042
193.358238 168.180472 157.524282 155.274348 127.822812 199.150111 199.048352 190.647241 236.283514 172.880427 211.155685 100.400817
193.363483 168.155620 157.376244 155.435192 128.005173 199.028665 198.847019 190.562603 236.286671 172.804592 211.170482 100.534299
193.369266 168.128223 157.231255 155.592726 128.188767 198.905823 198.647898 190.478895 236.289940 172.726061 211.184210 100.658141
193.376391 168.094467 157.080847 155.756146 128.366959 198.786596 198.445459 190.393792 236.293168 172.648528 211.205238 100.743870
193.384403 168.056504 156.948663 155.900728 128.551384 198.663198 198.240715 190.307720 236.296188 172.575990 211.221510 100.800373
193.390392 168.028129 156.809626 156.053136 128.731903 198.542415 198.043346 190.224749 236.299307 172.501055 211.231887 100.836409
193.397827 167.992905 156.679874 156.190398 128.909430 198.423633 197.840077 190.139297 236.302664 172.420425 211.237311 100.855244
193.405427 167.956898 156.557804 156.316768 129.086791 198.304962 197.635979 190.053496 236.299979 172.341144 211.241185 100.868697
193.414101 167.915803 156.496760 156.427453 129.266479 198.184735 197.431788 189.967657 236.274639 172.265158 211.247328 100.890030
193.422650 167.875296 156.325753 156.556994 129.448162 198.063173 197.231285 189.883368 236.251640 172.196191 211.253195 100.910402
193.430085 167.840072 156.197500 156.689765 129.630969 197.938785 197.031787 189.800042 236.225984 172.119257 211.259504 100.932312
193.434670 167.818351 156.085295 156.805922 129.798015 197.798559 196.826877 189.714625 236.202258 172.048108 211.269965 100.968636
193.439007 167.797803 155.985118 156.910198 129.966516 197.657111 196.562630 189.605880 236.178405 171.976581 211.286319 101.025428
193.443612 167.775984 155.896307 157.002930 130.136243 197.514635 196.359906 189.523046 236.152493 171.899213 211.307517 101.099036
193.448961 167.750642 155.869610 157.078525 130.305586 197.372480 196.162835 189.439898 236.116718 171.830803 211.341895 101.192232
193.452595 167.733422 155.865045 157.083292 130.469415 197.234955 195.966872 189.351692 236.088987 171.758603 211.388925 101.295750
193.457738 167.709058 155.861309 157.087191 130.612182 197.115110 195.767172 189.262796 236.078742 171.681480 211.441663 101.411832
193.461393 167.691740 155.856951 157.091741 130.726839 197.018862 195.569057 189.179020 236.068919 171.607530 211.571677 101.601552
193.467196 167.664246 155.850657 157.098313 130.887637 196.879698 195.364679 189.092596 236.058714 171.530705 211.654432 101.706690
193.471368 167.644481 155.843117 157.106184 130.944195 196.829985 195.164077 189.007768 236.048364 171.452789 211.735764 101.810022
193.474424 167.630000 155.830044 157.119833 130.964433 196.795832 194.870763 188.885991 236.037829 171.373486 211.818333 101.914925
193.481363 167.597125 155.809292 157.141498 131.082088 196.712989 194.670054 188.803237 236.027967 171.299238 211.894531 102.011734
193.486175 167.574327 155.809292 157.141498 131.162935 196.715907 194.489776 188.728908 236.019052 171.232128 211.967645 102.098988
193.489872 167.556813 155.799193 157.152042 131.258489 196.715357 194.342048 188.665164 236.014088 171.194756 212.041819 102.181298
193.493259 167.540766 155.776989 157.175224 131.368546 196.712286 194.236298 188.618967 235.994419 171.046543 212.108964 102.255807
193.498938 167.513859 155.765852 157.186851 131.491698 196.708850 194.156024 188.583899 235.985165 170.976754 212.159373 102.311745
193.502366 167.497617 155.760733 157.192195 131.625046 196.705130 194.108556 188.563162 235.975358 170.902801 212.202083 102.359139
193.505980 167.480494 155.752433 157.200861 131.759094 196.701390 193.993817 188.418624 235.965525 170.828650 212.231405 102.391677
193.508685 167.467677 155.732511 157.221659 131.889144 196.697761 193.974373 188.331261 235.955179 170.750633 212.247739 102.409803
193.515893 167.433529 155.720821 157.233864 132.081983 196.692427 193.950997 188.226231 235.945004 170.673905 212.254032 102.416786
193.521015 167.409263 155.704358 157.251051 132.211737 196.688955 193.924514 188.107243 235.935289 170.600646 212.255036 102.417900
193.523224 167.398794 155.692530 157.263400 132.342990 196.685443 193.895403 187.976443 235.925522 170.526991 212.255036 102.417900
193.527871 167.376779 155.683814 157.272500 132.480740 196.681757 193.863445 187.832857 235.915926 170.454625 212.229110 102.438324
193.530680 167.363472 155.681601 157.274810 132.614992 196.678164 193.874122 187.667444 235.905672 170.377302 212.243167 102.453925
193.534913 167.343414 155.673715 157.283043 132.704560 196.675768 193.898006 187.483892 235.895681 170.301961 212.273892 102.488025
193.537288 167.332162 155.669011 157.287954 132.764239 196.674171 193.923878 187.285068 235.889739 170.257154 212.305554 102.523164
193.541749 167.311028 155.660642 157.296692 132.799326 196.673232 193.951733 187.068150 235.949705 170.134535 212.335743 102.556670
193.546602 167.288034 155.652133 157.305575 132.899523 196.613337 193.991902 186.754973 236.021931 170.114328 212.361113 102.584826
193.551951 167.262693 155.642864 157.315252 132.931782 196.542101 193.992747 186.534375 236.094666 169.974010 212.382868 102.608971
193.557134 167.238134 155.639821 157.318429 132.969568 196.458658 193.993594 186.313277 236.120774 169.874580 212.412522 102.641882
193.562339 167.213477 155.632904 157.325651 133.012717 196.363372 193.981768 186.094237 236.150614 169.760933 212.430863 102.662238
193.568513 167.184222 155.611253 157.348255 133.062672 196.253056 193.958778 185.881878 236.185153 169.629391 212.453622 102.687497
193.575205 167.152520 155.602053 157.357860 133.117716 196.131542 193.935959 185.669400 236.223223 169.484406 212.474306 102.710453
193.583011 167.115535 155.589602 157.370859 133.180368 195.993384 193.913305 185.452178 236.265533 169.323268 212.489501 102.727317
193.589083 167.086769 155.573070 157.388118 133.247207 195.845049 193.890880 185.237144 236.311221 169.149267 212.500077 102.739055
193.595340 167.057122 155.544779 157.417655 133.292675 195.672669 193.870054 185.016431 236.361709 168.956984 212.512997 102.753393
193.600069 167.034716 155.499540 157.464885 133.340180 195.485818 193.851147 184.801862 236.414685 168.755224 212.529196 102.771372
193.603787 167.017104 155.443027 157.523886 133.411761 195.292629 193.822568 184.521651 236.470329 168.543307 212.539772 102.783110
193.606079 167.006243 155.370950 157.599136 133.495770 195.088867 193.795511 184.301118 236.524804 168.335840 212.553093 102.797894
193.607690 166.998611 155.287693 157.685276 133.584238 194.874289 193.771670 184.088953 236.618983 168.144150 212.560791 102.806438
193.609239 166.991273 155.200185 157.775095 133.686727 194.652096 193.747383 183.872813 236.757445 167.977066 212.571501 102.818324
193.610292 166.986283 155.118677 157.858753 133.817346 194.430979 193.722906 183.654984 236.897694 167.807825 212.588102 102.836748
193.610973 166.983054 155.059710 157.919277 133.975568 194.111499 193.699511 183.434626 237.052662 167.649798 212.601757 102.851904
193.611139 166.982271 155.009187 157.971134 134.057491 193.818712 193.680706 183.247871 237.213769 167.501307 212.612601 102.863939
193.611201 166.981977 154.966270 158.015184 134.144613 193.562189 193.665157 183.093452 237.372522 167.354985 212.624784 102.877460
193.611263 166.981684 154.937658 158.044550 134.384367 192.946717 193.653806 182.980722 237.533094 167.211424 212.639042 102.893284
193.611531 166.980412 154.905977 158.077068 134.422272 192.633199 193.646262 182.905800 237.716342 167.101480 212.657316 102.913566
193.612171 166.977379 154.885321 158.098270 134.441108 192.358243 193.641323 182.856749 237.899934 166.991330 212.666688 102.923967
193.612977 166.973563 154.875063 158.108799 134.457530 192.086262 193.639450 182.838143 238.087898 166.878557 212.682954 102.942019
193.614484 166.966420 154.863758 158.120402 134.468188 191.813470 193.637997 182.823716 238.276131 166.767242 212.693530 102.953757
193.616549 166.956636 154.837728 158.147118 134.478991 191.536981 193.637837 182.822124 238.467375 166.660123 212.697011 102.957621
193.618057 166.949493 154.806744 158.178920 134.489723 191.262290 193.637736 182.821129 238.660189 166.552125 212.701362 102.962449
193.621341 166.933936 154.779319 158.207069 134.500362 190.989998 193.637736 182.821129 238.851171 166.445153 212.716022 102.978719
193.623901 166.921803 154.752243 158.234860 134.515069 190.616930 193.637736 182.821129 239.038227 166.340380 212.735367 103.000189
193.627474 166.904876 154.712815 158.275328 134.525908 190.346347 193.637736 182.821129 239.224673 166.235949 212.763682 103.031615
193.629932 166.893233 154.662222 158.327257 134.553824 189.991141 193.637736 182.821129 239.414957 166.129367 212.786374 103.056800
193.633649 166.875621 154.606256 158.384701 134.580533 189.715130 193.637736 182.821129 239.607283 166.020301 212.857832 103.128589
193.636313 166.862999 154.544567 158.448018 134.607252 189.439020 193.637736 182.821129 239.738020 165.849497 212.891317 103.163536
193.637986 166.855073 154.473178 158.521291 134.633788 189.164801 193.637736 182.821129 239.856130 165.668530 212.925286 103.198988
193.639246 166.849105 154.389156 158.608628 134.682583 188.794945 193.637736 182.821129 239.975333 165.485887 212.971363 103.247076
193.640691 166.842256 154.295403 158.710435 134.727921 188.527967 193.637736 182.821129 240.047986 165.286632 213.021384 103.299280
193.641414 166.838831 154.195755 158.818643 134.773930 188.257046 193.637736 182.821129 240.088164 165.073995 213.222676 103.460095
193.641972 166.836189 154.117040 158.904120 134.820167 187.984845 193.637736 182.821129 240.149320 164.761919 213.296935 103.536157
193.642261 166.834820 154.049231 158.977754 134.865652 187.717182 193.637736 182.821129 240.195074 164.548468 213.384745 103.626101
193.642550 166.833450 153.989890 159.042193 134.911221 187.449027 193.637736 182.821129 240.255848 164.336786 213.549224 103.843231
193.643438 166.829242 153.917678 159.120608 134.971030 187.066083 193.637736 182.821129 240.366604 164.145542 213.626298 103.926413
193.644388 166.824742 153.856846 159.186665 135.016977 186.799214 193.637736 182.821129 240.475856 163.956895 213.680535 103.984948
193.645255 166.820632 153.804753 159.243233 135.074255 186.560489 193.637736 182.821129 240.610389 163.789215 213.713974 104.021038
193.648229 166.806543 153.762144 159.289503 135.122573 186.359104 193.637736 182.821129 240.766357 163.635764 213.728927 104.037175
193.650005 166.798128 153.705783 159.350705 135.160323 186.201770 193.637736 182.821129 240.920971 163.483645 213.737899 104.046858
193.653619 166.781005 153.662293 159.397931 135.191167 186.073218 193.637736 182.821129 241.135257 163.238455 213.744015 104.053459
193.655230 166.773373 153.629032 159.434049 135.082016 186.001991 193.637736 182.821129 241.265773 163.068989 213.745307 104.054853
193.656800 166.765937 153.605933 159.459133 134.944143 186.011504 193.637736 182.821129 241.399158 162.895800 213.746530 104.056173
193.657130 166.764372 153.605933 159.459133 134.809663 186.020783 193.637736 182.821129 241.532420 162.722769 213.747210 104.056907
193.657708 166.761632 153.591978 159.474286 134.676181 186.029994 193.637736 182.821129 241.713007 162.356738 213.747346 104.057054
193.658225 166.759186 153.561901 159.506947 134.478700 186.041809 193.637736 182.821129 241.756862 162.147688 213.747482 104.057200
193.658720 166.756838 153.525253 159.546743 134.349400 186.041995 193.637736 182.821129 241.801415 161.935311 213.747482 104.057200
193.659588 166.752728 153.504050 159.569768 134.218500 186.042183 193.637736 182.821129 241.846482 161.720488 213.747482 104.057200
193.661033 166.745879 153.469705 159.607063 134.089700 186.042368 193.637736 182.821129 241.890481 161.510753 213.747482 104.057200
193.663408 166.734627 153.450941 159.627439 133.956101 186.042560 193.637736 182.821129 241.935178 161.297691 213.747482 104.057200
193.666093 166.721907 153.422828 159.657967 133.759044 186.039881 193.637736 182.821129 241.970513 161.129257 213.747482 104.057200
193.667229 166.716526 153.388958 159.694747 133.620327 186.032754 193.637736 182.821129 241.998066 160.997917 213.747482 104.057200
193.669438 166.706057 153.357932 159.728438 133.487203 186.025914 193.637736 182.821129 242.018741 160.899362 213.747482 104.057200
193.671152 166.697935 153.340523 159.747343 133.380044 186.020408 193.637736 182.821129 242.035785 160.818119 213.747482 104.057200
193.671834 166.694707 153.308278 159.782357 133.284969 186.015524 193.637736 182.821129 242.052227 160.739623 213.747482 104.057200
193.672392 166.692065 153.292630 159.799350 133.233837 186.012897 193.637736 182.821129 242.068424 160.662301 213.747482 104.057200
193.672784 166.690206 153.262605 159.831649 133.199183 186.011116 193.637736 182.821129 242.084773 160.584296 213.747482 104.057200
193.673362 166.687466 153.230211 159.865840 133.060377 185.832971 193.637736 182.821129 242.100109 160.511187 213.747482 104.057200
193.674002 166.684433 153.219413 159.877237 133.075299 185.763966 193.637736 182.821129 242.114172 160.444146 213.747482 104.057200
193.674622 166.681498 153.196992 159.900903 133.094954 185.673067 193.637736 182.821129 242.122507 160.404411 213.747482 104.057200
193.677637 166.667212 153.176909 159.922100 133.119112 185.561349 193.636835 182.812174 242.153018 160.258414 213.747482 104.057200
193.679558 166.658113 153.162397 159.937417 133.147306 185.430962 193.635482 182.798742 242.168724 160.183033 213.747482 104.057200
193.683647 166.638740 153.151255 159.949177 133.179326 185.282885 193.631685 182.761033 242.184349 160.108043 213.747482 104.057200
193.687240 166.621715 153.139563 159.961518 133.212085 185.131386 193.625764 182.702230 242.201218 160.027082 213.747482 104.057200
193.690813 166.604788 153.122369 159.979666 133.236433 185.018788 193.606263 182.513241 242.216883 159.951897 213.747482 104.057200
193.694097 166.589230 153.110401 159.992297 133.256490 184.926032 193.596014 182.416884 242.229926 159.880714 213.747482 104.057200
193.696306 166.578761 153.097746 160.005654 133.269657 184.865139 193.583957 182.303523 242.241736 159.799468 213.747482 104.057200
193.698537 166.568194 153.086948 160.017051 133.277604 184.828389 193.570007 182.172363 242.252538 159.725149 213.747482 104.057200
193.701077 166.556159 153.074775 160.029900 133.281472 184.810502 193.554122 182.023006 242.263485 159.649840 213.747482 104.057200
193.702522 166.549310 153.060125 160.045362 133.287263 184.783721 193.536512 181.857440 242.274849 159.571662 213.747482 104.057200
193.703555 166.544418 153.040868 160.065688 133.292758 184.758308 193.521864 181.681958 242.282185 159.521192 213.747958 104.057714
193.703927 166.542657 153.019616 160.088119 133.296985 184.738760 193.506855 181.492953 242.294973 159.359411 213.749589 104.059474
193.704216 166.541287 152.996644 160.112365 133.304446 184.704258 193.490436 181.286204 242.296727 159.286732 213.750608 104.060575
193.704918 166.537960 152.967895 160.142709 133.315098 184.654996 193.474176 181.081448 242.298624 159.208155 213.751764 104.061822
193.706880 166.528665 152.940109 160.172037 133.324841 184.609938 193.457243 180.868220 242.300566 159.127678 213.752511 104.062629
193.709957 166.514086 152.907027 160.206954 133.331013 184.581397 193.440777 180.660872 242.302448 159.049701 213.753055 104.063215
193.711547 166.506552 152.882474 160.232869 133.338516 184.546699 193.421697 180.450144 242.304192 158.977422 213.753803 104.064022
193.715636 166.487179 152.842239 160.275336 133.349147 184.497535 193.400388 180.234695 242.305813 158.910241 213.754074 104.064316
193.721398 166.459880 152.795677 160.324481 133.359714 184.448665 193.379424 180.022730 242.306807 158.869053 213.754346 104.064609
193.728957 166.424069 152.754342 160.368110 133.373283 184.385915 193.358382 179.809968 242.318436 158.676764 213.754346 104.064609
193.738188 166.380333 152.702415 160.422917 133.391510 184.339147 193.337760 179.595357 242.325296 158.600672 213.754346 104.064609
193.746573 166.340608 152.648769 160.479539 133.412061 184.133408 193.317892 179.384390 242.332336 158.522589 213.754346 104.064609
193.752975 166.310276 152.601863 160.529048 133.410106 184.043129 193.298033 179.173523 242.339205 158.446398 213.754346 104.064609
193.758138 166.285815 152.556470 160.576959 133.407810 183.937154 193.277893 178.959669 242.346100 158.369908 213.754346 104.064609
193.761504 166.269867 152.508464 160.627629 133.405230 183.818082 193.273304 178.743498 242.352664 158.297103 213.754346 104.064609
193.763548 166.260180 152.456743 160.682218 133.402291 183.682414 193.270923 178.527911 242.359820 158.217725 213.754346 104.064609
193.764725 166.254603 152.400896 160.741164 133.399387 183.548345 193.268478 178.306525 242.366545 158.143128 213.754346 104.064609
193.765407 166.251374 152.348832 160.796116 133.396471 183.413777 193.266057 178.087438 242.373818 158.062455 213.754550 104.064829
193.765923 166.248928 152.296218 160.851650 133.393680 183.284907 193.263645 177.869052 242.379224 158.002498 213.754754 104.065049
193.766192 166.247656 152.242503 160.908345 133.388109 183.146784 193.282047 177.657129 242.381729 157.974711 213.754890 104.065196
193.766212 166.247558 152.186793 160.967145 133.375713 183.009643 193.315007 177.441838 242.403185 157.837559 213.754890 104.065196
193.766212 166.247558 152.126132 161.031171 133.364082 182.880967 193.347559 177.229215 242.417905 157.772914 213.754890 104.065196
193.766212 166.247558 152.066983 161.093601 133.351731 182.744324 193.412859 176.920549 242.434600 157.699591 213.754890 104.065196
193.766212 166.247558 152.015469 161.147973 133.339704 182.611267 193.474252 176.716484 242.451851 157.623830 213.754890 104.065196
193.766212 166.247558 151.964643 161.201619 133.327686 182.478309 193.536509 176.509546 242.468635 157.550116 213.754890 104.065196
193.766212 166.247558 151.902443 161.266099 133.277376 182.345918 193.599832 176.299065 242.485841 157.474551 213.755434 104.065783
193.766212 166.247558 151.847476 161.320591 133.255465 182.212505 193.662665 176.090212 242.501893 157.404055 213.756385 104.066810
193.766212 166.247558 151.792295 161.375294 133.236357 182.096164 193.726507 175.878008 242.517945 157.333559 213.758968 104.069597
193.766212 166.247558 151.744714 161.422464 133.223538 182.018109 193.789167 175.669729 242.535506 157.256434 213.762162 104.073045
193.766212 166.247558 151.699334 161.467452 133.214300 181.961863 193.850416 175.466143 242.551580 157.185840 213.767192 104.078473
193.766212 166.247558 151.654380 161.512017 133.209908 181.935121 193.912701 175.259109 242.568853 157.109982 213.770250 104.081774
193.766212 166.247558 151.603745 161.562214 133.207882 181.922786 193.974728 175.052938 242.584927 157.039389 213.773989 104.085808
193.766212 166.247558 151.529683 161.621601 133.207412 181.919925 194.038483 174.841020 242.593053 157.003702 213.773989 104.085808
193.767637 166.240807 151.506329 161.654689 133.206991 181.917359 194.100003 174.628968 242.622031 156.860454 213.773989 104.085808
193.769723 166.230925 151.481417 161.689983 133.206959 181.917162 194.156594 174.430998 242.634721 156.785318 213.773989 104.085808
193.775671 166.202745 151.454281 161.731724 133.206926 181.916964 194.204061 174.264949 242.646712 156.714324 213.781261 104.093657
193.782135 166.172120 151.430411 161.769635 133.206926 181.916964 194.246333 174.117072 242.660001 156.635638 213.783436 104.096004
193.787071 166.148735 151.406968 161.806869 133.206926 181.916964 194.280937 173.996021 242.672291 156.562869 213.784319 104.096958
193.790127 166.134254 151.388852 161.835641 133.206926 181.916964 194.312226 173.878620 242.668514 156.485352 213.784659 104.097324
193.792647 166.122317 151.380540 161.848842 133.206926 181.916964 194.337132 173.785078 242.661084 156.407405 213.784863 104.097544
193.796319 166.111914 151.367220 161.869998 133.206926 181.916964 194.357869 173.707192 242.653360 156.326372 213.784931 104.097618
193.798289 166.107648 151.352567 161.893269 133.206926 181.916964 194.376316 173.640714 242.646253 156.251810 213.785135 104.097838
193.799883 166.104198 151.344655 161.906353 133.206926 181.916964 194.393167 173.585843 242.640407 156.190488 213.785135 104.097838
193.800638 166.102564 151.339592 161.916343 133.206926 181.916964 194.406495 173.542443 242.637978 156.165004 213.785135 104.097838
193.800805 166.102201 151.334348 161.926690 133.206926 181.916964 194.416740 173.509081 242.602663 155.931185 213.785135 104.097838
193.800847 166.102110 151.332676 161.929991 133.206926 181.916964 194.426017 173.478873 242.588918 155.866223 213.785135 104.097838
193.800889 166.102019 151.331817 161.931685 133.206926 181.916964 194.435382 173.448379 242.571840 155.785510 213.785135 104.097838
193.800889 166.102019 151.330641 161.934004 133.206926 181.916964 194.441664 173.427922 242.554907 155.705482 213.785135 104.097838
193.800889 166.102019 151.329602 161.936056 133.206926 181.916964 194.450853 173.398001 242.538098 155.626041 213.785135 104.097838
193.800889 166.102019 151.328246 161.938732 133.206926 181.916964 194.471110 173.320458 242.521331 155.546795 213.785135 104.097838
193.800889 166.102019 151.326935 161.941319 133.206926 181.916964 194.478161 173.293981 242.506033 155.474496 213.785135 104.097838
193.800889 166.102019 151.323951 161.947206 133.206926 181.916964 194.482820 173.276491 242.489990 155.398675 213.785135 104.097838
193.800889 166.102019 151.322007 161.951041 133.206926 181.916964 194.488507 173.255135 242.475045 155.328039 213.785135 104.097838
193.800889 166.102019 151.319611 161.955769 133.206926 181.916964 194.494272 173.233490 242.463142 155.271784 213.785135 104.097838
193.800889 166.102019 151.313327 161.968167 133.206926 181.916964 194.501298 173.207110 242.455938 155.237738 213.785135 104.097838
193.800889 166.102019 151.308716 161.977266 133.206926 181.916964 194.509843 173.175028 242.426219 155.095440 213.785135 104.097838
193.800889 166.102019 151.299991 161.994481 133.206926 181.916964 194.515299 173.154542 242.411976 155.026496 213.785135 104.097838
193.800889 166.102019 151.292804 162.008664 133.206926 181.916964 194.521707 173.130481 242.395325 154.945898 213.785135 104.097838
193.800889 166.102019 151.285751 162.022579 133.206926 181.916964 194.530174 173.098689 242.380616 154.874701 213.785135 104.097838
193.800889 166.102019 151.274332 162.056134 133.206926 181.916964 194.532671 173.089316 242.365947 154.803701 213.785135 104.097838
193.806383 166.090127 151.264530 162.098618 133.206926 181.916964 194.533777 173.085161 242.349681 154.724963 213.785135 104.097838
193.821143 166.058171 151.250704 162.158544 133.206926 181.916964 194.533880 173.084774 242.335134 154.654550 213.785135 104.097838
193.969507 165.555253 151.241375 162.233731 133.206926 181.916964 194.480906 173.055374 242.318685 154.574932 213.785135 104.097838
193.981431 165.498390 151.240874 162.330767 133.206926 181.916964 194.458693 173.058263 242.305129 154.509317 213.785135 104.097838
193.996947 165.424399 151.252810 162.440319 133.206926 181.916964 194.439726 173.059934 242.297643 154.473083 213.785135 104.097838
194.015315 165.336805 151.277439 162.545676 133.206926 181.916964 194.422768 173.054522 242.265726 154.320966 213.785135 104.097838
194.037173 165.232572 151.320685 162.646057 133.206926 181.916964 194.406478 173.049324 242.249665 154.249553 213.785135 104.097838
194.062150 165.113462 151.374340 162.738572 133.206926 181.916964 194.388949 173.043730 242.209729 154.060217 213.785135 104.097838
194.090698 164.977323 151.435163 162.819705 133.206926 181.916964 194.371515 173.038167 242.187978 153.950349 213.785135 104.097838
194.122058 164.827776 151.518986 162.901747 133.205840 181.910353 194.351604 173.031813 242.163469 153.826552 213.785135 104.097838
194.156475 164.663646 151.613171 162.975512 133.204787 181.903939 194.331598 173.025429 242.135076 153.683135 213.785135 104.097838
194.194013 164.484639 151.711775 163.027135 133.200330 181.876802 194.322071 173.022389 242.110784 153.519401 213.785135 104.097838
194.235470 164.286939 151.798594 163.059608 133.192535 181.829338 194.295206 173.013816 242.087962 153.343374 213.785135 104.097838
194.279534 164.076810 151.869808 163.079349 133.183589 181.774868 194.269960 173.005759 242.071077 153.150858 213.785135 104.097838
194.326245 163.854055 151.944868 163.092368 133.172585 181.707866 194.250038 172.999788 242.071738 152.947095 213.785135 104.097838
194.376322 163.615249 152.011714 163.098190 133.140133 181.515859 194.228009 172.993535 242.128430 152.732766 213.785135 104.097838
194.429724 163.360588 152.062201 163.102271 133.124292 181.423305 194.225219 172.992743 242.225835 152.539758 213.785135 104.097838
194.485630 163.093986 152.097688 163.094170 133.110702 181.334964 194.198408 172.950803 242.323925 152.345521 213.785135 104.097838
194.543260 162.819164 152.128203 163.087203 133.099351 181.245582 194.160985 172.940185 242.478259 152.059387 213.785135 104.097838
194.603968 162.529660 152.156573 163.080726 133.089677 181.169394 194.107208 172.924926 242.586426 151.874852 213.785135 104.097838
194.667447 162.226944 152.176169 163.076252 133.082483 181.112749 194.047081 172.907866 242.697374 151.685572 213.785135 104.097838
194.733840 161.910331 152.184943 163.074249 133.074182 181.047374 193.989937 172.891652 242.855210 151.414563 213.785135 104.097838
194.802922 161.580896 152.191768 163.072691 133.068374 181.001641 193.937988 172.876912 242.963048 151.225332 213.785135 104.097838
194.874221 161.240891 152.192840 163.072446 133.061899 180.950650 193.894985 172.864711 243.063989 151.036761 213.785135 104.097838
194.947633 160.890806 152.193230 163.072357 133.056999 180.912060 193.843807 172.837652 242.832720 150.983058 213.785135 104.097838
195.023221 160.530346 152.193425 163.072312 133.052564 180.877141 193.821587 172.819018 242.604174 150.968652 213.785135 104.097838
195.100368 160.162448 152.193425 163.072312 133.046329 180.828035 193.638347 172.776185 242.361423 150.949697 213.785135 104.097838
195.179773 159.783784 152.193425 163.072312 133.037813 180.760974 193.567536 172.767189 242.108009 150.928490 213.785135 104.097838
195.261005 159.396409 152.193425 163.072312 133.030302 180.673404 193.519393 172.786755 241.841042 150.906147 213.785135 104.097838
195.343448 159.003260 152.193425 163.072312 133.033510 180.568753 193.453607 172.766277 241.571982 150.883630 213.785135 104.097838
195.427573 158.602086 152.193425 163.072312 133.037077 180.452408 193.411977 172.753318 241.298937 150.860780 213.785135 104.097838
195.513361 158.192984 152.193425 163.072312 133.041033 180.323368 193.317720 172.723196 241.019964 150.853288 213.785135 104.097838
195.602031 157.776214 152.193425 163.072312 133.045097 180.190830 193.231016 172.696912 240.749801 150.850499 213.785135 104.097838
195.693885 157.353376 152.193425 163.072312 133.060146 179.992350 193.125364 172.664885 240.475889 150.827218 213.785135 104.097838
195.787289 156.923404 152.193425 163.072312 133.042850 179.812543 193.003635 172.627983 240.200183 150.803785 213.785135 104.097838
195.881372 156.490306 152.193717 163.072246 132.969098 179.699828 192.863435 172.585483 239.894789 150.813974 213.785135 104.097838
195.974797 156.060236 152.195862 163.071756 132.898631 179.592133 192.708305 172.538459 239.624510 150.855784 213.785135 104.097838
196.068179 155.630362 152.198787 163.071088 132.825371 179.480171 192.541788 172.487982 239.428692 150.916136 213.785135 104.097838
196.161625 155.200195 152.205124 163.069642 132.738488 179.388047 192.364073 172.434111 239.284492 150.990834 213.785135 104.097838
196.255555 154.767677 152.221685 163.063357 132.611104 179.333683 192.176789 172.377339 239.167551 151.051412 213.785135 104.097838
196.347738 154.335294 152.237295 163.056136 132.485283 179.279986 191.975809 172.315767 239.082486 151.095477 213.785135 104.097838
196.439837 153.903302 152.267790 163.042029 132.363434 179.237279 191.769981 172.252610 239.035248 151.119947 213.785135 104.097838
196.532291 153.469648 152.314259 163.020532 132.234256 179.260790 191.504793 172.333649 239.003105 151.136598 213.785135 104.097838
196.624328 153.037950 152.429393 162.972944 132.057422 179.247753 191.372342 172.553617 238.994800 151.140900 213.785135 104.097838
196.718782 152.607698 152.523271 162.897361 131.894139 179.157547 191.339176 172.770091 238.994800 151.140900 213.785135 104.097838
196.814380 152.175444 152.604764 162.824074 131.789933 179.078150 191.306813 172.981326 238.994800 151.140900 213.785135 104.097838
196.909602 151.745871 152.695611 162.688992 131.695228 178.981662 191.274465 173.192463 238.994800 151.140900 213.785135 104.097838
197.006819 151.316643 152.725646 162.564526 131.604587 178.889312 191.241450 173.407948 238.994800 151.140900 213.785135 104.097838
197.104213 150.886634 152.624480 162.381696 131.515852 178.794800 191.208496 173.623039 238.994800 151.140900 213.785135 104.097838
197.202632 150.455219 152.529827 162.291857 131.441701 178.679959 191.175906 173.835756 238.994800 151.140900 213.785135 104.097838
197.301984 150.024941 152.436335 162.203119 131.371728 178.566872 191.142437 174.054207 238.994800 151.140900 213.785135 104.097838
197.401067 149.595831 152.338781 162.110527 131.322938 178.446807 191.110135 174.265047 238.947235 151.174628 213.785135 104.097838
197.504435 149.182163 152.244200 162.020756 131.271173 178.319423 191.077347 174.479050 238.908599 151.205412 213.785135 104.097838
197.625878 148.790143 152.144760 161.926374 131.221404 178.196949 191.044000 174.696710 238.858623 151.245232 213.785135 104.097838
197.743445 148.410637 151.959028 161.766339 131.172163 178.075772 191.030471 174.916988 238.793475 151.297141 213.785135 104.097838
197.869440 148.008842 151.765756 161.590495 131.124210 177.953869 191.090420 175.118340 238.712997 151.361265 213.785135 104.097838
198.022581 147.624423 151.638747 161.471126 131.074722 177.825477 191.232418 175.277510 238.615314 151.439097 213.785135 104.097838
198.175551 147.233271 151.497747 161.338607 131.026384 177.700070 191.430781 175.344588 238.502223 151.529206 213.785135 104.097838
198.340217 146.844625 151.356386 161.205742 130.978191 177.575036 191.641602 175.316973 238.375054 151.630532 213.785135 104.097838
198.509323 146.465095 151.220878 161.078332 130.929817 177.449536 191.807110 175.177324 238.237797 151.739896 213.785135 104.097838
198.676028 146.090954 151.084786 160.950373 130.682824 177.211602 191.909072 174.985202 238.088026 151.859232 213.785135 104.097838
198.842529 145.717269 150.945125 160.819058 130.502406 177.191948 191.953660 174.769360 237.926565 151.979543 213.785135 104.097838
199.010570 145.345485 150.805974 160.688223 130.340300 177.207423 191.997095 174.559099 237.750906 152.098770 213.785135 104.097838
199.181154 144.971447 150.667057 160.557001 130.192717 177.106497 192.042502 174.347210 237.562504 152.226645 213.785135 104.097838
199.352278 144.596227 150.534720 160.425164 130.105689 176.947011 192.087743 174.136717 237.362436 152.362439 213.785135 104.097838
199.524020 144.224397 150.400329 160.291279 130.161340 176.752722 192.134701 173.920559 237.146688 152.497009 213.785135 104.097838
199.706609 143.853283 150.262750 160.154218 130.312368 176.594866 192.181968 173.704776 236.912206 152.622603 213.785135 104.097838
199.888619 143.467078 150.126375 160.018358 130.453119 176.453058 192.228687 173.491329 236.683805 152.744939 213.785135 104.097838
200.073432 143.087143 149.992834 159.885320 130.574567 176.330698 192.274446 173.280129 236.488462 152.849569 213.785135 104.097838
200.260345 142.702892 149.783762 159.674404 130.700594 176.203724 192.319803 173.070786 236.335255 152.931630 213.785135 104.097838
200.455656 142.313052 149.588203 159.438632 130.892794 176.056871 192.366769 172.854016 236.209551 152.998960 213.785135 104.097838
200.652813 141.945378 149.470814 159.288091 130.992700 175.956200 192.413439 172.638613 236.120782 153.046506 213.785135 104.097838
200.841464 141.593566 149.379283 159.117058 131.020935 175.851200 192.457101 172.424726 236.056167 153.081116 213.785135 104.097838
201.028934 141.243958 149.243859 158.979515 131.035482 175.773246 192.499581 172.215189 236.024256 153.098208 213.785135 104.097838
201.219470 140.901616 149.104130 158.844503 131.044178 175.726650 192.544211 171.999559 235.951082 153.168224 213.785135 104.097838
201.415875 140.550747 148.968788 158.713730 131.047664 175.707973 192.587627 171.789805 235.880059 153.196380 213.785135 104.097838
201.613891 140.196998 148.784752 158.534762 131.049957 175.695685 192.632260 171.574176 235.788585 153.232642 213.785135 104.097838
201.819799 139.838911 148.595123 158.331758 131.050911 175.690573 192.677278 171.356686 235.681400 153.275133 213.785135 104.097838
202.031125 139.483025 148.479297 158.178003 131.051443 175.687722 192.718019 171.159859 235.563431 153.321899 213.785135 104.097838
202.245055 139.122755 148.362788 158.024766 131.051718 175.686248 192.752759 170.995491 235.429659 153.374930 213.785135 104.097838
202.459189 138.762140 148.249091 157.875923 131.053259 175.677990 192.781730 170.860976 235.277481 153.435257 213.785135 104.097838
202.678457 138.399646 148.084275 157.644761 131.056323 175.661574 192.803648 170.759209 235.113589 153.500228 213.785135 104.097838
202.908646 138.042382 147.980099 157.484673 131.062340 175.629331 192.820428 170.681296 234.933801 153.571501 213.785135 104.097838
203.139647 137.683856 147.879032 157.329362 131.072503 175.574871 192.832156 170.626844 234.741184 153.647859 213.785135 104.097838
203.369078 137.327768 147.777583 157.173464 131.076667 175.552556 192.839335 170.593509 234.531811 153.718102 213.785135 104.097838
203.595205 136.976808 147.627211 156.939632 131.078600 175.542200 192.844662 170.568776 234.302079 153.775938 213.785135 104.097838
203.799233 136.660145 147.533498 156.792668 131.078600 175.542200 192.846452 170.560466 234.060323 153.836801 213.785135 104.097838
203.982031 136.376435 147.447312 156.657509 131.078600 175.542200 192.848957 170.548833 233.804505 153.901204 213.785135 104.097838
204.146846 136.120634 147.363276 156.525722 131.078600 175.542200 192.850178 170.543163 233.538505 153.968170 213.785135 104.097838
204.299150 135.884251 147.272013 156.387781 131.078600 175.542200 192.852852 170.530748 233.273184 154.034965 213.785135 104.097838
204.449558 135.650810 147.177277 156.244822 131.078600 175.542200 192.854010 170.525371 232.999686 154.065263 213.785135 104.097838
204.658942 135.413650 147.078508 156.095777 131.078600 175.542200 192.855084 170.520385 232.729293 154.091884 213.785135 104.097838
204.789127 135.176196 146.972503 155.935813 131.078600 175.542200 192.856600 170.513347 232.458901 154.118506 213.785135 104.097838
204.921187 134.935322 146.869426 155.780267 131.078600 175.542200 192.858579 170.504157 232.186617 154.145314 213.785135 104.097838
205.057495 134.697760 146.769111 155.628889 131.078600 175.542200 192.861084 170.492524 231.916921 154.171867 213.785135 104.097838
205.200199 134.463080 146.544133 155.265040 131.096434 175.486129 192.862558 170.485681 231.642127 154.166143 213.785135 104.097838
205.346077 134.229960 146.450133 155.103736 131.112355 175.445432 192.864411 170.477078 231.365581 154.144391 213.791524 104.104733
205.491477 133.997604 146.369033 154.948782 131.135089 175.387321 192.866116 170.469160 231.091826 154.122859 213.797641 104.111335
205.639315 133.730303 146.295527 154.805755 131.162632 175.316917 192.868306 170.458993 230.819168 154.101414 213.802127 104.116176
205.784756 133.498090 146.223785 154.678253 131.196478 175.230401 192.870433 170.449119 230.543619 154.079740 213.805933 104.120284
205.928102 133.269166 146.164890 154.573584 131.238210 175.126520 192.873106 170.436704 230.272466 154.047373 213.808719 104.123291
206.070948 133.036638 146.110949 154.477718 131.279832 175.046497 192.874770 170.428981 230.000972 153.988521 213.810215 104.124905
206.213637 132.804365 146.068384 154.402071 131.306226 174.995751 192.877002 170.418619 229.731823 153.930178 213.811982 104.126812
206.357425 132.570303 146.029735 154.331804 131.317992 174.973128 192.879086 170.408941 229.463651 153.872047 213.812593 104.127472
206.498125 132.341268 146.002608 154.280879 131.322837 174.963813 192.882139 170.394766 229.196261 153.814085 213.812729 104.127619
206.642855 132.105672 145.980464 154.239308 131.324300 174.961000 192.885297 170.380102 228.938377 153.733019 213.812729 104.127619
206.787795 131.869736 145.948730 154.179733 131.345814 174.939722 192.887992 170.367589 228.676991 153.644400 213.813749 104.128719
206.933246 131.636943 145.907652 154.105667 131.499399 174.736829 192.890371 170.356542 228.420246 153.557354 213.816807 104.132020
207.077422 131.407714 145.858002 154.017599 131.542321 174.683957 192.892245 170.347842 228.159901 153.469089 213.820885 104.136421
207.222770 131.176623 145.800199 153.915070 131.596650 174.617034 192.893971 170.339825 227.901641 153.381529 213.822924 104.138622
207.366733 130.947732 145.736012 153.801217 131.662954 174.535359 192.895593 170.332298 227.637078 153.297794 213.823536 104.139282
207.513358 130.714610 145.642714 153.613445 131.742179 174.437768 192.897572 170.323109 227.378272 153.216078 213.824148 104.139942
207.660196 130.481148 145.542056 153.403814 131.831299 174.327989 192.898540 170.318612 227.116033 153.133277 213.824691 104.140529
207.805915 130.249464 145.467902 153.240457 131.928108 174.208737 192.900583 170.309129 226.856941 153.051470 213.825371 104.141262
207.947481 130.013296 145.391723 153.072638 132.031661 174.081178 192.901635 170.304241 226.594512 152.968610 213.825643 104.141556
208.097842 129.751314 145.331127 152.939148 132.143282 173.943682 192.902520 170.300135 226.335432 152.891954 213.825779 104.141703
208.230504 129.514661 145.284047 152.835433 132.265869 173.792677 192.904120 170.292706 226.066271 152.837571 213.825915 104.141849
208.364976 129.274781 145.251311 152.763315 132.374521 173.606383 192.905067 170.288307 225.796424 152.783045 213.825915 104.141849
208.499692 129.034465 145.225766 152.707042 132.574888 173.358837 192.906288 170.282637 225.524620 152.728112 213.825915 104.141849
208.632257 128.797987 145.205802 152.663061 132.722547 173.176020 192.909720 170.266702 225.252431 152.673060 213.825915 104.141849
208.765995 128.559416 145.187449 152.622631 132.927486 172.960419 192.911973 170.256242 224.980773 152.632384 213.825915 104.141849
208.901787 128.317181 145.163848 152.570638 133.078526 172.741217 192.913994 170.246857 224.709645 152.604093 213.825915 104.141849
209.036308 128.077214 145.142850 152.524380 133.267392 172.486355 192.915005 170.242165 224.439810 152.575937 213.825915 104.141849
209.170731 127.837421 145.079521 152.377885 133.411065 172.309446 192.916542 170.235028 224.166196 152.547386 213.825915 104.141849
209.304029 127.599635 145.051061 152.307199 133.564130 172.120972 192.918963 170.223786 223.890626 152.526200 213.825915 104.141849
209.437034 127.362372 145.016775 152.222042 133.725643 171.922095 192.922016 170.209611 223.616911 152.513689 213.825915 104.141849
209.570291 127.123765 144.977821 152.125289 134.024464 171.560768 192.924564 170.197782 223.345795 152.501296 213.825915 104.141849
209.698832 126.884281 144.932218 152.012025 134.184311 171.372202 192.927132 170.185856 223.075077 152.488922 213.825915 104.141849
209.829029 126.641714 144.880677 151.884011 134.317840 171.214683 192.929764 170.173636 222.798666 152.476287 213.825915 104.141849
209.958186 126.401085 144.822563 151.739671 134.426603 171.086379 192.932291 170.161905 222.528563 152.478931 213.825915 104.141849
210.087200 126.160721 144.758969 151.579660 134.508337 170.989961 192.936923 170.140398 222.254824 152.484701 213.825915 104.141849
210.214938 125.922735 144.696846 151.404129 134.572159 170.914672 192.942018 170.116741 221.979185 152.490512 213.825915 104.141849
210.342770 125.684573 144.633020 151.223790 134.610245 170.869743 192.945913 170.098655 221.705446 152.496282 213.825915 104.141849
210.472636 125.442623 144.568928 151.042697 134.630938 170.845333 192.948650 170.085947 221.428808 152.502113 213.825915 104.141849
210.603495 125.198822 144.478696 150.775150 134.636886 170.838315 192.951429 170.073043 221.155054 152.513759 213.825915 104.141849
210.732320 124.958810 144.417837 150.591575 134.640249 170.834349 192.956840 170.047919 220.883509 152.543784 213.825915 104.141849
210.867693 124.720295 144.332138 150.423171 134.642577 170.831602 192.960925 170.028954 220.612560 152.573743 213.825915 104.141849
211.013837 124.487814 144.280797 150.244813 134.642771 170.831374 192.965872 170.005980 220.337437 152.604163 213.825915 104.141849
211.158596 124.257535 144.204045 149.973349 134.642900 170.831221 192.970883 169.982714 220.064500 152.634342 213.825915 104.141849
211.305029 124.023468 144.153627 149.785912 134.642900 170.831221 192.975431 169.961598 219.793055 152.664356 213.825915 104.141849
211.449784 123.787418 144.103989 149.601371 134.642900 170.831221 192.980126 169.939798 219.524616 152.701283 213.825915 104.141849
211.593233 123.553500 144.055753 149.422045 134.642900 170.831221 192.983390 169.924645 219.256218 152.748386 213.825915 104.141849
211.735740 123.321116 144.005492 149.235187 134.642900 170.831221 192.988043 169.903041 218.990282 152.795056 213.825915 104.141849
211.878980 123.087538 143.956996 149.054895 134.642900 170.831221 192.992254 169.883489 218.719126 152.842643 213.825915 104.141849
212.019657 122.858255 143.917029 148.899690 134.642900 170.831221 192.996612 169.863253 218.447818 152.890507 213.825915 104.141849
212.160159 122.623613 143.883360 148.745831 134.647879 170.825347 193.000317 169.846048 218.181509 152.944830 213.825915 104.141849
212.297689 122.390685 143.854992 148.616199 134.654022 170.818101 193.003939 169.829233 217.913457 153.002569 213.825915 104.141849
212.436237 122.156034 143.827501 148.490571 134.668765 170.800709 193.007055 169.814765 217.645465 153.060564 213.825915 104.141849
212.568108 121.916150 143.804649 148.386142 134.687518 170.778588 193.011561 169.793845 217.380951 153.126052 213.825915 104.141849
212.697116 121.673627 143.783742 148.290603 134.813036 170.629130 193.016361 169.771556 217.115660 153.191732 213.825915 104.141849
212.825279 121.432694 143.769205 148.224175 134.853354 170.580721 193.020382 169.752884 216.850564 153.257364 213.825915 104.141849
212.952421 121.190772 143.755502 148.161557 134.918527 170.533321 193.023077 169.740371 216.586050 153.322853 213.825915 104.141849
213.079844 120.945947 143.742847 148.103726 135.098860 170.311289 193.026888 169.722676 216.317557 153.389326 213.825915 104.141849
213.202160 120.704978 143.734275 148.064553 135.116270 170.197715 193.030467 169.706058 216.055081 153.454309 213.825915 104.141849
213.315519 120.453003 143.725980 148.026649 135.190477 170.102015 193.033204 169.693349 215.785423 153.521071 213.825915 104.141849
213.427934 120.203126 143.717515 147.987965 135.273998 169.994303 193.036994 169.675752 215.520618 153.586631 213.825915 104.141849
213.528103 119.950677 143.708109 147.944982 135.368856 169.871971 193.038552 169.668518 215.169232 153.675494 213.825915 104.141849
213.628787 119.696599 143.697890 147.898287 135.476553 169.736218 193.041058 169.656885 214.901979 153.744025 213.825915 104.141849
213.727460 119.442917 143.688570 147.855695 135.593349 169.593651 193.042658 169.649455 214.634532 153.812606 213.825915 104.141849
213.804458 119.180864 143.680682 147.819648 135.727982 169.443872 193.043921 169.643590 214.372413 153.879820 213.825915 104.141849
213.893777 118.925277 143.669074 147.766603 136.033107 169.134457 193.045458 169.636454 214.104288 153.948575 213.825915 104.141849
213.984593 118.668071 143.660266 147.726355 136.127496 168.986276 193.048553 169.622083 213.838972 154.016610 213.827886 104.143977
214.060432 118.402591 143.654238 147.698807 136.240387 168.847880 193.050427 169.613383 213.572590 154.084917 213.829177 104.145370
214.135556 118.139611 143.645858 147.660514 136.334665 168.729811 193.051501 169.608397 213.335075 154.145823 213.834478 104.151092
214.199938 117.871792 143.637521 147.622415 136.421211 168.619131 193.053480 169.599208 213.124488 154.199823 213.839780 104.156813
214.261629 117.604929 143.603326 147.375681 136.514327 168.521619 193.054406 169.594906 212.917232 154.252992 213.844877 104.162315
214.322734 117.340600 143.550377 147.317479 136.619352 168.436955 193.056049 169.587281 212.706845 154.306966 213.855344 104.173611
214.368960 117.074741 143.507852 147.187658 136.732170 168.171209 193.058386 169.576430 212.492874 154.361861 213.863908 104.182853
214.413834 116.804948 143.493342 147.116217 136.715152 168.047373 193.060091 169.568511 212.283263 154.415637 213.870297 104.189749
214.457934 116.535533 143.476066 147.031153 136.701906 167.950979 193.061249 169.563135 212.074813 154.469114 213.875598 104.195470
214.499765 116.266780 143.456144 146.930711 136.689204 167.858547 193.063607 169.552186 211.862199 154.523660 213.878792 104.198918
214.535949 115.997601 143.433676 146.814666 136.679266 167.786227 193.066997 169.536447 211.652490 154.577461 213.882123 104.202512
214.572908 115.722775 143.410352 146.694203 136.670825 167.724804 193.068302 169.530386 211.445009 154.630690 213.882531 104.202952
214.609934 115.447958 143.344552 146.506245 136.664658 167.679926 193.070323 169.521001 211.237335 154.683969 213.882531 104.202952
214.648794 115.175718 143.309388 146.379744 136.660411 167.649016 193.072471 169.511029 211.025785 154.738242 213.882531 104.202952
214.687457 114.904863 143.184249 146.252633 136.654584 167.606615 193.075419 169.497343 210.811621 154.793186 213.882531 104.202952
214.726586 114.630742 143.061120 146.192113 136.649724 167.571247 193.078724 169.481995 210.600359 154.847372 213.882531 104.202952
214.764839 114.362758 142.874064 146.158197 136.647110 167.552226 193.080409 169.474175 210.389387 154.901480 213.882666 104.203099
214.803967 114.088637 142.738687 146.142871 136.646307 167.546381 193.082809 169.463030 210.182484 154.954545 213.882666 104.203099
214.836387 113.816364 142.610227 146.153433 136.645599 167.541229 193.085293 169.451495 209.974224 155.007957 213.882666 104.203099
214.868317 113.545841 142.473774 146.165656 136.645299 167.539050 193.089630 169.431356 209.764805 155.061679 213.882666 104.203099
214.900509 113.272732 142.347280 146.176988 136.645245 167.538654 193.094157 169.410338 209.556262 155.115194 213.882666 104.203099
214.933079 112.996848 142.213814 146.188943 136.645231 167.538555 193.096915 169.397532 209.341616 155.170275 213.882666 104.203099
214.965075 112.725830 142.081943 146.200757 136.642835 167.521118 193.099947 169.383455 209.129005 155.224834 213.882666 104.203099
214.997516 112.451039 141.951565 146.212436 136.638002 167.485949 193.101926 169.374265 208.915910 155.279518 213.882666 104.203099
215.033009 112.176434 141.821087 146.224124 136.628193 167.364913 193.104284 169.363316 208.708529 155.332735 213.882666 104.203099
215.070227 111.903661 141.715410 146.233591 136.626284 167.297840 193.107737 169.347284 208.494852 155.387568 213.882666 104.203099
215.107500 111.630492 141.632144 146.241050 136.623941 167.215473 193.109590 169.338681 208.237664 155.453545 213.882666 104.203099
215.143932 111.359026 141.571287 146.246501 136.621040 167.113515 193.111969 169.327635 208.029896 155.506861 213.882666 104.203099
215.180438 111.085451 141.509399 146.249725 136.617545 166.990664 193.114833 169.314339 207.822805 155.560002 213.882666 104.203099
215.216812 110.812867 141.407256 146.164407 136.613905 166.862716 193.117612 169.301435 207.611937 155.614113 213.882666 104.203099
215.253552 110.542255 141.385246 146.078905 136.610947 166.758758 193.119401 169.293126 207.398164 155.668970 213.882666 104.203099
215.294670 110.272470 141.384688 146.070223 136.608035 166.656400 193.121633 169.282764 207.187383 155.723018 213.882666 104.203099
215.332474 110.024435 141.384572 146.068427 136.605637 166.572134 193.123065 169.276116 206.976018 155.777206 213.882666 104.203099
215.367189 109.796665 141.384528 146.067728 136.603883 166.510459 193.124265 169.270544 206.761954 155.832138 213.882666 104.203099
215.399357 109.585602 141.421607 146.022343 136.602444 166.459879 193.126834 169.258617 206.552448 155.885925 213.882666 104.203099
215.436339 109.340217 141.451051 146.004172 136.601255 166.418096 193.127844 169.253925 206.340037 155.940457 213.882666 104.203099
215.440103 109.126450 141.492283 145.978825 136.600353 166.386409 193.128560 169.250601 206.126269 155.995338 213.882666 104.203099
215.443954 108.907784 141.538096 145.935762 136.599827 166.367916 193.129381 169.246788 205.911146 156.050567 213.882666 104.203099
215.447742 108.692717 141.590774 145.873260 136.599509 166.356721 193.130287 169.242585 205.673467 156.111517 213.882666 104.203099
215.451533 108.477451 141.624671 145.800343 136.598931 166.336429 193.131908 169.235057 205.462606 156.165655 213.882666 104.203099
215.464997 108.264293 141.665955 145.756538 136.598289 166.313838 193.132771 169.231049 205.249511 156.220341 213.882666 104.203099
