140.301524 217.915727 167.827888 134.836998 124.543153 203.447362 201.862104 120.395215 166.319220 153.638893 156.357388 132.779658
140.294498 217.700742 167.727454 134.863218 124.508260 203.315294 201.544749 120.312783 166.319220 153.638893 156.219498 132.795009
140.287462 217.485457 167.614152 134.892799 124.474644 203.188060 201.228215 120.226819 166.319220 153.638893 156.086127 132.816552
140.281860 217.263534 167.524265 134.916266 124.441666 203.063243 200.911777 120.140881 166.319220 153.638893 155.956112 132.837552
140.277973 217.043468 167.461470 134.932660 124.390155 202.842492 200.592058 120.054051 166.319220 153.638893 155.820092 132.864628
140.274191 216.829302 167.398191 134.949181 124.366521 202.708054 200.273438 119.973688 166.319220 153.638893 155.694327 132.895503
140.270423 216.615935 167.361230 134.958830 124.343250 202.575684 199.950993 119.892534 166.319220 153.638893 155.563414 132.927642
140.264827 216.399719 167.241573 134.859898 124.323442 202.463012 199.627870 119.811210 166.319220 153.638893 155.435315 132.955979
140.256500 216.184280 167.224027 134.792546 124.307997 202.375159 199.308820 119.730910 166.319220 153.638893 155.303524 133.018408
140.247929 215.962545 167.202472 134.709808 124.298890 202.323354 198.987151 119.649952 166.319220 153.638893 155.176112 133.046161
140.239551 215.745807 167.176101 134.608586 124.270641 202.155463 198.668780 119.569823 166.319220 153.638893 155.051679 133.092258
140.231282 215.531867 167.061257 134.534742 124.256535 202.067487 198.349782 119.488119 166.319220 153.638893 154.923716 133.144456
140.220814 215.314120 166.927256 134.556145 124.344910 201.948296 198.030355 119.404066 166.319220 153.638893 154.803530 133.193480
140.210013 215.097089 166.797599 134.576854 124.452152 201.892044 197.708511 119.319377 166.319220 153.638893 154.680752 133.243563
140.199092 214.877660 166.669164 134.592762 124.571438 201.829474 197.389085 119.235325 166.319220 153.638893 154.558899 133.293267
140.187449 214.664380 166.536063 134.604295 124.701174 201.761424 197.070583 119.158432 166.319220 153.638893 154.435737 133.345531
140.174983 214.449942 166.401368 134.615966 124.841625 201.687752 196.746687 119.085067 166.319220 153.638893 154.316450 133.413112
140.164265 214.265553 166.267868 134.627534 124.991817 201.608971 196.426791 119.012609 166.319220 153.638893 154.200296 133.478918
140.155658 214.117503 166.134308 134.632472 125.151219 201.525360 196.102701 118.939200 166.319220 153.638893 154.085882 133.543739
140.149234 214.006989 165.995542 134.635539 125.324348 201.434548 195.779098 118.865902 166.319220 153.638893 153.965552 133.611911
140.145224 213.938006 165.858376 134.638571 125.331250 201.232433 195.457349 118.793024 166.319220 153.638893 153.847856 133.683766
140.142688 213.894379 165.747303 134.641026 125.403805 200.987090 195.135974 118.715602 166.319220 153.638893 153.733168 133.754029
140.133242 213.736468 165.635830 134.643490 125.557113 200.837925 194.816044 118.633889 166.319220 153.638893 153.621208 133.822620
140.128435 213.657214 165.549590 134.640422 125.710779 200.688413 194.497955 118.552646 166.319220 153.638893 153.508737 133.891525
140.122684 213.562388 165.500839 134.636611 125.864445 200.538900 194.176572 118.470562 166.319220 153.638893 153.398824 133.958862
140.115942 213.451493 165.394163 134.572138 126.022913 200.384714 193.854026 118.388180 166.319220 153.638893 153.286438 134.027715
140.107917 213.319537 165.389890 134.484642 126.184566 200.240422 193.534250 118.308319 166.319220 153.638893 153.179225 134.093715
140.098758 213.168915 165.384962 134.383762 126.365631 200.119917 193.184429 118.219037 166.319220 153.638893 153.100141 134.142461
140.088360 212.997931 165.370360 134.264773 126.550609 199.996807 192.864817 118.136090 166.319220 153.638893 153.042083 134.178246
140.077301 212.816067 165.347171 134.130967 126.729926 199.877465 192.546560 118.053495 166.319220 153.638893 152.999434 134.204534
140.065070 212.614938 165.306258 133.945494 126.908244 199.758788 192.216018 118.001832 166.319220 153.638893 152.973981 134.220223
140.051966 212.399436 165.272835 133.839227 127.092057 199.636454 191.898434 117.919430 166.319220 153.638893 152.947336 134.236646
140.038721 212.181639 165.241241 133.738778 127.276702 199.513566 191.578337 117.837605 166.319220 153.638893 152.938483 134.242103
140.025440 211.963242 165.217359 133.662845 127.460098 199.391509 191.259323 117.761787 166.319220 153.638893 152.931076 134.246668
140.012299 211.747141 165.203317 133.618201 127.643495 199.269453 190.939822 117.685854 166.319220 153.638893 152.920095 134.253437
139.999328 211.533835 165.199327 133.605514 127.822812 199.150111 190.620127 117.609874 166.319220 153.638893 152.911752 134.258579
139.986059 211.315639 165.141264 133.586906 128.005173 199.028665 190.302086 117.534288 166.319220 153.638893 152.901707 134.264771
139.972857 211.098540 165.096023 133.613933 128.188767 198.905823 189.984044 117.458701 166.319220 153.638893 152.878042 134.279358
139.959577 210.880143 165.035844 133.649884 128.366959 198.786596 189.663084 117.382421 166.319220 153.638893 152.850205 134.296516
139.946369 210.662944 164.872925 133.742443 128.551384 198.663198 189.340531 117.300950 166.319220 153.638893 152.820155 134.315038
139.933391 210.449538 164.783174 133.788984 128.731903 198.542415 189.019216 117.217398 166.319220 153.638893 152.786274 134.335922
139.919977 210.228946 164.677178 133.843948 128.909430 198.423633 188.702256 117.134979 166.319220 153.638893 152.736729 134.366460
139.906860 210.013244 164.563103 133.903102 129.086791 198.304962 188.381776 117.053021 166.319220 153.638893 152.698700 134.389900
139.893701 209.796844 164.446276 133.963683 129.266479 198.184735 188.063021 116.974432 166.319220 153.638893 152.653454 134.411170
139.880596 209.581342 164.247347 134.070964 129.448162 198.063173 187.739897 116.894766 166.319220 153.638893 152.597608 134.436928
139.867564 209.367038 164.133225 134.133222 129.630969 197.938785 187.420851 116.816105 166.319220 153.638893 152.559560 134.454476
139.854302 209.148941 164.014010 134.198257 129.798015 197.798559 187.102581 116.737636 166.319220 153.638893 152.522692 134.471481
139.841160 208.932840 163.908754 134.255678 129.966516 197.657111 186.779555 116.657993 166.319220 153.638893 152.476563 134.492757
139.828207 208.719834 163.727433 134.354158 130.136243 197.514635 186.460314 116.579285 166.319220 153.638893 152.441602 134.508882
139.815188 208.505729 163.651922 134.395108 130.305586 197.372480 186.142822 116.501007 166.319220 153.638893 152.398832 134.528608
139.801828 208.286035 163.570961 134.439014 130.469415 197.234955 185.819989 116.421412 166.319220 153.638893 152.360939 134.542494
139.788438 208.065842 163.517234 134.475203 130.612182 197.115110 185.476394 116.336599 166.319220 153.638893 152.314610 134.552028
139.775133 207.847046 163.490604 134.497450 130.726839 197.018862 185.156556 116.260398 166.319220 153.638893 152.268183 134.561583
139.762089 207.632542 163.362798 134.565490 130.887637 196.879698 184.838069 116.187160 166.319220 153.638893 152.227731 134.569908
139.748808 207.414146 163.292581 134.549161 130.944195 196.829985 184.515195 116.112914 166.319220 153.638893 152.198053 134.576015
139.735521 207.195649 163.241648 134.497145 130.964433 196.795832 184.192614 116.038735 166.319220 153.638893 152.170726 134.581639
139.724911 207.021171 163.185468 134.439770 131.082088 196.712989 183.868279 115.964152 166.319220 153.638893 152.142419 134.587465
139.713468 206.763915 163.129918 134.383038 131.162935 196.715907 183.526987 115.884357 166.319220 153.638893 152.111370 134.593855
139.709856 206.655075 163.085823 134.319971 131.258489 196.715357 183.207792 115.809303 166.319220 153.638893 152.101673 134.595850
139.706613 206.562933 163.044123 134.255120 131.368546 196.712286 182.886261 115.733699 166.319220 153.638893 152.092104 134.597960
139.704134 206.502183 162.987385 134.206575 131.491698 196.708850 182.565606 115.658301 166.319220 153.638893 152.080354 134.600850
139.702678 206.466013 162.933156 134.171296 131.625046 196.705130 182.246899 115.583360 166.319220 153.638893 152.073654 134.602498
139.732037 206.368853 162.880553 134.135548 131.759094 196.701390 181.922739 115.507138 166.319220 153.638893 152.072100 134.602880
139.790827 206.349359 162.827854 134.117367 131.889144 196.697761 181.601742 115.430173 166.319220 153.638893 152.071324 134.603071
139.862645 206.355722 162.795388 134.108330 132.081983 196.692427 181.282010 115.351368 166.319220 153.638893 152.070838 134.603190
139.948808 206.363356 162.676963 134.108555 132.211737 196.688955 180.961696 115.272419 166.319220 153.638893 152.070644 134.603238
140.050011 206.372322 162.622375 134.149449 132.342990 196.685443 180.640509 115.193254 166.319220 153.638893 152.070644 134.603238
140.169344 206.382895 162.564011 134.204746 132.480740 196.681757 180.321942 115.114736 166.319220 153.638893 152.070644 134.603238
140.744406 206.430232 162.505502 134.260181 132.614992 196.678164 180.004936 115.035449 166.319220 153.638893 152.070644 134.603238
140.673591 206.389676 162.448880 134.313828 132.704560 196.675768 179.689546 114.939026 166.319220 153.638893 152.070644 134.603238
140.842387 206.407178 162.395961 134.363967 132.764239 196.674171 179.373774 114.842487 166.319220 153.638893 152.070644 134.603238
141.029484 206.426577 162.356906 134.400970 132.799326 196.673232 179.059436 114.746385 166.319220 153.638893 152.070644 134.603238
141.228218 206.447182 162.336435 134.420365 132.899523 196.613337 178.747409 114.636798 166.319220 153.638893 152.070644 134.603238
141.441177 206.469263 162.322643 134.433433 132.931782 196.542101 178.435710 114.522775 166.319220 153.638893 152.070644 134.603238
141.658611 206.491808 162.319739 134.436184 132.969568 196.458658 178.128028 114.405166 166.319220 153.638893 152.070450 134.603286
141.874653 206.514208 162.318360 134.437491 133.012717 196.363372 177.820569 114.286677 166.319220 153.638893 152.070255 134.603334
142.086003 206.544302 162.317852 134.437972 133.062672 196.253056 177.514511 114.168727 166.319220 153.638893 152.069964 134.603405
142.302427 206.581520 162.317779 134.438041 133.117716 196.131542 177.207799 114.050525 166.319220 153.638893 152.069381 134.603549
142.519835 206.618907 162.317779 134.438041 133.180368 195.993384 176.906919 113.920674 166.319220 153.638893 152.068216 134.603835
142.731922 206.655379 162.317779 134.438041 133.247207 195.845049 176.608585 113.775457 166.319220 153.638893 152.065691 134.604456
142.942728 206.691631 162.317779 134.438041 133.292675 195.672669 176.313668 113.631902 166.319220 153.638893 152.063749 134.604934
143.154913 206.728120 162.317779 134.438041 133.340180 195.485818 176.020398 113.484474 166.319220 153.638893 152.059962 134.605865
143.505910 206.729159 162.317779 134.438041 133.411761 195.292629 175.727007 113.326539 166.319220 153.638893 152.054524 134.607203
143.569728 206.524896 162.317779 134.438041 133.495770 195.088867 175.438722 113.171353 166.319220 153.638893 152.051126 134.608039
143.634090 206.319022 162.317779 134.438041 133.584238 194.874289 175.145418 113.013465 166.319220 153.638893 152.040347 134.610690
143.721811 206.014959 162.317779 134.438041 133.686727 194.652096 174.856654 112.847885 166.319220 153.638893 152.031219 134.612935
143.775964 205.804308 162.317779 134.438041 133.817346 194.430979 174.581626 112.670630 166.319220 153.638893 152.017721 134.616255
143.830888 205.590655 162.317779 134.438041 133.975568 194.111499 174.302479 112.490721 166.319220 153.638893 152.004223 134.619575
143.886137 205.375743 162.317779 134.438041 134.057491 193.818712 174.026106 112.312599 166.319220 153.638893 151.971790 134.627552
143.940862 205.162658 162.317779 134.438041 134.144613 193.562189 173.746960 112.132689 166.319220 153.638893 151.922460 134.639685
143.993595 204.953709 162.317779 134.438041 134.384367 192.946717 173.469158 111.953646 166.319220 153.638893 151.864294 134.653992
144.047110 204.741658 162.317779 134.438041 134.422272 192.633199 173.209154 111.755921 166.319220 153.638893 151.806030 134.668322
144.100969 204.528250 162.317779 134.438041 134.441108 192.358243 172.950392 111.549677 166.319220 153.638893 151.740105 134.684151
144.158132 204.321283 162.317779 134.438041 134.457530 192.086262 172.693272 111.344741 166.319220 153.638893 151.675070 134.699406
144.223766 204.115815 162.317779 134.438041 134.468188 191.813470 172.437481 111.140864 166.319220 153.638893 151.601079 134.716762
144.292798 203.907875 162.317779 134.438041 134.478991 191.536981 172.186036 110.932426 166.319220 153.638893 151.525335 134.734530
144.360886 203.702781 162.317779 134.438041 134.489723 191.262290 171.938341 110.714221 166.319220 153.638893 151.457769 134.750379
144.429887 203.494936 162.317779 134.438041 134.500362 190.989998 171.689295 110.494827 166.319220 153.638893 151.405588 134.773257
144.497347 203.291741 162.317779 134.438041 134.515069 190.616930 171.440925 110.276027 166.319220 153.638893 151.362905 134.792206
144.565218 203.087314 162.317779 134.438041 134.525908 190.346347 171.199364 110.054569 166.319220 153.638893 151.320861 134.810870
144.633088 202.882886 162.317779 134.438041 134.553824 189.991141 170.930621 109.793011 166.319220 153.638893 151.282865 134.837058
144.701841 202.675801 162.317779 134.438041 134.580533 189.715130 170.695299 109.559241 166.319220 153.638893 151.248764 134.869547
144.801793 202.424253 162.317779 134.438041 134.607252 189.439020 170.469606 109.315509 166.319220 153.638893 151.227985 134.889344
144.880517 202.221929 162.317779 134.438041 134.633788 189.164801 170.248049 109.067714 166.319220 153.638893 151.204671 134.911555
144.959412 202.019135 162.317779 134.438041 134.682583 188.794945 170.026226 108.819620 166.319220 153.638893 151.193026 134.925630
145.037401 201.818672 162.317779 134.438041 134.727921 188.527967 169.808527 108.569141 166.319220 153.638893 151.183138 134.938335
145.115173 201.618767 162.317779 134.438041 134.773930 188.257046 169.598026 108.319035 166.319220 153.638893 151.179330 134.943228
145.195555 201.412152 162.317779 134.438041 134.820167 187.984845 169.384693 108.065562 166.319220 153.638893 151.177610 134.945438
145.274426 201.209456 162.317779 134.438041 134.865652 187.717182 169.174781 107.811880 166.319220 153.638893 151.176382 134.947016
145.353232 201.006950 162.311173 134.444300 134.911221 187.449027 168.970945 107.553505 166.319220 153.638893 151.175768 134.947805
145.432074 200.804350 162.301301 134.453654 134.971030 187.066083 168.764570 107.291911 166.319220 153.638893 151.175706 134.947884
145.510264 200.603428 162.285476 134.468647 135.016977 186.799214 168.563269 107.033848 166.319220 153.638893 151.175706 134.947884
145.589759 200.399151 162.272409 134.481027 135.074255 186.560489 168.364234 106.772636 166.319220 153.638893 151.175706 134.947884
145.669681 200.193752 162.266239 134.486874 135.122573 186.359104 168.158133 106.513946 166.319220 153.638893 151.175706 134.947884
145.749850 199.987698 162.264932 134.488112 135.160323 186.201770 167.948283 106.257452 166.319220 153.638893 151.175706 134.947884
145.828413 199.782954 162.263989 134.489006 135.191167 186.073218 167.741409 106.004597 166.319220 153.638893 151.175706 134.947884
145.904821 199.583274 162.263408 134.489556 135.082016 186.001991 167.516473 105.729012 166.319220 153.638893 151.175706 134.947884
145.983326 199.381723 162.263263 134.489693 134.944143 186.011504 167.304290 105.477316 166.319220 153.638893 151.175706 134.947884
146.061189 199.182069 162.263263 134.489693 134.809663 186.020783 167.091850 105.225314 166.319220 153.638893 151.175706 134.947884
146.139451 198.981390 162.263263 134.489693 134.676181 186.029994 166.878313 104.972012 166.319220 153.638893 151.175706 134.947884
146.219785 198.775400 162.263263 134.489693 134.478700 186.041809 166.664777 104.718710 166.319220 153.638893 151.175706 134.947884
146.300160 198.569320 162.263263 134.489693 134.349400 186.041995 166.452787 104.467243 166.319220 153.638893 151.175706 134.947884
146.377920 198.369947 162.263263 134.489693 134.218500 186.042183 166.239251 104.213941 166.319220 153.638893 151.175706 134.947884
146.456148 198.169362 162.263263 134.489693 134.089700 186.042368 166.028550 103.964003 166.319220 153.638893 151.175706 134.947884
146.533791 197.970266 162.263263 134.489693 133.956101 186.042560 165.816701 103.707471 166.319220 153.638893 151.175706 134.947884
146.614436 197.764294 162.263263 134.489693 133.759044 186.039881 165.607014 103.453303 166.319220 153.638893 151.175706 134.947884
146.697024 197.565464 162.263263 134.489693 133.620327 186.032754 165.397963 103.199906 166.319220 153.638893 151.175706 134.947884
146.779228 197.367557 162.263263 134.489693 133.487203 186.025914 165.188149 102.945583 166.319220 153.638893 151.175706 134.947884
146.861265 197.170014 162.263263 134.489693 133.380044 186.020408 164.979225 102.692340 166.319220 153.638893 151.175706 134.947884
146.946106 196.965732 162.263263 134.489693 133.284969 186.015524 164.774030 102.434411 166.319220 153.638893 151.175706 134.947884
147.028845 196.766531 162.263263 134.489693 133.233837 186.012897 164.570093 102.177136 166.319220 153.638893 151.175706 134.947884
147.111048 196.568624 162.263263 134.489693 133.199183 186.011116 164.365411 101.918920 166.319220 153.638893 151.175276 134.948437
147.194248 196.368316 162.263263 134.489693 133.060377 185.832971 164.158617 101.658039 166.319220 153.638893 151.173925 134.950173
147.278905 196.164499 162.263263 134.489693 133.075299 185.763966 163.953686 101.399510 166.319220 153.638893 151.172574 134.951909
147.362795 195.962528 162.263263 134.489693 133.094954 185.673067 163.749769 101.140183 166.319220 153.638893 151.170179 134.954987
147.437786 195.754593 162.263263 134.489693 133.119112 185.561349 163.547513 100.880823 166.319220 153.638893 151.166002 134.960353
147.510350 195.546481 162.263263 134.489693 133.147306 185.430962 163.342859 100.618387 166.319220 153.638893 151.151876 134.978503
147.582618 195.339219 162.263263 134.489693 133.179326 185.282885 163.140234 100.358554 166.319220 153.638893 151.141803 134.991446
147.653436 195.136111 162.263263 134.489693 133.212085 185.131386 162.937917 100.099114 166.319220 153.638893 151.125912 135.022669
147.733014 194.935648 162.263263 134.489693 133.236433 185.018788 162.733632 99.837152 166.319220 153.638893 151.107725 135.070637
147.815566 194.730322 162.263263 134.489693 133.256490 184.926032 162.529101 99.574874 166.319220 153.638893 151.084486 135.137529
147.895894 194.527776 162.263263 134.489693 133.269657 184.865139 162.327029 99.315750 166.319220 153.638893 151.080793 135.213239
147.973911 194.323358 162.255205 134.497328 133.277604 184.828389 162.122068 99.052920 166.319220 153.638893 151.089863 135.302063
148.052462 194.117538 162.237057 134.514522 133.281472 184.810502 161.918767 98.792219 166.319220 153.638893 151.112693 135.390979
148.131441 193.910597 162.220288 134.530410 133.287263 184.783721 161.714481 98.530257 166.319220 153.638893 151.165409 135.486327
148.199123 193.707919 162.214916 134.535500 133.292758 184.758308 161.513578 98.272631 166.319220 153.638893 151.233706 135.552946
148.257165 193.501213 162.057184 134.521892 133.296985 184.738760 161.311753 98.013823 166.319220 153.638893 151.321472 135.603961
148.316774 193.288924 162.007000 134.497474 133.304446 184.704258 161.107714 97.752176 166.319220 153.638893 151.411112 135.642818
148.374438 193.083566 161.961674 134.445317 133.315098 184.654996 160.905397 97.492736 166.319220 153.638893 151.505164 135.650735
148.433669 192.872624 161.907714 134.383725 133.324841 184.609938 160.700619 97.230143 166.319220 153.638893 151.590939 135.638424
148.490522 192.662180 161.832506 134.311749 133.331013 184.581397 160.497995 96.970309 166.319220 153.638893 151.676745 135.614053
148.544578 192.452847 161.743932 134.226981 133.338516 184.546699 160.294324 96.709135 166.319220 153.638893 151.748732 135.571157
148.599984 192.238285 161.644522 134.131843 133.349147 184.497535 160.089423 96.446768 166.319220 153.638893 151.816527 135.526465
148.659101 192.031432 161.550935 134.042928 133.359714 184.448665 159.885151 96.191677 166.319220 153.638893 151.864192 135.464925
148.713859 191.822128 161.447928 133.952755 133.373283 184.385915 159.680004 95.935493 166.319220 153.638893 151.903487 135.395815
148.762545 191.609737 161.350113 133.867127 133.391510 184.339147 159.474732 95.679154 166.319220 153.638893 151.939563 135.318958
148.822018 191.420082 161.246880 133.776756 133.412061 184.133408 159.270398 95.423985 166.319220 153.638893 151.957255 135.243607
148.874674 191.267069 161.136109 133.694719 133.410106 184.043129 159.071485 95.163445 166.319220 153.638893 151.960922 135.154694
148.898646 191.146430 161.023350 133.616033 133.407810 183.937154 158.877361 94.893497 166.319220 153.638893 151.942230 135.070089
148.906487 191.064706 160.915183 133.540551 133.405230 183.818082 158.684930 94.625904 166.319220 153.638893 151.895774 134.976068
148.910699 191.020807 160.808164 133.465870 133.402291 183.682414 158.491681 94.357173 166.319220 153.638893 151.824778 134.903250
148.910482 190.995808 160.699505 133.390045 133.399387 183.548345 158.299191 94.089499 166.319220 153.638893 151.740900 134.841546
148.997965 190.912613 160.588501 133.314659 133.396471 183.413777 158.105942 93.820768 166.319220 153.638893 151.659394 134.788220
149.058066 190.916072 160.457280 133.286230 133.393680 183.284907 157.912985 93.552444 166.319220 153.638893 151.569856 134.729638
149.132807 190.933691 160.333602 133.225238 133.388109 183.146784 157.720391 93.288428 166.319220 153.638893 151.491497 134.694295
149.226085 190.961670 160.214139 133.166325 133.375713 183.009643 157.525908 93.022569 166.319220 153.638893 151.384887 134.653356
149.333320 190.992578 160.092613 133.106394 133.364082 182.880967 157.331248 92.756469 166.319220 153.638893 151.263154 134.606611
149.415597 191.003564 159.970522 133.056758 133.351731 182.744324 157.134817 92.487947 166.319220 153.638893 151.139367 134.559076
149.473116 191.006610 159.846981 133.006693 133.339704 182.611267 156.938917 92.220151 166.319220 153.638893 151.018380 134.512617
149.504595 191.002220 159.725015 132.957267 133.327686 182.478309 156.743784 91.953405 166.319220 153.638893 150.895190 134.473795
149.618662 190.903412 159.572541 132.899844 133.277376 182.345918 156.542616 91.688628 166.319220 153.638893 150.764332 134.441024
149.654774 190.847334 159.440868 132.858873 133.255465 182.212505 156.336811 91.430538 166.319220 153.638893 150.636965 134.409128
149.697259 190.767974 159.309864 132.818109 133.236357 182.096164 156.131816 91.173465 166.319220 153.638893 150.506591 134.376478
149.741011 190.675281 159.184970 132.779247 133.223538 182.018109 155.924390 90.913342 166.319220 153.638893 150.376976 134.348534
149.792744 190.565677 159.055971 132.739107 133.214300 181.961863 155.717588 90.654002 166.319220 153.638893 150.242370 134.319987
149.849557 190.445311 158.927350 132.731465 133.209908 181.935121 155.509912 90.393566 166.319220 153.638893 150.110699 134.292063
149.911833 190.313370 158.797888 132.728327 133.207882 181.922786 155.306227 90.138135 166.319220 153.638893 149.982296 134.260644
149.980299 190.168316 158.637122 132.728001 133.207412 181.919925 155.093546 89.883073 166.319220 153.638893 149.849035 134.238093
150.055807 190.008341 158.508579 132.731822 133.206991 181.917359 154.868664 89.641834 166.319220 153.638893 149.716630 134.216838
150.138316 189.833534 158.370040 132.735941 133.206959 181.917162 154.645282 89.402205 166.319220 153.638893 149.588471 134.196264
150.226074 189.647605 158.243796 132.706665 133.206926 181.916964 154.415816 89.161093 166.319220 153.638893 149.454782 134.174803
150.334816 189.456665 158.125248 132.710189 133.206926 181.916964 154.182433 88.929486 166.319220 153.638893 149.324248 134.153273
150.447433 189.272698 158.041385 132.712682 133.206926 181.916964 153.948861 88.697786 166.319220 153.638893 149.188627 134.130020
150.561929 189.085661 157.985510 132.714343 133.206926 181.916964 153.712490 88.469085 166.319220 153.638893 149.054583 134.107038
150.677522 188.896832 157.952025 132.715339 133.206926 181.916964 153.473603 88.237951 166.319220 153.638893 148.922805 134.084445
150.790139 188.712865 157.926636 132.716094 133.206926 181.916964 153.235867 88.007929 166.319220 153.638893 148.790732 134.061801
150.903930 188.526802 157.891651 132.717134 133.206926 181.916964 152.999783 87.779507 166.319220 153.638893 148.661124 134.039579
151.016440 188.341833 157.858966 132.718106 133.206926 181.916964 152.761964 87.550478 166.319220 153.638893 148.528164 134.016783
151.129885 188.155325 157.819583 132.719276 133.206926 181.916964 152.508214 87.341541 166.319220 153.638893 148.396387 133.994190
151.243850 187.967963 157.777202 132.720536 133.206926 181.916964 152.254773 87.132858 166.319220 153.638893 148.260963 133.970971
151.355788 187.783933 157.752813 132.721262 133.206926 181.916964 152.000560 86.923540 166.319220 153.638893 148.141827 133.950393
151.468297 187.598963 157.742317 132.721574 133.206926 181.916964 151.748353 86.715875 166.319220 153.638893 148.012844 133.928074
151.579456 187.416215 157.728024 132.721998 133.206926 181.916964 151.494835 86.507129 166.319220 153.638893 147.884057 133.905788
151.694512 187.227059 157.711231 132.722498 133.206926 181.916964 151.231596 86.308132 166.319220 153.638893 147.754582 133.883384
151.802214 187.040536 157.675346 132.723531 133.206926 181.916964 150.958024 86.120030 166.319220 153.638893 147.621164 133.860297
151.911797 186.847927 157.663151 132.723875 133.206926 181.916964 150.686511 85.933345 166.319220 153.638893 147.491787 133.837910
152.022191 186.662753 157.655254 132.724098 133.206926 181.916964 150.416894 85.747964 166.319220 153.638893 147.356498 133.814500
152.133932 186.478486 157.648656 132.724284 133.206926 181.916964 150.144722 85.560826 166.319220 153.638893 147.223080 133.791413
152.247118 186.292761 157.648100 132.724300 133.206926 181.916964 149.847076 85.373405 166.319220 153.638893 147.096068 133.769435
152.362067 186.107882 157.648100 132.724300 133.206926 181.916964 149.558198 85.208969 166.319220 153.638893 146.969252 133.747491
152.467396 185.916454 157.577000 132.730299 133.206926 181.916964 149.269059 85.044384 166.319220 153.638893 146.839875 133.725103
152.570277 185.720974 157.538901 132.730475 133.206926 181.916964 148.979747 84.879700 166.319220 153.638893 146.715030 133.703500
152.671854 185.527973 157.483701 132.730729 133.206926 181.916964 148.691738 84.715759 166.319220 153.638893 146.590383 133.681931
152.773198 185.335413 157.406802 132.731083 133.206926 181.916964 148.403176 84.557304 166.319220 153.638893 146.457360 133.658913
152.873797 185.144270 157.313703 132.731512 133.206926 181.916964 148.108759 84.409802 166.319220 153.638893 146.324041 133.635843
152.973325 184.955161 157.207004 132.732003 133.206926 181.916964 147.811212 84.260732 166.319220 153.638893 146.195058 133.613524
153.074063 184.763752 157.055822 132.734373 133.206926 181.916964 147.515006 84.112335 166.319220 153.638893 146.065385 133.591086
153.162565 184.595623 156.919608 132.743205 133.206926 181.916964 147.220410 83.964744 166.319220 153.638893 145.935909 133.568681
153.230536 184.466523 156.784192 132.751985 133.206926 181.916964 146.925098 83.816794 166.319220 153.638893 145.804265 133.545901
153.247727 184.335199 156.654065 132.760422 133.206926 181.916964 146.630323 83.669113 166.319220 153.638893 145.678534 133.524145
153.170903 184.296994 156.523839 132.768866 133.206926 181.916964 146.333905 83.529949 166.320685 153.639755 145.545609 133.501144
153.098539 184.261557 156.391317 132.777458 133.206926 181.916964 146.027543 83.407032 166.323530 153.641428 145.420567 133.479506
153.031474 184.229345 156.260566 132.788376 133.206926 181.916964 145.721738 83.284339 166.330167 153.645331 145.295526 133.457869
152.957107 184.193627 156.132624 132.809041 133.206926 181.916964 145.418068 83.162503 166.341287 153.651869 145.160039 133.434425
152.891484 184.162108 155.998463 132.830711 133.205840 181.910353 145.107378 83.056300 166.355597 153.660284 145.030859 133.412071
152.821622 184.129292 155.868262 132.852803 133.204787 181.903939 144.795368 82.960114 166.365510 153.666113 144.899314 133.389309
152.770750 184.105643 155.736572 132.885132 133.200330 181.876802 144.481064 82.863222 166.376458 153.672550 144.767571 133.366512
152.692666 183.982035 155.609447 132.916341 133.192535 181.829338 144.166951 82.766388 166.379389 153.674273 144.643614 133.345062
152.706539 183.882103 155.483486 132.945487 133.183589 181.774868 143.839890 82.657344 166.381285 153.675389 144.507831 133.321567
152.757777 183.777810 155.357441 132.972941 133.172585 181.707866 143.521730 82.580111 166.382923 153.676352 144.385746 133.300441
152.816511 183.658258 155.222114 133.002416 133.140133 181.515859 143.199002 82.501770 166.383612 153.676757 144.260473 133.278967
152.868357 183.514498 155.094616 133.039651 133.124292 181.423305 142.880648 82.424490 166.384043 153.677011 144.138168 133.258538
152.918204 183.372281 154.972638 133.089313 133.110702 181.334964 142.561516 82.347022 166.384043 153.677011 144.019610 133.238735
152.965606 183.220837 154.852698 133.138145 133.099351 181.245582 142.222770 82.265854 166.384043 153.677011 143.903814 133.219394
152.998742 183.075671 154.729794 133.188185 133.089677 181.169394 141.918766 82.204670 166.384043 153.677011 143.779635 133.198652
152.965038 182.949141 154.608279 133.237658 133.082483 181.112749 141.620644 82.144670 166.384043 153.677011 143.648156 133.176691
152.959756 182.674281 154.489265 133.286114 133.074182 181.047374 141.328169 82.087253 166.384043 153.677011 143.527626 133.156559
153.009843 182.548594 154.372301 133.343843 133.068374 181.001641 141.030172 82.047020 166.384043 153.677011 143.402263 133.135619
153.060152 182.422349 154.260202 133.407271 133.061899 180.950650 140.726131 82.005971 166.384043 153.677011 143.271869 133.113840
153.110351 182.296382 154.147232 133.471193 133.056999 180.912060 140.422445 81.931681 166.384043 153.677011 143.149662 133.093427
153.158920 182.174504 154.029389 133.537872 133.052564 180.877141 140.099288 81.890819 166.384043 153.677011 143.022326 133.072158
153.207230 182.053275 153.914673 133.604147 133.046329 180.828035 139.769218 81.866012 166.384043 153.677011 142.896667 133.051169
153.256799 181.928888 153.804848 133.671438 133.037813 180.760974 139.441144 81.841354 166.384043 153.677011 142.760947 133.028500
153.306919 181.806345 153.690164 133.741706 133.030302 180.673404 139.110077 81.816472 166.384043 153.677011 142.627891 133.006276
153.358904 181.681430 153.572751 133.813647 133.033510 180.568753 138.783199 81.791904 166.384043 153.677011 142.493749 132.983870
153.411925 181.554023 153.454655 133.886006 133.037077 180.452408 138.452731 81.767067 166.384043 153.677011 142.337170 132.925177
153.462949 181.431416 153.359412 133.944363 133.041033 180.323368 138.124058 81.742364 166.384043 153.677011 142.185168 132.906062
153.513627 181.309640 153.284973 133.989972 133.045097 180.190830 137.793945 81.725658 166.384043 153.677011 142.015801 132.884763
153.533872 181.175017 153.244731 134.014637 133.060146 179.992350 137.462462 81.722347 166.384043 153.677011 141.833239 132.861805
153.585971 181.049825 153.225065 134.026756 133.042850 179.812543 137.134978 81.719077 166.384043 153.677011 141.640458 132.837562
153.638839 180.922787 153.211699 134.034993 132.969098 179.699828 136.805494 81.715786 166.384043 153.677011 141.437035 132.816279
153.691821 180.795471 153.206166 134.038403 132.898631 179.592133 136.475811 81.712493 166.384043 153.677011 141.223508 132.847634
153.744843 180.668063 153.203867 134.039820 132.825371 179.480171 136.146427 81.709203 166.384043 153.677011 141.040431 132.963421
153.797979 180.540379 153.202420 134.040712 132.738488 179.388047 135.815912 81.716965 166.384043 153.677011 140.922177 133.143712
153.848657 180.418603 153.200632 134.041814 132.611104 179.333683 135.488201 81.754023 166.384043 153.677011 140.900529 133.357309
153.899181 180.297196 153.199015 134.042810 132.485283 179.279986 135.158701 81.791283 166.384043 153.677011 140.969328 133.537448
153.949244 180.176897 153.195779 134.044804 132.363434 179.237279 134.831586 81.828274 166.384043 153.677011 141.079883 133.648146
154.044527 179.968321 153.192630 134.046745 132.234256 179.260790 134.504768 81.865230 166.384043 153.677011 141.229980 133.806935
154.109275 179.846001 153.186500 134.050523 132.057422 179.247753 134.178838 81.904359 166.384043 153.677011 141.243035 133.988364
154.173929 179.723857 153.179775 134.054667 131.894139 179.157547 133.855370 81.951609 166.384043 153.677011 141.185628 134.107893
154.235309 179.607901 153.170495 134.060386 131.789933 179.078150 133.532299 81.998802 166.384043 153.677011 141.134469 134.276470
154.298233 179.489027 153.162493 134.065318 131.695228 178.981662 133.205567 82.046529 166.384043 153.677011 141.274801 134.344945
154.360033 179.372275 153.152958 134.071194 131.604587 178.889312 132.882396 82.093736 166.384043 153.677011 141.407613 134.370239
154.422723 179.253844 153.125886 134.087877 131.515852 178.794800 132.558388 82.149913 166.384043 153.677011 141.537479 134.394972
154.485319 179.135589 153.103241 134.101833 131.441701 178.679959 132.237613 82.225233 166.384043 153.677011 141.664594 134.419181
154.623234 178.871236 153.076339 134.118411 131.371728 178.566872 131.919660 82.299890 166.384043 153.677011 141.797754 134.440461
154.677681 178.752637 153.036753 134.142807 131.322938 178.446807 131.601026 82.374707 166.384043 153.677011 141.932848 134.458548
154.732131 178.629344 152.995634 134.168148 131.271173 178.319423 131.280250 82.450027 166.384043 153.677011 142.066551 134.476481
154.783432 178.506637 152.954089 134.193750 131.221404 178.196949 130.959474 82.525347 166.384043 153.677011 142.200443 134.494507
154.835274 178.382638 152.920377 134.214526 131.172163 178.075772 130.644698 82.613525 166.384043 153.677011 142.330319 134.511623
154.871840 178.295174 152.889729 134.233413 131.124210 177.953869 130.330000 82.711847 166.384043 153.677011 142.463550 134.528539
154.896604 178.235942 152.849802 134.258019 131.074722 177.825477 130.015779 82.810019 166.384043 153.677011 142.598764 134.545708
154.907944 178.208817 152.811408 134.281680 131.026384 177.700070 129.699744 82.908758 166.384043 153.677011 142.727530 134.562057
154.962728 178.077912 152.767394 134.308804 130.978191 177.575036 129.383041 83.007706 166.384043 153.677011 142.860932 134.579207
154.989854 178.013056 152.724998 134.334932 130.929817 177.449536 129.062507 83.142412 166.384043 153.677011 142.966697 134.593298
155.024853 177.929381 152.670165 134.367197 130.682824 177.211602 128.755151 83.253080 166.384043 153.677011 143.051647 134.604615
155.067067 177.828453 152.626031 134.387548 130.502406 177.191948 128.442569 83.367018 166.384043 153.677011 143.114987 134.613054
155.116613 177.709997 152.587800 134.405177 130.340300 177.207423 128.133745 83.479586 166.384043 153.677011 143.146905 134.617306
155.170210 177.581855 152.552929 134.421257 130.192717 177.106497 127.821821 83.593284 166.384043 153.677011 143.172479 134.620713
155.222727 177.456295 152.516514 134.438049 130.105689 176.947011 127.512434 83.706057 166.384043 153.677011 143.180607 134.621796
155.319284 177.225627 152.475195 134.457102 130.161340 176.752722 127.203762 83.830131 166.384043 153.677011 143.184077 134.622259
155.370613 177.103039 152.442504 134.472177 130.312368 176.594866 126.900488 83.960228 166.384043 153.677011 143.186357 134.622562
155.410260 176.977082 152.420709 134.482227 130.453119 176.453058 126.598685 84.089693 166.384043 153.677011 143.187249 134.622681
155.447753 176.854383 152.403455 134.490183 130.574567 176.330698 126.293546 84.221013 166.384043 153.677011 143.187249 134.622681
155.475136 176.764773 152.386746 134.497888 130.700594 176.203724 125.992770 84.355566 166.384043 153.677011 143.187249 134.622681
155.513900 176.618537 152.376939 134.502410 130.892794 176.056871 125.690169 84.490934 166.384043 153.677011 143.187249 134.622681
155.522131 176.583593 152.363902 134.508243 130.992700 175.956200 125.387385 84.626385 166.384043 153.677011 143.187249 134.622681
155.522200 176.583300 152.359592 134.509128 131.020935 175.851200 125.084419 84.761917 166.384043 153.677011 143.187249 134.622681
155.522200 176.583300 152.354890 134.510093 131.035482 175.773246 124.782785 84.900873 166.384043 153.677011 143.187249 134.622681
155.522200 176.583300 152.350971 134.510898 131.044178 175.726650 124.490677 85.054838 166.384043 153.677011 143.199342 134.624292
155.522200 176.583300 152.350678 134.510958 131.047664 175.707973 124.196624 85.209829 166.384043 153.677011 143.231756 134.628611
155.522200 176.583300 152.350384 134.511019 131.049957 175.695685 123.904428 85.363841 166.384043 153.677011 143.244146 134.630261
155.522200 176.583300 152.350384 134.511019 131.050911 175.690573 123.613470 85.517200 166.384043 153.677011 143.257330 134.632018
155.522200 176.583300 152.350384 134.511019 131.051443 175.687722 123.321805 85.670932 166.384043 153.677011 143.259907 134.632361
155.522200 176.583300 152.350384 134.511019 131.051718 175.686248 123.032538 85.827346 166.384043 153.677011 143.261096 134.632520
155.522200 176.583300 152.350384 134.511019 131.053259 175.677990 122.746298 85.993363 166.384043 153.677011 143.261592 134.632586
155.522200 176.583300 152.350384 134.511019 131.056323 175.661574 122.461615 86.158477 166.384043 153.677011 143.261592 134.632586
155.522200 176.583300 152.350384 134.511019 131.062340 175.629331 122.175895 86.324193 166.384043 153.677011 143.261592 134.632586
155.522200 176.583300 152.350286 134.511039 131.072503 175.574871 121.891212 86.489307 166.384043 153.677011 143.261592 134.632586
155.522200 176.583300 152.350188 134.511059 131.076667 175.552556 121.603762 86.656027 166.384043 153.677011 143.261592 134.632586
155.522200 176.583300 152.349992 134.511099 131.078600 175.542200 121.327792 86.831134 166.384043 153.677011 143.261592 134.632586
155.522200 176.583300 152.349012 134.511300 131.078600 175.542200 121.048729 87.012093 166.384043 153.677011 143.261592 134.632586
155.522200 176.583300 152.348425 134.511421 131.078600 175.542200 120.769749 87.192997 166.384043 153.677011 143.261592 134.632586
155.527256 176.561992 152.347151 134.511682 131.078600 175.542200 120.495077 87.371172 166.384043 153.677011 143.261592 134.632586
155.550871 176.457752 152.345290 134.512064 131.078600 175.542200 120.217670 87.551928 166.384043 153.677011 143.261592 134.632586
155.566973 176.390966 152.342057 134.512728 131.078600 175.542200 119.940849 87.732301 166.384043 153.677011 143.261592 134.632586
155.587295 176.301341 152.337845 134.513593 131.078600 175.542200 119.662018 87.913985 166.384043 153.677011 143.261592 134.632586
155.611486 176.194649 152.333927 134.514397 131.078600 175.542200 119.384443 88.094849 166.384043 153.677011 143.261592 134.632586
155.638463 176.075669 152.330302 134.515141 131.078600 175.542200 119.106953 88.275659 166.384043 153.677011 143.261592 134.632586
155.667673 175.946839 152.325209 134.516187 131.078600 175.542200 118.834879 88.457540 166.384043 153.677011 143.261592 134.632586
155.698255 175.811963 152.315021 134.518278 131.096434 175.486129 118.572272 88.660342 166.384043 153.677011 143.261592 134.632586
155.727178 175.684401 152.310711 134.519163 131.112355 175.445432 118.310140 88.862778 166.384043 153.677011 143.261592 134.632586
155.760795 175.557211 152.299740 134.521415 131.135089 175.387321 118.051332 89.062647 166.384043 153.677011 143.261592 134.632586
155.830480 175.312363 152.283577 134.524734 131.162632 175.316917 117.788189 89.258610 166.384043 153.677011 143.261592 134.632586
155.868230 175.179834 152.252720 134.531068 131.196478 175.230401 117.523518 89.454873 166.384043 153.677011 143.261592 134.632586
155.905787 175.047979 152.204820 134.540902 131.238210 175.126520 117.256276 89.653042 166.384043 153.677011 143.291784 134.583268
155.943536 174.915450 152.143792 134.553431 131.279832 175.046497 116.990720 89.849960 166.384043 153.677011 143.288688 134.546599
155.982021 174.784499 152.095304 134.563385 131.306226 174.995751 116.730800 90.042700 166.384043 153.677011 143.283588 134.486214
156.017281 174.658864 152.032226 134.578640 131.317992 174.973128 116.460254 90.249022 166.384043 153.677011 143.277210 134.410682
156.052749 174.529850 151.966971 134.594691 131.322837 174.963813 116.219612 90.474543 166.384043 153.677011 143.279628 134.347355
156.105419 174.320557 151.898415 134.611554 131.324300 174.961000 115.978022 90.700952 166.384043 153.677011 143.272736 134.112518
156.165355 174.128358 151.841025 134.625670 131.345814 174.939722 115.738036 90.925857 166.384043 153.677011 143.280353 134.020433
156.203155 173.998029 151.773731 134.642223 131.499399 174.736829 115.483786 91.131432 166.384043 153.677011 143.291782 133.821680
156.241234 173.866739 151.724490 134.653869 131.542321 174.683957 115.219973 91.332662 166.384043 153.677011 143.296274 133.704666
156.277196 173.742749 151.677956 134.664795 131.596650 174.617034 114.959500 91.531346 166.384043 153.677011 143.333966 133.583656
156.313325 173.618183 151.618668 134.678714 131.662954 174.535359 114.696959 91.731607 166.384043 153.677011 143.340678 133.442125
156.351822 173.485453 151.575054 134.688954 131.742179 174.437768 114.411619 91.948724 166.384043 153.677011 143.349292 133.305296
156.387895 173.361079 151.525306 134.700634 131.831299 174.327989 114.146931 92.148803 166.384043 153.677011 143.353764 133.175590
156.424804 173.233823 151.495030 134.707742 131.928108 174.208737 113.886153 92.345928 166.384043 153.677011 143.350386 133.052047
156.463413 173.100709 151.464947 134.714805 132.031661 174.081178 113.622423 92.545284 166.384043 153.677011 143.341385 132.916746
156.500740 172.972013 151.439372 134.722152 132.143282 173.943682 113.359969 92.743675 166.384043 153.677011 143.331765 132.770362
156.538039 172.843413 151.426027 134.728073 132.265869 173.792677 113.094643 92.944237 166.384043 153.677011 143.322682 132.614426
156.601105 172.625338 151.414875 134.733020 132.374521 173.606383 112.791968 93.170504 166.384043 153.677011 143.312871 132.446012
156.635738 172.499413 151.406465 134.736751 132.574888 173.358837 112.525009 93.365854 166.384043 153.677011 143.309182 132.275376
156.672121 172.367125 151.404363 134.737684 132.722547 173.176020 112.256679 93.562209 166.384043 153.677011 143.306589 132.085894
156.708849 172.233584 151.403540 134.738049 132.927486 172.960419 111.991451 93.761202 166.384043 153.677011 143.303792 131.881413
156.744463 172.104092 151.403266 134.738170 133.078526 172.741217 111.730910 93.961115 166.384043 153.677011 143.315776 131.670270
156.780972 171.971320 151.402901 134.738333 133.267392 172.486355 111.471718 94.159992 166.384043 153.677011 143.325557 131.448186
156.815962 171.844042 151.402809 134.738373 133.411065 172.309446 111.229345 94.345965 166.384043 153.677011 143.378573 130.987738
156.851641 171.714257 151.402809 134.738373 133.564130 172.120972 111.012281 94.512518 166.384043 153.677011 143.413772 130.744572
156.880031 171.610988 151.402809 134.738373 133.725643 171.922095 110.815844 94.663244 166.384043 153.677011 143.470555 130.490517
156.900282 171.537321 151.402809 134.738373 134.024464 171.560768 110.637020 94.800456 166.384043 153.677011 143.554567 130.237395
156.909162 171.505020 151.402809 134.738373 134.184311 171.372202 110.436847 94.954386 166.384043 153.677011 143.677353 129.995692
156.943854 171.384184 151.402809 134.738373 134.317840 171.214683 110.264388 95.087407 166.384043 153.677011 143.801177 129.694935
156.966190 171.313766 151.402809 134.738373 134.426603 171.086379 110.093195 95.219450 166.384043 153.677011 143.933529 129.451997
156.998893 171.228738 151.402809 134.738373 134.508337 170.989961 109.924220 95.349784 166.384043 153.677011 144.069997 129.218561
157.038381 171.126070 151.402809 134.738373 134.572159 170.914672 109.755244 95.480117 166.384043 153.677011 144.234339 128.932059
157.089555 171.010603 151.402809 134.738373 134.610245 170.869743 109.579380 95.615764 166.384043 153.677011 144.359103 128.687663
157.149787 170.885664 151.402809 134.738373 134.630938 170.845333 109.410404 95.746098 166.384043 153.677011 144.498180 128.385436
157.205902 170.769286 151.402809 134.738373 134.636886 170.838315 109.239607 95.877836 166.384043 153.677011 144.620222 128.141012
157.264129 170.648598 151.402809 134.738373 134.640249 170.834349 109.065485 96.012139 166.384043 153.677011 144.754485 127.909300
157.323443 170.525659 151.402809 134.738373 134.642577 170.831602 108.895005 96.143633 166.384043 153.677011 144.876547 127.668860
157.382757 170.402719 151.402809 134.738373 134.642771 170.831374 108.721278 96.277631 166.384043 153.677011 145.097875 127.204782
157.442462 170.278969 151.402809 134.738373 134.642900 170.831221 108.551511 96.408576 166.384043 153.677011 145.212189 126.990123
157.500689 170.158281 151.402809 134.738373 134.642900 170.831221 108.375884 96.544039 166.384043 153.677011 145.321860 126.795708
157.560351 170.034621 151.402535 134.738495 134.642900 170.831221 108.203900 96.676694 166.384043 153.677011 145.437429 126.641946
157.618230 169.914654 151.401804 134.738819 134.642900 170.831221 108.029302 96.811363 166.384043 153.677011 145.523285 126.495376
157.673579 169.791822 151.400250 134.739509 134.642900 170.831221 107.862569 96.954769 166.384043 153.677011 145.579067 126.350548
157.724689 169.664497 151.397965 134.740523 134.642900 170.831221 107.744210 97.134239 166.384043 153.677011 145.628153 126.214932
157.775799 169.537172 151.393851 134.742347 134.642900 170.831221 107.654517 97.327439 166.384043 153.677011 145.662413 126.102747
157.817012 169.413539 151.385533 134.746038 134.647879 170.825347 107.591232 97.532553 166.384043 153.677011 145.693314 126.001560
157.851334 169.279462 151.376301 134.750134 134.654022 170.818101 107.542707 97.745597 166.384043 153.677011 145.741853 125.828795
157.883300 169.154588 151.361401 134.756744 134.668765 170.800709 107.493672 97.960883 166.384043 153.677011 145.765769 125.739206
157.916952 169.023127 151.343394 134.764733 134.687518 170.778588 107.446080 98.169832 166.384043 153.677011 145.789024 125.664020
157.949117 168.897479 151.312498 134.778440 134.813036 170.629130 107.378587 98.374512 166.384043 153.677011 145.807758 125.603451
157.982323 168.767762 151.259143 134.814115 134.853354 170.580721 107.243793 98.548679 166.384043 153.677011 145.825311 125.546704
158.005397 168.631834 151.215898 134.855273 134.918527 170.533321 107.083435 98.697977 166.384043 153.677011 145.836835 125.509445
157.996769 168.497924 151.164625 134.908810 135.098860 170.311289 106.926078 98.844482 166.384043 153.677011 145.846173 125.479256
157.960570 168.366059 151.116779 134.969904 135.116270 170.197715 106.766378 98.993167 166.384043 153.677011 145.854003 125.453940
157.922012 168.242118 151.082263 135.044643 135.190477 170.102015 106.604849 99.143556 166.384043 153.677011 145.859145 125.437317
157.881880 168.113116 151.054363 135.118231 135.273998 169.994303 106.445003 99.292378 166.384043 153.677011 145.865468 125.416872
157.841718 167.984019 151.047672 135.215009 135.368856 169.871971 106.285670 99.440722 166.384043 153.677011 145.867980 125.408752
157.802032 167.856450 151.055236 135.299808 135.476553 169.736218 106.127361 99.588113 166.384043 153.677011 145.872767 125.393275
157.761751 167.726971 151.076777 135.383479 135.593349 169.593651 105.973004 99.731824 166.384043 153.677011 145.877583 125.377703
157.733471 167.636068 151.099078 135.442308 135.727982 169.443872 105.856301 99.916485 166.384043 153.677011 145.880568 125.368054
157.714341 167.574575 151.126139 135.485655 136.033107 169.134457 105.959491 100.182761 166.384043 153.677011 145.887039 125.347132
157.704479 167.542874 151.144355 135.514835 136.127496 168.986276 106.064678 100.341708 166.384043 153.677011 145.892713 125.328789
157.682321 167.474032 151.156111 135.533667 136.240387 168.847880 106.166995 100.496318 166.384043 153.677011 145.898120 125.311307
157.661872 167.402082 151.158971 135.538248 136.334665 168.729811 106.271465 100.654181 166.384043 153.677011 145.901843 125.299269
157.636885 167.314164 151.162558 135.543489 136.421211 168.619131 106.373672 100.808624 166.384043 153.677011 145.906364 125.284652
157.608398 167.213933 151.163952 135.544462 136.514327 168.521619 106.480853 100.969608 166.384043 153.677011 145.908315 125.278347
157.574882 167.096003 151.164362 135.544749 136.619352 168.436955 106.588457 101.131151 166.384043 153.677011 145.908788 125.276819
157.538768 166.968936 151.164362 135.544749 136.732170 168.171209 106.691570 101.285953 166.384043 153.677011 145.909999 125.272902
157.482002 166.769275 151.164362 135.544749 136.715152 168.047373 106.798731 101.446830 166.384043 153.677011 145.911920 125.266692
157.445154 166.639609 151.164362 135.544749 136.701906 167.950979 106.904782 101.606043 166.384043 153.677011 145.913959 125.260100
157.397323 166.471159 151.164362 135.544749 136.689204 167.858547 107.011055 101.765589 166.384043 153.677011 145.919130 125.243382
157.359922 166.339571 151.164362 135.544749 136.679266 167.786227 107.114446 101.920807 166.384043 153.677011 145.927019 125.217874
157.310632 166.214295 151.164362 135.544749 136.670825 167.724804 107.221816 102.080329 166.384043 153.677011 145.939785 125.176603
157.259852 166.094732 151.164362 135.544749 136.664658 167.679926 107.303241 102.252888 166.384043 153.677011 145.959583 125.112595
157.204120 165.971519 151.164362 135.544749 136.660411 167.649016 107.413000 102.408468 166.384043 153.677011 145.985025 125.030340
157.118791 165.874506 151.164362 135.544749 136.654584 167.606615 107.523796 102.565519 166.384043 153.677011 145.959321 124.924849
157.032207 165.776066 151.164362 135.544749 136.649724 167.571247 107.631710 102.718485 166.384043 153.677011 145.852533 124.846922
156.937176 165.676786 151.164362 135.544749 136.647110 167.552226 107.743255 102.876598 166.384043 153.677011 145.768346 124.811334
156.836936 165.589830 151.164362 135.544749 136.646307 167.546381 107.850189 103.028175 166.384043 153.677011 145.666290 124.768193
156.736546 165.502743 151.164362 135.544749 136.645599 167.541229 107.959025 103.182448 166.384043 153.677011 145.551920 124.720546
156.636684 165.416115 151.164362 135.544749 136.645299 167.539050 108.068726 103.337946 166.384043 153.677011 145.424804 124.667869
156.528305 165.338982 151.164362 135.544749 136.645245 167.538654 108.180214 103.495978 166.384043 153.677011 145.299190 124.614966
156.419613 165.263555 151.164362 135.544749 136.645231 167.538555 108.289511 103.650905 166.384043 153.677011 145.171825 124.561325
156.309853 165.187386 151.164362 135.544749 136.642835 167.521118 108.400941 103.808855 166.384043 153.677011 145.046579 124.508576
156.195903 165.108310 151.164362 135.544749 136.638002 167.485949 108.508451 103.961248 166.384043 153.677011 144.922071 124.456138
156.082938 165.029918 151.164362 135.544749 136.628193 167.364913 108.616077 104.113805 166.384043 153.677011 144.797102 124.403506
155.974328 164.954548 151.164362 135.544749 136.626284 167.297840 108.725835 104.269385 166.384043 153.677011 144.672315 124.344201
155.867443 164.880375 151.164362 135.544749 136.623941 167.215473 108.837496 104.427662 166.384043 153.677011 144.554512 124.288052
155.760805 164.806373 151.164362 135.544749 136.621040 167.113515 108.948465 104.584959 166.384043 153.677011 144.434272 124.230741
155.652277 164.731059 151.164362 135.544749 136.617545 166.990664 109.038048 104.711940 166.384043 153.677011 144.310782 124.171882
155.544817 164.656487 151.164362 135.544749 136.613905 166.862716 109.101747 104.802232 166.384043 153.677011 144.187924 124.113323
155.437275 164.581858 151.164362 135.544749 136.610947 166.758758 109.143713 104.861718 166.384043 153.677011 144.065698 124.055066
155.323653 164.503010 151.164362 135.544749 136.608035 166.656400 109.179684 104.912707 166.384043 153.677011 143.943833 123.996981
155.213811 164.426784 151.164362 135.544749 136.605637 166.572134 109.208219 104.953154 166.384043 153.677011 143.823842 123.942116
155.107337 164.352896 151.164362 135.544749 136.603883 166.510459 109.225456 104.977586 166.384043 153.677011 143.574432 123.813291
154.999384 164.277982 151.164362 135.544749 136.602444 166.459879 109.231508 104.986166 166.384043 153.677011 143.471215 123.734587
154.891924 164.203410 151.164362 135.544749 136.601255 166.418096 109.232834 104.988046 166.384043 153.677011 143.343829 123.688253
154.779206 164.125189 151.174037 135.551503 136.600353 166.386409 109.233872 104.989516 166.384043 153.677011 143.210928 123.656251
154.673472 164.051814 151.193061 135.564783 136.599827 166.367916 109.234045 104.989762 166.384043 153.677011 143.076957 123.623991
154.586304 163.991324 151.287820 135.625352 136.599509 166.356721 109.234160 104.989925 166.384043 153.677011 142.949792 123.593369
154.559604 163.972795 151.348192 135.651521 136.598931 166.336429 109.234160 104.989925 166.384043 153.677011 142.816210 123.561203
154.522223 163.946855 151.414070 135.680075 136.598289 166.313838 109.234160 104.989925 166.384043 153.677011 142.690017 123.530816
154.538095 163.917726 151.502661 135.683792 136.597782 166.296045 109.234160 104.989925 166.384043 153.677011 142.507678 123.487113
154.526840 163.909914 151.607872 135.667897 136.596935 166.266257 109.234160 104.989925 166.384043 153.677011 142.321225 123.444414
154.524293 163.908146 151.707254 135.638063 136.596406 166.247665 109.234160 104.989925 166.384043 153.677011 142.187211 123.416453
154.524129 163.908032 151.793413 135.581257 136.595595 166.219177 109.234160 104.989925 166.384043 153.677011 142.066651 123.357601
154.524047 163.907975 151.872236 135.517585 136.595044 166.199784 109.234160 104.989925 166.384043 153.677011 141.936789 123.329853
154.524047 163.907975 151.926535 135.422036 136.594443 166.178693 109.234160 104.989925 166.384043 153.677011 141.809790 123.300264
154.524047 163.907975 151.970528 135.331374 136.593806 166.156302 109.234160 104.989925 166.384043 153.677011 141.683181 123.270765
154.524047 163.907975 151.994685 135.228780 136.593513 166.146006 109.234160 104.989925 166.384043 153.677011 141.557643 123.241516
154.524047 163.907975 151.992364 135.129150 136.593081 166.130812 109.234160 104.989925 166.384043 153.677011 141.432495 123.212358
154.524047 163.907975 151.959258 135.027236 136.592822 166.121716 109.234160 104.989925 166.384043 153.677011 141.331598 123.188849
154.524047 163.907975 151.907262 134.940554 136.592336 166.104623 109.234160 104.989925 166.384043 153.677011 141.263521 123.172988
154.524047 163.907975 151.831702 134.863107 136.591912 166.089729 109.234160 104.989925 166.384043 153.677011 141.229764 123.110192
154.524047 163.907975 151.747177 134.806257 136.591395 166.071536 109.234160 104.989925 166.384043 153.677011 141.336894 123.051899
154.524047 163.907975 151.655039 134.745986 136.590687 166.046646 109.234160 104.989925 166.384043 153.677011 141.399430 123.068875
154.524047 163.907975 151.482573 134.655537 136.589631 166.009561 109.234160 104.989925 166.384043 153.677011 141.483502 123.057536
154.524047 163.907975 151.368868 134.611874 136.588719 165.977474 109.234160 104.989925 166.384043 153.677011 141.578852 123.083420
154.524047 163.907975 151.241066 134.562798 136.587646 165.939790 109.234160 104.989925 166.384043 153.677011 141.686650 123.112683
154.524047 163.907975 151.125681 134.518490 136.587194 165.923896 109.234160 104.989925 166.384043 153.677011 141.806609 123.145248
154.524047 163.907975 150.996946 134.469055 136.586918 165.914200 109.234160 104.989925 166.384043 153.677011 141.938245 123.180982
154.524047 163.907975 150.866068 134.432691 136.586773 165.909102 109.234160 104.989925 166.384043 153.677011 142.064305 123.213526
154.524047 163.907975 150.740172 134.401096 136.586711 165.906903 109.234160 104.989925 166.384043 153.677011 142.198379 123.247045
154.524047 163.907975 150.614664 134.369599 136.586642 165.904504 109.234160 104.989925 166.384043 153.677011 142.328281 123.279520
154.524047 163.907975 150.481605 134.337024 136.586640 165.904404 109.234160 104.989925 166.384043 153.677011 142.412439 123.162527
154.524047 163.907975 150.356002 134.310372 136.586202 165.889010 109.234160 104.989925 166.384043 153.677011 142.437702 123.030727
154.524047 163.907975 150.224627 134.282496 136.585445 165.862421 109.234160 104.989925 166.384043 153.677011 142.463605 122.895587
154.524047 163.907975 150.097970 134.255519 136.584822 165.840530 109.234160 104.989925 166.384043 153.677011 142.485348 122.782152
154.524047 163.907975 149.966313 134.223633 136.584646 165.834332 109.234160 104.989925 166.384043 153.677011 142.538260 122.618303
154.524047 163.907975 149.832729 134.202155 136.584535 165.830434 109.234160 104.989925 166.384043 153.677011 142.609907 122.515551
154.524047 163.907975 149.696084 134.180184 136.581977 165.740810 109.234160 104.989925 166.384043 153.677011 142.625140 122.440175
154.524047 163.907975 149.568917 134.159738 136.580811 165.698726 109.234160 104.989925 166.384043 153.677011 142.639382 122.369699
154.524047 163.907975 149.431976 134.137719 136.579291 165.643847 109.234160 104.989925 166.384043 153.677011 142.655803 122.288442
154.524047 163.907975 149.303366 134.116196 136.577129 165.565777 109.234160 104.989925 166.384043 153.677011 142.671313 122.211694
154.524047 163.907975 149.174547 134.094102 136.574393 165.467015 109.234160 104.989925 166.384043 153.677011 142.685872 122.139650
154.524047 163.907975 149.040110 134.071045 136.572910 165.287616 109.234160 104.989925 166.384043 153.677011 142.701560 122.062019
154.366703 163.789455 148.905771 134.048004 136.578883 165.158254 109.234160 104.989925 166.384043 153.677011 142.717724 121.982036
154.334964 163.763660 148.778529 134.026181 136.585170 165.022099 109.234160 104.989925 166.384043 153.677011 142.734185 121.900583
154.292437 163.729098 148.648823 134.003935 136.591143 164.892737 109.234160 104.989925 166.384043 153.677011 142.749932 121.822658
154.232683 163.680535 148.515766 133.981114 136.597254 164.760378 109.243384 105.002999 166.384043 153.677011 142.765304 121.746596
154.182241 163.639539 148.380442 133.957904 136.603628 164.622325 109.261715 105.028983 166.384043 153.677011 142.781467 121.666613
154.143129 163.607752 148.256157 133.936588 136.609693 164.490965 109.266636 105.257821 166.384043 153.677011 142.796383 121.592805
154.088651 163.563478 148.122637 133.913506 136.615837 164.357907 109.228409 105.311377 166.384043 153.677011 142.810803 121.521447
154.019973 163.507661 147.994343 133.891310 136.621782 164.229144 109.181817 105.376655 166.384043 153.677011 142.827244 121.440092
153.921087 163.469834 147.864275 133.868806 136.627889 164.096885 109.124366 105.455918 166.384043 153.677011 142.843645 121.358932
153.831374 163.396930 147.730266 133.845620 136.634189 163.960430 109.052926 105.548313 166.384043 153.677011 142.859017 121.282870
153.733901 163.317720 147.594090 133.822060 136.640577 163.822078 108.969809 105.653676 166.384043 153.677011 142.873338 121.212003
153.635186 163.237500 147.464022 133.799556 136.646675 163.690018 108.879074 105.768695 166.384043 153.677011 142.888828 121.135352
153.536704 163.157470 147.334644 133.777172 136.652998 163.553064 108.779854 105.894470 166.384043 153.677011 142.905071 121.054977
153.432013 163.072394 147.207532 133.755180 136.659225 163.418208 108.669920 106.033828 166.384043 153.677011 142.921552 120.973426
153.335161 162.993688 147.078352 133.732830 136.665262 163.287447 108.552057 106.183235 166.384043 153.677011 142.937834 120.892854
153.253286 162.927153 146.943357 133.709474 136.671664 163.148795 108.434257 106.332564 166.384043 153.677011 142.953760 120.814047
153.189882 162.875628 146.813092 133.686936 136.677965 163.012340 108.318128 106.479773 166.384043 153.677011 142.967229 120.747395
153.152631 162.845357 146.678394 133.663631 136.684330 162.874487 108.197788 106.632320 166.384043 153.677011 142.975252 120.707697
153.126168 162.823851 146.551676 133.641707 136.690589 162.738932 108.082156 106.778901 166.384043 153.677011 142.941910 120.601745
153.112432 162.812688 146.415696 133.618181 136.696995 162.600179 107.963860 106.928858 166.384043 153.677011 142.828047 120.551982
153.100149 162.802280 146.284249 133.595439 136.703332 162.462926 107.836785 107.071156 166.384043 153.677011 142.760581 120.435326
153.071931 162.778194 146.148467 133.571946 136.709425 162.330966 107.712055 107.209809 166.384043 153.677011 142.654327 120.407648
153.039072 162.750149 146.014260 133.548727 136.715518 162.199007 107.585052 107.350990 166.384043 153.677011 142.536750 120.377022
153.011766 162.726842 145.878970 133.525319 136.721749 162.064051 107.455841 107.494624 166.384043 153.677011 142.409980 120.344001
152.990317 162.708534 145.744666 133.502083 136.795587 161.884041 107.329261 107.635245 166.384043 153.677011 142.278468 120.309744
152.974040 162.694641 145.609277 133.478659 136.870972 161.775319 107.124211 107.847434 166.384043 153.677011 142.153247 120.277127
152.970389 162.691525 145.475367 133.455490 136.946129 161.666927 106.979976 107.965980 166.384043 153.677011 142.022606 120.243097
152.966966 162.688604 145.339190 133.431930 137.022198 161.557219 106.833578 108.086305 166.384043 153.677011 141.893320 120.209421
152.965293 162.687176 145.204688 133.408659 137.095019 161.452195 106.684168 108.209105 166.384043 153.677011 141.767518 120.176652
152.964760 162.686721 145.074423 133.386121 137.151202 161.371168 106.535143 108.331589 166.384043 153.677011 141.660006 120.148647
152.964380 162.686396 144.938936 133.362680 137.204536 161.294249 106.385810 108.454326 166.384043 153.677011 141.584524 120.128985
152.964380 162.686396 144.811529 133.340637 137.312886 161.111322 106.242657 108.571983 166.384043 153.677011 141.538558 120.117012
152.964380 162.686396 144.682644 133.318338 137.390164 161.003568 106.094791 108.693514 166.384043 153.677011 141.518817 120.111870
152.964380 162.686396 144.551000 133.295561 137.469831 160.892482 105.950634 108.811997 166.384043 153.677011 141.513785 120.110559
152.964380 162.686396 144.426154 133.273961 137.541456 160.792611 105.804623 108.932004 166.384043 153.677011 141.510107 120.109601
152.964380 162.686396 144.301605 133.252412 137.596296 160.716143 105.661238 109.049852 166.384043 153.677011 141.431670 120.130522
152.964380 162.686396 144.174270 133.231135 137.694344 160.569322 105.516926 109.168462 166.384043 153.677011 141.443240 120.105567
152.964380 162.686396 144.044764 133.209506 137.728169 160.511951 105.368520 109.290438 166.384043 153.677011 141.364053 120.133149
152.964380 162.686396 143.912595 133.187432 137.750719 160.473704 105.224672 109.408667 166.384043 153.677011 141.263213 120.100789
152.964380 162.686396 143.778946 133.165111 137.847133 160.343377 105.077965 109.529245 166.384043 153.677011 141.187832 120.114951
152.964380 162.686396 143.649045 133.143415 137.888298 160.274199 104.931490 109.649633 166.384043 153.677011 141.106554 120.130220
152.964380 162.686396 143.516876 133.121341 137.936469 160.193247 104.785556 109.769577 166.384043 153.677011 141.029895 120.144621
152.964380 162.686396 143.388159 133.099844 137.991186 160.101295 104.637922 109.890917 166.384043 153.677011 140.957756 120.158173
152.964380 162.686396 143.253030 133.077276 138.031022 160.034351 104.491004 110.011868 166.384043 153.677011 140.880606 120.172666
152.964380 162.686396 143.126187 133.056091 137.967377 159.870251 104.344270 110.133669 166.384043 153.677011 140.798738 120.188046
