125.355300 127.931700 98.849209 240.830353 229.622100 46.222100 205.516600 159.000500 115.427745 162.207200 160.666958 150.915552
125.331397 127.922260 98.677042 240.826979 229.613554 46.240953 205.518254 159.023541 115.429183 162.206292 160.518898 151.072135
125.164831 127.829861 98.484482 240.790198 229.599392 46.272194 205.521604 159.070221 115.429352 162.206185 160.370701 151.228865
125.111375 127.796742 98.276335 240.777391 229.576396 46.322925 205.526451 159.137747 115.429352 162.206185 160.231370 151.392685
125.056623 127.740349 98.057751 240.760967 229.546381 46.389139 205.531713 159.211058 115.429352 162.206185 160.106462 151.567627
124.989124 127.670826 97.829930 240.737619 229.509594 46.470291 205.537096 159.286065 115.429352 162.206185 159.991853 151.753303
124.916649 127.587864 97.595277 240.695643 229.466615 46.565104 205.542731 159.364563 115.429352 162.206185 159.877737 151.936227
124.837732 127.488232 97.347002 240.650201 229.418805 46.670574 205.547993 159.437875 115.429352 162.206185 159.777119 152.097515
124.752006 127.379588 97.084758 240.602203 229.364142 46.791163 205.553799 159.518767 115.429352 162.206185 159.686239 152.243192
124.674002 127.266964 96.823007 240.518738 229.303657 46.924594 205.559426 159.597165 115.429352 162.206185 159.603034 152.376567
124.597079 127.155902 96.564905 240.428870 229.238012 47.069410 205.559132 159.672376 115.429352 162.206185 159.517489 152.512273
124.518447 127.042373 96.310578 240.329705 229.165100 47.230256 205.556312 159.752826 115.429352 162.206185 159.433365 152.643290
124.443745 126.934517 96.064813 240.203008 229.084220 47.408680 205.553439 159.834776 115.429352 162.206185 159.345459 152.780199
124.370525 126.822362 95.818871 240.076220 228.997147 47.600766 205.550717 159.912428 115.429352 162.206185 159.249665 152.929392
124.299902 126.705903 95.519196 239.910031 228.905367 47.803235 205.562465 160.060428 115.429352 162.206185 159.151656 153.082036
124.232339 126.594488 95.332334 239.802485 228.807642 48.018820 205.585137 160.129292 115.429352 162.206185 159.046685 153.278148
124.164992 126.484229 95.023708 239.644854 228.704549 48.246245 205.623633 160.202576 115.429352 162.206185 158.953144 153.452821
124.092882 126.366568 94.908792 239.561277 228.596626 48.484326 205.657308 160.266215 115.429352 162.206185 158.850643 153.635533
124.027546 126.251900 94.816946 239.494255 228.482965 48.735067 205.691357 160.330562 115.429352 162.206185 158.724010 153.815608
124.031941 126.124631 94.739718 239.427640 228.373679 48.976154 205.727417 160.398710 115.429352 162.206185 158.600425 153.990682
124.105790 126.014346 94.686437 239.365968 228.257257 49.266326 205.763414 160.472640 115.429352 162.206185 158.476331 154.167966
124.213166 125.926709 94.660026 239.335397 228.191890 49.432534 205.793560 160.543711 115.429352 162.206185 158.346951 154.343796
124.314499 125.844003 94.482500 239.215586 228.137869 49.569893 205.821675 160.609995 115.436115 162.201912 158.211785 154.513559
124.414438 125.762435 94.415461 239.192195 228.106579 49.675764 205.852913 160.683643 115.454376 162.190375 158.069297 154.682181
124.522204 125.678046 94.342173 239.149535 228.088316 49.742718 205.881184 160.750295 115.491320 162.167035 157.919092 154.845380
124.625429 125.600014 94.256958 239.099933 228.077790 49.781308 205.912384 160.823852 115.624639 162.072218 157.770852 155.006445
124.733600 125.518244 94.158175 239.042433 228.072185 49.801857 205.942842 160.895660 115.764437 161.975705 157.624711 155.165230
124.843366 125.435267 94.072808 238.991015 228.071000 49.806200 205.971113 160.962312 115.842103 161.928666 157.479044 155.323499
124.947549 125.356512 94.004698 238.944284 228.071000 49.806200 205.997030 161.031266 115.939014 161.869970 157.329043 155.486477
125.054603 125.275586 93.968335 238.919333 228.071000 49.806200 206.023277 161.106414 116.047985 161.803970 157.179381 155.649088
125.163093 125.193575 93.880977 238.855261 228.071000 49.806200 206.047940 161.177031 116.154989 161.739161 157.031493 155.809933
125.266478 125.115422 93.812197 238.799253 228.071000 49.806200 206.073395 161.249914 116.268579 161.670364 156.882750 155.972980
125.449124 124.985185 93.726280 238.729289 228.071000 49.806200 206.086233 161.322984 116.380373 161.602654 156.782293 156.131831
125.555488 124.911665 93.629507 238.650486 228.071000 49.806200 206.088158 161.403361 116.494219 161.533701 156.649600 156.269213
125.652145 124.844854 93.534442 238.542133 228.071000 49.806200 206.034734 161.595718 116.609093 161.464126 156.517463 156.406018
125.718695 124.798855 93.433708 238.420279 228.071000 49.806200 205.978194 161.649293 116.717123 161.398695 156.395052 156.532755
125.840319 124.785160 93.326221 238.290255 228.071000 49.806200 205.918732 161.693005 116.831312 161.329535 156.286466 156.645177
125.851258 124.801354 93.226693 238.134353 228.071000 49.806200 205.859109 161.736835 116.946442 161.259805 156.201849 156.732785
125.813519 124.890683 93.121758 237.968809 228.071000 49.806200 205.795538 161.783568 117.057979 161.192251 156.129805 156.807373
125.757172 124.934697 93.011344 237.663305 228.071000 49.806200 205.732663 161.821976 117.169773 161.124541 156.077701 156.861319
125.689083 124.987884 92.967357 237.451587 228.071000 49.806200 205.655721 161.847610 117.270875 161.063307 156.032855 156.908094
125.604996 125.053568 92.929845 237.235769 228.071000 49.806200 205.585135 161.871127 117.343494 161.019324 156.007262 156.934814
125.508222 125.129162 92.927267 237.017984 228.071000 49.806200 205.513221 161.895087 117.396867 160.986997 155.946315 156.950714
125.406797 125.208388 92.930387 236.802222 228.071000 49.806200 205.439410 161.919678 117.423298 160.970989 155.900802 156.998236
125.265872 125.336296 92.957985 236.583658 228.071000 49.806200 205.364555 161.944617 117.441260 160.960110 155.845676 157.055796
125.157959 125.417411 93.006551 236.374310 228.071000 49.806200 205.296247 161.967375 117.462644 160.947159 155.777823 157.126645
125.049485 125.498947 93.064534 236.166965 228.071000 49.806200 205.225756 161.990861 117.496173 160.926851 155.698834 157.209121
124.945408 125.577177 93.152758 235.972873 228.071000 49.806200 205.151470 162.015610 117.606400 160.923859 155.633609 157.277225
124.842291 125.654687 93.258274 235.782110 228.071000 49.806200 205.075192 162.041023 117.642003 160.983780 155.586160 157.326769
124.737175 125.733699 93.365485 235.588285 228.071000 49.806200 205.006884 162.063782 117.684042 161.054533 155.538711 157.376312
124.630780 125.813672 93.471985 235.403493 228.071000 49.806200 204.936434 162.087019 117.804288 161.038195 155.484415 157.433006
124.524944 125.893224 93.584491 235.211880 228.071000 49.806200 204.851362 162.113840 117.898353 160.982337 155.422371 157.497788
124.433657 125.961842 93.753471 234.929393 228.071000 49.806200 204.752842 162.144901 118.003868 160.922730 155.351267 157.572031
124.366431 126.012373 93.869374 234.749141 228.071000 49.806200 204.643361 162.179770 118.117463 160.859927 155.270210 157.655985
124.336764 126.092185 93.988847 234.563337 228.115831 49.848863 204.514671 162.220891 118.234735 160.795093 155.179760 157.748803
124.333145 126.115708 94.105343 234.381327 228.154247 49.857612 204.383124 162.262925 118.348855 160.732001 155.078144 157.853079
124.332217 126.121737 94.221074 234.199421 228.214894 49.871423 204.257672 162.303011 118.464044 160.666949 154.988532 157.945037
124.331594 126.125790 94.337126 234.017009 228.289874 49.888499 204.133269 162.342762 118.548421 160.617104 154.917700 158.065035
124.331183 126.128458 94.455272 233.831306 228.380845 49.909217 204.004484 162.383913 118.619797 160.574940 154.851336 158.133151
124.331138 126.128755 94.573740 233.645097 228.484296 49.932777 203.873127 162.425887 118.714427 160.617824 154.804441 158.181284
124.331107 126.128952 94.692423 233.458550 228.608808 49.961133 203.742818 162.467525 118.762081 160.683076 154.741985 158.245389
124.331107 126.128952 94.806022 233.273601 228.753016 49.993975 203.624745 162.532169 118.810619 160.749539 154.691950 158.296744
124.331107 126.128952 94.915522 233.083364 228.909021 50.029503 203.509986 162.604402 118.856031 160.811721 154.641845 158.348172
124.331107 126.128952 95.023127 232.896421 229.175286 50.092418 203.401066 162.672959 118.902623 160.875519 154.599836 158.391290
124.331107 126.128952 95.133176 232.705231 229.357159 50.139626 203.289691 162.743061 118.948744 160.938671 154.572271 158.419582
124.331107 126.128952 95.240388 232.515189 229.555971 50.191231 203.177725 162.813536 118.996102 161.003519 154.537449 158.455324
124.331107 126.128952 95.348493 232.322549 229.766495 50.245875 203.067933 162.889643 119.045112 161.070628 154.508907 158.484618
124.331107 126.128952 95.453906 232.134706 229.987375 50.303208 202.973968 162.982065 119.091940 161.134749 154.489019 158.505032
124.331107 126.128952 95.559515 231.946514 230.221904 50.364083 202.875797 163.078625 119.126560 161.182154 154.475690 158.518712
124.348910 126.221361 95.648000 231.751475 230.470467 50.428602 202.782759 163.170135 119.147556 161.210903 154.458942 158.535902
124.373149 126.255169 95.730568 231.550689 230.730645 50.496135 202.685586 163.265713 119.242174 161.338445 154.444776 158.550442
124.405838 126.300761 95.812794 231.350736 231.091239 50.583889 202.602641 163.369438 119.287102 161.398374 154.444776 158.550442
124.448083 126.359682 95.932820 231.065566 231.354495 50.644304 202.530839 163.486467 119.333649 161.460464 154.444776 158.550442
124.503089 126.436400 96.018965 230.865309 231.624477 50.706263 202.460031 163.601877 119.379596 161.521753 154.431936 158.563622
124.570389 126.530267 96.106689 230.661376 231.893094 50.767908 202.391680 163.713280 119.424404 161.581522 154.415816 158.580167
124.646080 126.635836 96.194137 230.458087 232.157642 50.827577 202.322912 163.825366 119.471970 161.644972 154.410722 158.585396
124.724277 126.744900 96.279412 230.259850 232.421620 50.886155 202.253777 163.938047 119.515998 161.703701 154.406905 158.589355
124.800259 126.850876 96.364331 230.062440 232.688040 50.945275 202.192283 164.053772 119.559786 161.762110 154.405211 158.591194
124.879854 126.961890 96.450001 229.863285 232.952018 51.003854 202.146631 164.191188 119.604114 161.821240 154.400672 158.596123
124.960615 127.074530 96.537410 229.660087 233.228170 51.031987 202.113086 164.292161 119.651741 161.884770 154.387192 158.610761
125.037005 127.181074 96.624384 229.457900 233.500656 51.057738 202.089409 164.363431 119.699307 161.948219 154.375676 158.623266
125.115376 127.290382 96.748261 229.175623 233.868546 51.085710 202.076893 164.401107 119.744115 162.007989 154.369444 158.630034
125.190485 127.395139 96.841934 228.978221 234.123471 51.095156 202.068569 164.426160 119.791262 162.070878 154.369444 158.630034
125.270371 127.506559 96.936254 228.779466 234.339123 51.103147 202.066142 164.433467 119.836789 162.131608 154.368157 158.631432
125.362212 127.673420 97.040958 228.559300 234.516002 51.109701 202.065480 164.435460 119.883217 162.193538 154.362534 158.637537
125.417127 127.796677 97.133071 228.365806 234.651709 51.114730 201.913042 164.474689 119.927664 162.252827 154.350138 158.650999
125.557949 128.046331 97.284975 228.034627 234.753139 51.118488 201.828914 164.436720 119.973372 162.313796 154.330425 158.672405
125.630074 128.156168 97.397122 227.811734 234.815196 51.120788 201.774086 164.409082 120.019139 162.374846 154.302245 158.703006
125.702034 128.265753 97.484451 227.608938 234.860266 51.122458 201.706846 164.375187 120.054409 162.421893 154.263971 158.744567
125.773500 128.374586 97.570861 227.408033 234.940337 51.044687 201.624069 164.333459 120.075523 162.450057 154.213775 158.799076
125.847436 128.487181 97.704428 227.164033 234.972249 50.962891 201.529325 164.285700 120.160217 162.448522 154.151588 158.866604
125.923622 128.603202 97.849629 226.874855 235.010775 50.864141 201.331433 164.187274 120.218406 162.401840 154.077411 158.947153
125.997778 128.716131 97.928199 226.667758 235.056970 50.745733 201.202893 164.125300 120.282991 162.350027 153.994903 159.036749
126.073580 128.831568 98.003861 226.468329 235.108545 50.613537 201.058049 164.055467 120.342506 162.302282 153.900742 159.138998
126.145244 128.942300 98.081902 226.264672 235.174224 50.431373 200.809661 163.935537 120.405376 162.251846 153.798724 159.249780
126.217863 129.055036 98.160082 226.065357 235.219600 50.256980 200.638424 163.843296 120.459977 162.208042 153.704361 159.352250
126.291619 129.169537 98.240635 225.859990 235.269005 50.067102 200.456711 163.745412 120.482519 162.189958 153.623681 159.439860
126.365104 129.283618 98.341741 225.600829 235.322767 49.860482 200.265402 163.642358 120.609585 162.148615 153.548827 159.521144
126.437777 129.396438 98.420813 225.396924 235.377384 49.650571 200.058950 163.531147 120.677012 162.170209 153.475734 159.600516
126.567186 129.568535 98.500318 225.191900 235.431573 49.442305 199.839292 163.412823 120.762149 162.197487 153.415377 159.666058
126.651200 129.677004 98.578776 224.989580 235.477453 49.265976 199.606516 163.287432 120.865377 162.230571 153.361048 159.725054
126.730500 129.779384 98.656256 224.789777 235.512430 49.131552 199.367059 163.158420 120.989370 162.265020 153.317694 159.772132
126.814637 129.888011 98.736304 224.583354 235.538341 49.031968 199.126487 163.028947 121.117464 162.300059 153.275356 159.818108
126.990413 130.143781 98.816099 224.377584 235.555640 48.965482 198.903778 162.909118 121.248756 162.336660 153.231587 159.864389
127.071155 130.256557 98.929114 224.059090 235.566166 48.925029 198.630555 162.762923 121.437110 162.390751 153.200087 159.897636
127.149684 130.366244 98.991084 223.853632 235.579493 48.830148 198.430518 162.656893 121.566089 162.428534 153.169137 159.930303
127.228456 130.467910 99.054410 223.643675 235.583823 48.744457 198.230305 162.550770 121.689611 162.465728 153.143896 159.956944
127.327284 130.552117 99.117044 223.436015 235.589234 48.637394 198.005930 162.469237 121.807590 162.521904 153.109232 159.993531
127.439267 130.594643 99.180024 223.227206 235.595458 48.514251 197.792547 162.356145 121.923052 162.581641 153.076288 160.028303
127.678923 130.611961 99.243784 223.015812 235.602276 48.379323 197.445595 162.171685 122.043576 162.643998 153.052560 160.053347
127.809978 130.624986 99.306735 222.807099 235.609883 48.228815 197.146589 162.055041 122.159642 162.705595 153.020372 160.087321
127.939340 130.637844 99.370206 222.596663 235.618171 48.064825 196.900741 161.988864 122.281147 162.770598 152.993480 160.115705
128.077360 130.651562 99.433532 222.386705 235.627251 47.885154 196.654369 161.935931 122.394158 162.835609 152.960536 160.150477
128.206126 130.664361 99.528973 222.083689 235.636851 47.695196 196.390375 161.900972 122.511311 162.904879 152.936189 160.176174
128.343151 130.677980 99.607756 221.882140 235.647152 47.491356 196.128387 161.872539 122.629198 162.975635 152.907715 160.206228
128.508051 130.752380 99.686320 221.681149 235.658141 47.273934 195.873003 161.921844 122.741369 163.045973 152.880411 160.235047
128.614216 130.834796 99.765649 221.478202 235.669840 47.042429 195.516158 161.917155 122.859118 163.117350 152.854688 160.262197
128.717616 130.915066 99.843340 221.279447 235.682363 46.794646 195.255574 161.849594 122.974059 163.186037 152.832817 160.285281
128.816539 131.009616 99.922887 221.075941 235.695592 46.532880 195.024126 161.789587 123.086338 163.253133 152.812252 160.306986
128.906092 131.104402 100.002289 220.872808 235.709624 46.255234 194.814362 161.735202 123.214819 163.224259 152.798566 160.321432
128.994616 131.198097 100.120908 220.581879 235.724316 45.964505 194.616794 161.683978 123.270059 163.103053 152.781372 160.339581
129.083070 131.291720 100.206365 220.378938 235.739776 45.658595 194.436069 161.637122 123.327579 162.976842 152.772637 160.348800
129.157832 131.418820 100.291123 220.177656 235.755963 45.338304 194.277705 161.596064 123.383855 162.853362 152.752829 160.369707
129.301510 131.606541 100.375842 219.976465 235.772731 45.006528 194.142089 161.560903 123.438639 162.733157 152.741962 160.381176
129.525046 131.859215 100.461299 219.773524 235.789397 44.676748 194.011216 161.526971 123.492676 162.614590 152.733296 160.390323
129.613341 131.955174 100.544544 219.575836 235.805957 44.349067 193.857869 161.398804 123.537910 162.516652 152.720366 160.403970
129.701773 132.051280 100.624712 219.372646 235.822457 44.022583 193.727033 161.361321 123.568799 162.461172 152.710600 160.414278
129.788917 132.145987 100.698891 219.168719 235.838947 43.696300 193.599434 161.323448 123.589480 162.424043 152.696569 160.429087
129.879718 132.244668 100.772830 218.965449 235.854598 43.366775 193.471741 161.285547 123.594882 162.414346 152.688591 160.437508
129.977918 132.437945 100.872221 218.698983 235.864945 43.039109 193.347498 161.248670 123.598726 162.407444 152.675317 160.451519
129.959662 132.646142 100.934401 218.489601 235.857415 42.709595 193.218629 161.213843 123.600728 162.403867 152.656610 160.471264
129.914784 132.732799 100.999259 218.184115 235.849872 42.379482 193.086002 161.178717 123.712551 162.386074 152.642442 160.486218
129.884098 132.777839 101.049140 217.976318 235.842333 42.049568 192.956391 161.151859 123.747553 162.405436 152.621121 160.508722
129.863941 132.807425 101.100164 217.763756 235.834850 41.722053 192.817714 161.143976 123.797606 162.433122 152.600006 160.531008
129.726207 132.964594 101.166641 217.455469 235.819474 41.393426 192.690020 161.136718 123.866035 162.470974 152.576278 160.556052
129.545933 132.998622 101.209378 217.245576 235.802898 41.063543 192.556115 161.132073 123.949777 162.517296 152.550624 160.583129
129.454228 133.012834 101.252813 217.032253 235.786456 40.736355 192.418260 161.128546 124.051020 162.573299 152.522632 160.612674
129.356890 133.027919 101.296606 216.817166 235.769789 40.404674 192.295700 161.125411 124.163464 162.635497 152.495121 160.641712
129.297050 133.025054 101.340660 216.600805 235.749965 40.074077 192.198032 161.122917 124.288071 162.704423 152.470912 160.667264
129.257432 133.021247 101.398825 216.291155 235.728422 39.745582 192.120656 161.120953 124.424579 162.779933 152.433703 160.706537
129.241605 133.019726 101.436745 216.074854 235.707003 39.418984 192.063775 161.119510 124.574475 162.862848 152.388035 160.754738
129.231651 133.018770 101.478325 215.859030 235.678209 39.093223 192.017390 161.118332 124.735921 162.952152 152.348695 160.796261
129.224285 133.018062 101.520004 215.647293 235.633793 38.763199 191.994097 161.117741 124.907956 163.047313 152.301445 160.846133
129.202386 133.015957 101.561373 215.437126 235.590098 38.438526 191.973104 161.117208 125.088566 163.147217 152.254814 160.895351
129.177102 133.013528 101.603284 215.224212 235.546203 38.112366 191.966306 161.117036 125.283948 163.250925 152.203506 160.949505
129.072139 133.048118 101.645349 215.010512 235.504646 37.782171 191.961108 161.116904 125.556237 163.404793 152.152817 161.003006
129.067938 133.080547 101.712836 214.707630 235.449066 37.453827 191.958809 161.116845 125.746477 163.515883 152.103573 161.054982
129.072935 133.123991 101.784900 214.501038 235.385277 37.128624 191.956309 161.116782 125.936975 163.627124 152.046488 161.115234
129.096255 133.162945 101.856601 214.295484 235.321506 36.803519 191.950511 161.116635 126.124538 163.736650 151.988715 161.176212
129.115722 133.195463 101.929422 214.086720 235.258486 36.482242 191.934916 161.116239 126.310806 163.845420 151.929498 161.238714
129.134315 133.226523 101.999905 213.884661 235.189205 36.158515 191.921721 161.115904 126.458300 163.931549 151.865088 161.303131
129.149930 133.252606 102.071584 213.676144 235.124286 35.875875 191.898428 161.115313 126.573065 163.998566 151.809339 161.358398
129.158765 133.267364 102.139661 213.468625 235.067582 35.629003 191.861340 161.114372 126.712660 163.990423 151.746489 161.420704
129.167086 133.281264 102.208798 213.257876 235.019341 35.418972 191.808357 161.113027 126.772803 163.867553 151.684634 161.482025
129.176126 133.296364 102.278029 213.046841 234.979680 35.188944 191.738072 161.111620 126.835941 163.752196 151.627465 161.538700
129.193898 133.326051 102.346012 212.841821 234.903283 34.988190 191.654979 161.110561 126.908670 163.637631 151.536199 161.612369
129.210232 133.353336 102.416543 212.633962 234.826885 34.787435 191.567086 161.109441 126.982631 163.521125 151.483782 161.686633
129.234014 133.393061 102.487461 212.424966 234.748175 34.580606 191.506291 161.108666 127.053752 163.409093 151.442293 161.750764
129.259233 133.435189 102.558796 212.214739 234.623720 34.406426 191.461595 161.108097 127.124336 163.297906 151.392475 161.829887
129.272074 133.456640 102.629457 212.006501 234.459772 34.269822 191.413299 161.107482 127.192566 163.183172 151.348145 161.900293
129.281278 133.560533 102.698768 211.802240 234.269889 34.169094 191.364303 161.106857 127.259164 163.069552 151.319430 161.956126
129.241383 133.613862 102.729438 211.555020 234.058482 34.133147 191.311507 161.106184 127.326065 162.955414 151.288373 162.017405
129.192682 133.678961 102.766996 211.359359 233.846166 34.169913 191.253312 161.105443 127.392280 162.839623 151.268307 162.082248
129.140936 133.858799 102.804253 211.194927 233.661942 34.276562 191.196016 161.104713 127.457592 162.719991 151.255493 162.137789
129.107193 133.963390 102.836052 211.054585 233.551929 34.458712 191.170619 161.104389 127.522521 162.601060 151.245324 162.189306
129.067739 134.085683 102.860736 210.945646 233.510554 34.671670 191.156020 161.104203 127.624578 162.427376 151.241357 162.233930
129.028039 134.208738 102.877579 210.857080 233.552786 34.883940 191.142421 161.104030 127.696125 162.320036 151.236576 162.287718
128.985391 134.340929 102.889335 210.783412 233.663937 35.062516 191.139021 161.103987 127.768560 162.211364 151.241297 162.334644
128.944709 134.467029 102.896711 210.737197 233.844021 35.184293 191.136921 161.103960 127.845598 162.095785 151.245261 162.371029
128.904456 134.591796 102.901895 210.704708 234.008826 35.272234 191.136721 161.103957 127.919696 161.984617 151.248976 162.405127
128.862024 134.723321 102.906182 210.677848 234.139841 35.342144 191.136721 161.103957 127.997145 161.871137 151.252918 162.441313
128.820635 134.851610 102.909743 210.655531 234.244741 35.398119 191.136721 161.103957 128.072264 161.757788 151.254781 162.458412
128.779247 134.979898 102.912832 210.636175 234.313292 35.434698 191.136721 161.103957 128.133746 161.644429 151.256913 162.470726
128.688504 135.218617 102.914471 210.625905 234.421297 35.437768 191.136721 161.103957 128.183707 161.525497 151.260037 162.488148
128.651208 135.351066 102.915275 210.620869 234.455687 35.438600 191.136721 161.103957 128.235064 161.403246 151.262420 162.501436
128.614726 135.480628 102.915369 210.620277 234.470582 35.438961 191.136721 161.103957 128.286846 161.279981 151.263532 162.507637
128.577674 135.612211 102.915401 210.620079 234.503074 35.434628 191.136721 161.103957 128.333631 161.159837 151.263955 162.510000
128.542710 135.736382 102.916236 210.614845 234.548916 35.428136 191.136721 161.103957 128.377271 161.032931 151.264114 162.510886
128.506661 135.864404 102.919262 210.595885 234.594759 35.421644 191.136721 161.103957 128.421579 160.904457 151.264202 162.511378
128.471209 135.990307 102.908979 210.529202 234.622529 35.417017 191.136721 161.103957 128.466616 160.775177 151.264379 162.512362
128.433914 136.122757 102.906221 210.516396 234.651182 35.397981 191.136721 161.103957 128.510733 160.648542 151.264591 162.513543
128.396889 136.254243 102.902557 210.499386 234.749428 35.306872 191.136721 161.103957 128.556186 160.524721 151.264820 162.514823
128.360027 136.385153 102.898683 210.481398 234.763472 35.277896 191.136721 161.103957 128.601765 160.400627 151.265332 162.517574
128.324494 136.511345 102.890662 210.444152 234.773110 35.258009 191.136721 161.103957 128.637001 160.304693 151.266993 162.521431
128.288337 136.639752 102.877540 210.398378 234.782051 35.239562 191.136721 161.103957 128.659687 160.242928 151.268101 162.524002
128.253183 136.764597 102.867444 210.368963 234.793827 35.215265 191.136721 161.103957 128.676374 160.197495 151.269644 162.527584
128.195672 136.987881 102.832923 210.273764 234.804033 35.194208 191.136721 161.103957 128.686924 160.168771 151.271900 162.532819
128.168872 137.118970 102.784508 210.226014 234.809877 35.182149 191.136721 161.103957 128.690269 160.159666 151.276094 162.542554
128.143114 137.244964 102.725057 210.167381 234.822612 35.155873 191.136721 161.103957 128.693027 160.152157 151.281831 162.555871
128.116675 137.374289 102.654571 210.097864 234.829634 35.141385 191.136721 161.103957 128.695406 160.145680 151.291564 162.578463
128.090255 137.503516 102.571126 210.015566 234.840494 35.118978 191.136721 161.103957 128.695682 160.144929 151.297380 162.591964
128.156781 137.632241 102.476717 209.922455 234.852749 35.093691 191.136721 161.103957 128.695957 160.144178 151.308420 162.617587
128.292842 137.652079 102.393832 209.794328 234.875298 35.047167 191.136721 161.103957 128.696026 160.143990 151.326145 162.658731
128.427320 137.671686 102.274218 209.676359 234.907616 34.980486 191.136721 161.103957 128.696026 160.143990 151.357005 162.715448
128.533932 137.796948 102.140864 209.544838 234.947209 34.899667 191.136721 161.103957 128.696475 160.142770 151.405531 162.780179
128.520863 137.933424 101.995121 209.401098 234.998408 34.799830 191.136721 161.103957 128.698854 160.136293 151.467743 162.857964
128.507928 138.068506 101.770096 209.184746 235.056543 34.686467 191.136721 161.103957 128.704198 160.121743 151.558901 162.935850
128.494707 138.206574 101.603633 209.027484 235.122253 34.558334 191.136721 161.103957 128.714713 160.093113 151.669870 163.005196
128.481657 138.342851 101.428230 208.861776 235.189241 34.427709 191.136721 161.103957 128.733469 160.042049 151.801003 163.060275
128.468560 138.479625 101.240977 208.684874 235.235284 34.337926 191.136721 161.103957 128.750432 159.995866 151.929526 163.091032
128.459171 138.577677 101.047821 208.501560 235.267591 34.274927 191.136721 161.103957 128.761120 159.966766 152.037616 163.100446
128.452422 138.648154 100.883922 208.341914 235.343451 34.151662 191.136721 161.103957 128.767119 159.950433 152.131615 163.086424
128.448972 138.684190 100.739651 208.201387 235.481809 33.970313 191.136721 161.103957 128.769843 159.943018 152.201419 163.070487
128.447303 138.701610 100.624249 208.088980 235.524002 33.889799 191.136721 161.103957 128.772946 159.934569 152.278319 163.037158
128.446827 138.706587 100.528832 207.996039 235.556773 33.827265 191.136721 161.103957 128.777152 159.923117 152.411454 162.980331
128.487406 138.752502 100.456697 207.925776 235.574458 33.793518 191.136721 161.103957 128.787874 159.893924 152.514125 162.905585
128.528807 138.760676 100.407484 207.877840 235.671739 33.856308 191.136721 161.103957 128.796632 159.870082 152.563126 162.861519
128.588849 138.772529 100.385063 207.856000 235.662316 33.931319 191.136721 161.103957 128.799217 159.863042 152.596362 162.831630
128.668903 138.788334 100.364360 207.835835 235.670124 34.026367 191.136721 161.103957 128.799528 159.862197 152.617256 162.812840
128.765048 138.807314 100.349102 207.820973 235.706976 34.126096 191.136721 161.103957 128.799562 159.862103 152.626402 162.804615
128.878459 138.829704 100.321738 207.794319 235.856779 34.275023 191.136721 161.103957 128.799562 159.862103 152.634156 162.796086
129.011295 138.855929 100.285062 207.758594 235.970592 34.361600 191.136721 161.103957 128.799562 159.862103 152.636051 162.793385
129.133830 138.880120 100.270663 207.744570 236.094673 34.455987 191.136721 161.103957 128.799562 159.862103 152.636338 162.792975
129.247241 138.902510 100.259918 207.734103 236.227985 34.557397 191.124922 161.103807 128.799562 159.862103 152.636395 162.792893
129.340442 138.920910 100.258772 207.732987 236.371088 34.666254 191.101424 161.103507 128.799562 159.862103 152.636395 162.792893
129.407939 138.934235 100.221018 207.598266 236.470639 34.829039 191.079726 161.103231 128.799562 159.862103 152.636395 162.792893
129.467097 138.945914 100.244981 207.563166 236.542326 35.019326 191.072826 161.103143 128.799562 159.862103 152.636395 162.792893
129.515856 138.955540 100.279151 207.513118 236.548016 35.240053 191.052109 161.102581 128.799562 159.862103 152.636395 162.792893
129.564492 139.053705 100.323132 207.448700 236.504738 35.450558 191.021439 161.101227 128.799562 159.862103 152.636395 162.792893
129.549478 139.129839 100.377262 207.369416 236.398374 35.632657 190.955484 161.132744 128.799562 159.862103 152.636395 162.792893
129.545263 139.224145 100.439568 207.278157 236.255720 35.769181 190.943847 161.184861 128.799562 159.862103 152.636395 162.792893
129.540320 139.334735 100.571112 207.094424 236.104490 35.850907 190.928943 161.251617 128.799562 159.862103 152.636395 162.792893
129.536395 139.422547 100.660942 206.983804 235.962761 35.927498 190.905392 161.334017 128.799562 159.862103 152.636395 162.792893
129.533573 139.485684 100.757895 206.864412 235.843756 36.006089 190.874742 161.427101 128.799562 159.862103 152.636395 162.792893
129.530845 139.546723 100.863485 206.734384 235.750027 36.072029 190.827813 161.535993 128.799562 159.862103 152.636395 162.792893
129.528491 139.599370 100.976827 206.594808 235.671786 36.150204 190.761392 161.652183 128.799562 159.862103 152.636395 162.792893
129.527205 139.628142 101.100568 206.442420 235.614120 36.225952 190.691787 161.760793 128.799562 159.862103 152.636395 162.792893
129.526460 139.644825 101.233007 206.279320 235.567782 36.286821 190.618945 161.874455 128.799562 159.862103 152.636395 162.792893
129.526317 139.648022 101.427877 206.039351 235.541483 36.367437 190.544371 161.980037 128.799562 159.862103 152.636395 162.792893
129.526300 139.648400 101.567066 205.867947 235.526099 36.426982 190.468205 162.085018 128.799562 159.862103 152.636395 162.792893
129.526300 139.648400 101.706570 205.696156 235.514142 36.473262 190.387812 162.195826 128.799562 159.862103 152.636395 162.792893
129.526300 139.648400 101.842733 205.528478 235.502561 36.518090 190.309379 162.301242 128.799562 159.862103 152.636395 162.792893
129.526300 139.648400 101.978328 205.361500 235.497565 36.577465 190.227794 162.408926 128.799562 159.862103 152.636395 162.792893
129.526300 139.648400 102.116761 205.191028 235.498611 36.636356 190.157829 162.518484 128.799562 159.862103 152.636395 162.792893
129.577492 139.681090 102.320073 204.940503 235.499953 36.711944 190.091536 162.632050 128.900487 159.771456 152.637601 162.791174
129.623474 139.682365 102.455873 204.773175 235.500581 36.747338 190.029603 162.754244 128.943052 159.775934 152.648626 162.775455
129.682152 139.683992 102.585462 204.596798 235.508109 36.835068 189.984571 162.879279 129.004811 159.782429 152.661948 162.756461
129.762921 139.686231 102.690329 204.402377 235.521560 36.909665 189.925148 163.117331 129.085359 159.789973 152.694964 162.691303
129.863582 139.689022 102.792252 204.213412 235.538543 37.003846 189.894356 163.248876 129.184326 159.799243 152.709540 162.639203
129.982536 139.692320 102.895220 204.022511 235.559359 37.119284 189.865046 163.374091 129.302708 159.810331 152.725280 162.574219
130.068003 139.727715 102.978563 203.826998 235.583867 37.255193 189.835143 163.501838 129.436323 159.822845 152.662922 162.418182
130.150871 139.730012 103.040945 203.658900 235.611657 37.409307 189.804852 163.631240 129.566177 159.831789 152.588360 162.347412
130.206956 139.731046 103.090454 203.525490 235.641967 37.577396 189.772589 163.762299 129.698942 159.837777 152.504369 162.267693
130.236156 139.730953 103.134987 203.405487 235.676285 37.757958 189.735322 163.893198 129.830209 159.843698 152.405582 162.173930
130.248156 139.730915 103.169065 203.309169 235.715111 37.954968 189.699644 164.018518 129.968168 159.849920 152.305561 162.078997
130.253456 139.730898 103.187750 203.248794 235.754697 38.161575 189.663924 164.152493 130.102332 159.855971 152.210401 161.988676
130.255456 139.730892 103.196442 203.220708 235.782582 38.383228 189.635344 164.279107 130.237095 159.862049 152.035540 161.829164
130.256956 139.730887 103.319399 203.120089 235.812551 38.621450 189.614097 164.373239 130.366464 159.867884 151.844891 161.664870
130.257056 139.730887 103.388262 203.096168 235.844629 38.876440 189.596174 164.452641 130.495033 159.873683 151.722545 161.549884
130.257056 139.730887 103.478475 203.064831 235.878081 39.142344 189.585935 164.498000 130.630895 159.879811 151.591528 161.426748
130.257056 139.730887 103.577572 203.008580 235.907217 39.424725 189.573539 164.552919 130.760963 159.885677 151.451548 161.295188
130.257056 139.730887 103.683983 202.939072 235.935658 39.718552 189.558022 164.629738 130.900133 159.858896 151.310342 161.162450
130.257056 139.730887 103.808407 202.859488 235.965293 40.024721 189.540121 164.819671 131.035396 159.864995 151.168787 161.029354
130.257056 139.730887 103.949781 202.769284 235.993816 40.342193 189.528380 164.923409 131.172257 159.871166 151.029563 160.898450
130.257056 139.730887 104.103449 202.669735 235.975885 40.677581 189.514929 165.042250 131.310816 159.877414 150.894346 160.771313
130.257056 139.730887 104.268984 202.560734 235.990711 41.006647 189.499353 165.179871 131.441083 159.883287 150.758327 160.643423
130.257056 139.730887 104.443874 202.445573 236.005419 41.333116 189.484148 165.314213 131.574848 159.889319 150.618742 160.508868
130.257056 139.730887 104.627867 202.324417 236.020186 41.660883 189.468954 165.448456 131.710159 159.896335 150.483925 160.374560
130.260956 139.730874 104.793517 202.189896 236.025087 41.993629 189.458536 165.585585 131.848342 159.905697 150.347975 160.239123
130.271956 139.730839 104.941375 202.034361 236.028705 42.320409 189.452620 165.714850 131.982933 159.914816 150.212309 160.103968
130.300856 139.730747 105.091715 201.876218 236.032383 42.652688 189.446681 165.844614 132.112436 159.923591 150.080752 159.972906
130.337055 139.730632 105.241985 201.718147 236.036035 42.982568 189.440349 165.982969 132.245332 159.932595 149.945298 159.837963
130.387455 139.730471 105.391290 201.561090 236.032031 43.310296 189.439755 166.116461 132.380594 159.963280 149.661255 159.532317
130.439955 139.730400 105.619683 201.313667 236.018287 43.640685 189.444362 166.251583 132.511076 159.992891 149.545896 159.384377
130.573383 139.728410 105.759973 201.150217 236.001787 43.966768 189.448850 166.383206 132.643870 160.025033 149.429430 159.235019
130.661533 139.725442 105.903781 200.982670 235.985076 44.297046 189.461782 166.636166 132.766688 160.064489 149.307767 159.086714
130.766109 139.723470 106.043941 200.819372 235.968379 44.627024 189.472032 166.772581 132.889981 160.104099 149.173576 158.957194
130.888001 139.722155 106.186380 200.653418 235.951703 44.956602 189.492096 166.911528 133.011168 160.156595 149.036940 158.825314
131.062738 139.716682 106.329927 200.486174 235.935153 45.283683 189.516795 167.044337 133.126849 160.215643 148.901742 158.694822
131.146089 139.710243 106.533076 200.247395 235.918553 45.611764 189.537083 167.171934 133.241989 160.288857 148.740947 158.537997
131.206509 139.705575 106.674441 200.079478 235.901892 45.941042 189.575339 167.303994 133.348097 160.369376 148.557715 158.336939
131.258953 139.701523 106.813229 199.914620 235.885079 46.273317 189.614989 167.428601 133.456674 160.451769 148.460491 158.207858
131.289661 139.699151 106.954594 199.746703 235.868544 46.600099 189.658708 167.556115 133.564216 160.533376 148.371249 158.090167
131.305714 139.697911 107.096795 199.577791 235.851903 46.928979 189.717275 167.737671 133.668333 160.612383 148.291551 157.985822
131.322464 139.696616 107.235197 199.413392 235.835333 47.256460 189.756795 167.866757 133.868188 160.752674 148.204386 157.871703
131.338416 139.695384 107.377528 199.244327 235.818662 47.585938 189.796724 167.997182 133.979284 160.827200 148.055493 157.661079
131.366034 139.693250 107.515479 199.080464 235.801844 47.918313 189.840199 168.126241 134.092151 160.905556 147.975275 157.537777
131.402924 139.690400 107.652980 198.917136 235.785290 48.245494 189.883315 168.250895 134.202062 160.981859 147.904274 157.428640
131.452277 139.686587 107.792992 198.750825 235.768487 48.577570 189.926268 168.375076 134.314190 161.059702 147.822693 157.303242
131.519477 139.681396 107.934614 198.582602 235.751796 48.907448 189.969188 168.499163 134.470202 161.154788 147.749837 157.191255
131.605961 139.671088 108.064579 198.408356 235.755599 49.478402 190.010846 168.624732 134.593731 161.208496 147.618666 156.987686
131.814694 139.640852 108.172331 198.223694 235.738834 49.806373 190.052289 168.750583 134.717279 161.267744 147.546836 156.875039
131.921597 139.626217 108.284317 198.031778 235.722012 50.135444 190.093702 168.876340 134.836209 161.329483 147.468446 156.752106
132.124638 139.599127 108.384680 197.841204 235.706544 50.438049 190.137104 169.006158 134.998280 161.427705 147.398336 156.642157
132.250094 139.583708 108.428597 197.631759 235.692316 50.716385 190.187714 169.131204 135.094429 161.422910 147.318080 156.517096
132.345477 139.571986 108.472556 197.422118 235.679787 50.990679 190.235353 169.253739 135.135455 161.362428 147.245004 156.406810
132.428056 139.561837 108.516453 197.212771 235.666234 51.266747 190.279659 169.379991 135.180576 161.376282 147.181151 156.310445
132.526118 139.549785 108.561150 196.999607 235.652766 51.539214 190.319777 169.503827 135.307214 161.419844 147.138665 156.186554
132.606103 139.539077 108.587520 196.785314 235.636375 51.815729 190.358644 169.631335 135.377195 161.448178 147.061881 156.070687
132.674773 139.529749 108.609397 196.570425 235.620386 52.085455 190.397540 169.758939 135.452646 161.478727 146.976646 155.942065
132.759693 139.518215 108.671354 196.248861 235.603960 52.362569 190.435166 169.888576 135.527540 161.509050 146.880640 155.797189
132.830741 139.508565 108.745244 196.046744 235.587930 52.632994 190.455751 170.025534 135.603268 161.539711 146.773861 155.636058
132.885537 139.501122 108.819889 195.842561 235.571793 52.905216 190.472968 170.157403 135.671767 161.567445 146.519479 155.288384
132.954801 139.491714 108.893916 195.640068 235.555397 53.181831 190.488933 170.293067 135.746290 161.597618 146.432639 155.139804
133.093699 139.471699 108.984157 195.443129 235.539071 53.457247 190.497313 170.429300 135.813491 161.624827 146.349125 154.983512
133.163856 139.460794 109.092297 195.258926 235.507065 53.719056 190.483944 170.565043 135.885546 161.653363 146.275331 154.837028
133.250022 139.447401 109.202213 195.072404 235.490766 53.990266 190.464010 170.695544 135.953808 161.680342 146.200249 154.703602
133.354962 139.431090 109.313707 194.884142 235.474395 54.262675 190.438834 170.823144 136.030625 161.710703 146.126688 154.572878
133.475459 139.407019 109.423214 194.699236 235.457802 54.538777 190.409690 170.949322 136.102235 161.739005 146.067250 154.467253
133.644993 139.355388 109.535574 194.509511 235.441239 54.814380 190.378565 171.084074 136.174124 161.767418 146.007759 154.360632
133.771060 139.370754 109.645641 194.323659 235.424844 55.087187 190.347463 171.218729 136.249733 161.797300 145.957304 154.265935
133.855932 139.411693 109.758633 194.133496 235.408221 55.363788 190.316721 171.351825 136.319297 161.824794 145.914842 154.186241
133.916542 139.466682 109.881646 193.955152 235.391742 55.637994 190.341317 171.549693 136.393697 161.854199 145.884845 154.132327
133.975355 139.625843 110.006852 193.776328 235.375491 55.908406 190.372512 171.617127 136.463168 161.881656 145.855674 154.080584
133.984461 139.699179 110.131296 193.598678 235.358922 56.184108 190.408022 171.652976 136.531802 161.908782 145.836914 154.047307
133.989045 139.736096 110.278530 193.436431 235.345896 56.455394 190.524304 171.751083 136.606574 161.938334 145.825521 154.027098
133.993211 139.769638 110.437808 193.291125 235.334155 56.730642 190.603488 171.771605 136.658189 161.958733 145.815748 154.009763
133.997253 139.802188 110.595682 193.147100 235.323225 57.001622 190.697870 171.796065 136.684415 161.969098 145.810837 154.001052
133.997253 139.802188 110.766796 193.006880 235.312149 57.276198 190.804642 171.823737 136.695017 161.973289 145.803225 153.987549
133.999840 139.823028 110.941232 192.881536 235.301034 57.551774 190.928397 171.859353 136.699202 161.974943 145.785448 153.956015
134.003119 139.859191 111.257767 192.674442 235.289998 57.825352 191.056010 171.897874 136.699481 161.975053 145.757259 153.906014
134.000149 139.911407 111.433192 192.548418 235.278943 58.099429 191.153275 171.927234 136.699600 161.975100 145.731182 153.859758
134.030678 139.954813 111.613328 192.419010 235.267952 58.371907 191.211864 171.944920 136.699600 161.975100 145.648987 153.789508
134.014814 140.008015 111.784367 192.289608 235.256800 58.648382 191.251019 171.956739 136.699600 161.975100 145.580851 153.816802
133.988323 140.075609 111.924880 192.181154 235.245873 58.919262 191.263847 171.960611 136.699600 161.975100 145.516520 153.842571
133.942549 140.134768 112.050353 192.084310 235.234923 59.190741 191.271027 171.962778 136.756213 161.940826 145.445413 153.871055
133.885561 140.180639 112.148673 192.008423 235.223855 59.465118 191.272750 171.963299 136.778037 161.909352 145.375234 153.899167
133.815715 140.223983 112.227282 191.947750 235.212864 59.737597 191.273612 171.963559 136.813023 161.858894 145.298650 153.929845
133.740386 140.249343 112.280571 191.939828 235.201793 60.012074 191.273612 171.963559 136.856955 161.795535 145.230049 153.957325
133.660863 140.260487 112.317745 191.936763 235.190745 60.285951 191.273612 171.963559 136.907896 161.722068 145.171752 153.980677
133.582232 140.271506 112.467278 191.965568 235.179662 60.560727 191.273612 171.963559 136.971315 161.630604 145.125616 153.999159
