159.457690 133.033637 61.095400 116.736000 241.938200 79.589400 118.095594 57.099822 135.931433 122.355129 223.665600 82.418600
159.451056 133.077741 61.088351 116.755037 241.938200 79.589400 118.176688 57.081678 136.052293 122.313181 223.689290 82.419294
159.440897 133.145282 61.075608 116.789453 241.938200 79.589400 118.257416 57.063723 136.205988 122.141676 223.726274 82.420377
159.428388 133.228446 61.055885 116.842719 241.938200 79.589400 118.328479 57.047917 136.317122 122.067346 223.783449 82.422051
159.414145 133.327467 61.029913 116.912865 241.938200 79.589400 118.403057 57.031330 136.428256 121.993015 223.854140 82.416998
159.419413 133.449553 60.999044 116.996234 241.938200 79.589400 118.480173 57.014179 136.540553 121.917906 223.938252 82.407927
159.428380 133.579583 60.963557 117.092075 241.938200 79.589400 118.559631 56.996506 136.628412 121.859143 224.044238 82.396496
159.488397 133.701624 60.922376 117.203296 241.938200 79.589400 118.640004 56.979335 136.700206 121.834351 224.167821 82.383168
159.583931 133.782732 60.876680 117.326708 241.938200 79.589400 118.718617 56.965622 136.737592 121.758882 224.287223 82.340249
159.697926 133.843753 60.826992 117.460904 241.938200 79.589400 118.795555 56.952200 136.689273 121.695373 224.393271 82.258828
159.830591 133.832408 60.770602 117.613200 241.938200 79.589400 118.876828 56.938023 136.643558 121.635287 224.499082 82.177589
159.960001 133.804099 60.707996 117.782281 241.938200 79.589400 118.954456 56.924481 136.593907 121.570028 224.517825 82.051844
160.071487 133.733799 60.639245 117.967962 241.938200 79.589400 119.026665 56.911885 136.548192 121.509941 224.519913 81.922861
160.127711 133.611127 60.565771 118.166396 241.938200 79.589400 119.107445 56.897793 136.508593 121.457893 224.522102 81.787679
160.171718 133.480886 60.487263 118.378428 241.938200 79.589400 119.181104 56.885380 136.493152 121.437599 224.535662 81.650783
160.161586 133.351976 60.397817 118.599275 241.938200 79.589400 119.255617 56.873851 136.490315 121.312996 224.552020 81.517886
160.115360 133.226433 60.301927 118.830912 241.938200 79.589400 119.321829 56.863606 136.529643 121.265845 224.567890 81.388959
160.044734 133.153673 60.200846 119.075984 241.938200 79.589400 119.367684 56.856511 136.570864 121.206281 224.584126 81.257055
159.998276 133.105813 60.095940 119.332134 241.938200 79.589400 119.532594 56.828006 136.612383 121.134527 224.601009 81.119890
159.956186 133.073054 59.991603 119.586897 241.938200 79.589400 119.604343 56.814550 136.650296 121.069006 224.617539 80.985604
159.929897 133.059235 59.887190 119.841844 241.938200 79.589400 119.677934 56.801228 136.686757 121.005994 224.634361 80.848935
159.924498 133.056396 59.781981 120.098735 241.938200 79.589400 119.756913 56.791303 136.722767 120.943762 224.660938 80.621004
159.920160 133.054117 59.678895 120.350443 241.938200 79.589400 119.838571 56.781042 136.764286 120.872008 224.675855 80.486026
159.919452 133.053744 59.575543 120.602800 241.938200 79.589400 119.919931 56.770818 136.803301 120.804582 224.690991 80.349060
159.919275 133.053651 59.482287 120.860318 241.938200 79.589400 119.996826 56.761155 136.840814 120.739753 224.705897 80.214181
159.919275 133.053651 59.393997 121.120655 241.950059 79.624405 120.068264 56.752177 136.879227 120.673366 224.721056 80.077016
159.919275 133.053651 59.308438 121.382098 241.886088 79.669414 120.140496 56.743100 136.917441 120.607325 224.737736 79.949121
159.919275 133.053651 59.229819 121.654063 241.877073 79.712685 120.215424 56.734737 136.955104 120.542236 224.757549 79.814875
159.919275 133.053651 59.151959 121.937414 241.863551 79.777592 120.298131 56.726664 136.996022 120.471521 224.776529 79.686268
159.919275 133.053651 59.092719 122.240682 241.847091 79.856595 120.370387 56.719610 137.037391 120.400027 224.814903 79.563422
159.919275 133.053651 59.033725 122.557070 241.827429 79.950969 120.450307 56.711809 137.073651 120.337362 224.865253 79.439135
159.919275 133.053651 58.986909 122.884440 241.805013 80.058558 120.532517 56.703784 137.114469 120.266820 224.915231 79.318368
159.919275 133.053651 58.942344 123.225190 241.778845 80.184161 120.614626 56.695769 137.153234 120.199827 224.966356 79.194829
159.919275 133.053651 58.921626 123.581288 241.748618 80.329246 120.688675 56.688541 137.189244 120.137595 225.016029 79.074801
159.919275 133.053651 58.908941 123.950159 241.715596 80.487743 120.763121 56.681274 137.229611 120.067832 225.059411 78.948376
159.919275 133.053651 58.905421 124.330643 241.679841 80.659358 120.840576 56.673968 137.269878 119.998242 225.106164 78.822157
159.919275 133.053651 58.901837 124.718027 241.640803 80.846734 120.916292 56.667404 137.307841 119.932634 225.203511 78.617173
159.919275 133.053651 58.939945 125.112970 241.599198 81.046855 120.997667 56.660130 137.349010 119.861486 225.263396 78.501000
159.919275 133.053651 58.989263 125.514992 241.521281 81.419902 121.070776 56.653595 137.385972 119.797609 225.283146 78.368419
159.919275 133.053651 59.053104 125.924344 241.473079 81.648986 121.144781 56.646980 137.427340 119.726115 225.286756 78.245872
159.919275 133.053651 59.118101 126.341106 241.421726 81.893042 121.221176 56.640151 137.466155 119.659036 225.289260 78.160909
159.919275 133.053651 59.219386 126.754881 241.368191 82.147471 121.297571 56.633322 137.506322 119.589619 225.290803 78.108532
159.919275 133.053651 59.354971 127.167685 241.312659 82.411392 121.377450 56.626151 137.547040 119.519251 225.291239 78.093738
159.919275 133.053651 59.492802 127.587329 241.256035 82.680499 121.451052 56.619521 137.583551 119.456153 225.291607 78.081244
159.919275 133.053651 59.631445 128.009444 241.199556 82.948921 121.529734 56.612433 137.621714 119.390198 225.291716 78.077545
159.919275 133.053651 59.814125 128.413983 241.143879 83.213527 121.602240 56.605902 137.658475 119.326667 225.291760 78.076046
159.919275 133.053651 59.997914 128.815301 241.078089 83.476797 121.683611 56.598572 137.698492 119.257510 225.291763 78.075946
159.915469 133.051650 60.182536 129.218436 241.010277 83.740518 121.759205 56.591763 137.737757 119.189652 225.291831 78.073647
159.902280 133.044718 60.365659 129.618299 240.941719 84.007145 121.833006 56.585115 137.777123 119.121620 225.292007 78.067650
159.883692 133.034946 60.547521 130.019283 240.874256 84.269510 121.905512 56.578584 137.818091 119.050819 225.357996 77.994637
159.872185 133.028898 60.715884 130.393229 240.805175 84.538171 121.979483 56.571600 137.858659 118.980710 225.369384 77.994108
159.859970 133.022477 60.831524 130.730505 240.736367 84.805766 122.051161 56.564797 137.897574 118.913457 225.396954 77.992826
159.857580 133.021220 60.992359 131.084035 240.668830 85.068422 122.132296 56.557096 137.935086 118.848628 225.431517 77.991219
159.855013 133.019871 61.158221 131.443296 240.600396 85.334564 122.205169 56.550179 137.976505 118.777047 225.472572 77.989311
159.853420 133.019033 61.326598 131.808004 240.532186 85.599835 122.282322 56.542857 138.014919 118.710660 225.520920 77.987063
159.845099 133.014660 61.508941 132.202091 240.465576 85.866111 122.357385 56.535733 138.053934 118.643234 225.574562 77.984569
159.834831 133.009262 61.683759 132.585189 240.405032 86.131698 122.437624 56.528117 138.079727 118.598659 225.646185 77.981239
159.807834 132.995071 61.861317 132.974291 240.344443 86.397479 122.512886 56.520974 138.318363 118.457590 225.683744 77.979493
159.759859 132.969852 62.041699 133.369579 240.283454 86.665016 122.591035 56.513557 138.399361 118.441401 225.774196 78.076479
159.735428 132.957010 62.224363 133.769871 240.223465 86.928164 122.669383 56.506120 138.497715 118.421744 225.756945 78.153368
159.657235 132.926198 62.401340 134.157699 240.162787 87.194336 122.747332 56.498722 138.612544 118.398793 225.736367 78.245088
159.587150 132.904390 62.585357 134.538101 240.101621 87.462652 122.828966 56.490974 138.748456 118.371630 225.711980 78.353786
159.501978 132.877888 62.739429 134.909079 240.040187 87.732139 122.906816 56.483585 138.882996 118.344740 225.684091 78.478095
159.398855 132.845800 62.889013 135.269252 240.012076 88.004940 122.981580 56.476490 139.014691 118.318419 225.653071 78.616358
159.284083 132.810087 63.006564 135.638364 239.996133 88.281681 123.058270 56.469599 139.150701 118.291235 225.617650 78.774234
159.152983 132.769294 63.157548 136.001962 239.980386 88.555028 123.138880 56.462754 139.279945 118.265404 225.579756 78.943135
159.026321 132.733864 63.281080 136.383078 239.964558 88.829773 123.220486 56.455824 139.411837 118.239044 225.551902 79.130397
158.890561 132.730573 63.395857 136.775434 239.948995 89.099925 123.302491 56.448860 139.545493 118.212331 225.524129 79.332800
158.753201 132.727244 63.489868 137.179922 239.933196 89.374170 123.381307 56.442167 139.681209 118.185206 225.494942 79.545507
158.596940 132.729195 63.567778 137.595762 239.917293 89.650212 123.464109 56.435136 139.810150 118.158896 225.463321 79.775947
158.462100 132.733204 63.626021 138.021989 239.901425 89.925656 123.541929 56.428528 139.941186 118.130866 225.433975 80.016842
158.330358 132.737121 63.672528 138.458031 239.886489 90.195518 123.618254 56.422046 140.067918 118.103757 225.406194 80.272839
158.221306 132.740363 63.695423 138.898336 239.893659 90.473025 123.691889 56.415793 140.202181 118.075036 225.380732 80.507462
158.124049 132.743254 63.716297 139.341541 239.900777 90.748533 123.774177 56.402947 140.330967 118.047487 225.376888 80.856840
158.047183 132.745540 63.735598 139.784121 239.907823 91.021242 123.845947 56.391355 140.457896 118.020336 225.421096 81.068231
157.979613 132.747548 63.754786 140.224102 239.914957 91.297350 123.917026 56.379875 140.586780 117.992766 225.542436 81.238626
157.921938 132.749263 63.810358 140.684320 239.922036 91.571359 123.988302 56.368362 140.719380 117.964401 225.733343 81.330644
157.854968 132.751254 63.843793 141.125053 239.929064 91.843368 124.068167 56.355462 140.854621 117.935472 225.987255 81.339480
157.807089 132.752678 63.877214 141.565587 239.936226 92.120575 124.145169 56.343025 141.077962 117.888793 226.224564 81.324205
157.767307 132.753860 63.910611 142.005822 239.946689 92.397854 124.226515 56.329886 141.211830 117.861111 226.474846 81.308095
157.745516 132.754508 63.944024 142.446257 239.961039 92.670877 124.307170 56.316859 141.308876 117.841043 226.734113 81.291451
157.733921 132.754853 63.977315 142.885096 239.975336 92.942901 124.388811 56.303672 141.379581 117.826422 227.006772 81.274265
157.729423 132.754987 64.010713 143.325331 239.989696 93.216124 124.464234 56.291490 141.416108 117.818868 227.294301 81.256142
157.724625 132.755129 64.038507 143.768755 240.004679 93.493118 124.537287 56.279690 141.435595 117.814838 227.593507 81.237283
157.710232 132.755557 64.065170 144.208748 240.021689 93.768693 124.616560 56.266886 141.441177 117.813684 227.904936 81.218582
157.678945 132.756456 64.092021 144.651835 240.038617 94.039665 124.689416 56.255118 141.444017 117.813097 228.224704 81.206408
157.583400 132.763270 64.118841 145.094423 240.054330 94.310005 124.760396 56.243654 141.444311 117.813036 228.552267 81.193938
157.523501 132.763546 64.145450 145.533517 240.022546 94.578631 124.835324 56.231551 141.444507 117.812996 228.890422 81.181064
157.442802 132.763918 64.172174 145.974508 239.990479 94.849641 124.907076 56.220422 141.444507 117.812996 229.235973 81.167949
157.347803 132.764356 64.198940 146.416198 239.958119 95.123133 124.992431 56.209117 141.444507 117.812996 229.594417 81.154382
157.240704 132.764849 64.224206 146.859778 239.925476 95.399009 125.099793 56.194897 141.444507 117.812996 229.961454 81.140489
157.114105 132.765432 64.248523 147.299606 239.882105 95.672025 125.219151 56.179088 141.444507 117.812996 230.339983 81.126162
156.948851 132.774350 64.281834 147.749438 239.827121 95.936571 125.357245 56.160797 141.444507 117.812996 230.726206 81.111543
156.819722 132.782722 64.297991 148.193344 239.770793 96.207579 125.511200 56.140406 141.444507 117.812996 231.153146 81.098344
156.682111 132.791643 64.314032 148.634052 239.705505 96.476677 125.676953 56.118452 141.444507 117.812996 231.555349 81.085821
156.551585 132.800105 64.330121 149.076059 239.571884 96.818726 125.854998 56.094870 141.444507 117.812996 231.965033 81.069735
156.414074 132.809020 64.346245 149.519066 239.486273 97.082480 126.048607 56.069226 141.444507 117.812996 232.384010 81.053285
156.282410 132.818088 64.362403 149.962972 239.401558 97.343476 126.253266 56.035928 141.444507 117.812996 232.777707 81.037827
156.148946 132.839684 64.378498 150.405179 239.316379 97.605898 126.465114 55.990806 141.444507 117.812996 233.159113 81.022852
156.013113 132.861664 64.394583 150.847086 239.231695 97.866799 126.682146 55.944580 141.452733 117.811295 233.515481 81.010111
155.879367 132.883880 64.410628 151.287894 239.147967 98.124750 126.896928 55.898834 141.477411 117.806191 233.868907 81.000057
155.750603 132.915545 64.426683 151.729002 239.063005 98.386507 127.111417 55.853149 141.520205 117.797342 234.165851 80.983595
155.624850 132.946470 64.442695 152.168911 238.997254 98.655153 127.327667 55.807090 141.583761 117.784199 234.422859 80.969408
155.494447 132.976820 64.458824 152.612018 238.936174 98.918564 127.539906 55.761885 141.649079 117.770692 234.665252 80.952867
155.361563 133.005765 64.474868 153.052826 238.875004 99.182365 127.753612 55.716367 141.749562 117.606310 234.941322 80.928949
155.233760 133.033604 64.490873 153.492534 238.814522 99.452056 127.966243 55.709711 141.773225 117.503292 235.188823 80.914875
155.104920 133.070541 64.518162 153.932177 238.769868 99.721502 128.179138 55.728250 141.793414 117.384460 235.435025 80.900875
154.984179 133.119792 64.546156 154.369482 238.763796 99.993635 128.393028 55.746875 141.786720 117.252529 235.682026 80.886830
154.861123 133.169988 64.571474 154.764973 238.757650 100.269066 128.608015 55.765596 141.790730 117.128369 235.930824 80.872682
154.735011 133.221430 64.593929 155.115755 238.751531 100.543298 128.824749 55.786045 141.808448 117.005743 236.177846 80.849848
154.614085 133.270757 64.615190 155.447875 238.745367 100.819529 129.041204 55.807334 141.827614 116.873222 236.424044 80.820005
154.494362 133.319593 64.633639 155.779932 238.739641 101.096469 129.258556 55.828711 141.847351 116.736741 236.666072 80.790667
154.373527 133.380776 64.651821 156.110432 238.702048 101.361348 129.472324 55.849736 141.869036 116.606727 236.902874 80.740690
154.253805 133.448603 64.669926 156.439534 238.697284 101.636807 129.686989 55.870849 141.899809 116.474254 237.146591 80.687285
154.135650 133.515543 64.687866 156.765641 238.692577 101.908966 129.904141 55.892207 141.928591 116.350353 237.385350 80.631181
154.022715 133.579526 64.711158 157.096398 238.687888 102.180125 130.121193 55.913555 141.957757 116.224797 237.623673 80.562942
153.910700 133.645265 64.737613 157.426539 238.686161 102.450173 130.334066 55.934492 141.988620 116.091934 237.860073 80.495253
153.795159 133.716050 64.763932 157.754986 238.693148 102.721383 130.548531 55.955586 142.018760 115.962189 238.098300 80.427042
153.682688 133.784955 64.790482 158.086324 238.700145 102.992992 130.762400 55.976620 142.049872 115.828255 238.330497 80.355906
153.564759 133.857203 64.816777 158.414473 238.707188 103.266402 130.969013 55.947017 142.080807 115.559740 238.559473 80.268474
153.460474 133.921093 64.842896 158.740428 238.714256 103.540811 131.177031 55.872386 142.077221 115.429489 238.790410 80.180294
153.367189 133.978243 64.869063 159.066981 238.721354 103.816319 131.380436 55.799409 142.089519 115.201469 239.022281 80.091757
153.290787 134.025050 64.895350 159.395030 238.728417 104.090528 131.581299 55.727344 142.102276 115.064261 239.249644 79.998364
153.224513 134.065801 64.921605 159.722679 238.735551 104.367437 131.783669 55.654739 142.114894 114.928547 239.491094 79.872836
153.169776 134.099540 64.947820 160.049831 238.742532 104.638447 131.990116 55.581081 142.127327 114.794823 239.697105 79.715039
153.122444 134.128713 64.980371 160.379711 238.749511 104.909357 132.202452 55.563983 142.139668 114.662096 239.884601 79.523759
153.071367 134.160196 65.014643 160.707826 238.756600 105.184565 132.422261 55.570304 142.151851 114.531061 240.030309 79.299707
153.029484 134.186012 65.049103 161.037731 238.773957 105.458187 132.635407 55.592939 142.174020 114.333908 240.137943 79.050977
152.986154 134.212720 65.083282 161.364951 238.791897 105.718369 132.851829 55.617396 142.191569 114.200054 240.190837 78.779074
152.941036 134.240529 65.117689 161.694359 238.808763 105.962989 133.064972 55.641483 142.209586 114.062630 240.203894 78.505191
152.898132 134.266975 65.152211 162.024861 238.825176 106.201023 133.280501 55.665839 142.227252 113.927883 240.244659 78.241277
152.857356 134.292108 65.186566 162.353772 238.840288 106.420203 133.501096 55.690767 142.243995 113.800176 240.373641 78.006133
152.821772 134.314041 65.220880 162.682284 238.870330 106.619301 133.716227 55.715079 142.274040 113.568161 240.557957 77.835370
152.787210 134.335344 65.255225 163.011096 238.915376 106.793160 133.932848 55.739558 142.291048 113.435346 240.765720 77.773780
152.749583 134.358537 65.289466 163.338912 238.946977 106.915133 134.149470 55.764038 142.308412 113.299753 240.958056 77.766441
152.716383 134.379000 65.323562 163.665336 238.970980 107.007774 134.362260 55.804340 142.324836 113.171501 241.123853 77.788817
152.698700 134.389900 65.357793 163.993053 238.988712 107.076214 134.573892 55.870055 142.341997 113.037495 241.258830 77.807033
152.670889 134.403129 65.391962 164.320174 239.001478 107.125487 134.765087 55.926826 142.359119 112.903787 241.361994 77.820956
152.650367 134.412594 65.421768 164.651114 239.008777 107.153657 134.925082 55.966746 142.376737 112.766210 241.446132 77.832311
152.633204 134.420510 65.448315 164.977436 239.011109 107.162660 135.045491 55.996789 142.394101 112.630618 241.498160 77.839333
152.617858 134.427588 65.474847 165.303558 239.012037 107.166242 135.130291 56.017947 142.410855 112.499786 241.534233 77.844201
152.607597 134.432321 65.501840 165.635362 239.013367 107.171372 135.185789 56.031794 142.427330 112.371137 241.550684 77.846421
152.590343 134.440278 65.528704 165.965571 239.019511 107.195089 135.209075 56.037604 142.444135 112.239908 241.556531 77.847210
152.579537 134.445262 65.555219 166.291494 239.028440 107.229551 135.272322 56.141124 142.498612 112.009395 241.559801 77.847652
152.575451 134.447147 65.581863 166.619012 239.042009 107.281922 135.258735 56.199052 142.542908 111.886749 241.561089 77.847826
152.570820 134.449283 65.608589 166.947527 238.980601 107.529962 135.240169 56.278204 142.643988 111.319391 241.561684 77.847906
152.570003 134.449660 65.635234 167.275045 238.937609 107.613554 135.234566 56.379436 142.663931 111.192347 241.561882 77.847933
152.569730 134.449786 65.662081 167.605055 238.890272 107.705594 135.234829 56.501536 142.684106 111.063821 241.562080 77.847959
152.569549 134.449869 65.684857 167.934243 238.836622 107.809907 135.258174 56.637445 142.704608 110.933220 241.562179 77.847973
152.569549 134.449869 65.703429 168.260215 238.779476 107.926779 135.291467 56.785139 142.725729 110.798668 241.562576 77.848026
152.569549 134.449869 65.755086 168.587480 238.769890 108.050709 135.351987 56.944041 142.745982 110.669648 241.563369 77.848133
152.569458 134.449911 65.773770 168.915849 238.759247 108.188298 135.429593 57.114727 142.766514 110.538850 241.564062 77.848227
152.569367 134.449953 65.792426 169.243819 238.749299 108.316914 135.511753 57.295426 142.788847 110.405712 241.565252 77.848387
152.569186 134.450037 65.811161 169.573187 238.739296 108.446227 135.598166 57.485064 142.810624 110.278259 241.567135 77.848642
152.568731 134.450246 65.829617 169.897662 238.728862 108.581124 135.690882 57.682808 142.833191 110.146173 241.571198 77.849190
152.568277 134.450456 65.848534 170.230224 238.718427 108.716021 135.782919 57.879102 142.856197 110.011524 241.575459 77.849765
152.567642 134.450749 65.866391 170.559121 238.708132 108.849124 135.874107 58.073585 142.878519 109.876458 241.583090 77.850795
152.566643 134.451210 65.869825 170.888104 238.698122 108.978537 135.967799 58.273411 142.899075 109.747182 241.592009 77.851999
152.565008 134.451963 65.873276 171.218685 238.687981 109.109646 136.054269 58.471796 142.920447 109.612771 241.597955 77.852801
152.563555 134.452634 65.876710 171.547668 238.709789 109.256357 136.136367 58.676766 142.940625 109.485865 241.606478 77.853951
152.561739 134.453471 65.880139 171.876150 238.699730 109.386469 136.218804 58.882569 142.977232 109.259341 241.621244 77.855944
152.559742 134.454393 65.883591 172.206832 238.689192 109.522762 136.360122 59.043866 142.999879 109.122705 241.636208 77.857964
152.556836 134.455733 65.886976 172.531114 238.678708 109.658357 136.549850 58.936703 143.022395 108.986858 241.652758 77.860197
152.554384 134.456864 65.890387 172.857896 238.668086 109.795747 136.741933 58.828220 143.043422 108.859989 241.691804 77.865467
152.547846 134.459879 65.893836 173.188278 238.658590 109.926571 136.928541 58.722855 143.065906 108.724340 241.738580 77.871780
152.539583 134.463691 65.897261 173.516460 238.648620 110.077442 137.119329 58.615129 143.088044 108.587629 241.795365 77.879443
152.532500 134.466957 65.898188 173.846114 238.637496 110.245775 137.305501 58.510009 143.105114 108.457039 241.869989 77.889514
152.517062 134.474077 65.887290 174.175133 238.625541 110.426680 137.493938 58.403611 143.122261 108.325855 241.957793 77.901364
152.493907 134.484757 65.876321 174.506252 238.579842 110.617156 137.679936 58.298589 143.138981 108.197943 242.083712 78.130903
152.461125 134.499877 65.865472 174.833772 238.567526 110.803349 137.865935 58.193567 143.155700 108.070032 242.069559 78.220795
152.408458 134.524169 65.854550 175.163491 238.555025 110.992336 138.056271 58.089185 143.172576 107.940930 242.056587 78.303181
152.352810 134.544167 65.843585 175.494510 238.542279 111.185115 138.249278 57.987189 143.190384 107.804689 242.044098 78.382503
152.289046 134.557289 65.832746 175.821730 238.529826 111.373705 138.443876 57.884352 143.207156 107.676380 242.034094 78.449560
152.241737 134.567025 65.821910 176.148851 238.517604 111.558802 138.636530 57.782543 143.224122 107.546584 242.026196 78.504596
152.186005 134.578495 65.811095 176.475372 238.505330 111.744697 138.825204 57.682837 143.257148 107.320686 242.019917 78.548348
152.135073 134.588977 65.800206 176.804091 238.492693 111.936080 139.014675 57.582710 143.277822 107.183839 242.014292 78.587546
152.082491 134.600324 65.789373 177.131112 238.480353 112.122973 139.203880 57.482723 143.297287 107.055000 242.010286 78.615460
152.032190 134.612696 65.776895 177.460175 238.467960 112.310664 139.397506 57.380400 143.316571 106.927349 242.006664 78.640701
151.981404 134.625188 65.764085 177.788225 238.455158 112.504542 139.586800 57.280367 143.336247 106.792277 242.005030 78.652085
151.935667 134.636437 65.751323 178.115076 238.442036 112.694787 139.782636 57.176876 143.355190 106.655785 242.003510 78.662676
151.895173 134.646396 65.738572 178.441627 238.429034 112.881829 139.975555 57.074926 143.373101 106.526722 242.003084 78.665646
151.852058 134.657001 65.725805 178.768578 238.416812 113.071135 140.168208 56.973117 143.391701 106.392707 242.002942 78.666636
151.802632 134.669158 65.717958 179.095081 238.404771 113.257647 140.359182 56.872196 143.410313 106.258592 242.002928 78.666735
151.760063 134.679469 65.707728 179.427723 238.395397 113.402845 140.553776 56.783084 143.428363 106.128539 242.002928 78.666735
151.736600 134.684973 65.697527 179.756565 238.387955 113.518105 140.837417 56.859765 143.448820 105.996820 242.002928 78.666735
151.716544 134.689677 65.687210 180.089105 238.383213 113.591552 141.008880 56.985175 143.470197 105.860789 242.002928 78.666735
151.697268 134.694199 65.676977 180.418946 238.379857 113.643544 141.166251 57.133712 143.490830 105.729500 242.002928 78.666735
151.670202 134.700548 65.666754 180.748488 238.122029 113.786001 141.325368 57.283896 143.510811 105.602361 242.002928 78.666735
151.653262 134.704522 65.670727 181.075613 238.038261 113.815466 141.484703 57.434286 143.538840 105.407514 242.002928 78.666735
151.642455 134.707057 65.681831 181.407528 237.938270 113.833161 141.641202 57.581999 143.552832 105.276861 242.002928 78.666735
151.636614 134.708427 65.692885 181.737943 237.816160 113.847933 141.798719 57.730673 143.566589 105.148396 242.002928 78.666735
151.634959 134.708815 65.703939 182.068358 237.679655 113.864446 141.939914 57.898179 143.580986 105.013965 242.002928 78.666735
151.633888 134.709066 65.714953 182.397574 237.549107 113.880239 142.061565 58.074968 143.595393 104.879434 242.002928 78.666735
151.633401 134.709181 65.725991 182.727489 237.411910 113.895095 142.183612 58.252333 143.609523 104.747488 242.002928 78.666735
151.633109 134.709249 65.737021 183.057205 237.277577 113.909465 142.411668 58.355963 143.656059 104.622722 242.002928 78.666735
151.633109 134.709249 65.748142 183.389619 237.141155 113.924058 142.631152 58.383461 143.670359 104.489185 242.002928 78.666735
151.633109 134.709249 65.759159 183.718934 237.011395 113.937938 142.848850 58.410734 143.684138 104.360521 242.002928 78.666735
151.633109 134.709249 65.786279 184.080012 236.783399 113.961371 143.066975 58.438524 143.698194 104.229271 242.002928 78.666735
151.633109 134.709249 65.822470 184.408122 236.652086 113.974825 143.279664 58.476771 143.712154 104.098917 242.002928 78.666735
151.633109 134.709249 65.858673 184.736332 236.516203 113.988806 143.497175 58.515884 143.722929 103.998292 242.002928 78.666735
151.633109 134.709249 65.894952 185.065237 236.386389 114.002162 143.711734 58.554467 143.729521 103.936744 242.002928 78.666735
151.633109 134.709249 65.930086 185.391651 236.250804 114.016110 143.900309 58.588377 143.733418 103.900352 242.002928 78.666735
151.633109 134.709249 65.971789 185.718416 236.119298 114.029639 144.047252 58.614801 143.736037 103.875892 242.002928 78.666735
151.633109 134.709249 66.030655 186.040683 235.981227 114.043842 144.156008 58.634358 143.736815 103.868633 242.002928 78.666735
151.633109 134.709249 66.091802 186.366890 235.846854 114.057842 144.236418 58.648818 143.736942 103.867440 242.002928 78.666735
151.633109 134.709249 66.162519 186.691137 235.620035 114.076620 144.282873 58.657171 143.736974 103.867142 242.002928 78.666735
151.633109 134.709249 66.237850 187.014889 235.482817 114.089088 144.410699 58.650225 143.737006 103.866844 242.002928 78.666735
151.633109 134.709249 66.318075 187.331583 235.354411 114.101456 144.482199 58.672869 143.738604 103.851929 242.002928 78.666735
151.632817 134.709318 66.408516 187.645931 235.216748 114.114715 144.573719 58.701854 143.742895 103.811858 242.002928 78.666735
151.632525 134.709386 66.500146 187.964412 235.079156 114.129570 144.678013 58.734884 143.830155 103.487246 242.002928 78.666735
151.631357 134.709660 66.595138 188.280515 234.947576 114.145156 144.800612 58.773710 143.857724 103.415672 242.002928 78.666735
151.629799 134.710025 66.695562 188.595388 234.815003 114.160863 144.935353 58.818680 143.888637 103.331704 242.002928 78.666735
151.624444 134.711282 66.800859 188.910312 234.678576 114.177181 145.081993 58.875600 143.937316 103.171241 242.002928 78.666735
151.620647 134.712172 66.911051 189.222219 234.545127 114.193143 145.242431 58.937875 143.966479 103.052782 242.002928 78.666735
151.611593 134.714296 67.021343 189.534410 234.415948 114.208595 145.405709 59.036673 143.998171 102.922377 242.002928 78.666735
151.599521 134.717128 67.132135 189.848015 234.281407 114.224688 145.596724 59.104774 144.029910 102.791779 242.002928 78.666735
151.589006 134.719594 67.241828 190.158508 234.144582 114.241054 145.803358 59.169720 144.058600 102.662363 242.002928 78.666735
151.579173 134.721901 67.368109 190.462776 234.007360 114.257467 146.020677 59.238023 144.073838 102.527521 242.002928 78.666735
151.566322 134.724915 67.501244 190.767240 233.872452 114.272073 146.250493 59.310254 144.088436 102.398343 242.002928 78.666735
151.532344 134.732886 67.633298 191.069230 233.738474 114.286003 146.496392 59.386600 144.103921 102.261315 242.002928 78.666735
151.487365 134.743436 67.765552 191.371678 233.600915 114.300304 146.756223 59.453880 144.119148 102.126573 242.002928 78.666735
151.426701 134.763885 67.917968 191.677398 233.466042 114.314327 147.018377 59.521761 144.134364 101.991930 242.002928 78.666735
151.348007 134.798820 68.079150 191.967189 233.336441 114.327801 147.281155 59.588339 144.149816 101.855200 242.002928 78.666735
151.263244 134.855751 68.238388 192.253484 233.209433 114.353649 147.535769 59.645724 144.169277 101.727899 242.002928 78.666735
151.203079 134.913072 68.398647 192.541615 233.079272 114.381940 147.756004 59.691777 144.189709 101.600831 242.002928 78.666735
151.152920 134.977162 68.559829 192.831406 232.953401 114.409249 147.947474 59.720419 144.178187 101.464652 242.002928 78.666735
151.114815 135.051936 68.743426 193.101690 232.819406 114.439191 148.119163 59.746103 144.200087 101.328400 242.002928 78.666735
151.086949 135.125431 68.928786 193.372293 232.684434 114.469351 148.259689 59.764874 144.220955 101.198567 242.002928 78.666735
151.082196 135.184473 69.112280 193.640173 232.465836 114.524271 148.374496 59.777513 144.242363 101.065376 242.002871 78.667131
151.079444 135.240906 69.297724 193.906570 232.334174 114.560290 148.465248 59.787503 144.261710 100.938363 242.002629 78.668813
151.085560 135.285307 69.484132 194.168390 232.205599 114.595464 148.530354 59.794671 144.276398 100.806478 242.002061 78.672773
151.094041 135.318335 69.670946 194.430781 232.075383 114.631087 148.580253 59.800164 144.291353 100.672208 242.001209 78.678712
151.101875 135.348845 69.860080 194.696430 231.946615 114.666314 148.618621 59.804388 144.305942 100.541218 241.999589 78.689996
151.104486 135.359016 70.055116 194.959252 231.825658 114.709694 148.648938 59.807725 144.324643 100.405018 241.998595 78.696925
151.105555 135.363180 70.259853 195.215122 231.699260 114.763819 148.670706 59.810122 144.344527 100.272704 241.996265 78.713159
151.106476 135.366764 70.465840 195.472555 231.580399 114.814717 148.684026 59.811588 144.363921 100.143653 241.992927 78.736421
151.107296 135.369961 70.670827 195.728738 231.459515 114.866481 148.695162 59.812779 144.383047 100.016382 241.987146 78.776708
151.107470 135.370639 70.895918 195.971466 231.339184 114.918008 148.704814 59.813750 144.412176 99.789643 241.978637 78.836001
151.107520 135.370832 71.119537 196.209915 231.226613 114.987244 148.717450 59.815022 144.429336 99.659873 241.967912 78.910735
151.107520 135.370832 71.343430 196.448656 231.036363 115.114936 148.734066 59.816694 144.459192 99.436236 241.955155 78.999624
151.107520 135.370832 71.569990 196.690242 230.927890 115.193609 148.755856 59.818887 144.476698 99.308227 241.939387 79.109499
151.107520 135.370832 71.801507 196.922569 230.738763 115.315076 148.783815 59.821700 144.495221 99.172788 241.923136 79.222739
151.107520 135.370832 72.034754 197.155447 230.622151 115.378617 148.816052 59.824945 144.513050 99.037057 241.904101 79.355380
151.107520 135.370832 72.273021 197.385838 230.505626 115.442110 148.859355 59.829058 144.529406 98.902447 241.855767 79.653218
151.107520 135.370832 72.522051 197.598843 230.386190 115.512023 148.898834 59.832152 144.560199 98.677396 241.822641 79.812204
151.107520 135.370832 72.770244 197.811134 230.266782 115.582391 148.926848 59.834347 144.578699 98.548113 241.788597 79.975595
151.107520 135.370832 73.028608 198.010885 230.154525 115.648545 148.958850 59.836854 144.598260 98.411405 241.751759 80.152398
151.107520 135.370832 73.288995 198.210998 230.035203 115.718863 148.982178 59.838682 144.616944 98.280835 241.711881 80.343788
151.107520 135.370832 73.553423 198.413882 229.840164 115.824081 148.988559 59.839182 144.635882 98.148483 241.669883 80.545359
151.107520 135.370832 73.825035 198.599538 229.724576 115.891870 148.990652 59.839346 144.654669 98.011167 241.625620 80.757797
151.107520 135.370832 74.099948 198.787452 229.608815 115.959760 148.990951 59.839369 144.671489 97.877723 241.577971 80.986485
151.107520 135.370832 74.374614 198.975196 229.489517 116.029724 148.991151 59.839385 144.688722 97.741005 241.493531 81.391476
151.107520 135.370832 74.645647 199.160458 229.372807 116.098171 148.991151 59.839385 144.716208 97.542195 241.438575 81.652657
151.107520 135.370832 74.919570 199.347694 229.256874 116.166162 148.997631 59.839893 144.736716 97.413519 241.382858 81.917458
151.107520 135.370832 75.192254 199.534085 229.144564 116.232029 149.015576 59.841299 144.758317 97.277928 241.326008 82.187642
151.107520 135.370832 75.475881 199.697342 229.033202 116.297339 149.033720 59.842720 144.793235 97.054426 241.269075 82.458217
151.107520 135.370832 75.763337 199.852590 228.919339 116.364116 149.073797 59.845860 144.813189 96.917876 241.212204 82.728499
151.107520 135.370832 76.053608 200.009359 228.800473 116.433827 149.113775 59.848993 144.831841 96.790232 241.155375 82.998585
151.107520 135.370832 76.345112 200.166794 228.683763 116.502273 149.336684 59.868185 144.864159 96.561266 241.099530 83.260995
151.107520 135.370832 76.633359 200.322470 228.569641 116.569202 149.407580 59.874749 144.880038 96.431850 241.030801 83.528301
151.107520 135.370832 76.927157 200.474346 228.447603 116.623724 149.493017 59.882634 144.894458 96.298327 240.962570 83.793670
151.107520 135.370832 77.226564 200.620557 228.187034 116.756537 149.592939 59.891309 144.908512 96.168183 240.894713 84.057586
151.107520 135.370832 77.521118 200.764399 228.063716 116.820240 149.714672 59.900768 144.925916 96.035654 240.827180 84.320243
151.107520 135.370832 77.818369 200.909557 227.944041 116.882062 149.847970 59.911126 144.945513 95.907544 240.758974 84.585515
151.107520 135.370832 78.115439 201.054627 227.826676 116.942691 149.999414 59.922893 144.965654 95.775876 240.691614 84.847494
151.108017 135.372769 78.410174 201.198557 227.702220 116.959721 150.167847 59.935420 144.983772 95.645444 240.622512 85.116252
151.110082 135.380809 78.706076 201.341443 227.568660 116.928329 150.349907 59.948092 145.000337 95.507838 240.554256 85.381718
151.115653 135.402505 79.005695 201.483524 227.441135 116.898355 150.551120 59.962098 145.016125 95.376685 240.486772 85.644181
151.129466 135.428839 79.305525 201.618224 227.308548 116.867192 150.763307 59.976867 145.032606 95.239773 240.421966 85.909248
151.153746 135.467673 79.604713 201.752408 227.173007 116.841644 150.986167 59.992380 145.048537 95.107429 240.360851 86.177269
151.192307 135.524026 79.906820 201.887902 227.051843 116.825761 151.223693 60.008913 145.096911 94.976153 240.300203 86.443242
151.264038 135.574134 80.208288 202.023109 226.959930 116.813712 151.471892 60.026189 145.103523 94.846121 240.238932 86.711945
151.352575 135.617444 80.509209 202.158071 226.879319 116.803144 151.722922 60.087928 145.110491 94.709098 240.178240 86.978113
151.444495 135.652682 80.809947 202.292951 226.824290 116.795931 151.988923 60.154479 145.117037 94.580364 240.117303 87.245353
151.540546 135.649600 81.113149 202.428936 226.640221 116.724570 152.257253 60.221613 145.123674 94.449833 240.057055 87.509571
151.643654 135.623451 81.414617 202.564143 226.603030 116.641626 152.526552 60.288989 145.130446 94.318708 239.996807 87.773789
151.733203 135.581394 81.715356 202.699023 226.558311 116.541893 152.795949 60.356390 145.137794 94.182806 239.976879 88.048862
151.813688 135.528336 82.015273 202.833534 226.505327 116.423728 153.060747 60.423891 145.145105 94.047604 239.961088 88.322206
151.876351 135.443540 82.316598 202.968817 226.451116 116.302826 153.321243 60.505901 145.151746 93.924783 239.945187 88.597447
151.929882 135.349395 82.620261 203.105240 226.398296 116.185026 153.580880 60.587640 145.156562 93.835713 239.929373 88.871191
151.957393 135.243023 82.921552 203.240597 226.345271 116.066769 153.838905 60.676860 145.160104 93.770209 239.913778 89.141141
151.959828 135.138130 83.219651 203.374520 226.288850 115.940940 154.093380 60.786779 145.162738 93.723285 239.897987 89.414485
151.928207 135.038786 83.518571 203.508811 226.248394 115.758930 154.347947 60.896737 145.165252 93.695699 239.882346 89.685233
151.880835 134.960745 83.821596 203.644947 226.237866 115.620931 154.602239 61.006576 145.166015 93.687334 239.866417 89.960974
151.811375 134.889502 84.122705 203.780222 226.231474 115.492548 154.855889 61.116137 145.166450 93.682553 239.854595 90.232683
151.727009 134.832457 84.421624 203.914514 226.229568 115.355362 155.108161 61.225104 145.166677 93.680064 239.861556 90.502993
151.639813 134.775409 84.722004 204.049461 226.231212 115.220511 155.362086 61.334784 145.166704 93.679765 239.868543 90.774303
151.564600 134.726200 85.024390 204.185310 226.235962 115.089497 155.612797 61.443077 145.166713 93.679665 239.875675 91.051211
151.460317 134.682322 85.324039 204.319929 226.208702 114.960530 155.865441 61.552190 145.166713 93.679665 239.882763 91.326420
151.341384 134.636651 85.623507 204.454467 226.215639 114.831316 156.119683 61.647444 145.166713 93.679665 239.889755 91.597930
151.220024 134.590049 85.924911 204.589816 226.223412 114.696641 156.376266 61.743575 145.166713 93.679665 239.896786 91.870939
151.095304 134.542156 86.226656 204.725140 226.230752 114.564145 156.632756 61.839671 145.166713 93.679665 239.903809 92.143649
150.974877 134.495912 86.529952 204.861159 226.237139 114.428295 156.891586 61.936645 145.167548 93.670503 239.914758 92.419207
150.844263 134.461041 86.832518 204.996851 226.243504 114.296049 157.156228 62.011880 145.169563 93.648395 239.928999 92.690333
150.713210 134.428222 87.136362 205.133116 226.250597 114.160033 157.427110 62.071663 145.172404 93.617224 239.943250 92.961659
150.581575 134.395256 87.436920 205.267908 226.257729 114.023820 157.694500 62.129986 145.317978 93.548440 239.957574 93.234383
150.452888 134.364633 87.739851 205.403764 226.265020 113.885512 157.962207 62.169446 145.388733 93.550970 239.972314 93.504780
150.325619 134.337642 88.038768 205.537819 226.272247 113.747801 158.230155 62.205628 145.480974 93.554269 239.989145 93.776459
150.196295 134.310215 88.339783 205.672815 226.279326 113.612887 158.501306 62.205628 145.588005 93.558097 240.006197 94.049527
150.065542 134.281422 88.641710 205.808221 226.286431 113.477473 158.776748 62.239362 145.713625 93.562589 240.019658 94.322396
149.935922 134.252042 88.944267 205.943438 226.293578 113.341261 159.048319 62.272622 145.840944 93.567142 239.987942 94.590527
149.800160 134.230247 89.249605 206.076070 226.300793 113.203750 159.323661 62.306344 145.975757 93.571963 239.955392 94.865709
149.671804 134.209642 89.550173 206.206631 226.307772 113.070733 159.597317 62.339859 146.105375 93.576599 239.923664 95.133939
149.541472 134.188719 89.853125 206.338228 226.314788 112.937017 159.968115 62.391200 146.326399 93.577947 239.891818 95.403162
149.411931 134.167924 90.155523 206.469597 226.304789 112.804764 160.240921 62.431041 146.460898 93.577426 239.848301 95.673318
149.278022 134.145347 90.426903 206.623528 226.258115 112.677024 160.510462 62.470406 146.585797 93.576941 239.794450 95.932176
149.150483 134.123481 90.727280 206.754028 226.213063 112.553695 160.782675 62.510160 146.722496 93.576411 239.739641 96.195635
149.020677 134.101225 91.030958 206.885963 226.167257 112.428299 161.057163 62.550247 146.852395 93.575908 239.679694 96.453390
148.883873 134.077770 91.336195 207.018576 226.122239 112.305065 161.435152 62.650262 146.977894 93.575421 239.546967 96.788552
148.756926 134.056005 91.667205 207.163923 226.075471 112.177039 161.696909 62.727448 147.105793 93.574925 239.464536 97.042509
148.625641 134.033496 91.968927 207.301964 226.029047 112.049953 161.959913 62.805001 147.236192 93.574420 239.380716 97.300747
148.489035 134.010074 92.266648 207.438173 225.983274 111.924652 162.222053 62.882300 147.367091 93.573912 239.299242 97.551755
148.354596 133.987025 92.568370 207.576214 225.937309 111.798782 162.486592 62.960306 147.505690 93.573375 239.218355 97.800956
148.221148 133.964119 92.868000 207.713297 225.892685 111.676574 162.754546 63.029898 147.643689 93.572840 239.134659 98.058813
148.088125 133.941100 93.169631 207.851296 225.855707 111.546702 163.023894 63.096246 147.780888 93.572308 239.053000 98.310392
147.955791 133.918201 93.466897 207.987297 225.839457 111.414396 163.286058 63.160824 147.910287 93.571806 238.984388 98.564973
147.821389 133.894944 93.767801 208.124963 225.822622 111.277326 163.548901 63.225569 148.038986 93.571307 238.925141 98.820391
147.686986 133.871687 94.069068 208.262795 225.806276 111.144126 163.817376 63.291701 148.167585 93.570809 238.865013 99.079609
147.556919 133.849180 94.368608 208.399837 225.789863 111.010228 164.085463 63.357737 148.300184 93.570295 238.804429 99.341594
147.423206 133.826043 94.666823 208.538070 225.773243 110.874643 164.347820 63.422363 148.430946 93.583490 238.749496 99.588756
147.295800 133.803996 94.968225 208.679653 225.757316 110.744715 164.616101 63.488447 148.565132 93.616556 238.734111 99.845290
147.162481 133.780927 95.268270 208.820599 225.741536 110.615979 164.881080 63.553718 148.691357 93.647659 238.728581 100.092929
147.034877 133.758846 95.566051 208.960481 225.725379 110.484165 165.144506 63.618607 148.823018 93.680102 238.723386 100.325571
146.903529 133.736118 95.864286 209.100576 225.708966 110.350267 165.407058 63.683280 149.048173 93.730372 238.718012 100.566211
146.772772 133.713492 96.160619 209.239779 225.692930 110.219446 165.673688 63.748958 149.160470 93.751673 238.712915 100.794454
146.638173 133.690201 96.461388 209.381064 225.676590 110.086144 165.943231 63.815353 149.252922 93.769210 238.708229 101.004301
146.512835 133.668512 96.756806 209.524147 225.664976 109.955594 166.211318 63.881390 149.334173 93.784623 238.704939 101.194173
146.380009 133.645528 97.043613 209.692367 225.667417 109.823816 166.474647 63.946255 149.407171 93.798470 238.701456 101.395543
146.250632 133.623141 97.327141 209.858666 225.669866 109.691639 166.737781 64.011071 149.568453 93.736601 238.698014 101.594613
146.119481 133.600446 97.612999 210.026330 225.672292 109.560662 166.999524 64.082763 149.620073 93.681504 238.694619 101.790884
145.986655 133.577462 97.899633 210.194450 225.674839 109.423185 167.266716 64.157321 149.670941 93.627211 238.691405 101.976756
145.857376 133.555092 98.183162 210.360748 225.677327 109.288908 167.527841 64.230185 149.721262 93.573500 238.688611 102.138332
145.727407 133.532602 98.466260 210.526793 225.679838 109.153332 167.792625 64.304071 149.775616 93.515485 238.686031 102.287509
