234.756338 70.235923 107.010100 224.889700 125.308300 172.605900 241.392418 77.825062 176.035100 141.918100 174.701900 254.462908
234.747227 70.505869 107.028997 224.903159 125.321157 172.588918 241.532152 77.843920 176.057469 141.924254 175.040484 254.511284
234.735196 70.781604 107.060274 224.925436 125.343129 172.559897 241.639380 77.858392 176.101242 141.936298 175.283196 254.630250
234.725247 71.057622 107.106621 224.958446 125.377656 172.514293 241.741454 77.872167 176.158225 141.951975 175.524483 254.747787
234.715918 71.331764 107.168932 225.002826 125.422444 172.455135 241.822817 77.883148 176.232659 141.972455 175.772332 254.861285
234.706575 71.606305 107.248544 225.058536 125.476588 172.383620 241.911215 77.895078 176.322520 141.997178 176.030642 254.925401
234.697242 71.880546 107.348593 225.117436 125.539666 172.300305 242.092282 78.076473 176.429158 142.026517 176.306450 254.940710
234.688002 72.152089 107.456054 225.180700 125.602176 172.200737 242.078860 78.161723 176.556525 142.061560 176.572919 254.924720
234.678815 72.422032 107.536025 225.227780 125.647064 172.121349 242.064986 78.249838 176.681371 142.130085 176.837438 254.852405
234.670465 72.696105 107.589119 225.257992 125.675070 172.071819 242.051875 78.333112 176.810102 142.165449 177.093596 254.766121
234.662362 72.966384 107.707696 225.312459 125.689984 172.045443 242.039867 78.409372 176.939315 142.200946 177.348430 254.676767
234.654133 73.240860 107.798382 225.345154 125.679533 171.966995 242.028767 78.486679 177.067018 142.233128 177.604817 254.575711
234.645963 73.513338 107.907318 225.384430 125.621576 171.929552 242.017602 78.564482 177.198798 142.265925 177.849639 254.451484
234.637815 73.785116 108.032434 225.429539 125.552947 171.880469 242.008397 78.628625 177.328055 142.298093 178.058739 254.273485
234.629577 74.059892 108.151218 225.483227 125.474971 171.810151 242.001024 78.679999 177.439360 142.325794 178.229961 254.061208
234.621440 74.331270 108.259751 225.538726 125.386597 171.730457 241.994248 78.727215 177.522717 142.346539 178.344055 253.815117
234.613184 74.606646 108.329199 225.574238 125.286045 171.639780 241.988296 78.768690 177.581232 142.361102 178.428009 253.553685
234.604904 74.882822 108.376031 225.598185 125.191038 171.546611 241.982657 78.807988 177.620242 142.370811 178.499926 253.285705
234.596699 75.156499 108.525120 225.678116 125.097203 171.452355 241.978026 78.840257 177.677478 142.522005 178.544628 253.016517
234.588583 75.427178 108.583119 225.736083 125.008801 171.363557 241.975540 78.857580 177.666628 142.593284 178.575627 252.746491
234.580354 75.701654 108.655830 225.808753 124.942059 171.296515 241.974062 78.867874 177.653250 142.681171 178.606273 252.479544
234.572092 75.977231 108.743041 225.895915 124.897329 171.251584 241.972045 78.881930 177.637102 142.787249 178.633645 252.208373
234.563791 76.254106 108.839446 225.992267 124.880467 171.234647 241.971477 78.885890 177.618337 142.910529 178.653917 251.931916
234.555693 76.524185 108.933800 226.086569 124.808361 171.228210 241.971136 78.888265 177.597509 143.047353 178.674013 251.657851
234.547551 76.795763 109.031408 226.184123 124.767433 171.270984 241.971037 78.888958 177.577359 143.179627 178.694044 251.384685
234.539349 77.069340 109.193057 226.345625 124.717449 171.323222 241.970994 78.889255 177.556494 143.316344 178.714253 251.109326
234.500130 78.096392 109.290660 226.443183 124.662642 171.380672 241.969190 78.901826 177.538585 143.433685 178.744575 250.837109
234.487175 78.368884 109.385335 226.536015 124.605754 171.440001 241.966818 78.918357 177.525067 143.522260 178.775140 250.562706
234.473963 78.641364 109.483437 226.630351 124.546678 171.496580 241.963877 78.938847 177.513842 143.595950 178.805185 250.292975
234.460415 78.913126 109.579881 226.723092 124.500168 171.541125 241.961661 78.954289 177.502740 143.669315 178.835341 250.022249
234.446808 79.186087 109.742804 226.879724 124.472797 171.567340 241.960795 78.960327 177.497354 143.704910 178.865585 249.750728
234.433325 79.456551 109.840262 226.973431 124.364861 171.636082 241.960454 78.962703 177.474803 143.855255 178.924400 249.561260
234.419887 79.726117 110.015516 227.121110 124.302058 171.689580 241.960312 78.963692 177.464808 143.922112 178.967007 249.317861
234.406194 80.000776 110.129270 227.197458 124.230653 171.750406 241.960283 78.963890 177.453141 144.000145 179.002717 249.113863
234.392721 80.271040 110.244021 227.274474 124.115844 171.861152 241.960269 78.963989 177.441061 144.080947 179.031357 248.950251
234.378900 80.548296 110.354953 227.348926 124.093744 171.885794 241.960269 78.963989 177.430416 144.152155 179.052514 248.829389
234.362845 80.825170 110.465718 227.423267 124.088136 171.892047 241.960269 78.963989 177.418247 144.233551 179.066877 248.747336
234.332044 81.099949 110.575238 227.496772 124.081860 171.899045 241.960269 78.963989 177.406625 144.311287 179.076688 248.691288
234.301320 81.374033 110.688245 227.572618 124.080925 171.900087 241.960269 78.963989 177.394737 144.390803 179.082947 248.655532
234.273592 81.644817 110.797267 227.645788 124.080858 171.900162 241.960269 78.963989 177.383766 144.464187 179.099479 248.539651
234.245609 81.918188 110.990670 227.774734 124.080858 171.900162 241.960269 78.963989 177.371465 144.546473 179.107545 248.466293
234.218013 82.187779 111.100269 227.846673 124.080858 171.900162 241.960269 78.963989 177.360346 144.620846 179.118135 248.369973
234.189735 82.464036 111.210453 227.918996 124.080858 171.900162 241.960269 78.963989 177.349434 144.693835 179.131085 248.252183
234.161559 82.739298 111.329400 227.982099 124.080858 171.900162 241.960269 78.963989 177.338596 144.766330 179.145752 248.118787
234.115025 83.012129 111.528829 228.085936 124.080858 171.900162 241.960269 78.963989 177.327772 144.838725 179.161609 247.974556
234.068660 83.278930 111.645300 228.145353 124.080858 171.900162 241.960269 78.963989 177.316328 144.915274 179.179336 247.813328
234.021404 83.550854 111.773065 228.197508 124.080858 171.900162 241.960269 78.963989 177.304056 144.997362 179.198297 247.640867
233.974098 83.823074 111.901998 228.202332 124.080858 171.900162 241.960269 78.963989 177.292774 145.072823 179.218887 247.453595
233.917983 84.094768 112.035949 228.188662 124.080858 171.900162 241.960269 78.963989 177.282735 145.139977 179.240985 247.252607
233.851645 84.362574 112.172221 228.171892 124.080858 171.900162 241.960269 78.963989 177.275504 145.188339 179.264919 247.034918
233.785980 84.627662 112.302624 228.144301 124.080858 171.900162 241.960269 78.963989 177.250871 145.381984 179.290470 246.802519
233.719641 84.895468 112.428456 228.105767 124.080858 171.900162 241.960269 78.963989 177.242571 145.460949 179.317508 246.556601
233.654673 85.157742 112.554819 228.052797 124.080858 171.900162 241.960269 78.963989 177.234251 145.540113 179.346076 246.296766
233.588671 85.424189 112.678546 227.992585 124.080858 171.900162 241.960269 78.963989 177.225919 145.619376 179.375474 246.026863
233.522597 85.690927 112.800422 227.938465 124.080858 171.900162 241.960269 78.963989 177.218080 145.693965 179.405956 245.746515
233.457076 85.955432 112.922045 227.887422 124.080858 171.900162 241.960269 78.963989 177.209947 145.771339 179.437351 245.453293
233.383307 86.267602 113.041073 227.838509 124.080858 171.900162 241.960269 78.963989 177.202212 145.844933 179.471087 245.152390
233.307044 86.529213 113.165817 227.791236 124.080858 171.900162 241.960269 78.963989 177.194132 145.921810 179.508807 244.837643
233.230641 86.791304 113.295680 227.743022 124.076118 171.905448 241.960269 78.963989 177.185696 146.002068 179.548115 244.510294
233.154154 87.053682 113.430301 227.716548 124.057156 171.926590 241.960269 78.963989 177.176999 146.084812 179.582797 244.170664
233.073794 87.318085 113.563348 227.708520 124.033387 171.953093 241.960269 78.963989 177.170821 146.143588 179.621114 243.822668
232.986119 87.573770 113.700562 227.729439 123.953226 171.911289 241.960269 78.963989 177.149910 146.322954 179.660450 243.467540
232.898444 87.829456 113.834012 227.761546 123.908501 171.853594 241.960269 78.963989 177.139252 146.404057 179.700975 243.101677
232.808498 88.091550 113.955724 227.807787 123.822838 171.743291 241.960269 78.963989 177.129311 146.479706 179.742777 242.724285
232.705124 88.348645 114.082951 227.856124 123.755333 171.657074 241.960269 78.963989 177.119487 146.554464 179.785427 242.339240
232.604287 88.599432 114.211674 227.905028 123.680262 171.555789 241.960269 78.963989 177.109950 146.627040 179.831566 241.914263
232.503487 88.850126 114.425393 228.005664 123.607712 171.437148 241.960269 78.963989 177.100061 146.702293 179.875430 241.508125
232.389003 89.102516 114.545717 228.072417 123.528404 171.299339 241.960269 78.963989 177.090550 146.774670 179.920239 241.093238
232.274406 89.348756 114.659045 228.135289 123.441365 171.148096 241.960141 78.964880 177.085586 146.812446 179.965939 240.670099
232.160021 89.594543 114.773860 228.198985 123.344749 170.980212 241.959630 78.968444 176.981777 146.898395 180.012294 240.240895
232.041237 89.837333 114.893047 228.265107 123.241748 170.801234 241.958380 78.977155 176.905769 146.889725 180.059509 239.803737
231.921245 90.080209 115.009961 228.329968 123.134708 170.615236 241.956263 78.991903 176.830358 146.881124 180.106755 239.366281
231.800145 90.325326 115.122415 228.392355 123.022779 170.420743 241.954246 79.005959 176.757034 146.872760 180.154249 238.926538
231.659297 90.560165 115.243088 228.459302 122.836470 170.051274 241.950680 79.030805 176.681126 146.864102 180.201921 238.484703
231.519107 90.791036 115.357029 228.522513 122.723550 169.823419 241.944402 79.074557 176.606510 146.855591 180.249340 238.044047
231.377932 91.023530 115.473592 228.587180 122.587177 169.594108 241.937200 79.124743 176.525733 146.846378 180.296653 237.604385
231.225808 91.253298 115.591992 228.652866 122.440036 169.367486 241.926645 79.198289 176.453104 146.838094 180.343869 237.165618
231.068854 91.477767 115.705146 228.715640 122.293331 169.141535 241.913448 79.290247 176.407699 146.832915 180.391021 236.727448
230.912358 91.701581 115.820835 228.779822 122.144665 168.912564 241.898547 79.394083 176.248945 146.819213 180.439593 236.288026
230.753697 91.925810 115.940022 228.845944 121.994366 168.681077 241.852136 79.670644 176.169673 146.814714 180.489835 235.846677
230.590668 92.147275 116.061308 228.913231 121.783645 168.377947 241.825456 79.798694 176.087205 146.810032 180.539907 235.406818
230.427344 92.369143 116.265046 229.011443 121.603506 168.172971 241.795410 79.942897 176.014323 146.805896 180.590081 234.966064
230.267280 92.586582 116.382770 229.065641 121.420341 167.976784 241.763284 80.097086 175.935350 146.801413 180.639950 234.527994
230.103947 92.802243 116.500220 229.119713 121.232424 167.780023 241.727526 80.268700 175.864065 146.797367 180.691557 234.088014
229.930733 93.014159 116.617489 229.173702 121.029647 167.596398 241.689016 80.453531 175.816441 146.794663 180.744836 233.651553
229.756063 93.227857 116.726946 229.224095 120.822006 167.427593 241.647180 80.654319 175.733934 146.854380 180.798418 233.212612
229.554935 93.421719 116.799524 229.257509 120.590344 167.286916 241.602468 80.868910 175.715489 146.935202 180.852266 232.771486
229.370205 93.622864 116.841762 229.276955 120.423947 167.165305 241.521946 81.256433 175.699247 147.006372 180.905945 232.331750
229.181379 93.818364 116.949523 229.247010 120.280455 167.060485 241.470552 81.500685 175.682248 147.080857 180.959696 231.891419
228.989273 94.015822 116.991217 229.175590 120.168642 166.981877 241.418273 81.749144 175.664426 147.158949 181.013436 231.451187
228.796528 94.205896 117.041332 229.089747 120.078018 166.920595 241.362556 82.013946 175.647072 147.234994 181.066981 231.012543
228.603072 94.396672 117.098655 228.991555 120.008102 166.873316 241.308773 82.269549 175.628805 147.315036 181.120309 230.575686
228.407337 94.589694 117.165054 228.877819 119.961666 166.831682 241.253056 82.534350 175.610983 147.393128 181.165829 230.112960
228.214735 94.779628 117.240327 228.748882 119.938708 166.792747 241.198368 82.794259 175.593784 147.468491 181.204887 229.670280
228.022132 94.969561 117.323061 228.607165 119.925706 166.770694 241.142835 83.058180 175.575962 147.546583 181.243840 229.228795
227.821796 95.161054 117.414466 228.450593 119.921287 166.763200 241.085485 83.315619 175.557673 147.626722 181.282810 228.787111
227.615961 95.346421 117.513687 228.280635 119.920474 166.761822 241.017080 83.581665 175.542721 147.692238 181.321517 228.348415
227.413767 95.528509 117.619310 228.099710 119.920220 166.761391 240.949472 83.844613 175.533421 147.732990 181.365767 227.907886
227.212911 95.709393 117.732748 227.905399 119.920068 166.761133 240.881839 84.107657 175.497578 147.881428 181.418670 227.469869
227.007299 95.894559 117.852941 227.699515 119.920068 166.761133 240.814156 84.370895 175.477894 147.958349 181.471598 227.031654
226.803991 96.077652 117.980294 227.481369 119.920068 166.761133 240.745427 84.638201 175.458214 148.036097 181.524501 226.593637
226.599563 96.262190 118.135562 227.268738 119.920068 166.761133 240.678715 84.897662 175.438386 148.114426 181.577203 226.154992
226.398992 96.443539 118.305623 227.057996 119.920068 166.761133 240.611256 85.160028 175.418362 148.193531 181.627357 225.714740
226.202798 96.620931 118.477568 226.844920 119.920068 166.761133 240.543648 85.422976 175.400719 148.263233 181.677625 225.273494
226.006530 96.798391 118.647440 226.634412 119.920068 166.761133 240.474620 85.691444 175.382192 148.336425 181.727779 224.833242
225.803956 96.981551 118.797769 226.363837 119.920068 166.761133 240.410050 85.961507 175.362561 148.413979 181.774126 224.395490
225.605834 97.160687 119.095349 226.069552 119.920068 166.761133 240.348379 86.231965 175.343052 148.491048 181.820162 223.957301
225.401480 97.345457 119.201088 225.748127 119.920068 166.761133 240.288020 86.496670 175.324991 148.562397 181.866578 223.515734
225.201206 97.526538 119.340980 225.515441 119.920068 166.761133 240.227350 86.762741 175.305458 148.639564 181.906513 223.076639
224.997446 97.710771 119.480665 225.283099 119.920068 166.761133 240.166991 87.027446 175.289532 148.702479 181.933328 222.635153
224.795689 97.893194 119.620093 225.051184 119.920068 166.761133 240.106654 87.292054 175.280159 148.739511 181.960216 222.192469
224.592893 98.076555 119.762458 224.814385 119.920068 166.761133 240.045939 87.558320 175.242259 148.891417 181.986873 221.753578
224.391135 98.258978 119.901938 224.582385 119.920068 166.761133 239.989867 87.824036 175.224453 148.963655 182.015160 221.311784
224.189452 98.441333 120.044509 224.345243 119.920068 166.761133 239.974036 88.098080 175.204804 149.043369 182.044378 220.872956
223.987447 98.623481 120.185045 224.111545 119.920068 166.761133 239.958568 88.365833 175.186232 149.118714 182.047427 220.431595
223.784800 98.805214 120.373915 223.795946 119.920068 166.761133 239.943053 88.634385 175.169024 149.188524 182.042782 219.988319
223.578654 98.990086 120.514955 223.559519 119.920068 166.761133 239.927136 88.909926 175.149997 149.265714 182.038135 219.547743
223.376007 99.171819 120.655278 223.324294 119.920068 166.761133 239.911420 89.181972 175.132095 149.338340 182.033452 219.103668
223.173583 99.353352 120.796319 223.087867 119.920068 166.761133 239.895882 89.450924 175.112973 149.415918 182.028769 218.659693
222.971755 99.534351 120.935668 222.854274 119.920068 166.761133 239.880259 89.721373 175.094042 149.492719 182.024116 218.218517
222.765535 99.719289 121.077240 222.619098 119.920068 166.761133 239.864295 89.997712 175.084875 149.529906 182.013125 217.776678
222.565419 99.898752 121.218158 222.385280 119.920068 166.761133 239.855640 90.273269 175.052296 149.679729 181.984843 217.336386
222.363510 100.082495 121.359076 222.151462 119.920068 166.761133 239.862758 90.549677 175.039105 149.752138 181.957685 216.895021
222.159819 100.268291 121.499530 221.918414 119.920068 166.761133 239.869844 90.824786 175.025986 149.824152 181.930964 216.451626
221.960338 100.450246 121.641067 221.683568 119.920068 166.761133 239.876803 91.094997 175.011129 149.905710 181.900035 216.010976
221.760119 100.632875 121.745331 221.388717 119.920068 166.761133 239.883795 91.366507 174.997508 149.980480 181.855909 215.573496
221.556797 100.818334 121.971103 221.114987 119.920068 166.761133 239.890888 91.641915 174.983422 150.057807 181.805873 215.133317
221.351849 101.005275 122.071338 220.864282 119.920068 166.761133 239.897983 91.917424 174.945631 150.162149 181.742468 214.695990
221.164900 101.175800 122.173689 220.608284 119.920068 166.761133 239.905133 92.195032 174.911914 150.255122 181.679062 214.258662
220.951329 101.388668 122.274703 220.355630 119.920068 166.761133 239.917481 92.471035 174.841734 150.344017 181.615513 213.820345
220.746967 101.571034 122.377797 220.097775 119.920068 166.761133 239.931684 92.741463 174.736253 150.398746 181.553170 213.382261
220.540515 101.755264 122.481880 219.845090 119.920068 166.761133 239.946019 93.014387 174.515980 150.484672 181.492298 212.944068
220.334736 101.938895 122.588443 219.595813 119.920068 166.761133 239.960480 93.289707 174.479168 150.501071 181.431783 212.508452
220.130747 102.120928 122.706924 219.243541 119.920068 166.761133 239.975493 93.556783 174.386723 150.554931 181.367920 212.070800
219.925116 102.304426 122.820617 218.994023 119.920068 166.761133 239.992479 93.829855 174.322562 150.603216 181.300001 211.632228
219.721202 102.486393 122.934352 218.744413 119.920068 166.761133 240.009425 94.101227 174.234579 150.709102 181.232098 211.193755
219.516685 102.666408 123.049289 218.492165 119.920068 166.761133 240.013808 94.371852 174.201872 150.811046 181.162807 210.757639
219.302942 102.837523 123.163272 218.242009 119.920068 166.761133 239.982339 94.637897 174.204531 150.934227 181.086195 210.321923
219.087091 103.010325 123.278251 217.989669 119.920068 166.761133 239.950564 94.906524 174.262461 151.053761 181.009652 209.886601
218.871396 103.183003 123.391343 217.741636 119.920068 166.761133 239.918836 95.174754 174.368368 151.135891 180.933161 209.451575
218.660073 103.352181 123.543775 217.407397 119.920068 166.761133 239.886591 95.447354 174.462333 151.156756 180.857816 209.016450
218.443804 103.508298 123.656100 217.160991 119.920068 166.761133 239.839319 95.716494 174.514678 151.167317 180.782514 208.579796
218.219391 103.666723 123.769338 216.912584 119.920068 166.761133 239.784368 95.980639 174.548814 151.179507 180.707688 208.145900
217.995222 103.824975 123.883875 216.661362 119.920068 166.761133 239.728113 96.251049 174.629790 151.199021 180.632879 207.712104
217.768358 103.985131 123.997468 216.412237 119.920068 166.761133 239.653336 96.513898 174.695793 151.207917 180.557560 207.275350
217.547048 104.141365 124.110895 216.163477 119.920068 166.761133 239.525695 96.854087 174.777356 151.218909 180.482632 206.840864
217.319369 104.293250 124.225069 215.913078 119.920068 166.761133 239.441752 97.112704 174.879544 151.233326 180.407250 206.407167
217.072760 104.411745 124.337541 215.666410 119.920068 166.761133 239.356790 97.374461 175.002907 151.250839 180.330705 205.973572
216.824979 104.530802 124.452213 215.414920 119.920068 166.761133 239.271735 97.636502 175.143992 151.270867 180.253569 205.536628
216.576658 104.650120 124.566553 215.164158 119.920068 166.761133 239.186371 97.899495 175.297587 151.292404 180.185628 205.100815
216.326443 104.770346 124.696995 214.957577 119.920068 166.761133 239.104064 98.153072 175.468605 151.313388 180.119672 204.663156
216.076950 104.890227 124.785531 214.763519 119.920068 166.761133 239.018801 98.416612 175.658575 151.336735 180.053761 204.225795
215.828628 105.009544 124.859481 214.601168 119.920068 166.761133 238.956369 98.685765 175.865127 151.362077 180.007460 203.785395
215.579856 105.129078 124.915191 214.478968 119.920068 166.761133 238.894930 98.950633 176.077207 151.388336 179.973134 203.342422
215.332002 105.240368 124.959367 214.382062 119.916309 166.754758 238.832858 99.218228 176.290829 151.415162 179.939087 202.903040
215.072399 105.322549 124.985375 214.325010 119.908640 166.741751 238.774265 99.480965 176.503227 151.445788 179.925085 202.461106
214.815847 105.403764 125.003502 214.285247 119.892488 166.714358 238.736189 99.752213 176.714456 151.476847 179.930551 202.018940
214.543076 105.554388 125.011674 214.267322 119.866127 166.669651 238.730054 100.026945 176.933501 151.509054 179.936045 201.575674
214.275525 105.608155 125.013540 214.263227 119.699656 166.567549 238.724064 100.295178 177.146807 151.540418 179.944246 201.134250
214.006798 105.662159 125.013914 214.262409 119.609494 166.557678 238.718088 100.562811 177.365357 151.572553 179.952455 200.691926
213.739729 105.714748 125.014100 214.262000 119.506975 166.533683 238.711984 100.836143 177.583611 151.604645 179.963559 200.248674
213.472313 105.766089 125.014100 214.262000 119.443651 166.489003 238.706495 101.104186 177.800479 151.636532 179.979240 199.804841
213.205583 105.813933 125.014100 214.262000 119.407777 166.463881 238.702475 101.336652 178.044972 151.658596 180.034855 199.365346
212.936292 105.859983 125.014100 214.262000 119.389391 166.452354 238.698714 101.554119 178.257617 151.676530 180.090182 198.928133
212.665129 105.906354 125.014100 214.262000 119.368464 166.439233 238.694678 101.787484 178.476340 151.694977 180.163376 198.491260
212.391994 105.953063 125.014100 214.262000 119.339065 166.420801 238.691028 101.998553 178.695776 151.719870 180.243511 198.054653
212.123659 105.983911 125.014100 214.262000 119.265787 166.378555 238.687653 102.193723 178.912902 151.748454 180.323393 197.619423
211.847524 106.004485 125.014100 214.262000 119.212313 166.337036 238.684554 102.372897 179.126361 151.776556 180.422389 197.186359
211.572586 106.024970 125.014100 214.262000 119.147378 166.291919 238.688301 102.533245 179.341108 151.804828 180.523378 196.758003
211.297748 106.045447 125.014100 214.262000 119.070002 166.239787 238.692566 102.698790 179.554566 151.832929 180.624390 196.329549
211.022710 106.065939 125.014100 214.262000 118.981098 166.179888 238.697000 102.870933 179.770106 151.861305 180.717133 195.861801
210.745878 106.086565 125.014100 214.262000 118.878593 166.110825 238.701512 103.046075 179.984655 151.889551 180.845035 195.439129
210.331707 106.100624 125.014100 214.262000 118.758586 166.029976 238.705977 103.219417 180.197022 151.917509 180.981950 195.021028
210.061206 106.113655 125.014100 214.262000 118.624228 165.939467 238.710051 103.377565 180.411769 151.945780 181.124573 194.600347
209.789940 106.134940 125.014100 214.262000 118.476600 165.840018 238.714527 103.551307 180.631077 151.974652 181.291227 194.192599
209.516181 106.156422 125.014100 214.262000 118.320596 165.734927 238.719144 103.730548 180.842850 152.002532 181.461599 193.785187
209.240230 106.178075 125.014100 214.262000 118.158343 165.618822 238.724052 103.921085 181.056903 152.030712 181.637047 193.378917
208.969353 106.199205 125.014100 214.262000 117.988382 165.489281 238.729226 104.121918 181.272145 152.059049 181.821699 192.979318
208.692840 106.220082 125.014100 214.262000 117.773342 165.296169 238.734083 104.310455 181.486793 152.087307 182.006184 192.580082
208.421412 106.240576 125.014100 214.262000 117.599832 165.126287 238.738509 104.482298 181.702223 152.116449 182.206492 192.185990
208.150982 106.260994 125.014100 214.262000 117.432008 164.931385 238.743001 104.656641 181.917924 152.150036 182.431958 191.804310
207.875566 106.281788 125.014100 214.262000 117.266418 164.719192 238.747273 104.822486 182.136787 152.184115 182.656763 191.423749
207.599352 106.302643 125.014100 214.262000 117.049906 164.416509 238.751347 104.980633 182.350215 152.226769 182.885397 191.048159
207.323034 106.318942 125.014100 214.262000 116.864540 164.133565 238.755006 105.122686 182.559393 152.270985 183.126755 190.679069
207.051395 106.334773 125.014100 214.262000 116.710530 163.910216 238.760606 105.264547 182.768179 152.315119 183.369591 190.307719
206.777859 106.350715 125.014100 214.262000 116.554647 163.684150 238.769658 105.395835 183.016351 152.350104 183.622494 189.920878
206.502395 106.366210 125.014100 214.262000 116.426246 163.495276 238.777445 105.508767 183.229245 152.394137 183.893849 189.573046
206.225688 106.380966 125.014100 214.262000 116.323426 163.338005 238.785280 105.622397 183.441488 152.451170 184.169811 189.229445
205.953076 106.395503 125.014100 214.262000 116.238390 163.207935 238.791911 105.718569 183.646834 152.512987 184.445272 188.886468
205.685156 106.409790 125.014100 214.262000 116.166049 163.097284 238.798968 105.820926 183.854650 152.586393 184.737567 188.556439
205.417964 106.426260 125.014100 214.262000 116.111438 163.013752 238.805324 105.913107 184.055961 152.657501 185.040715 188.235604
205.142701 106.443459 125.014100 214.262000 116.069631 162.949805 238.811192 105.998205 184.261043 152.729942 185.343475 187.915918
204.871829 106.460383 125.014100 214.262000 116.025691 162.882594 238.816818 106.079811 184.470488 152.808979 185.647858 187.596944
204.601812 106.479188 125.014100 214.262000 115.997400 162.839322 238.822644 106.164311 184.674959 152.888529 185.951246 187.276212
204.330654 106.506197 125.014100 214.262000 115.921628 162.726699 238.828684 106.251903 184.875143 152.966410 186.252529 186.951166
204.057704 106.533384 125.014100 214.262000 115.871064 162.654188 238.835040 106.344084 185.082103 153.045891 186.552249 186.627807
203.782942 106.561521 125.014100 214.262000 115.810547 162.567405 238.842771 106.456218 185.288128 153.123903 186.855583 186.304708
203.513529 106.589857 125.014100 214.262000 115.738533 162.464135 238.858241 106.572642 185.489383 153.200109 187.163219 185.988174
203.237551 106.618884 125.014100 214.262000 115.683047 162.326904 238.889041 106.691517 185.696624 153.278581 187.471413 185.671066
202.963168 106.658639 125.014100 214.262000 115.628984 162.249396 238.912466 106.781931 185.898815 153.355141 187.780512 185.353026
202.691350 106.707399 125.014100 214.262000 115.597920 162.204860 238.929045 106.845918 186.127003 153.450113 188.083717 185.034611
202.421362 106.757998 125.014100 214.262000 115.579384 162.178286 238.944770 106.906614 186.329678 153.537974 188.370106 184.696557
202.152878 106.811171 125.014100 214.262000 115.568915 162.163276 238.953875 106.941754 186.532445 153.625876 188.642866 184.347358
201.887259 106.887976 125.014100 214.262000 115.566054 162.159175 238.964058 106.981056 186.729339 153.711231 188.908503 183.993254
201.625869 106.963920 125.056063 214.155917 115.564910 162.157535 238.968572 106.998481 186.932840 153.799451 189.169461 183.638496
201.361183 107.043185 125.070122 214.119325 115.564281 162.156633 238.973062 107.015809 187.132551 153.884521 189.408309 183.264498
201.096603 107.124092 125.092644 214.060703 115.563823 162.155976 238.975645 107.025780 187.334423 153.961917 189.631406 182.884440
200.840195 107.216092 125.122554 213.982851 115.563709 162.155812 238.977676 107.033621 187.516700 154.031800 189.848549 182.500870
200.590391 107.322650 125.158848 213.888383 115.563709 162.155812 238.983320 107.055402 187.752446 154.123130 190.052725 182.109208
200.347519 107.440832 125.199517 213.782526 115.563709 162.155812 238.989314 107.078538 187.951547 154.201308 190.249147 181.713250
200.101809 107.560725 125.246606 213.659961 115.563709 162.155812 238.997490 107.110096 188.151859 154.279960 190.428090 181.308784
199.855714 107.681423 125.298214 213.525633 115.563709 162.155812 239.000952 107.123455 188.343793 154.355324 190.580891 180.894142
199.615256 107.810335 125.356425 213.374131 115.563709 162.155812 239.005491 107.140976 188.515622 154.422792 190.728081 180.496191
199.380442 107.946622 125.418589 213.212365 115.563709 162.155812 239.009479 107.156368 188.699365 154.494940 190.836276 180.106862
199.146578 108.082357 125.485489 213.038277 115.563709 162.155812 239.018935 107.192863 188.926466 154.583614 190.924119 179.780891
198.907872 108.220904 125.556837 212.852614 115.563709 162.155812 239.031901 107.242910 189.130674 154.661620 190.994790 179.494834
198.677900 108.365521 125.634713 212.649962 115.563709 162.155812 239.047677 107.303800 189.333855 154.739233 191.044647 179.243838
198.446887 108.513233 125.718508 212.431909 115.563709 162.155812 238.970356 107.549882 189.534140 154.815740 191.087179 179.029722
198.217981 108.659598 125.807684 212.199853 115.563709 162.155812 238.926678 107.634808 189.771456 154.890201 191.158608 178.796813
197.985199 108.808442 125.901738 211.955103 115.563709 162.155812 238.872937 107.739298 189.979918 154.947903 191.161772 178.582837
197.754945 108.955669 126.000026 211.699339 115.563709 162.155812 238.817230 107.847612 190.189825 155.006005 191.180959 178.369836
197.521152 109.105159 126.098923 211.441987 115.563709 162.155812 238.776198 107.969152 190.396653 155.062432 191.225074 178.158797
197.291825 109.251793 126.196745 211.187436 115.563709 162.155812 238.765825 108.103252 190.605426 155.112102 191.268821 177.949521
197.059211 109.400529 126.296180 210.928684 115.563709 162.155812 238.756023 108.229973 190.815074 155.161979 191.313687 177.740383
196.828210 109.546017 126.395436 210.670399 115.563709 162.155812 238.745443 108.366765 191.029489 155.212991 191.360947 177.526440
196.593688 109.693423 126.494066 210.413802 115.563709 162.155812 238.735340 108.497374 191.244610 155.263190 191.408596 177.310740
196.360606 109.839926 126.591339 210.160754 115.563709 162.155812 238.725029 108.630676 191.460755 155.313397 191.454670 177.102169
196.125831 109.987492 126.689724 209.904599 115.563709 162.155812 238.714618 108.765274 191.675926 155.363379 191.502064 176.893176
195.896897 110.131386 126.788967 209.646201 115.563709 162.155812 238.704322 108.898377 191.891974 155.413564 191.551519 176.676755
195.667710 110.275441 126.888575 209.387088 115.563709 162.155812 238.694374 109.026992 192.107145 155.463545 191.597473 176.461323
195.434542 110.423299 126.986300 209.132821 115.563709 162.155812 238.684302 109.157203 192.316277 155.512124 191.640620 176.244984
195.201646 110.572890 127.092339 208.857065 115.563709 162.155812 238.705866 109.307106 192.531217 155.561276 191.646354 176.031457
194.971610 110.720644 127.163313 208.672330 115.563709 162.155812 238.695482 109.441405 192.741322 155.602441 191.580886 175.822781
194.738041 110.870668 127.240446 208.472103 115.563709 162.155812 238.685106 109.575604 192.956531 155.644606 191.476351 175.634380
194.504309 111.019874 127.283064 208.361424 115.563709 162.155812 238.674815 109.708707 193.172720 155.686962 191.327866 175.477502
194.273646 111.163833 127.387287 208.069633 115.563709 162.155812 238.664270 109.845100 193.384125 155.731208 191.168065 175.323544
194.038062 111.310862 127.404557 208.018786 115.563709 162.155812 238.655906 109.967182 193.597682 155.778357 191.035288 175.148043
193.807653 111.454662 127.414270 207.990190 115.563709 162.155812 238.646385 110.111268 193.812313 155.825744 190.970339 174.944344
193.577754 111.598144 127.417164 207.981668 115.563709 162.155812 238.635907 110.269822 194.022257 155.872095 190.977935 174.727393
193.347899 111.743760 127.420316 207.972389 115.563709 162.155812 238.624130 110.448034 194.232787 155.918576 191.010676 174.514092
193.119476 111.889211 127.420734 207.971158 115.563709 162.155812 238.611720 110.635824 194.448883 155.966286 191.043919 174.297528
192.885824 112.037991 127.420798 207.970969 115.563709 162.155812 238.599515 110.820521 194.658827 156.012637 191.075837 174.080065
192.657655 112.183281 127.420798 207.970969 115.563709 162.155812 238.587310 111.005218 194.866806 156.058214 191.105522 173.862380
192.420087 112.319841 127.420798 207.970969 115.563709 162.155812 238.574853 111.193707 195.090325 156.105665 191.134369 173.650838
192.183283 112.451196 127.420798 207.970969 115.563709 162.155812 238.562145 111.385988 195.328126 156.156148 191.164270 173.431567
191.931037 112.605555 127.423500 207.963015 115.563709 162.155812 238.549904 111.571184 195.579327 156.209476 191.193780 173.215170
191.701782 112.757605 127.429674 207.944835 115.563709 162.155812 238.537558 111.757976 195.844713 156.265815 191.222870 173.001844
191.467729 112.904629 127.437136 207.922867 115.563709 162.155812 238.524764 111.951554 196.112838 156.322735 191.252744 172.782772
191.240808 113.050164 127.441381 207.910369 115.563709 162.155812 238.512253 112.140841 196.383966 156.380898 191.282753 172.562709
191.015285 113.199890 127.444018 207.902604 115.563709 162.155812 238.499999 112.326236 196.653952 156.442389 191.241802 172.325884
190.785264 113.352603 127.447491 207.892378 115.563709 162.155812 238.487673 112.512729 196.918575 156.502659 191.170239 172.195836
190.562264 113.506567 127.448553 207.889253 115.563709 162.155812 238.474301 112.704961 197.183709 156.562934 191.051306 172.047436
190.344481 113.674333 127.449646 207.886034 115.519023 162.088121 238.461048 112.898402 197.453088 156.616226 190.931830 171.976630
190.143881 113.866077 127.450354 207.883951 115.500902 162.059826 238.448639 113.090802 197.724723 156.669966 190.804379 171.937917
189.946186 114.056349 127.450579 207.883288 115.470162 162.011826 238.436179 113.284001 197.993415 156.723123 190.678556 171.899699
189.755391 114.253004 127.450643 207.883099 115.430523 161.949930 238.423854 113.475104 198.260038 156.775401 190.558282 171.863166
189.580610 114.466228 127.450643 207.883099 115.383442 161.876414 238.411857 113.661118 198.530032 156.828160 190.461199 171.832499
189.417361 114.688508 127.450643 207.883099 115.328703 161.790940 238.413415 113.941371 198.798565 156.867072 190.399036 171.801418
189.271940 114.916988 127.450643 207.883099 115.264202 161.690223 238.416942 114.135039 199.072958 156.904252 190.362723 171.783261
189.144952 115.159897 127.450643 207.883099 115.156634 161.522369 238.420321 114.320608 199.347835 156.924768 190.172842 171.590430
189.023063 115.409054 127.450643 207.883099 115.089968 161.418289 238.423735 114.508077 199.625174 156.936787 190.169931 171.524895
188.913313 115.661028 127.450643 207.883099 115.035168 161.332735 238.427166 114.696546 199.900915 156.948738 190.168472 171.492027
188.816759 115.918094 127.450643 207.883099 114.943722 161.251171 238.430688 114.889913 200.172231 156.961170 190.177563 171.346745
188.739770 116.176618 127.450643 207.883099 114.873540 161.139633 238.434212 115.083481 200.447297 156.971480 190.201912 171.279519
188.677143 116.443365 127.450643 207.883099 114.759782 160.964325 238.437617 115.270450 200.719094 156.972774 190.232460 171.195181
188.593030 116.657582 127.450643 207.883099 114.672958 160.830051 238.443045 115.463826 200.993806 156.962215 190.267640 171.098056
188.530314 116.904107 127.450643 207.883099 114.576143 160.680326 238.448957 115.668140 201.268861 156.944259 190.294099 170.983828
188.473780 117.117650 127.450643 207.883099 114.470639 160.517164 238.455045 115.878552 201.542085 156.916803 190.321822 170.851603
188.415396 117.336768 127.450643 207.883099 114.360100 160.342746 238.458670 116.064201 201.814759 156.888884 190.349889 170.716493
188.358573 117.549303 127.450643 207.883099 114.057643 160.002008 238.423398 116.280685 202.085887 156.850731 190.370822 170.583632
188.297346 117.761031 127.450643 207.883099 113.925100 159.808922 238.423379 116.468185 202.356097 156.803767 190.384424 170.450631
188.227790 117.967426 127.450643 207.883099 113.791652 159.611153 238.423361 116.636385 202.623472 156.750671 190.388667 170.314416
188.159837 118.175508 127.450643 207.883099 113.677080 159.434088 238.423347 116.767285 202.893405 156.691232 190.386580 170.175631
188.084061 118.383047 127.450643 207.883099 113.580951 159.289198 238.423337 116.865785 203.157186 156.633147 190.375091 170.044851
187.985172 118.581471 127.450643 207.883099 113.496526 159.157731 238.423330 116.929385 203.423939 156.570763 190.351390 169.910628
187.885633 118.779110 127.450643 207.883099 113.421835 159.035553 238.423327 116.959185 203.690191 156.500760 190.321395 169.775238
187.782176 118.966927 127.452573 207.877418 113.359579 158.933668 238.423326 116.974885 203.955571 156.430986 190.292011 169.648089
187.667691 119.147136 127.452734 207.876944 113.294195 158.826663 238.423325 116.981285 204.223150 156.360526 190.261771 169.517238
187.545915 119.332746 127.452798 207.876755 113.236423 158.732116 238.423325 116.983085 204.486848 156.289870 190.225462 169.389409
187.423769 119.516188 127.452798 207.876755 113.152806 158.546137 238.423325 116.983285 204.751802 156.218878 190.181176 169.264847
187.294682 119.687747 127.452798 207.876755 113.088878 158.350218 238.423325 116.983285 205.016949 156.147835 190.135751 169.137082
187.163674 119.858027 127.452798 207.876755 112.943203 158.104914 238.423325 116.983285 205.273824 156.064683 190.092269 169.014782
187.025817 120.054996 127.452798 207.876755 112.849037 157.951158 238.423325 116.983285 205.534009 155.987943 190.046541 168.886063
186.871844 120.212554 127.452798 207.876755 112.796862 157.865966 238.423325 116.983285 205.784900 155.915600 190.003161 168.763939
186.721157 120.366751 127.452798 207.876755 112.762966 157.810620 238.423325 116.983285 206.054037 155.842035 189.959815 168.641909
186.570809 120.519207 127.452798 207.876755 112.748186 157.786487 238.423325 116.983285 206.316219 155.770371 189.918660 168.517552
186.397906 120.644794 127.452798 207.876755 112.738837 157.771222 238.423325 116.983285 206.577051 155.699076 189.878409 168.392889
186.225083 120.770322 127.452798 207.876755 112.736278 157.767043 238.423325 116.983285 206.837858 155.628077 189.837544 168.266323
186.046758 120.899846 127.452798 207.876755 112.735756 157.766191 238.423325 116.983285 207.100169 155.559607 189.795696 168.136711
185.865769 121.019673 127.452798 207.876755 112.735703 157.766105 238.423325 116.983285 207.368770 155.489496 189.754822 168.013104
185.674872 121.132606 127.452798 207.876755 112.735703 157.766105 238.423325 116.983285 207.635719 155.419791 189.708504 167.882472
185.487591 121.243400 127.452798 207.876755 112.735703 157.766105 238.423325 116.983285 207.899379 155.350945 189.662720 167.753349
185.288958 121.340722 127.452798 207.876755 112.735703 157.766105 238.423325 116.983285 208.197102 155.273177 189.616046 167.623276
185.096321 121.433661 127.452798 207.876755 112.735703 157.766105 238.423325 116.983285 208.463093 155.203761 189.565884 167.493750
184.897567 121.522977 127.452798 207.876755 112.735703 157.766105 238.423325 116.983285 208.725021 155.135405 189.521682 167.363237
184.694134 121.605832 127.452798 207.876755 112.735703 157.766105 238.423325 116.983285 208.987916 155.066797 189.491441 167.230232
184.482979 121.671058 127.452798 207.876755 112.735703 157.766105 238.423325 116.983285 209.252843 154.997658 189.468402 167.100101
184.272015 121.736225 127.452798 207.876755 112.735703 157.766105 238.423325 116.983285 209.521350 154.927585 189.451199 166.968118
184.067547 121.799385 127.452798 207.876755 112.735703 157.766105 238.423325 116.983285 209.782793 154.859356 189.440020 166.786902
183.855632 121.861704 127.452798 207.876755 112.735703 157.766105 238.423325 116.983285 210.046464 154.790552 189.431171 166.669134
183.648808 121.920794 127.452798 207.876755 112.735703 157.766105 238.423325 116.983285 210.313715 154.720814 189.417311 166.427024
183.441503 121.980022 127.452798 207.876755 112.735703 157.766105 238.423325 116.983285 210.576128 154.652339 189.413200 166.306093
183.233332 122.039497 127.452798 207.876755 112.735703 157.766105 238.423325 116.983285 210.870655 154.576423 189.409022 166.183164
183.021604 122.099988 127.452798 207.876755 112.735703 157.766105 238.423325 116.983285 211.132357 154.510001 189.404490 166.049841
182.815741 122.158804 127.452798 207.876755 112.735703 157.766105 238.423325 116.983285 211.399197 154.442274 189.410334 165.917479
182.608670 122.222971 127.452798 207.876755 112.735703 157.766105 238.423325 116.983285 211.664000 154.375064 189.416397 165.784917
182.400381 122.298615 127.452798 207.876755 112.735703 157.766105 238.423325 116.983285 211.933069 154.306772 189.422602 165.649259
182.193689 122.373678 127.452798 207.876755 112.735703 157.766105 238.423325 116.983285 212.201750 154.238578 189.428611 165.517896
181.977599 122.493819 127.452798 207.876755 112.735703 157.766105 238.423325 116.983285 212.467441 154.168032 189.442863 165.385584
181.781072 122.578764 127.452798 207.876755 112.735703 157.766105 238.423325 116.985385 212.734845 154.096524 189.458178 165.250248
181.591582 122.673553 127.452798 207.876755 112.735703 157.766105 238.423324 116.987485 212.998192 154.026102 189.473796 165.112229
181.403151 122.772886 127.452798 207.876755 112.735703 157.766105 238.423324 116.994785 213.264050 153.955008 189.489022 164.977687
181.216930 122.883115 127.452798 207.876755 112.735703 157.766105 238.423321 117.014985 213.540242 153.878426 189.504595 164.840066
181.031882 122.995143 127.452798 207.876755 112.735703 157.766105 238.423319 117.034385 213.807496 153.809101 189.527958 164.606247
180.852964 123.123333 127.455660 207.868328 112.735703 157.766105 238.423316 117.067885 214.076300 153.739373 189.556887 164.477763
180.672503 123.252629 127.463347 207.845697 112.735703 157.766105 238.423313 117.096485 214.338425 153.671379 189.585706 164.349768
180.509012 123.389844 127.471869 207.820605 112.735703 157.766105 238.423308 117.146985 214.599969 153.603535 189.615052 164.219431
180.344691 123.536877 127.484830 207.782446 112.735703 157.766105 238.423303 117.187485 214.862965 153.535315 189.645846 164.086987
180.179476 123.684712 127.496826 207.747128 112.735703 157.766105 238.423302 117.203285 215.128671 153.466391 189.683346 163.955323
180.016646 123.830412 127.510205 207.707738 112.735703 157.766105 238.423301 117.213385 215.393796 153.397618 189.720873 163.823563
179.853965 123.975979 127.522586 207.671283 112.735703 157.766105 238.423300 117.218985 215.659116 153.328795 189.756419 163.693561
179.582376 124.213396 127.535386 207.633598 112.735703 157.766105 238.423300 117.219585 215.922886 153.260374 189.787615 163.560263
179.419340 124.362150 127.541143 207.616649 112.735703 157.766105 238.423300 117.219585 216.187140 153.191827 189.817762 163.431443
179.261697 124.505984 127.544970 207.605381 112.735703 157.766105 238.423300 117.219585 216.451104 153.123355 189.848798 163.298826
179.098218 124.655143 127.546964 207.599510 112.735703 157.766105 238.423300 117.219585 216.714523 153.055605 189.879742 163.166599
178.935626 124.803493 127.547929 207.596670 112.735703 157.766105 238.333808 117.282462 216.982493 152.994717 189.935030 162.930195
178.772590 124.952247 127.548637 207.594586 112.735703 157.766105 238.291823 117.281356 217.249585 152.934029 189.972645 162.805981
178.609850 125.100732 127.548765 207.594208 112.735703 157.766105 238.225646 117.279611 217.518237 152.872986 189.998825 162.742416
178.449326 125.247195 127.548797 207.594113 112.735703 157.766105 238.136477 117.277261 217.788157 152.811655 190.015407 162.704046
178.282955 125.393774 127.548797 207.594113 112.735703 157.766105 238.075398 117.275651 218.052421 152.751609 190.020405 162.692480
178.111763 125.534172 127.548797 207.594113 112.735703 157.766105 238.006622 117.273838 218.316983 152.693911 190.024094 162.683943
177.940495 125.674633 127.552335 207.583697 112.735703 157.766105 237.994647 117.380274 218.582696 152.643311 190.040708 162.653624
177.762137 125.801799 127.562851 207.552735 112.735703 157.766105 238.031088 117.480026 218.850920 152.594663 190.062353 162.616586
177.571891 125.910277 127.578578 207.506432 112.735703 157.766105 238.085685 117.589858 219.119144 152.546015 190.092476 162.565042
177.382687 126.018161 127.590928 207.470073 112.735703 157.766105 238.155802 117.695748 219.388057 152.497243 190.128905 162.502706
177.189621 126.119862 127.593758 207.461740 112.735703 157.766105 238.219280 117.811464 219.661624 152.450519 190.172751 162.427679
176.990743 126.218734 127.595591 207.456343 112.735703 157.766105 238.272490 117.928650 219.933194 152.418084 190.235310 162.344497
176.793934 126.308937 127.596363 207.454070 112.735703 157.766105 238.327270 118.049296 220.207842 152.385281 190.308536 162.247794
176.584202 126.369856 127.596942 207.452366 112.735703 157.766105 238.383125 118.172309 220.481596 152.352585 190.388372 162.138937
176.377927 126.429770 127.597100 207.451900 112.735703 157.766105 238.439808 118.297143 220.755549 152.319865 190.465482 162.032665
176.168923 126.482945 127.597100 207.451900 112.735703 157.766105 238.494505 118.417606 221.024041 152.287798 190.546057 161.921618
175.959207 126.521882 127.597100 207.451900 112.735703 157.766105 238.547963 118.535338 221.295089 152.264926 190.623105 161.806953
175.741331 126.562335 127.597100 207.451900 112.735703 157.766105 238.600593 118.651249 221.572515 152.258526 190.697102 161.691537
175.528425 126.589594 127.597100 207.451900 112.735703 157.766105 238.655497 118.772168 221.848542 152.252158 190.770776 161.576627
175.309762 126.597341 127.597100 207.451900 112.735703 157.766105 238.711518 118.895545 222.123968 152.245804 190.826771 161.456113
175.091299 126.605081 127.597100 207.451900 112.735703 157.766105 238.765926 119.015371 222.395996 152.239529 190.858231 161.371998
174.871137 126.612881 127.733827 207.479063 112.735703 157.766105 238.941852 119.114026 222.673422 152.233129 190.875179 161.320621
174.657452 126.602149 127.742956 207.512048 112.615097 157.614947 239.083765 119.080585 222.947261 152.238058 190.883950 161.294030
174.438686 126.590063 127.742956 207.512048 112.587641 157.575332 239.238234 119.044184 223.223552 152.248799 190.889710 161.276555
173.808224 126.550357 127.742956 207.512048 112.552779 157.525031 239.405941 119.004664 223.499044 152.259509 190.891750 161.267379
173.587735 126.525372 127.750758 207.527824 112.507664 157.459937 239.585522 118.962346 223.776334 152.270288 190.891967 161.266403
173.368935 126.500578 127.765477 207.557583 112.449561 157.376104 239.777423 118.898776 224.052525 152.282430 190.892119 161.265720
173.152737 126.471950 127.789505 207.606166 112.378870 157.274106 239.979760 118.830643 224.324030 152.310960 190.892119 161.265720
172.937523 126.441911 127.807149 207.641842 112.299758 157.161653 240.170724 118.766340 224.595933 152.339531 190.893834 161.258008
172.721319 126.411734 127.842902 207.680611 112.208423 157.035679 240.343966 118.708005 224.865151 152.367820 190.897611 161.241023
172.501847 126.381100 127.875019 207.713123 112.109321 156.897960 240.507464 118.651791 225.133971 152.396067 190.902234 161.220231
172.289728 126.352071 127.916121 207.733599 112.013430 156.759835 240.661059 118.596334 225.404141 152.441001 190.910678 161.182258
172.074108 126.325924 127.962225 207.741642 111.937476 156.650806 240.789603 118.538930 225.674831 152.486578 190.918188 161.148483
171.855509 126.299415 128.027736 207.753069 111.877857 156.569403 240.915478 118.482122 225.946119 152.532219 191.011882 161.067724
171.640986 126.271778 128.250015 207.769671 111.844414 156.523740 241.023379 118.428728 226.212554 152.577168 191.075399 161.070158
171.423916 126.242770 128.329017 207.722735 111.822729 156.494132 241.125040 118.377808 226.479568 152.629195 191.158392 161.071217
171.204839 126.223323 128.420307 207.666729 111.814516 156.482918 241.216329 118.332084 226.743986 152.710380 191.263584 161.072558
170.990861 126.220266 128.530348 207.599218 111.809494 156.476061 241.299571 118.290391 227.002285 152.789687 191.385674 161.074116
170.773483 126.217160 128.651044 207.525171 111.808726 156.475012 241.376197 118.252011 227.261540 152.869287 191.520863 161.075840
170.559605 126.214105 128.781117 207.445372 111.808371 156.474528 241.441825 118.219139 227.524715 152.950090 191.655552 161.077558
170.345127 126.225548 128.927384 207.355636 111.808253 156.474366 241.494041 118.192986 227.785978 153.030306 191.784138 161.079394
170.129642 126.246485 129.084263 207.259678 111.808253 156.474366 241.557970 118.160965 228.049402 153.114546 191.921693 161.082885
169.913559 126.267481 129.254739 207.156438 111.801812 156.465573 241.603213 118.138305 228.311935 153.204759 192.056450 161.086304
169.728829 126.285430 129.436078 207.046620 111.787454 156.445968 241.649170 118.115286 228.568131 153.292795 192.185208 161.089571
169.571463 126.301647 129.629307 206.929600 111.776804 156.407822 241.686276 118.096701 228.828015 153.382098 192.318165 161.092962
169.413432 126.337739 129.830490 206.807764 111.771228 156.362565 241.714441 118.082594 229.084022 153.470069 192.448423 161.096289
169.256279 126.373631 130.043991 206.678467 111.770000 156.352600 241.749222 118.065173 229.349483 153.546425 192.583879 161.099750
169.098638 126.409634 130.265875 206.544095 111.770000 156.352600 241.776045 118.051738 229.614605 153.611533 192.720146 161.105367
168.941289 126.445571 130.501616 206.401330 111.770000 156.352600 241.797683 118.040900 229.879825 153.676665 192.855526 161.113095
168.788133 126.480550 130.737091 206.268739 111.770000 156.352600 241.814134 118.032660 230.143394 153.741391 192.988509 161.120687
168.631561 126.521164 130.983207 206.153039 111.770000 156.352600 241.840511 118.019449 230.412443 153.800877 193.122205 161.154188
168.477012 126.564465 131.239410 206.053112 111.770000 156.352600 241.852045 118.013671 230.683751 153.821616 193.248655 161.187639
168.318805 126.608792 131.492537 205.954384 111.770000 156.352600 241.873682 118.002834 230.955957 153.842423 193.375726 161.222578
168.162812 126.652498 131.748274 205.854639 111.770000 156.352600 241.891207 117.994056 231.228861 153.863284 193.505049 161.260966
168.010245 126.699898 132.001961 205.755693 111.770000 156.352600 241.900953 117.989175 231.501865 153.884153 193.632838 161.298899
167.858631 126.757536 132.236455 205.664232 111.770000 156.352600 241.920892 117.979188 231.775766 153.905090 193.757231 161.335618
167.710569 126.813823 132.457814 205.577895 111.770000 156.352600 241.945212 117.967007 232.051680 153.890482 193.883825 161.371933
167.564003 126.869542 132.672744 205.494065 111.770000 156.352600 241.972840 117.953169 232.320639 153.865683 194.039538 161.432085
167.414341 126.932481 132.866806 205.418375 111.770000 156.352600 242.009409 117.934852 232.593383 153.840535 194.179606 161.468402
167.271894 127.007300 133.103640 205.333298 111.770000 156.352600 242.037752 117.920656 232.864035 153.815580 194.337389 161.509311
167.132015 127.080770 133.306978 205.272963 111.770000 156.352600 242.071997 117.903503 233.133691 153.790716 194.512015 161.554588
166.987001 127.156937 133.477049 205.222498 111.770000 156.352600 242.118223 117.880350 233.397183 153.734704 194.700193 161.603378
166.841899 127.233151 133.609922 205.183072 111.770000 156.352600 242.152289 117.863287 233.665239 153.664882 194.898244 161.654728
166.706422 127.315394 133.711351 205.152975 111.770000 156.352600 242.196726 117.841030 233.930585 153.595765 195.109654 161.709542
166.574481 127.407483 133.788811 205.116694 111.770000 156.352600 242.237229 117.820743 234.195738 153.526699 195.334131 161.767744
166.441474 127.500316 133.858845 205.081677 111.770000 156.352600 242.287712 117.790846 234.457987 153.458389 195.570999 161.829158
166.311103 127.589397 133.929248 204.935527 111.770000 156.352600 242.331058 117.764355 234.713472 153.370242 195.880018 161.819854
166.173810 127.682884 133.953036 204.860194 111.770000 156.352600 242.369028 117.741149 234.965562 153.271332 196.149157 161.771582
166.038996 127.774682 133.978058 204.780950 111.770000 156.352600 242.419882 117.710069 235.219886 153.171545 196.420913 161.804975
165.908481 127.863553 134.001394 204.707047 111.770000 156.352600 242.465361 117.682274 235.478120 153.070223 196.689898 161.841083
165.778048 127.952368 134.026206 204.628472 111.770000 156.352600 242.516386 117.651089 235.767059 152.968549 196.958006 161.901942
165.645797 128.042422 134.051107 204.550905 111.770000 156.352600 242.570654 117.617923 235.988764 152.812182 197.219894 161.973491
165.510404 128.134614 134.085306 204.486525 111.770000 156.352600 242.623642 117.585539 236.213574 152.653624 197.565586 162.123401
165.375673 128.226355 134.120819 204.419672 111.770000 156.352600 242.674581 117.554406 236.438139 152.495240 197.932504 162.318242
165.219718 128.307274 134.159616 204.346637 111.770000 156.352600 242.730641 117.520145 236.664910 152.335299 198.173802 162.446142
165.090667 128.401007 134.194895 204.280226 111.770000 156.352600 242.794038 117.481399 236.890047 152.176511 198.415189 162.574090
164.962505 128.494094 134.232814 204.214982 111.770000 156.352600 242.857094 117.442861 237.111314 152.015882 198.654986 162.701194
