340.409946 293.770946 197.755400 241.876200 485.190982 272.663553 271.218800 140.600400 470.073475 127.806946 252.250748 422.562418
340.160372 293.673297 197.708779 241.867642 484.761107 272.312192 271.245387 140.625844 470.049864 128.358641 252.350758 422.302173
339.927248 293.569468 197.627143 241.852655 484.332161 271.961590 271.292636 140.671061 470.026167 128.912334 252.462963 422.010190
339.746559 293.488993 197.514820 241.832035 483.908015 271.614913 271.373119 140.748084 470.002428 129.467027 252.565197 421.744158
339.634199 293.438951 197.362958 241.804157 483.485418 271.269500 271.475132 140.845710 469.978688 130.021719 252.657315 421.504448
339.589072 293.418852 197.172343 241.769165 483.063286 270.924468 271.603409 140.957841 469.955136 130.572015 252.758328 421.241590
339.522702 293.208004 196.942386 241.726950 482.634805 270.574246 271.757719 141.077714 469.931611 131.121712 252.848013 421.008230
339.520661 293.080020 196.683118 241.679355 482.205900 270.226457 271.934930 141.215379 469.908170 131.669411 252.950327 420.742014
339.518203 292.925840 196.048067 241.553037 481.778202 269.884814 272.141203 141.375619 469.884439 132.223903 253.041807 420.503988
339.515176 292.736064 195.778594 241.505698 481.351120 269.543679 272.376537 141.558436 469.857600 132.770840 253.141754 420.243933
339.511509 292.506093 195.512863 241.459016 480.924508 269.202918 272.636984 141.760761 469.829248 133.314901 253.230688 420.012428
339.507165 292.233728 195.237594 241.425958 480.498364 268.862532 273.118422 142.152190 469.801873 133.862408 253.307631 419.812096
339.502853 291.963362 194.963919 241.406019 480.073470 268.523145 273.413892 142.394939 469.783175 134.416293 253.399274 419.573489
339.505155 291.561421 194.734926 241.389335 479.648264 268.183507 273.640286 142.580936 469.764666 134.964580 253.480379 419.362330
339.508693 291.296845 194.586719 241.378536 479.218135 267.850468 273.793833 142.733418 469.745968 135.518465 253.550422 419.180129
339.512233 291.032068 194.501146 241.372302 478.788573 267.519297 273.893980 142.859480 469.727466 136.066553 253.608982 419.027798
339.515693 290.773292 194.194409 241.362124 478.358694 267.187881 273.951456 142.931828 469.708863 136.617639 253.658142 418.899921
339.519177 290.512715 194.041053 241.365823 477.925489 266.853902 273.970914 143.356597 469.690388 137.164927 253.723150 418.730784
339.522648 290.253138 193.844111 241.370575 477.496402 266.523097 273.969407 143.524390 469.671656 137.719811 253.798616 418.534384
339.526435 289.867006 193.607779 241.376276 477.066241 266.181341 273.967663 143.718582 469.653370 138.261502 253.864757 418.362254
339.528595 289.602015 193.349055 241.382518 476.638929 265.841137 273.965675 143.939973 469.634834 138.810589 253.940653 418.164734
339.530730 289.340223 193.072935 241.389180 476.256554 265.452339 273.963456 144.186963 469.616203 139.362475 254.006865 417.992417
339.532930 289.070432 192.809612 241.395533 475.828611 265.111644 273.961069 144.452753 469.597931 139.903767 254.098910 417.753234
339.535027 288.813241 192.586677 241.400911 475.403953 264.773565 273.958733 144.712942 469.579644 140.445458 254.143955 417.635990
339.537130 288.555249 192.428123 241.404736 474.977887 264.434364 273.956342 144.979131 469.561237 140.990748 254.197894 417.495595
339.539289 288.290458 192.146867 241.385507 474.545249 264.089932 273.915634 145.253304 469.537660 141.534830 254.242365 417.379844
339.474126 287.863369 191.961287 241.175859 474.111828 263.744877 273.870033 145.520034 469.517718 142.077057 254.276866 417.290043
339.394533 287.599722 191.969269 240.994234 473.684667 263.404805 273.823724 145.790904 469.499183 142.622542 254.360211 417.074237
339.318350 287.347371 191.978717 240.779242 473.254063 263.061992 273.777212 146.062957 469.480425 143.174624 254.397109 416.978287
339.243786 287.100380 191.989675 240.529882 472.831126 262.725284 273.730903 146.333827 469.461762 143.723907 254.445802 416.851731
339.165927 286.842477 192.001284 240.265737 472.405843 262.386706 273.686077 146.596022 469.443309 144.266993 254.484186 416.752067
339.090149 286.591466 192.013287 239.992601 471.974926 262.043644 273.641250 146.858218 469.424734 144.813678 254.513297 416.676479
339.014775 286.341795 192.053419 239.723948 471.545104 261.701455 273.597907 147.111740 469.408105 145.355222 254.697508 416.161243
338.936627 286.082934 192.127725 239.457723 471.152428 261.408842 273.551800 147.381427 469.391844 145.897578 254.731213 416.062011
338.856572 285.817754 192.197729 239.206909 470.801345 261.153360 273.508322 147.635737 469.375517 146.442133 254.815032 416.020149
338.731606 285.517935 192.259507 238.985569 470.521094 260.949422 273.461945 147.907001 469.359046 146.991487 254.835936 415.958602
338.609690 285.113600 192.306069 238.818745 470.298413 260.787378 273.417422 148.167423 469.342492 147.543638 254.859992 415.887776
338.533503 284.861877 192.334512 238.716840 469.973855 260.551018 273.371180 148.437898 469.325991 148.093991 254.879160 415.831343
338.456277 284.600242 192.437761 238.399309 469.855771 260.469330 273.515774 148.738640 469.309472 148.644944 254.901286 415.766198
338.384440 284.351820 192.498944 238.235566 469.802832 260.433365 273.744470 148.858065 469.292833 149.199894 254.927851 415.687986
338.311603 284.099940 192.575318 238.031169 469.765941 260.408301 273.989653 148.986100 469.276273 149.752246 254.964000 415.581557
338.236265 283.839414 192.662892 237.796795 469.757173 260.402345 274.232708 149.113023 469.259742 150.303598 255.010246 415.445397
338.164039 283.589647 192.756767 237.545561 469.753864 260.400097 274.470622 149.237262 469.243487 150.845755 255.067943 415.275528
338.089091 283.330466 192.921595 237.437210 469.751382 260.398411 274.714210 149.364464 469.227142 151.390910 255.136509 415.073654
338.017087 283.081468 193.192299 237.492033 469.750721 260.397961 274.954783 149.490092 469.210545 151.944461 255.414284 415.016039
337.943472 282.826898 193.462220 237.546697 469.750555 260.397849 275.189507 149.612664 469.194170 152.490615 255.509448 415.220467
337.868468 282.567525 193.722339 237.599377 469.750555 260.397849 275.422280 149.734218 469.177735 153.038769 255.617185 415.385663
337.796464 282.318527 193.990162 237.654310 469.750555 260.397849 275.658599 149.857624 469.161264 153.588122 255.707530 415.477183
337.719905 282.053774 194.256057 237.709688 469.750555 260.397849 275.903781 149.985659 469.144710 154.140274 255.853941 415.537993
337.645123 281.795170 194.514902 237.763597 469.750555 260.397849 276.134427 150.106102 469.067096 156.178404 255.987132 415.561217
337.588509 281.599391 194.779035 237.818608 469.750555 260.397849 276.365427 150.226731 469.041299 156.720991 256.059638 415.573860
337.552840 281.476045 195.049432 237.874924 469.750555 260.397849 276.594832 150.346526 469.014644 157.271545 256.090768 415.579288
337.531450 281.402075 195.179859 237.729388 469.750555 260.397849 276.833633 150.471228 468.987598 157.814072 256.098452 415.580627
337.522617 281.371527 195.281322 237.599017 469.750555 260.397849 277.066938 150.593060 468.960054 158.366586 256.146400 415.522000
337.518394 281.356925 195.334264 237.530991 469.750555 260.397849 277.303611 150.716651 468.932610 158.917102 256.518189 415.528795
337.517172 281.352698 195.638617 237.420299 469.750555 260.397849 277.545780 150.843112 468.904966 159.471613 256.594618 415.484376
337.516561 281.350585 195.762995 237.523473 469.750555 260.397849 277.788836 150.970036 468.877423 160.024127 256.702017 415.418486
337.516338 281.349816 195.910309 237.645672 469.750555 260.397849 278.033132 151.097607 468.850247 160.569250 256.846750 415.329692
337.516227 281.349432 196.086562 237.791876 469.750555 260.397849 278.268033 151.220273 468.823212 161.111577 257.025237 415.220190
337.516227 281.349432 196.295911 237.965534 469.750555 260.397849 278.453826 151.317294 468.792007 161.650758 257.236456 415.090608
337.516227 281.349432 196.506953 238.140597 469.750555 260.397849 278.561614 151.373581 468.730146 162.202904 257.471882 414.946174
337.516227 281.349432 196.711991 238.310679 469.750555 260.397849 278.628627 151.408575 468.668776 162.750677 257.742255 414.780300
337.516227 281.349432 196.923033 238.485742 469.750555 260.397849 278.890462 151.585566 468.613219 163.293038 258.043995 414.595182
337.516227 281.349432 197.129457 238.656974 469.750555 260.397849 278.991649 151.673414 468.556853 163.843962 258.367315 414.398971
337.510171 281.328490 197.334496 238.827056 469.750555 260.397849 279.116395 151.781717 468.501893 164.381158 258.717505 414.186896
337.497540 281.270221 197.534855 239.001069 469.750555 260.397849 279.272101 151.916898 468.446016 164.927307 259.084288 413.964772
337.517385 280.824943 197.739023 239.181394 469.750555 260.397849 279.454085 152.074894 468.389874 165.476043 259.471088 413.730526
337.536073 280.684178 198.098842 239.482232 469.750555 260.397849 279.650266 152.245215 468.298172 166.017656 259.875508 413.485609
337.554128 280.548171 198.303917 239.648804 469.750555 260.397849 279.893624 152.350735 468.203550 166.562094 260.295667 413.231161
337.573474 280.402449 198.606407 239.925629 469.750555 260.397849 280.148340 152.435975 468.111052 167.094316 260.744395 412.959412
337.591754 280.238513 198.839388 240.066400 469.750555 260.397849 280.396418 152.518993 468.018417 167.627326 261.217392 412.677321
337.604158 280.090432 199.025696 240.253725 469.750555 260.397849 280.656823 152.606137 467.909944 168.164561 261.698128 412.415521
337.616544 279.942549 199.218069 240.447149 469.750555 260.397849 280.919315 152.693979 467.780094 168.688922 262.201562 412.214364
337.626778 279.820377 199.393692 240.635143 469.750555 260.397849 281.134071 152.837461 467.648129 169.221826 262.710053 412.016036
337.631719 279.761384 199.558269 240.843608 469.750555 260.397849 281.330893 153.021703 467.515443 169.757642 263.214632 411.819234
337.629984 279.475305 199.717518 241.045323 469.750555 260.397849 281.518955 153.197745 467.384488 170.286468 263.731136 411.617781
337.595278 279.357303 199.882963 241.254886 469.750555 260.397849 281.710812 153.377340 467.252667 170.818790 264.237205 411.420397
337.553800 279.216276 200.059394 241.458470 469.750555 260.397849 281.905444 153.559532 467.121471 171.348587 264.752590 411.219380
337.512774 279.076784 200.237836 241.651128 469.750555 260.397849 282.098616 153.740358 466.991189 171.874696 265.255306 411.023305
337.469659 278.930193 200.426335 241.854644 469.750555 260.397849 282.295639 153.932196 466.841598 172.514058 265.689079 410.854120
337.429028 278.792044 200.608991 242.051851 469.750555 260.397849 282.484140 154.117029 466.690290 173.033051 266.167399 410.678429
337.387832 278.651976 200.794092 242.251699 469.807532 260.123847 282.669357 154.298641 466.537191 173.558189 266.581360 410.555597
337.342347 278.497326 200.981640 242.454188 469.871261 260.069430 282.862285 154.487815 466.383531 174.085247 266.957932 410.443859
337.296637 278.341909 201.168236 242.655650 469.967690 259.987092 283.059784 154.681469 466.225912 174.611049 267.274107 410.350042
337.255159 278.200882 201.454323 242.936417 470.083588 259.888130 283.254997 154.872883 466.050700 175.122045 267.507858 410.268271
337.213230 278.058320 201.668540 243.089683 470.225494 259.766960 283.444069 155.058276 465.872568 175.641554 267.655438 410.194481
337.168987 277.907892 201.888614 243.247138 470.393142 259.618417 283.631857 155.242409 465.696837 176.154063 267.839586 409.930940
337.128130 277.768975 202.101530 243.399473 470.536536 259.462269 283.793939 155.401337 465.493922 176.665842 267.889330 409.773407
337.084620 277.621041 202.325182 243.559488 470.672354 259.314370 283.906612 155.511817 465.289660 177.173920 267.932750 409.635899
337.038684 277.464856 202.543303 243.715547 470.846172 259.060822 283.967589 155.571608 465.084653 177.683853 267.978037 409.492480
336.992692 277.308479 202.759147 243.869976 470.929162 258.877316 283.995944 155.843620 464.863183 178.178156 268.027780 409.334947
336.948336 277.157667 202.984588 244.031272 471.022124 258.671759 283.867711 155.957951 464.633762 178.671191 268.074452 409.187140
336.904600 277.008965 203.202709 244.187331 471.116384 258.430643 283.725584 156.113359 464.399531 179.174563 268.127828 409.053591
336.863179 276.868130 203.500268 244.420776 471.198723 258.161141 283.566933 156.307602 464.161551 179.663494 268.201012 408.915823
336.841622 276.794835 203.714883 244.593041 471.289887 257.862756 283.312507 156.723354 463.919555 180.153383 268.273914 408.778585
336.716906 276.610212 204.051327 244.894084 471.391636 257.539389 283.174558 157.002085 463.675964 180.646499 268.348787 408.637637
336.608970 276.512195 204.243211 245.073359 471.504019 257.184351 283.039919 157.317849 463.394759 181.121694 268.423567 408.496867
336.495450 276.409021 204.439040 245.256320 471.618877 256.821496 282.904214 157.662151 463.111111 181.588936 268.519572 408.373072
336.388755 276.312017 204.640862 245.444880 471.709411 256.535483 282.720450 158.256752 462.826424 182.057887 268.633241 408.253196
336.281616 276.214609 204.829092 245.620741 471.826695 256.115930 282.646952 158.672998 462.526110 182.514978 268.739341 408.141301
336.168113 276.111416 205.028575 245.807116 471.873909 255.938712 282.574159 159.101864 462.215691 182.959035 268.844890 408.029987
336.081640 276.008542 205.224843 245.990486 471.920043 255.765552 282.521777 159.540286 461.900917 183.409321 268.966379 407.921041
336.036630 275.934090 205.416434 246.169488 472.025067 255.364325 282.483985 159.979966 461.589861 183.850953 269.107448 407.856337
335.890008 275.604789 205.794698 246.546261 472.085597 255.124444 282.510333 160.421581 461.262870 184.295182 269.249608 407.791133
335.853165 275.463101 205.962410 246.747028 472.152536 254.859159 282.526702 160.856011 460.934337 184.741505 269.397767 407.723177
335.812799 275.307863 206.128710 246.946106 472.227647 254.561489 282.565866 161.482355 460.610666 185.181224 269.549280 407.665214
335.770923 275.146819 206.299115 247.150097 472.309413 254.237446 282.616971 161.910891 460.282392 185.617625 269.702365 407.637350
335.729652 274.988097 206.470416 247.355162 472.399253 253.881406 282.663870 162.344160 459.935571 186.041912 269.857417 407.609129
335.695376 274.856280 206.646975 247.566520 472.451193 253.484142 282.710231 162.772458 459.589637 186.465115 270.007747 407.581766
335.680629 274.799566 206.843552 247.759870 472.493799 253.050429 282.748870 163.197878 459.170382 186.873817 270.286156 407.482043
335.593345 274.443305 207.042751 247.926962 472.538654 252.593827 282.818801 163.628732 458.803800 187.274924 270.428798 407.389909
335.563549 274.317588 207.240264 248.092641 472.607402 251.915273 282.895448 164.063629 458.417825 187.674567 270.530514 407.208017
335.523699 274.149446 207.524996 248.338603 472.653647 251.418421 282.971852 164.497148 458.039514 188.064069 270.644626 407.003956
335.477346 273.953863 207.726126 248.513291 472.703102 250.888122 283.070573 164.920950 457.652904 188.445358 270.785924 406.783301
335.421168 273.716830 207.926349 248.687193 472.833748 250.362683 283.253494 165.318936 457.266294 188.826648 270.953559 406.547642
335.360055 273.458973 208.124307 248.859127 472.969809 249.824620 283.529106 165.662181 456.874130 189.213414 271.138583 406.287537
335.288967 273.158429 208.326493 249.034733 473.104667 249.291409 283.866031 165.928689 456.486239 189.595968 271.346910 405.994675
335.179678 272.714742 208.690376 249.330897 473.274789 248.771505 284.242988 166.142149 456.092224 189.984560 271.569727 405.681440
335.112161 272.458694 208.896973 249.484430 473.455042 248.255269 284.576702 166.424880 455.691483 190.367765 271.793248 405.384805
335.044900 272.203613 209.108707 249.641781 473.637008 247.734124 284.822608 166.773285 455.285611 190.733282 272.030010 405.092453
334.950310 271.821906 209.326893 249.801150 473.819634 247.211091 284.909543 167.190159 454.882563 191.096256 272.266522 404.800411
334.888814 271.553255 209.537323 249.952491 473.999096 246.697121 284.899460 167.623396 454.481298 191.457623 272.502152 404.509458
334.828479 271.289672 209.752786 250.107451 474.233288 246.000059 284.840646 168.048749 454.072751 191.825549 272.741683 404.213686
334.770241 271.035252 209.961916 250.257858 474.395195 245.479245 284.763316 168.475050 453.661380 192.196018 272.978824 403.920868
334.712226 270.781808 210.181763 250.415971 474.557221 244.958049 284.679213 168.900823 453.259189 192.559045 273.221503 403.621211
334.630544 270.409257 210.396090 250.570114 474.722038 244.427877 284.624225 169.335396 452.782556 192.901028 273.463049 403.322952
334.581089 270.149117 210.613339 250.726360 474.934320 243.722483 284.593989 169.762185 452.376075 193.268556 273.705979 403.022984
334.460255 269.631928 210.831969 250.879476 475.090413 243.197811 284.775478 170.141678 451.965884 193.639437 273.948372 402.736875
334.390876 269.365617 211.059861 251.022397 475.244682 242.679272 285.183279 170.285331 451.563407 194.003342 274.194757 402.448364
334.324270 269.109951 211.290803 251.167229 475.402088 242.150190 285.620117 170.274979 451.161079 194.367114 274.436466 402.165328
334.228789 268.732435 211.518017 251.309725 475.583437 241.545964 286.053970 170.286274 450.750889 194.737995 274.681032 401.878945
334.163517 268.473124 211.742182 251.450307 475.706241 241.147666 286.481759 170.314252 450.346039 195.104047 274.928976 401.588609
334.097756 268.211873 211.977021 251.597584 475.806182 240.823523 286.922647 170.359618 449.936590 195.474257 275.180426 401.294166
334.003149 267.826607 212.198305 251.736360 475.883553 240.572580 287.348542 170.417421 449.531888 195.840175 275.429928 401.002005
333.942228 267.562338 212.582884 251.988560 475.940604 240.387577 287.774536 170.482761 449.124813 196.208239 275.670729 400.720033
333.883912 267.309373 212.806554 252.137279 475.979939 240.261364 288.207232 170.551996 448.716699 196.577242 275.914776 400.434259
333.822002 267.040817 213.022897 252.281126 476.002908 240.187661 288.631068 170.624515 448.308586 196.946245 276.158043 400.149398
333.763326 266.786292 213.214298 252.487724 476.020106 240.132478 289.053574 170.697714 447.905658 197.309053 276.402220 399.863472
333.659482 266.378915 213.433305 252.633343 476.036411 240.080160 289.462084 170.866694 447.499471 197.673321 276.645930 399.509575
333.592462 266.123150 213.660640 252.784498 476.049086 240.039489 289.785712 171.164664 447.089263 198.041194 276.913964 399.230144
333.546176 265.946514 213.879147 252.929785 476.066105 239.984880 289.894543 171.588177 446.680098 198.408132 277.180199 398.952590
333.513579 265.822114 214.095823 253.073853 476.123789 239.792424 289.851662 172.028804 446.277484 198.769195 277.438542 398.683263
333.494517 265.749370 214.310001 253.216260 476.140286 239.724042 289.759078 172.455066 445.870403 199.134264 277.705192 398.405275
333.489245 265.729249 214.530840 253.363097 476.155260 239.641388 289.665268 172.887200 445.459153 199.503072 277.974334 398.124690
333.486152 265.717447 214.996991 253.663145 476.175474 239.529804 289.579486 173.309373 445.048554 199.871705 278.232953 397.855074
333.483516 265.707387 215.196429 253.783617 476.203103 239.377286 289.491831 173.740758 444.638215 200.245993 278.499465 397.577231
333.483263 265.706420 215.340059 253.870377 476.238504 239.181867 289.403858 174.173710 444.234083 200.614620 278.759192 397.306461
333.483111 265.705839 215.435584 253.928080 476.286666 238.916112 289.317199 174.600195 443.832610 200.980821 279.021966 397.032515
333.483009 265.705452 215.414897 254.263448 476.302389 238.829528 289.230978 175.024524 443.425965 201.351740 279.285985 396.757270
333.483009 265.705452 215.320965 254.425606 476.311894 238.777184 289.142925 175.457868 443.023901 201.718480 279.549174 396.482891
333.483009 265.705452 215.212798 254.612340 476.491539 238.607015 289.043828 175.878224 442.620951 202.086028 279.808901 396.212120
333.483009 265.705452 215.086085 254.831090 476.493701 238.606606 288.938327 176.291985 442.217370 202.496496 280.074997 395.934710
333.483009 265.705452 214.952454 255.061782 476.495470 238.606272 288.859149 176.715006 441.807154 202.862560 280.337355 395.661198
333.483009 265.705452 214.822734 255.285724 476.496256 238.606123 288.780558 177.140408 441.393655 203.231553 280.606358 395.380757
333.483009 265.705452 214.691008 255.513127 476.496256 238.606123 288.709133 177.570788 440.979260 203.601345 280.864009 395.112151
333.483009 265.705452 214.337492 256.133098 476.496256 238.606123 288.653309 177.994728 440.566805 203.969406 281.123598 394.841525
333.483009 265.705452 214.203498 256.372329 476.496256 238.606123 288.603612 178.428022 440.157633 204.334538 281.392186 394.561517
333.483009 265.705452 214.077883 256.604502 476.496256 238.606123 288.585291 178.869442 439.746223 204.701667 281.659251 394.283097
333.483009 265.705452 213.955713 256.837178 476.496256 238.606123 288.566929 179.311861 439.331828 205.071459 281.919810 394.011460
333.483009 265.705452 213.834894 257.211232 476.496256 238.606123 288.548707 179.750883 438.915959 205.426810 282.188398 393.731452
333.483009 265.705452 213.708741 257.455139 476.496256 238.606123 288.531000 180.177516 438.483945 205.772665 282.451309 393.457362
333.483009 265.705452 213.587089 257.690341 476.496256 238.606123 288.512728 180.617737 438.060675 206.111520 282.712837 393.184715
333.483009 265.705452 213.519200 257.965149 476.496256 238.606123 288.510327 181.055647 437.631003 206.455501 282.977271 392.909037
333.483009 265.705452 213.397530 258.200342 476.496256 238.606123 288.521500 181.472336 437.198863 206.796865 283.240183 392.634947
333.483009 265.705452 213.176410 258.661578 476.496256 238.606123 288.558570 181.819362 436.746278 207.116368 283.498803 392.365331
333.483009 265.705452 213.065138 258.900983 476.496256 238.606123 288.592367 182.135762 436.293693 207.435872 283.766699 392.086045
333.483009 265.705452 212.951589 259.145284 476.502545 238.604936 288.618335 182.364968 435.850257 207.748916 284.029334 391.812243
333.483009 265.705452 212.744050 259.570265 476.514343 238.602747 288.664135 182.538233 435.404207 208.063806 284.295430 391.534833
333.483009 265.705452 212.609174 259.812897 476.533614 238.599172 288.684400 182.645943 434.958974 208.378119 284.569349 391.259257
333.483009 265.705452 212.417618 260.021634 476.555835 238.595049 288.834275 182.757380 434.491818 208.657095 284.840192 390.993857
333.483009 265.705452 212.289276 260.252567 476.617385 238.583630 289.030888 182.770508 433.992111 208.897202 285.116177 390.723418
333.483009 265.705452 212.160158 260.484899 476.672838 238.573341 289.207396 182.720703 433.502318 209.132545 285.384305 390.460677
333.483009 265.705452 212.032691 260.714259 476.912055 238.528202 289.322502 182.688225 433.001889 209.372999 285.656290 390.194158
333.483009 265.705452 211.900560 260.952010 476.985649 238.512744 289.394298 182.667967 432.505246 209.611633 285.924561 389.931278
333.483009 265.705452 211.691085 261.355474 477.017161 238.506125 289.546608 182.541419 432.007701 209.850701 286.197832 389.663498
333.483009 265.705452 211.582607 261.572247 477.066289 238.495806 289.739083 182.157204 431.515204 210.087344 286.472960 389.393899
333.483009 265.705452 211.497221 261.742874 477.085275 238.491818 289.735201 181.968544 431.017119 210.326671 286.741516 389.130739
333.483009 265.705452 211.439491 261.858236 477.137339 238.480882 289.799020 181.750074 430.510892 210.529205 287.006073 388.871498
333.483009 265.705452 211.409803 261.920735 477.194186 238.467584 289.911899 181.522986 429.993212 210.693084 287.275344 388.607638
333.483009 265.705452 211.391606 261.960136 477.269828 238.447744 290.078798 181.327726 429.472290 210.857989 287.560067 388.350080
333.483009 265.705452 211.364437 262.018966 477.387449 238.416894 290.286579 181.170438 428.926740 211.140811 287.846409 388.095724
333.483009 265.705452 211.327122 262.099765 477.474311 238.394111 290.466778 180.876747 428.383011 211.250080 288.125614 387.848694
333.483009 265.705452 211.281840 262.197814 477.503330 238.386500 290.632301 180.629426 427.851831 211.356828 288.413369 387.595331
333.483009 265.705452 211.216601 262.339077 477.532155 238.378940 290.722613 180.377900 427.317614 211.460569 288.702324 387.340910
333.483009 265.705452 211.143229 262.497953 477.541440 238.376504 290.801070 180.084820 426.774139 211.564910 288.984374 387.092569
333.483009 265.705452 211.056774 262.685153 477.542214 238.376301 290.871924 179.820140 426.228222 211.659150 289.271078 386.840131
333.474442 265.672756 210.986810 263.352457 477.542600 238.376200 290.822272 179.477452 425.688655 211.751420 289.568303 386.597805
333.463339 265.630387 210.968919 263.585341 477.542600 238.376200 290.832636 179.133008 425.145933 211.844230 289.861703 386.365874
333.375718 265.353734 210.863556 263.844966 477.542600 238.376200 290.843890 178.758977 424.599269 211.937714 290.156516 386.132826
333.328318 265.239151 210.822373 264.118685 477.542600 238.376200 290.855751 178.364756 424.057045 211.981999 290.452427 385.898911
333.271133 265.100912 210.782826 264.381526 477.542600 238.376200 290.869071 177.947369 423.506770 212.022998 290.749907 385.663755
333.199269 264.927190 210.744232 264.638039 477.542600 238.376200 290.884667 177.496239 422.960285 212.063715 291.054919 385.422646
333.114638 264.722603 210.701703 264.903438 477.542600 238.376200 290.901480 177.009929 422.453440 212.035446 291.355598 385.188486
333.013340 264.477728 210.655219 265.172857 477.542600 238.376200 290.920663 176.491494 421.937067 212.073870 291.666056 384.980299
332.901187 264.206610 210.610163 265.433999 477.542600 238.376200 290.949346 175.947249 421.393570 212.114313 291.988142 384.764314
332.780700 263.915347 210.565888 265.690607 477.542600 238.376200 290.978934 175.385828 420.565050 212.137886 292.307404 384.550223
332.647293 263.592851 210.519200 265.961209 477.542600 238.376200 291.009670 174.802638 420.016531 212.169467 292.626500 384.336243
332.427922 263.072501 210.472512 266.231811 477.542600 238.376200 291.040521 174.217250 419.465025 212.212727 292.946593 384.121595
332.270715 262.715152 210.430157 266.506116 477.542600 238.376200 291.070542 173.647028 418.911525 212.256143 293.267018 383.906724
332.100542 262.328329 210.395010 266.764739 477.542600 238.376200 291.096135 173.127859 418.363210 212.299153 293.587276 383.691964
331.891627 261.938808 210.360322 267.019992 477.542600 238.376200 291.119522 172.653435 417.809862 212.341946 293.904545 383.479209
331.635615 261.579482 210.323748 267.289119 477.542600 238.376200 291.141442 172.208775 417.262820 212.383252 294.219415 383.271949
331.383085 261.225042 210.288048 267.556142 477.542600 238.376200 291.204865 171.713090 416.722358 212.424061 294.533993 383.075651
331.138794 260.882167 210.254060 267.812701 477.542600 238.376200 291.174720 171.284548 416.168933 212.465849 294.861976 382.870989
330.938372 260.600863 210.220125 268.068863 477.542600 238.376200 291.144366 170.853015 415.624284 212.506974 295.187245 382.668021
330.766859 260.347544 210.184429 268.338309 477.542600 238.376200 291.118712 170.488316 415.072142 212.546965 295.508286 382.467724
330.599367 260.119756 210.149023 268.605574 477.542600 238.376200 291.111513 170.183286 414.518283 212.579263 295.832622 382.265906
330.453973 259.891452 210.124869 268.874450 477.542600 238.376200 291.115844 169.921322 413.968218 212.611341 296.124015 382.084588
330.311564 259.662298 210.102438 269.146326 477.542600 238.376200 291.119649 169.691154 413.427337 212.642882 296.331079 381.897989
330.174116 259.441128 210.080731 269.409432 477.896158 238.292911 291.123048 169.485582 412.875776 212.673299 296.506518 381.701591
330.038357 259.222676 210.059467 269.667156 477.975777 238.274148 291.126139 169.298607 412.331350 212.702335 296.665194 381.483962
329.898798 258.998108 210.040478 269.937874 478.102700 238.244238 291.128512 169.155027 411.776538 212.731924 296.817879 381.186503
329.775285 258.799361 210.024716 270.202204 478.270114 238.204785 291.130222 169.051641 411.226168 212.762102 296.992340 380.760026
329.685342 258.654632 210.009120 270.463739 478.466728 238.158451 291.132129 168.936257 410.671645 212.796684 297.046342 380.492812
329.625064 258.557636 209.982427 270.909983 478.705391 238.102208 291.133898 168.829271 410.122512 212.830930 297.096371 380.220164
329.567108 258.464378 209.966751 271.172115 478.980651 238.037341 291.137213 168.637011 409.575575 212.865039 297.168511 379.734284
329.513480 258.378084 209.952912 271.448336 479.265982 237.894821 291.140419 168.459440 409.023492 212.909931 297.195207 379.470251
329.347226 258.077633 209.946044 271.710646 479.596924 237.783383 291.144137 168.253473 408.471032 212.965019 297.218857 379.193661
329.298079 257.988254 209.938841 271.985752 479.964068 237.659755 291.148288 168.023511 407.923746 213.019591 297.239501 378.933265
329.247679 257.896597 209.931727 272.257459 480.353957 237.528468 291.153173 167.752955 407.371740 213.077153 297.253197 378.668619
329.202001 257.813527 209.924482 272.534164 480.764128 237.390352 291.161139 167.448893 406.831121 213.133999 297.268867 378.392277
329.095444 257.613738 209.917545 272.799073 481.200031 237.236748 291.179376 167.107980 406.279273 213.195984 297.289885 378.122896
329.018852 257.462866 209.916422 273.072019 481.646838 237.047337 291.199022 166.740706 405.731180 213.280690 297.310872 377.853913
328.962992 257.352833 209.920081 273.348594 482.100942 236.830316 291.219779 166.352660 405.195994 213.383625 297.366571 377.280534
328.901248 257.231208 209.923605 273.614971 482.570889 236.594933 291.242246 165.932661 404.664725 213.546539 297.398984 377.017725
328.843849 257.118144 209.927150 273.882948 483.066765 236.346562 291.265612 165.489277 404.133992 213.672009 297.431495 376.754123
328.816870 257.065000 209.996831 274.160528 483.550123 236.104461 291.285347 165.061732 403.612553 213.822785 297.464088 376.480458
328.710270 256.843531 210.010632 274.587039 484.041707 235.858239 291.230259 164.563896 403.085436 213.977643 297.495687 376.209897
328.655060 256.726722 210.022184 274.846182 484.524399 235.612877 291.161311 164.139257 402.567176 214.132844 297.525615 375.953639
328.586822 256.583331 210.043067 275.103996 484.990792 235.327835 291.053319 163.737100 402.045390 214.298669 297.556982 375.685064
328.536460 256.477503 210.071776 275.362004 485.455138 235.044045 290.713853 163.472512 401.534179 214.491541 297.588975 375.411126
328.513256 256.428742 210.108635 275.809458 485.867946 234.791752 290.328902 163.365387 401.033674 214.716883 297.619693 375.148114
328.435206 256.261075 210.121977 276.074322 486.220856 234.576067 289.887411 163.406496 400.547030 214.953685 297.712490 374.922692
328.378067 256.145197 210.141160 276.343584 486.502091 234.404187 289.501985 163.600703 400.061762 215.191025 297.764343 374.458456
328.307748 256.002592 210.165399 276.609482 486.745271 234.255565 289.139281 163.838669 399.566878 215.433742 297.789655 374.198485
328.220157 255.825020 210.189056 276.869006 486.930941 234.142090 288.999814 164.217853 399.090057 215.702191 297.816418 373.926398
328.116808 255.615748 210.212278 277.123750 487.055347 234.066058 288.944720 164.654390 398.613854 215.978581 297.842438 373.668910
327.999112 255.377427 210.234537 277.367937 487.127021 234.022254 289.232157 164.970753 398.141111 216.252963 297.869082 373.405252
327.877962 255.132111 210.274149 277.790893 487.182312 233.988462 289.719157 165.380056 397.668703 216.530968 297.895887 373.140003
327.767436 254.896622 210.310726 278.196072 487.202790 233.975946 290.138270 165.526617 397.206341 216.826608 297.922008 372.881520
327.659422 254.650916 210.343270 278.452610 487.217296 233.967081 290.553041 165.671660 396.744821 217.121708 297.948732 372.617067
327.560636 254.401890 210.378804 278.724497 487.229753 233.959467 290.971342 165.820368 396.280100 217.418856 297.975939 372.347838
327.478326 254.151259 210.413016 278.986271 487.263031 233.939130 291.380308 165.986973 395.819760 217.713203 298.003146 372.078609
327.399760 253.912030 210.448472 279.257564 487.292383 233.921191 291.778346 166.149127 395.354870 218.010459 298.030594 371.806993
327.260325 253.495744 210.477526 279.479874 487.323783 233.902000 292.189534 166.316638 394.890992 218.307068 298.066321 371.341656
327.177671 253.250286 210.502589 279.671643 487.389314 233.861950 292.594240 166.481508 394.433011 218.599906 298.085000 371.075511
327.092781 252.993158 210.525086 279.843779 487.467984 233.813870 293.044752 166.683931 393.975267 218.891624 298.104294 370.800587
327.013445 252.730268 210.546443 280.007189 487.583414 233.742720 293.444616 166.870860 393.507071 219.185905 298.123113 370.532447
326.933704 252.466038 210.568629 280.176946 487.713847 233.659723 293.836871 167.054232 393.047510 219.474759 298.141344 370.272686
326.857373 252.213105 210.598978 280.368927 487.876002 233.556541 294.232749 167.239297 392.587950 219.763612 298.159393 370.015518
326.781735 251.962470 210.632064 280.561505 488.048619 233.446702 294.633338 167.426565 392.129914 220.051508 298.178534 369.742789
326.704941 251.708005 210.665104 280.739963 488.200144 233.350285 295.029036 167.611546 391.664258 220.344192 298.195706 369.469931
326.628552 251.454880 210.701176 280.908752 488.338170 233.262456 295.414469 167.829194 391.206391 220.631981 298.211375 369.210204
326.485859 251.016824 210.729683 281.042140 488.452067 233.189982 295.789488 168.051583 390.747251 220.924853 298.238284 368.812724
326.399992 250.763375 210.753904 281.162319 488.570688 233.114501 296.165539 168.274584 390.289536 221.218847 298.257653 368.537805
326.311686 250.502727 210.792858 281.379362 488.664505 233.054804 296.506325 168.476672 389.824416 221.517597 298.277105 368.261689
326.222802 250.240375 210.805432 281.457152 488.753766 232.998006 296.792062 168.646116 389.362157 221.814509 298.296333 367.988766
326.139309 249.993934 210.813092 281.504537 488.812487 232.960641 297.027911 168.785976 388.897146 222.109319 298.249796 367.710056
326.053057 249.739348 210.819922 281.546788 488.860070 232.930363 297.231935 168.906963 388.436159 222.397024 298.267027 367.465863
325.964751 249.478701 210.822092 281.560214 488.901073 232.904272 297.413767 169.014791 387.973136 222.686000 298.293043 366.935633
325.876701 249.218811 210.823496 281.568901 488.938026 232.880758 297.578053 169.112214 387.510113 222.974976 298.285068 366.676156
325.786629 248.961255 210.823592 281.569494 488.978692 232.854882 297.723932 169.198721 387.050144 223.262047 298.277166 366.419077
325.668343 248.714768 210.823688 281.570086 489.037243 232.817625 297.802893 169.245545 386.585972 223.557452 298.268822 366.147605
325.555682 248.480001 210.823688 281.570086 489.102375 232.776181 297.878585 169.290431 386.128790 223.848568 298.260773 365.885729
325.438780 248.236398 210.758526 281.580680 489.191805 232.719275 297.981457 169.351435 385.665704 224.143444 298.252767 365.625252
325.327037 247.999878 210.763223 281.609702 489.312957 232.642184 298.183051 169.397597 385.196634 224.440778 298.275324 365.293089
325.213420 247.750324 210.772488 281.666957 489.456383 232.550920 298.287440 169.464151 384.717219 224.708290 298.266957 365.036225
325.099886 247.500953 210.779932 281.712959 489.621744 232.445698 298.379350 169.522748 384.239859 224.970390 298.258747 364.784159
324.988009 247.255223 210.787664 281.760737 489.809547 232.326196 298.493351 169.595430 383.742695 225.290559 298.250302 364.524897
324.883093 247.024782 210.802488 281.852346 489.801170 231.939027 298.839033 169.815775 383.284675 225.589893 298.266421 364.013048
324.773786 246.784694 210.813383 281.919670 489.727502 231.655646 299.001955 169.919614 382.824697 225.878834 298.254759 363.748905
324.649268 246.558875 210.820987 281.966659 489.646889 231.345553 299.158650 170.097657 382.365148 226.177652 298.242973 363.481965
324.512092 246.328410 210.826930 282.003381 489.569698 231.048622 299.377395 170.237081 381.909770 226.479981 298.230737 363.204835
324.375019 246.098117 210.827760 282.008514 489.490805 230.739946 299.629027 170.397468 381.455726 226.781425 298.219225 362.944089
324.244186 245.878307 210.835268 282.054911 489.410220 230.417258 299.914222 170.579246 381.014044 227.097151 298.208065 362.691336
324.112636 245.657294 210.841978 282.096371 489.331232 230.095615 300.230449 170.780804 380.593107 227.440288 298.196729 362.434586
323.982118 245.415017 210.848144 282.134475 489.252912 229.776691 300.564721 170.993864 380.195811 227.820046 298.185376 362.177436
323.811122 244.962282 210.854598 282.174357 489.125350 229.430263 300.922943 171.222188 379.803381 228.204422 298.173669 361.912295
323.610690 244.794170 210.860987 282.213843 488.887476 229.185167 301.303933 171.465025 379.426943 228.592421 298.151712 361.373409
323.384562 244.677477 210.868080 282.257673 488.568292 229.000010 301.707523 171.722267 379.087281 229.031001 298.135886 360.997820
323.126556 244.594566 210.874694 282.298541 488.184735 228.977691 302.128316 171.990473 378.763620 229.475662 298.067803 360.727677
322.857167 244.581366 210.880540 282.334671 487.763831 229.088144 302.539327 172.252444 378.485042 229.946525 298.086232 360.468531
322.589757 244.595823 210.886419 282.370999 487.334435 229.239160 302.965010 172.523768 378.228627 230.438055 298.104660 360.209385
322.318953 244.610464 210.893256 282.413249 486.880314 229.408825 303.375064 172.853758 377.992363 230.930068 298.123925 359.938470
322.048947 244.625062 210.900541 282.458263 486.376868 229.434948 303.801147 173.207832 377.781970 231.440947 298.143346 359.665359
321.596230 244.637925 210.905960 282.499024 485.866087 229.312046 304.240767 173.573155 377.588723 231.955452 298.162256 359.399431
321.322069 244.642545 210.905741 282.537024 485.344363 229.150949 304.694693 173.950366 377.447129 232.491282 298.171827 358.928407
320.866823 244.641787 210.905532 282.573223 484.803709 228.964906 305.164770 174.340998 377.322973 233.020103 298.146776 358.663790
320.612218 244.627593 210.905318 282.610422 484.225511 228.933456 305.652228 174.746074 377.195075 233.557883 298.122347 358.405743
320.349119 244.604102 210.905128 282.643422 483.631716 229.101555 306.140141 175.172762 377.074930 234.011854 298.097314 358.141326
320.086676 244.577378 210.904926 282.678421 483.035079 229.332677 306.617386 175.614642 376.969030 234.412115 298.071924 357.873125
319.822244 244.550452 210.904691 282.719221 482.422884 229.579823 307.102701 176.063995 376.855229 234.837765 298.049262 357.616726
319.375472 244.485783 210.904486 282.754820 481.787136 229.836477 307.581120 176.506962 376.744270 235.252788 298.026112 357.349727
319.117658 244.414830 210.904261 282.793819 481.127278 230.102864 308.057924 176.948435 376.613135 235.673834 298.003429 357.088109
318.861193 244.344247 210.904042 282.831819 480.502370 230.350512 308.516568 177.422833 376.471938 236.094992 297.981121 356.815439
318.603186 244.273241 210.903806 282.872818 479.938873 230.570732 308.967942 177.897201 376.340407 236.501229 297.967348 356.552199
318.405727 244.218898 210.903790 282.875618 479.429025 230.769985 309.424562 178.374578 376.173989 236.901437 297.953614 356.289558
318.259369 244.178618 210.903694 282.892218 478.963326 230.951984 309.877639 178.847319 375.980773 237.290054 297.938875 356.021168
318.158326 244.150810 210.901372 282.915675 478.532833 231.120225 310.332100 179.321504 375.784601 237.673099 297.919978 355.753234
318.093727 244.133031 210.885513 282.966037 478.158597 231.266480 310.779018 179.790316 375.565043 238.055473 297.901725 355.494477
318.044556 244.119499 210.860764 283.044633 477.826460 231.396282 311.177063 180.313513 375.332879 238.421445 297.899312 355.228908
317.968580 244.098589 210.832471 283.134483 477.540734 231.502810 311.574139 180.835437 375.092138 238.784476 297.897538 354.960714
317.923844 244.086277 210.817573 283.181793 477.300332 231.585420 311.972547 181.359112 374.847705 239.141715 297.895743 354.689319
317.901090 244.080015 210.886533 283.182679 477.096137 231.655227 312.371318 181.883264 374.582801 239.494037 297.893946 354.417525
317.883156 244.075080 210.956353 283.671532 476.906843 231.717263 312.769484 182.406620 374.309953 239.838472 297.892233 354.158531
317.877950 244.073647 210.991196 283.736134 476.760882 231.765098 313.172857 182.936821 373.999027 240.258121 297.884495 353.892882
317.876022 244.073116 211.048636 283.842631 476.615680 231.812683 313.569448 183.458108 373.697373 240.566801 297.861502 353.424908
317.875829 244.073063 211.123450 283.981342 476.516662 231.845134 313.965613 183.989225 373.387192 240.884207 297.843399 353.148901
317.875829 244.073063 211.210322 284.142408 476.458505 231.864193 314.355488 184.513562 373.062181 241.176536 297.826370 352.889259
317.875829 244.073063 211.301011 284.345304 476.305531 231.919670 314.748584 185.042233 372.709751 241.432885 297.809040 352.625027
317.875829 244.073063 211.398396 284.574905 476.177472 231.971631 315.140726 185.569620 372.358291 241.688528 297.791985 352.364985
317.875829 244.073063 211.508433 284.834333 476.016239 232.037053 315.532390 186.096364 372.012654 241.939935 297.773817 352.087980
317.875829 244.073063 211.630886 285.123037 475.819053 232.117063 315.926083 186.625838 371.637450 242.171466 297.738298 351.662910
317.875829 244.073063 211.783644 285.421027 475.590733 232.209707 316.322713 187.150077 371.258468 242.395799 297.719406 351.396780
317.705573 244.099231 211.951775 285.740032 475.328313 232.316186 316.727547 187.675381 370.883492 242.605249 297.700173 351.125862
