163.036400 567.295600 347.692744 337.998457 419.682244 189.578147 281.928600 477.652200 388.303942 332.373792 265.935000 143.164200
163.115136 567.310330 347.692744 337.998457 419.682244 189.578147 281.953443 477.615160 388.303942 332.373792 265.900691 143.186647
163.168789 567.256787 347.692744 337.998457 419.682244 189.578147 281.993548 477.555363 388.303942 332.373792 265.831905 143.231651
163.244244 567.181486 347.692744 337.998457 419.682244 189.578147 282.061058 477.454707 388.303942 332.373792 265.730483 143.298007
163.348012 567.077931 347.692744 337.998457 419.682244 189.578147 282.150403 477.321494 388.303942 332.373792 265.593972 143.383427
163.469759 566.956433 347.692744 337.998457 419.682244 189.578147 282.254343 477.166522 388.303942 332.373792 265.412559 143.472726
163.577491 566.848922 347.692744 337.998457 419.682244 189.578147 282.377666 476.982649 388.303942 332.373792 265.194002 143.580308
163.635533 566.790998 347.692744 337.998457 419.682244 189.578147 282.523158 476.765722 388.303942 332.373792 264.949427 143.700697
164.025120 566.755397 347.692744 337.998457 419.682244 189.578147 282.670767 476.545639 388.303942 332.373792 264.670517 143.824750
164.160687 566.768512 347.692744 337.998457 419.682244 189.578147 282.824169 476.316918 388.303942 332.373792 264.340000 143.912631
164.334078 566.785286 347.692744 337.998457 419.682244 189.578147 282.983372 476.124226 388.303942 332.373792 263.988223 144.006164
164.551662 566.806336 347.692744 337.998457 419.682244 189.578147 283.219946 476.231598 388.303942 332.373792 263.606038 144.087418
164.800500 566.830409 347.692744 337.998457 419.682244 189.578147 283.455878 476.339411 388.303942 332.373792 263.185976 144.155853
165.055628 566.825224 347.692744 337.998457 419.682244 189.578147 283.698312 476.451280 388.303942 332.373792 262.731961 144.229818
165.308022 566.743810 347.692744 337.998457 419.682244 189.578147 283.933483 476.559797 388.303942 332.373792 262.249719 144.308383
165.565365 566.660800 347.692744 337.998457 419.682244 189.578147 284.175554 476.671498 388.303942 332.373792 261.742802 144.390967
165.817759 566.579385 347.692744 337.998457 419.682244 189.578147 284.411632 476.780433 388.303942 332.373792 261.203709 144.478793
166.062556 566.478911 347.692744 337.998457 419.682244 189.578147 284.648800 476.889872 388.303942 332.373792 260.666985 144.566234
166.289257 566.353660 347.692744 337.998457 419.682244 189.578147 285.057668 477.076344 388.303942 332.373792 260.128852 144.654902
