314.277764 359.265127 276.044955 299.029681 177.435893 433.920846 283.793200 279.858600 278.224800 292.252000 220.472600 88.145200
314.609425 358.973292 276.309547 299.059625 177.493700 433.859901 283.795089 279.898756 278.196040 292.250480 220.465243 88.175932
314.943827 358.684566 276.573656 299.103934 177.561279 433.788652 283.796950 279.938312 278.123741 292.246659 220.450341 88.238173
315.272324 358.400938 276.844722 299.157204 177.642347 433.703184 283.798726 279.976070 278.123741 292.246659 220.425103 88.343594
315.601579 358.116656 277.102174 299.218291 177.714192 433.627437 283.800625 280.016425 278.074010 292.244031 220.391389 88.484414
315.937041 357.827015 277.367370 299.281389 177.805169 433.531520 283.803068 280.068368 278.017689 292.241055 220.350271 88.656161
316.355478 357.692281 277.635301 299.349711 177.867931 433.465351 283.804929 280.107924 278.002111 292.240232 220.327079 88.862509
316.598019 357.457786 277.899398 299.429892 177.951423 433.374230 283.806706 280.145682 277.992924 292.239746 220.301951 89.112851
316.637793 357.127420 278.151247 299.523073 178.003164 433.316397 283.808350 280.180644 277.988530 292.239514 220.272908 89.402197
316.763708 356.886665 278.429757 299.644926 178.115210 433.184058 283.809864 280.212808 277.986932 292.239430 220.241209 89.718011
316.885212 356.734147 278.730041 299.783283 178.209541 433.059809 283.811377 280.244973 277.986932 292.239430 220.265395 90.059544
316.972447 356.624647 279.011020 300.007059 178.328300 432.903383 283.813886 280.298314 277.986932 292.239430 220.296550 90.426424
317.022918 356.561294 279.311085 300.246036 178.471368 432.714939 283.816095 280.345262 277.986932 292.239430 220.328500 90.802670
317.046097 356.532198 279.683262 300.591406 178.637051 432.496707 283.818134 280.388614 277.958771 292.237942 220.378642 91.169054
317.051954 356.524846 280.114062 301.129922 178.816157 432.260794 283.820136 280.431167 277.904846 292.235092 220.455039 91.547418
317.055319 356.520622 280.303845 301.520005 179.016428 431.997004 283.822514 280.481711 277.705625 292.226895 220.537063 91.909794
317.056067 356.519684 280.447621 301.836461 179.231211 431.714099 283.826981 280.656000 277.631058 292.221002 220.678221 92.269917
317.056191 356.519528 280.537582 302.094772 179.467279 431.403158 283.826831 280.698200 277.567057 292.215943 220.816678 92.623151
317.063045 356.510924 280.645568 302.447629 179.721608 431.068164 283.826649 280.748999 277.534160 292.213343 220.971294 92.967367
317.078747 356.491214 280.682387 302.585744 179.997585 430.704656 283.826475 280.797799 277.499269 292.210585 221.126989 93.308738
317.099310 356.465403 280.697993 302.650078 180.290009 430.319485 283.826335 280.836999 277.491294 292.209955 221.287247 93.660118
317.114763 356.446006 280.706150 302.683703 180.602630 429.907711 283.826172 280.882799 277.488104 292.209702 221.442444 94.000397
317.132085 356.424263 280.707988 302.691283 180.933221 429.477713 283.826030 280.922598 277.486508 292.209576 221.611481 94.341292
317.144298 356.408933 280.709167 302.696142 181.270850 429.043033 283.825857 280.970998 277.486309 292.209561 221.785503 94.678879
317.167985 356.379219 280.709544 302.697697 181.602591 428.615935 283.825718 281.009798 277.486309 292.209561 221.960715 95.018776
317.221062 356.324073 280.709733 302.698474 181.936540 428.185994 283.825551 281.056797 277.486309 292.209561 222.133179 95.353341
317.307162 356.269386 280.709827 302.698863 182.275642 427.749419 283.825424 281.092197 277.471555 292.208394 222.307566 95.691638
317.351226 356.241398 280.709827 302.698863 182.610082 427.318846 283.825253 281.140197 277.471555 292.208394 222.477006 96.020336
317.379081 356.223705 280.709827 302.698863 182.949552 426.881797 283.825056 281.195397 277.437461 292.205700 222.614280 96.286637
317.383977 356.220595 280.709827 302.698863 183.289144 426.444590 283.824932 281.230196 277.437461 292.205700 222.745189 96.541103
317.384484 356.220274 280.709827 302.698863 183.625301 426.011806 283.758764 281.276796 277.437461 292.205700 222.866987 96.780501
317.539015 356.122285 280.709827 302.698863 183.964649 425.574915 283.758620 281.317196 277.400413 292.202351 222.991323 97.024890
317.618075 356.072180 280.709827 302.698863 184.298966 425.144500 283.758435 281.368995 277.320939 292.195136 223.112032 97.262149
317.726867 356.003233 280.709827 302.698863 184.693444 424.679037 283.758308 281.404795 277.212585 292.185300 223.234918 97.503686
317.861506 355.917905 280.709827 302.698863 185.028340 424.235964 283.758123 281.456595 277.063797 292.171792 223.357540 97.745805
318.023849 355.815019 280.709827 302.698863 185.354553 423.804378 283.757943 281.506995 276.873380 292.154506 223.476667 97.981400
318.219640 355.690934 280.709827 302.698863 185.686072 423.365773 283.757746 281.561994 276.704275 292.139154 223.594347 98.214140
318.450748 355.557465 280.709827 302.698863 186.020244 422.923657 283.757601 281.602794 276.554093 292.125520 223.718813 98.460258
318.713749 355.413137 280.709827 302.698863 186.346216 422.492390 283.757473 281.638594 276.445141 292.115629 223.844090 98.707982
319.003575 355.254086 280.709827 302.698863 186.672067 422.061283 283.757322 281.680793 276.341965 292.106262 223.967924 98.952850
319.334991 355.099682 280.709827 302.698863 187.004069 421.622039 283.757190 281.717793 276.244964 292.097456 224.091758 99.197719
319.701809 354.942694 280.709827 302.698863 187.337277 421.181200 283.757002 281.770593 276.136012 292.087565 224.215772 99.442944
320.099795 354.796263 280.709827 302.698863 187.671511 420.746681 283.756807 281.824993 276.056539 292.080351 224.440213 99.894259
320.522869 354.671808 280.709827 302.698863 188.002931 420.317312 283.756649 281.869392 275.998577 292.075089 224.559930 100.136489
320.934239 354.550797 280.709827 302.698863 188.338384 419.882717 283.756460 281.922392 275.938225 292.069610 224.682926 100.385354
321.362846 354.462244 280.709827 302.698863 188.673960 419.447965 283.756278 281.973392 275.872894 292.063679 224.797238 100.616648
321.800567 354.395368 280.709827 302.698863 189.012957 419.008779 283.756108 282.020991 275.831014 292.058617 224.914475 100.853858
322.223657 354.330727 280.709827 302.698863 189.348655 418.573868 283.755953 282.064191 275.783112 292.051687 225.033926 101.095551
322.664940 354.314616 280.709827 302.698863 189.682519 418.141332 283.755768 282.116191 275.716209 292.042008 225.156391 101.343340
323.094975 354.302685 280.709827 302.698863 190.019928 417.704205 283.755865 282.168183 275.645900 292.032136 225.272741 101.578758
323.507448 354.337057 280.709827 302.698863 190.355381 417.269611 283.757893 282.206329 275.569732 292.022307 225.386742 101.813314
323.834440 354.382974 280.709827 302.698863 190.689490 416.836758 283.760505 282.255460 275.506456 292.014143 225.503282 102.058419
324.093300 354.419323 280.709827 302.698863 191.027971 416.404528 283.763341 282.308785 275.426122 292.003777 225.598952 102.259633
324.285025 354.460946 280.709827 302.698863 191.367917 415.974204 283.765857 282.356118 275.218561 291.994819 225.682342 102.435017
324.387524 354.492341 280.709827 302.698863 191.709724 415.541526 283.666427 282.439029 275.122037 292.009274 225.753966 102.585657
324.453881 354.512667 280.709827 302.698863 192.045331 415.116695 283.600675 282.453844 275.028876 292.023226 225.828854 102.743160
324.576335 354.404453 280.709827 302.698863 192.380443 414.692491 283.486926 282.479472 274.954308 292.034393 225.918427 102.931549
324.594340 354.243457 280.709827 302.698863 192.724108 414.257459 283.344106 282.511650 274.768439 291.982839 226.009117 103.122287
