276.201391 347.471718 305.038584 321.136527 144.522600 277.226400 301.618079 377.363981 268.367169 408.743706 201.901600 338.164600
276.230994 347.468291 304.741470 321.450129 144.541645 277.203741 301.848498 376.986793 268.436633 408.613020 201.894477 338.191058
276.311059 347.459021 304.448069 321.759812 144.591189 277.144797 302.077779 376.609848 268.509774 408.479365 201.879399 338.247064
276.426090 347.445703 304.144764 322.079949 144.670459 277.050486 302.308099 376.231194 268.620689 408.362389 201.856729 338.331265
276.573903 347.428590 303.856728 322.383969 144.765299 276.937649 302.531248 375.864330 268.724722 408.252669 201.826521 338.443470
276.766417 347.406300 303.555363 322.686705 144.865158 276.818842 302.755228 375.496099 268.903545 408.160010 201.786538 338.591982
276.999659 347.379296 303.248239 322.991080 144.957811 276.708608 302.982430 375.122572 269.003861 408.054206 201.748998 338.731417
277.275417 347.347369 302.905395 323.332265 145.055997 276.591791 303.204332 374.757758 269.139087 407.987064 201.707767 338.884564
277.544619 347.316201 302.597521 323.639856 145.160489 276.467472 303.433301 374.381326 269.280689 407.922084 201.665288 339.042346
277.805873 347.285954 302.290920 323.946176 145.253271 276.357086 303.652989 373.995719 269.416293 407.859856 201.623433 339.197810
278.060012 347.128528 301.993569 324.232743 145.352487 276.239044 303.870670 373.613108 269.553825 407.798467 201.582462 339.349991
278.043263 346.867866 301.703226 324.507008 145.445263 276.128392 304.093330 373.244788 269.709665 407.770106 201.542687 339.497731
278.026232 346.602812 301.432802 324.762459 145.543525 276.011116 304.321686 372.868217 269.865112 407.741816 201.506291 339.632917
278.009496 346.342349 301.167373 325.005875 145.641145 275.894607 304.550840 372.494483 270.019181 407.713777 201.483570 339.717312
277.992978 346.085279 300.885210 325.254088 145.736324 275.781010 304.777992 372.129142 270.175218 407.685380 201.424862 339.965821
277.975537 345.813839 300.623019 325.484732 145.832787 275.665881 304.977546 371.751672 270.340261 407.669480 201.406006 340.070740
277.796264 345.582467 300.377797 325.700448 145.928352 275.551824 305.179862 371.367261 270.489352 407.709623 201.394296 340.135896
277.536040 345.592052 300.123715 325.923959 146.016621 275.425851 305.384972 370.977541 270.640873 407.769758 201.181648 340.192090
277.263225 345.602100 299.871922 326.143389 146.096397 275.292020 305.590175 370.587643 270.781074 407.854845 201.044334 340.176473
277.005600 345.611590 299.618186 326.358735 146.150341 275.146522 305.791000 370.206064 270.921959 407.940346 200.860916 340.155614
276.745576 345.621167 299.369444 326.569126 146.172932 274.988517 305.996297 369.815990 271.040758 408.023663 200.658548 340.103229
276.523727 345.629338 299.104007 326.768542 146.181912 274.833455 306.200103 369.428747 271.112923 408.091728 200.517931 340.046043
276.375627 345.634793 298.852001 326.957867 146.185691 274.684103 306.402558 369.044184 271.329381 408.357161 200.441417 340.014925
276.293683 345.637811 298.595997 327.150196 146.182420 274.598575 306.692253 368.493657 271.403213 408.484737 200.209649 339.843178
276.148277 345.746230 298.330240 327.349852 146.063207 274.475473 306.939291 368.132775 271.481653 408.620276 200.114278 339.709760
276.135193 345.897064 298.110749 327.597264 145.903829 274.478098 307.187499 367.772135 271.562738 408.761359 200.002973 339.554052
276.054121 346.067403 297.851623 327.781192 145.717054 274.481174 307.433325 367.414954 271.656682 408.882885 199.901456 339.380640
276.035718 346.279606 297.585990 327.966705 145.506883 274.484635 307.684821 367.049535 271.691677 409.044336 199.838883 339.266462
276.014758 346.521299 297.313780 328.153959 145.272114 274.488502 307.934049 366.687412 271.722648 409.187218 199.806299 339.207005
275.987438 346.795936 297.045647 328.337616 145.003751 274.492922 308.180783 366.328913 271.753178 409.346201 199.807280 338.981218
275.960798 347.052758 296.789229 328.513248 144.697392 274.497967 308.424569 365.974697 271.757302 409.494544 199.937041 338.905970
275.942164 347.232395 296.519598 328.696482 144.361438 274.503500 308.671529 365.615869 271.761661 409.651483 200.098982 338.812061
275.930670 347.343200 296.256811 328.874843 143.797447 274.514748 308.920945 365.268624 271.765784 409.800426 200.286356 338.703404
275.926502 347.383384 295.996506 329.051520 143.392373 274.524872 309.181824 364.916543 271.921227 410.147068 200.504873 338.576687
275.923510 347.412230 295.720240 329.230883 142.841798 274.543784 309.437108 364.572014 272.107989 410.227638 200.732560 338.444652
275.922664 347.420386 295.436473 329.405695 142.404006 274.562679 309.696915 364.221379 272.342759 410.304156 200.966475 338.309006
275.922602 347.420983 295.155412 329.571228 141.972407 274.581306 309.959591 363.866895 272.605161 410.387762 201.198659 338.174362
275.922600 347.421000 294.835547 329.804532 141.528421 274.600469 310.215366 363.521735 272.898457 410.480445 201.439004 338.046213
275.922600 347.421000 294.547531 329.941673 141.090828 274.619355 310.470666 363.177219 273.220892 410.574239 201.679783 338.016625
275.922600 347.421000 294.251750 330.082511 140.647241 274.638499 310.745416 362.844868 273.566948 410.674904 202.003014 337.841362
275.922600 347.421000 293.963733 330.219652 140.207650 274.657472 311.023845 362.519022 273.869580 410.862000 202.159030 337.647917
275.922600 347.421000 293.675175 330.357051 139.840792 274.673305 311.305132 362.189831 274.251028 411.037777 202.374179 337.491838
275.922600 347.421000 293.374287 330.458620 139.544468 274.686094 311.590576 361.855774 274.637852 411.230818 202.612154 337.319200
275.922600 347.421000 293.033735 330.499808 139.321275 274.695727 311.875111 361.522782 275.016795 411.440320 202.877164 337.126950
275.922600 347.421000 292.728312 330.598588 139.155430 274.702885 312.161335 361.187813 275.402214 411.653402 203.161440 336.920724
275.922600 347.421000 292.418629 330.666246 139.060918 274.706964 312.478933 360.884255 275.853793 411.970201 203.409614 336.740688
275.922600 347.421000 292.111028 330.733185 139.025950 274.708473 312.799277 360.595914 276.271264 412.117815 203.601775 336.601285
275.922600 347.421000 291.797956 330.801315 139.003771 274.709430 313.126013 360.301819 276.786158 412.288591 203.745855 336.496763
275.922600 347.421000 291.481391 330.858517 138.998176 274.709672 313.444127 360.015484 277.206903 412.423353 203.822913 336.440861
275.922600 347.421000 291.157773 330.909119 138.784431 274.520684 313.773984 359.718580 277.637718 412.524783 203.978099 336.275979
275.922600 347.421000 290.841439 330.937450 138.797265 274.425344 314.094179 359.430372 278.062018 412.582787 204.067837 336.129399
275.922600 347.421000 290.517536 330.966460 138.813861 274.302056 314.416307 359.140425 278.470955 412.625869 204.313136 336.052199
275.922600 347.421000 290.203070 330.992124 138.834059 274.152010 314.743549 358.857488 278.802264 412.657232 204.431400 335.920239
275.922600 347.421000 289.887486 330.995354 138.858819 273.968069 315.072349 358.573598 279.049350 412.680663 204.595550 335.792461
275.922600 347.421000 289.557716 330.999353 138.887422 273.755585 315.401453 358.289447 279.228239 412.698740 204.788575 335.660894
275.667401 347.574341 289.243461 331.008871 138.926463 273.500984 315.729951 358.005818 279.373576 412.684292 205.010687 335.509501
275.577203 347.573764 288.919009 331.018696 138.998626 273.215569 316.093654 357.768886 279.472544 412.958741 205.253622 335.343915
275.443205 347.572907 288.604753 331.028213 139.086492 272.894578 316.507313 357.647857 279.480026 413.142989 205.515727 335.165262
275.271009 347.571805 288.284300 331.037918 139.183916 272.538671 316.619499 357.270615 279.487001 413.346669 205.805067 334.965181
275.057813 347.570441 287.959449 331.047756 139.287834 272.159037 316.726073 356.933906 279.490740 413.459407 206.265441 334.636127
274.800819 347.568796 287.635798 331.057558 139.369745 271.751397 316.901039 356.714281 279.493273 413.535765 206.591976 334.402337
