8.427200 9.526400 3.883840 7.840960 4.030400 4.983040 3.806080 6.448640 3.297600 11.798080 8.427200 9.526400 3.883840 7.840960 4.030400 4.983040 3.806080 6.448640 5.297600 11.798080
9.453120 10.479040 3.297600 7.914240 4.030400 2.857920 1.025920 7.474560 4.250240 11.065280 9.453120 10.479040 3.297600 7.914240 4.030400 2.857920 5.025920 7.474560 4.250240 11.065280
10.625600 7.401280 3.465600 8.573760 3.737280 7.034880 1.245760 6.815040 3.664000 12.017920 10.625600 7.401280 3.465600 8.573760 3.737280 7.034880 5.245760 6.815040 5.664000 12.017920
8.793600 6.668480 3.685440 7.181440 4.250240 8.427200 1.099200 5.422720 4.689920 12.970560 8.793600 6.668480 3.685440 7.181440 4.250240 8.427200 5.099200 5.422720 4.689920 12.970560
8.353920 8.427200 2.271680 8.353920 4.103680 8.060800 1.172480 7.547840 3.883840 13.263680 8.353920 8.427200 2.271680 8.353920 4.103680 8.060800 5.172480 7.547840 3.883840 13.263680
9.819520 7.547840 2.198400 7.547840 4.909760 8.207360 1.319040 7.401280 4.616640 14.802560 9.819520 7.547840 2.198400 7.547840 4.909760 8.207360 5.319040 7.401280 4.616640 14.802560
7.328000 7.987520 1.905280 6.815040 4.689920 7.474560 1.319040 7.987520 5.496000 14.875840 7.328000 7.987520 1.905280 6.815040 4.689920 7.474560 5.319040 7.987520 5.496000 14.875840
8.940160 12.897280 1.465600 6.155520 4.030400 9.966080 1.172480 6.815040 4.763200 15.755200 8.940160 12.897280 1.465600 6.155520 4.030400 9.966080 5.172480 6.815040 4.763200 15.755200
7.914240 14.949120 3.879360 7.328000 4.689920 8.720320 1.099200 6.521920 3.957120 12.824000 7.914240 14.949120 3.879360 7.328000 4.689920 8.720320 5.099200 6.521920 3.957120 12.824000
7.621120 16.634560 1.245760 6.595200 3.883840 9.306560 1.172480 7.328000 3.004480 13.556800 7.621120 16.634560 1.245760 6.595200 3.883840 9.306560 5.172480 7.328000 3.004480 13.556800
7.987520 16.414720 1.172480 8.280640 3.224320 8.866880 1.245760 6.815040 4.543360 12.457600 7.987520 16.414720 1.172480 8.280640 3.224320 8.866880 1.245760 6.815040 4.543360 12.457600
7.034880 14.509440 1.685440 6.082240 4.616640 8.940160 1.392320 7.108160 4.176960 14.216320 7.034880 14.509440 1.685440 6.082240 4.616640 8.940160 1.392320 7.108160 4.176960 14.216320
4.689920 16.927680 1.685440 6.961600 3.810560 11.065280 1.025920 6.741760 4.030400 12.677440 4.689920 16.927680 1.685440 6.961600 3.810560 11.065280 1.025920 6.741760 4.030400 12.677440
5.789120 15.388800 1.465600 6.961600 3.004480 12.530880 1.099200 8.280640 3.004480 12.824000 5.789120 15.388800 1.465600 6.961600 3.004480 12.530880 1.099200 8.280640 3.004480 12.824000
7.401280 15.828480 1.905280 6.302080 2.931200 14.289600 1.319040 7.108160 4.103680 13.996480 7.401280 15.828480 1.905280 6.302080 2.931200 14.289600 1.319040 7.108160 4.103680 13.996480
8.940160 15.681920 2.418240 8.134080 3.810560 10.039360 1.245760 7.547840 4.983040 13.996480 8.940160 15.681920 2.418240 8.134080 3.810560 10.039360 1.245760 7.547840 4.983040 13.996480
9.306560 16.927680 1.465600 7.108160 3.737280 11.504960 1.392320 6.008960 4.103680 15.535360 9.306560 16.927680 1.465600 7.108160 3.737280 11.504960 1.392320 6.008960 4.103680 15.535360
7.987520 17.074240 1.978560 9.233280 3.297600 12.970560 1.245760 6.595200 5.276160 13.703360 7.987520 17.074240 1.978560 9.233280 3.297600 12.970560 1.245760 6.595200 5.276160 13.703360
8.060800 17.074240 2.198400 7.987520 3.224320 9.526400 1.172480 8.207360 4.030400 15.095680 8.060800 17.074240 2.198400 7.987520 3.224320 9.526400 1.172480 8.207360 4.030400 15.095680
8.134080 15.462080 1.465600 8.573760 4.470080 15.681920 1.465600 7.840960 4.763200 13.996480 8.134080 15.462080 1.465600 8.573760 4.470080 15.681920 1.465600 7.840960 4.763200 13.996480
9.746240 15.022400 1.612160 7.767680 4.543360 11.871360 1.319040 7.401280 3.590720 13.776640 9.746240 15.022400 1.612160 7.767680 4.543360 11.871360 1.319040 7.401280 3.590720 13.776640
8.720320 16.048320 1.172480 8.353920 3.444160 10.845440 1.465600 7.840960 3.883840 13.263680 8.720320 16.048320 1.172480 8.353920 3.444160 10.845440 1.465600 7.840960 3.883840 13.263680
8.427200 16.121600 1.172480 7.474560 3.590720 11.065280 1.392320 8.134080 4.616640 11.431680 8.427200 16.121600 1.172480 7.474560 3.590720 11.065280 1.392320 8.134080 4.616640 11.431680
8.207360 15.755200 2.125120 6.228800 4.250240 11.871360 1.538880 7.547840 4.176960 10.259200 8.207360 15.755200 2.125120 6.228800 4.250240 11.871360 1.538880 7.547840 4.176960 10.259200
7.254720 15.681920 2.271680 6.741760 3.737280 9.526400 1.832000 7.987520 4.616640 11.724800 7.254720 15.681920 2.271680 6.741760 3.737280 9.526400 1.832000 7.987520 4.616640 11.724800
7.914240 13.263680 2.344960 6.008960 3.004480 9.453120 1.392320 7.621120 4.836480 12.677440 7.914240 13.263680 2.344960 6.008960 3.004480 9.453120 1.392320 7.621120 4.836480 12.677440
7.547840 15.022400 2.564800 6.375360 3.444160 8.940160 1.172480 8.573760 4.396800 11.431680 7.547840 15.022400 2.564800 6.375360 3.444160 8.940160 1.172480 8.573760 4.396800 11.431680
6.741760 15.168960 4.616640 6.521920 3.590720 10.625600 1.832000 7.474560 5.129600 12.384320 6.741760 15.168960 4.616640 6.521920 3.590720 10.625600 1.832000 7.474560 5.129600 12.384320
8.427200 14.216320 4.103680 8.793600 3.957120 11.211840 2.051840 8.353920 6.448640 8.866880 8.427200 14.216320 4.103680 8.793600 3.957120 11.211840 2.051840 8.353920 6.448640 8.866880
7.547840 15.462080 3.077760 8.280640 4.836480 10.992000 2.564800 9.379840 4.689920 9.746240 7.547840 15.462080 3.077760 8.280640 4.836480 10.992000 2.564800 9.379840 4.689920 9.746240
7.694400 14.656000 3.004480 7.767680 4.323520 11.431680 1.685440 10.185920 4.543360 9.233280 7.694400 14.656000 3.004480 7.767680 4.323520 11.431680 1.685440 10.185920 4.543360 9.233280
8.280640 17.220800 2.931200 10.039360 5.056320 9.672960 1.392320 8.793600 4.250240 9.746240 8.280640 17.220800 2.931200 10.039360 5.056320 9.672960 1.392320 8.793600 4.250240 9.746240
9.160000 15.828480 3.370880 8.280640 6.961600 12.897280 1.758720 9.233280 5.789120 9.013440 9.160000 15.828480 3.370880 8.280640 6.961600 12.897280 1.758720 9.233280 5.789120 9.013440
8.134080 13.263680 2.418240 8.280640 5.496000 12.970560 1.758720 7.108160 5.642560 11.138560 8.134080 13.263680 2.418240 8.280640 5.496000 12.970560 1.758720 7.108160 5.642560 11.138560
7.694400 14.143040 3.957120 7.987520 5.202880 9.306560 1.832000 6.008960 7.621120 10.185920 7.694400 14.143040 3.957120 7.987520 5.202880 9.306560 1.832000 6.008960 7.621120 10.185920
6.668480 12.457600 2.125120 7.987520 4.763200 12.017920 1.758720 9.892800 8.500480 11.138560 6.668480 12.457600 2.125120 7.987520 4.763200 12.017920 1.758720 9.892800 8.500480 11.138560
6.595200 14.143040 1.392320 7.987520 5.349440 10.479040 2.344960 6.008960 9.379840 9.013440 6.595200 14.143040 1.392320 7.987520 5.349440 10.479040 2.344960 6.008960 9.379840 9.013440
9.086720 12.311040 3.077760 8.647040 5.715840 12.237760 2.491520 5.056320 7.401280 12.311040 9.086720 12.311040 3.077760 8.647040 5.715840 12.237760 2.491520 5.056320 7.401280 12.311040
7.987520 11.798080 3.957120 8.134080 3.297600 10.992000 2.784640 6.595200 7.474560 13.263680 7.987520 11.798080 3.957120 8.134080 3.297600 10.992000 2.784640 6.595200 7.474560 13.263680
7.401280 14.582720 2.784640 8.280640 2.198400 12.164480 2.418240 7.401280 6.155520 10.479040 7.401280 14.582720 2.784640 8.280640 2.198400 12.164480 2.418240 7.401280 6.155520 10.479040
7.840960 13.630080 2.418240 7.254720 4.543360 13.190400 2.344960 7.694400 7.328000 11.358400 7.840960 13.630080 2.418240 7.254720 4.543360 13.190400 2.344960 7.694400 7.328000 11.358400
7.914240 12.530880 1.319040 7.914240 5.349440 12.311040 2.784640 7.181440 8.060800 11.798080 7.914240 12.530880 1.319040 7.914240 5.349440 12.311040 2.784640 7.181440 8.060800 11.798080
8.573760 9.086720 2.418240 7.840960 3.590720 10.479040 2.711360 7.034880 6.228800 10.698880 8.573760 9.086720 2.418240 7.840960 3.590720 10.479040 2.711360 7.034880 6.228800 10.698880
7.181440 9.746240 1.612160 8.207360 3.664000 11.065280 2.931200 6.961600 5.202880 11.578240 7.181440 9.746240 1.612160 8.207360 3.664000 11.065280 2.931200 6.961600 5.202880 11.578240
8.353920 9.966080 2.344960 7.694400 2.784640 12.384320 2.344960 6.082240 6.082240 9.746240 8.353920 9.966080 2.344960 7.694400 2.784640 12.384320 2.344960 6.082240 6.082240 9.746240
7.547840 11.065280 0.806080 7.914240 2.784640 11.065280 3.590720 8.207360 5.642560 11.358400 7.547840 11.065280 0.806080 7.914240 2.784640 11.065280 3.590720 8.207360 5.642560 11.358400
6.815040 8.500480 2.051840 8.793600 3.151040 13.263680 3.077760 7.767680 5.569280 11.065280 6.815040 8.500480 2.051840 8.793600 3.151040 13.263680 3.077760 7.767680 5.569280 11.065280
6.155520 14.143040 2.344960 7.987520 3.883840 8.280640 3.370880 6.448640 7.401280 11.065280 6.155520 14.143040 2.344960 7.987520 3.883840 8.280640 3.370880 6.448640 7.401280 11.065280
7.328000 14.216320 2.344960 6.888320 3.664000 7.767680 3.077760 7.694400 7.767680 11.138560 7.328000 14.216320 2.344960 6.888320 3.664000 7.767680 3.077760 7.694400 7.767680 11.138560
6.595200 11.065280 1.758720 7.914240 1.832000 8.720320 2.784640 7.547840 9.233280 9.819520 6.595200 11.065280 1.758720 7.914240 1.832000 8.720320 2.784640 7.547840 9.233280 9.819520
8.280640 8.353920 2.125120 7.621120 2.491520 6.521920 3.517440 7.474560 8.793600 11.724800 8.280640 8.353920 2.125120 7.621120 2.491520 6.521920 3.517440 7.474560 8.793600 11.724800
6.082240 6.888320 2.198400 7.328000 2.638080 11.211840 3.517440 7.254720 6.521920 12.091200 6.082240 6.888320 2.198400 7.328000 2.638080 11.211840 3.517440 7.254720 6.521920 12.091200
6.961600 10.479040 1.392320 8.280640 3.224320 9.086720 3.077760 7.401280 7.694400 9.746240 6.961600 10.479040 1.392320 8.280640 3.224320 9.086720 3.077760 7.401280 7.694400 9.746240
6.961600 8.940160 1.538880 9.160000 2.491520 15.975040 4.250240 6.668480 6.888320 11.724800 6.961600 8.940160 1.538880 9.160000 2.491520 15.975040 4.250240 6.668480 6.888320 11.724800
6.302080 9.306560 1.905280 7.547840 4.030400 12.824000 3.810560 7.328000 6.595200 11.651520 6.302080 9.306560 1.905280 7.547840 4.030400 12.824000 3.810560 7.328000 6.595200 11.651520
8.134080 7.840960 1.612160 7.328000 3.370880 13.117120 4.030400 6.082240 7.474560 14.216320 8.134080 7.840960 1.612160 7.328000 3.370880 13.117120 4.030400 6.082240 7.474560 14.216320
7.108160 8.134080 2.418240 6.228800 3.077760 12.384320 4.616640 7.328000 6.815040 12.530880 7.108160 8.134080 2.418240 6.228800 3.077760 12.384320 4.616640 7.328000 6.815040 12.530880
9.233280 7.474560 2.564800 7.474560 3.444160 12.677440 4.030400 8.940160 6.815040 9.966080 9.233280 7.474560 2.564800 7.474560 3.444160 12.677440 4.030400 8.940160 6.815040 9.966080
7.987520 7.474560 2.638080 8.500480 4.176960 14.216320 3.810560 7.914240 6.888320 11.724800 7.987520 7.474560 2.638080 8.500480 4.176960 14.216320 3.810560 7.914240 6.888320 11.724800
8.573760 6.008960 2.051840 7.328000 3.810560 15.608640 3.444160 7.401280 5.202880 12.457600 8.573760 6.008960 2.051840 7.328000 3.810560 15.608640 3.444160 7.401280 5.202880 12.457600
7.767680 6.815040 2.125120 6.521920 3.810560 12.091200 3.810560 7.108160 3.517440 13.703360 7.767680 6.815040 2.125120 6.521920 3.810560 12.091200 3.810560 7.108160 3.517440 13.703360
8.353920 4.763200 2.198400 6.595200 5.129600 10.259200 3.077760 6.815040 5.569280 12.604160 8.353920 4.763200 2.198400 6.595200 5.129600 10.259200 3.077760 6.815040 5.569280 12.604160
7.474560 6.082240 1.465600 7.108160 5.056320 8.866880 3.224320 8.500480 6.155520 13.556800 7.474560 6.082240 1.465600 7.108160 5.056320 8.866880 3.224320 8.500480 6.155520 13.556800
6.228800 4.323520 2.051840 6.155520 5.056320 9.746240 4.323520 9.233280 4.030400 12.311040 6.228800 4.323520 2.051840 6.155520 5.056320 9.746240 4.323520 9.233280 4.030400 12.311040
6.741760 5.129600 2.198400 8.207360 5.129600 10.405760 4.689920 7.328000 4.836480 13.410240 6.741760 5.129600 2.198400 8.207360 5.129600 10.405760 4.689920 7.328000 4.836480 13.410240
6.008960 4.909760 2.125120 9.672960 4.543360 9.672960 3.883840 8.573760 7.034880 16.121600 6.008960 4.909760 2.125120 9.672960 4.543360 9.672960 3.883840 8.573760 7.034880 16.121600
6.375360 4.909760 1.538880 8.647040 4.909760 12.604160 4.323520 9.086720 6.961600 16.194880 6.375360 4.909760 1.538880 8.647040 4.909760 12.604160 4.323520 9.086720 6.961600 16.194880
6.521920 4.836480 1.758720 7.547840 5.642560 12.237760 4.983040 8.720320 4.763200 15.462080 6.521920 4.836480 1.758720 7.547840 5.642560 12.237760 4.983040 8.720320 4.763200 15.462080
8.793600 6.595200 1.465600 8.207360 5.349440 12.824000 4.470080 8.280640 4.836480 16.634560 8.793600 6.595200 1.465600 8.207360 5.349440 12.824000 4.470080 8.280640 4.836480 16.634560
8.280640 5.349440 0.806080 8.866880 5.496000 12.017920 9.526400 7.621120 4.470080 15.315520 8.280640 5.349440 0.806080 8.866880 5.496000 12.017920 9.526400 7.621120 4.470080 15.315520
7.767680 5.715840 0.806080 7.694400 5.422720 11.285120 7.254720 8.060800 4.689920 11.578240 7.767680 5.715840 0.806080 7.694400 5.422720 11.285120 7.254720 8.060800 4.689920 11.578240
10.039360 5.569280 1.319040 7.474560 6.448640 11.431680 5.129600 7.987520 5.349440 11.138560 10.039360 5.569280 1.319040 7.474560 6.448640 11.431680 5.129600 7.987520 5.349440 11.138560
8.280640 5.056320 1.319040 7.181440 5.422720 12.824000 7.034880 10.479040 5.642560 11.065280 8.280640 5.056320 1.319040 7.181440 5.422720 12.824000 7.034880 10.479040 5.642560 11.065280
8.280640 6.155520 1.538880 6.228800 6.302080 12.091200 5.349440 11.431680 5.422720 12.164480 8.280640 6.155520 1.538880 6.228800 6.302080 12.091200 5.349440 11.431680 5.422720 12.164480
7.987520 5.202880 1.685440 7.328000 5.276160 14.656000 4.836480 12.384320 4.616640 13.043840 7.987520 5.202880 1.685440 7.328000 5.276160 14.656000 4.836480 12.384320 4.616640 13.043840
7.987520 6.375360 1.905280 7.621120 4.030400 14.436160 6.521920 12.530880 4.909760 13.043840 7.987520 6.375360 1.905280 7.621120 4.030400 14.436160 6.521920 12.530880 4.909760 13.043840
7.987520 4.836480 2.125120 7.328000 4.250240 12.017920 4.983040 11.358400 6.008960 11.285120 7.987520 4.836480 2.125120 7.328000 4.250240 12.017920 4.983040 11.358400 6.008960 11.285120
8.647040 5.569280 2.564800 8.500480 4.836480 9.966080 9.013440 12.970560 6.228800 8.500480 8.647040 5.569280 2.564800 8.500480 4.836480 9.966080 9.013440 12.970560 6.228800 8.500480
8.134080 4.470080 1.538880 7.401280 5.496000 10.698880 9.892800 13.336960 5.276160 13.923200 8.134080 4.470080 1.538880 7.401280 5.496000 10.698880 9.892800 13.336960 5.276160 13.923200
8.280640 5.496000 1.832000 7.987520 4.836480 9.306560 10.332480 15.168960 4.836480 9.599680 8.280640 5.496000 1.832000 7.987520 4.836480 9.306560 10.332480 15.168960 4.836480 9.599680
7.254720 5.056320 1.685440 7.767680 6.082240 10.112640 9.892800 15.095680 4.616640 13.410240 7.254720 5.056320 1.685440 7.767680 6.082240 10.112640 9.892800 15.095680 4.616640 13.410240
7.914240 5.056320 1.538880 8.060800 5.276160 9.306560 7.621120 14.582720 4.396800 13.776640 7.914240 5.056320 1.538880 8.060800 5.276160 9.306560 7.621120 14.582720 4.396800 13.776640
7.840960 5.056320 1.099200 7.328000 5.422720 12.091200 10.112640 14.656000 4.470080 16.488000 7.840960 5.056320 1.099200 7.328000 5.422720 12.091200 10.112640 14.656000 4.470080 16.488000
8.207360 4.103680 1.758720 7.987520 4.689920 13.849920 11.944640 17.220800 4.616640 16.488000 8.207360 4.103680 1.758720 7.987520 4.689920 13.849920 11.944640 17.220800 4.616640 16.488000
7.694400 5.422720 0.952640 7.914240 4.250240 12.604160 12.457600 15.975040 4.470080 14.289600 7.694400 5.422720 0.952640 7.914240 4.250240 12.604160 12.457600 15.975040 4.470080 14.289600
7.914240 4.983040 1.172480 8.353920 4.983040 10.918720 12.091200 11.651520 5.642560 9.966080 7.914240 4.983040 1.172480 8.353920 4.983040 10.918720 12.091200 11.651520 5.642560 9.966080
8.793600 4.103680 1.025920 7.914240 4.836480 15.095680 10.039360 13.190400 4.983040 8.280640 8.793600 4.103680 1.025920 7.914240 4.836480 15.095680 10.039360 13.190400 4.983040 8.280640
7.987520 4.250240 1.685440 7.108160 4.103680 15.901760 8.793600 15.388800 3.883840 12.311040 7.987520 4.250240 1.685440 7.108160 4.103680 15.901760 8.793600 15.388800 3.883840 12.311040
6.888320 4.470080 1.465600 5.789120 4.543360 15.681920 14.069760 15.168960 5.202880 12.091200 6.888320 4.470080 1.465600 5.789120 4.543360 15.681920 14.069760 15.168960 5.202880 12.091200
7.914240 4.836480 1.319040 6.302080 4.616640 15.168960 15.608640 14.802560 5.202880 12.237760 7.914240 4.836480 1.319040 6.302080 4.616640 15.168960 15.608640 14.802560 5.202880 12.237760
7.621120 4.176960 1.612160 6.668480 3.810560 14.069760 15.901760 13.483520 5.276160 12.017920 7.621120 4.176960 1.612160 6.668480 3.810560 14.069760 15.901760 13.483520 5.276160 12.017920
7.328000 3.810560 1.172480 7.621120 4.836480 15.462080 10.332480 12.164480 6.008960 11.578240 7.328000 3.810560 1.172480 7.621120 4.836480 15.462080 10.332480 12.164480 6.008960 11.578240
8.280640 4.909760 1.685440 9.086720 4.543360 15.315520 10.698880 11.724800 7.840960 12.897280 8.280640 4.909760 1.685440 9.086720 4.543360 15.315520 10.698880 11.724800 7.840960 12.897280
9.160000 4.030400 1.025920 8.720320 5.129600 15.315520 10.405760 12.824000 4.616640 14.216320 9.160000 4.030400 1.025920 8.720320 5.129600 15.315520 10.405760 12.824000 4.616640 14.216320
7.547840 4.470080 1.245760 9.306560 5.276160 15.242240 16.781120 11.798080 4.616640 15.535360 7.547840 4.470080 1.245760 9.306560 5.276160 15.242240 16.781120 11.798080 4.616640 15.535360
7.328000 4.030400 1.832000 9.379840 4.543360 13.556800 16.488000 10.039360 4.836480 15.901760 7.328000 4.030400 1.832000 9.379840 4.543360 13.556800 16.488000 10.039360 4.836480 15.901760
6.228800 4.616640 1.392320 9.599680 5.129600 13.043840 15.022400 9.013440 5.276160 16.414720 6.228800 4.616640 1.392320 9.599680 5.129600 13.043840 15.022400 9.013440 5.276160 16.414720
7.474560 3.664000 1.099200 8.940160 4.983040 13.117120 14.069760 8.060800 5.569280 16.561280 7.474560 3.664000 1.099200 8.940160 4.983040 13.117120 14.069760 8.060800 5.569280 16.561280
8.500480 4.689920 0.952640 8.573760 5.129600 13.996480 14.143040 7.987520 6.888320 16.854400 8.500480 4.689920 0.952640 8.573760 5.129600 13.996480 14.143040 7.987520 6.888320 16.854400
7.328000 3.883840 1.025920 7.621120 4.689920 14.069760 14.949120 9.379840 7.254720 15.681920 7.328000 3.883840 1.025920 7.621120 4.689920 14.069760 14.949120 9.379840 7.254720 15.681920
