9.746240 11.285120 3.737280 18.686400 25.721280 14.216320 15.095680 0.732800 7.621120 1.832000
9.086720 12.237760 2.784640 21.324480 27.992960 15.681920 15.095680 0.659520 7.547840 1.612160
10.552320 9.819520 2.564800 18.979520 27.992960 13.923200 15.608640 0.952640 8.427200 1.319040
8.793600 11.211840 3.957120 19.052800 28.359360 14.875840 15.095680 0.732800 9.599680 0.879360
9.233280 10.918720 3.004480 18.979520 28.139520 13.849920 15.681920 0.879360 10.698880 0.952640
7.401280 10.405760 2.491520 16.121600 28.212800 14.582720 21.104640 1.245760 9.160000 1.319040
8.353920 8.793600 0.952640 17.147520 28.432640 12.604160 17.807040 1.025920 7.840960 3.077760
10.625600 9.160000 1.465600 21.324480 26.234240 14.582720 19.199360 0.879360 8.353920 3.810560
9.966080 9.526400 2.857920 22.790080 29.824960 14.289600 17.513920 1.025920 9.746240 2.125120
9.160000 8.720320 2.931200 23.962560 26.600640 13.703360 19.712320 1.465600 8.866880 1.099200
10.405760 9.526400 3.737280 21.690880 29.531840 15.315520 15.975040 1.245760 8.720320 0.806080
10.992000 9.233280 3.297600 24.988480 28.212800 13.483520 17.000960 0.952640 8.427200 1.685440
10.112640 8.793600 2.271680 23.816000 28.652480 15.022400 17.880320 0.952640 7.474560 2.271680
11.358400 9.526400 3.077760 21.984000 28.139520 15.315520 15.608640 1.025920 9.526400 1.099200
9.966080 8.500480 2.125120 21.031360 27.992960 15.388800 16.488000 0.952640 9.966080 1.245760
9.966080 7.767680 3.517440 21.837440 27.040320 15.168960 14.729280 0.806080 8.353920 2.418240
9.526400 7.840960 4.396800 21.544320 27.846400 13.483520 15.315520 0.806080 7.547840 2.638080
11.065280 9.233280 3.004480 21.177920 27.919680 15.535360 18.759680 0.952640 7.254720 2.051840
10.259200 7.987520 4.250240 19.858880 22.203840 16.707840 17.074240 1.172480 8.060800 1.465600
9.746240 8.280640 3.883840 19.419200 26.967040 14.143040 15.462080 1.099200 8.647040 1.612160
9.233280 8.720320 4.836480 16.048320 28.286080 13.849920 14.582720 0.806080 9.013440 2.125120
7.694400 8.940160 4.176960 13.336960 27.480000 16.414720 12.970560 1.025920 8.060800 2.125120
9.013440 8.427200 4.103680 17.660480 28.359360 17.733760 11.798080 1.612160 13.410240 2.344960
9.892800 9.306560 5.202880 17.587200 27.773120 18.320000 13.190400 1.538880 10.552320 3.810560
9.306560 7.108160 4.323520 24.622080 28.286080 17.440640 14.729280 1.612160 8.134080 1.685440
8.647040 9.746240 4.396800 21.177920 27.846400 16.414720 13.703360 1.172480 7.401280 0.879360
11.065280 9.599680 4.836480 19.932160 28.505920 15.755200 13.336960 1.392320 6.302080 0.952640
10.185920 7.474560 5.129600 17.294080 24.915200 17.294080 12.530880 1.172480 10.039360 1.392320
10.479040 5.935680 7.034880 17.294080 27.553280 19.052800 11.871360 1.319040 8.720320 1.538880
9.966080 7.547840 5.569280 21.690880 15.462080 16.854400 11.285120 1.099200 7.254720 1.392320
10.479040 8.500480 4.250240 23.596160 18.320000 19.932160 11.798080 1.392320 9.672960 1.099200
9.453120 8.573760 2.491520 24.475520 27.992960 18.613120 12.237760 1.099200 8.427200 1.832000
8.280640 8.720320 5.129600 21.324480 26.600640 21.031360 12.750720 0.952640 8.280640 1.978560
10.992000 7.694400 5.349440 19.785600 29.824960 16.414720 13.117120 1.465600 8.280640 1.758720
9.526400 7.694400 4.250240 17.587200 26.600640 20.078720 12.897280 1.465600 9.086720 1.978560
11.871360 8.793600 4.396800 19.052800 28.579200 18.979520 13.630080 1.245760 8.207360 2.125120
9.453120 7.987520 4.763200 19.126080 27.480000 19.492480 11.871360 1.099200 7.108160 1.538880
9.526400 8.134080 4.616640 17.074240 28.359360 17.953600 13.923200 1.025920 6.668480 1.245760
9.160000 7.474560 2.857920 17.440640 27.406720 19.932160 9.672960 0.952640 7.474560 1.538880
10.772160 8.207360 2.931200 16.488000 27.553280 21.177920 11.285120 0.952640 8.647040 1.392320
9.892800 8.427200 3.883840 16.634560 27.699840 20.811520 12.457600 1.172480 7.474560 1.099200
10.479040 8.060800 3.810560 11.211840 27.773120 22.423680 11.211840 1.172480 7.914240 1.392320
9.746240 7.254720 3.883840 15.828480 27.773120 20.371840 11.358400 0.879360 10.918720 1.099200
9.966080 5.862400 4.103680 11.504960 26.600640 20.078720 10.112640 0.879360 8.573760 1.245760
10.185920 7.621120 3.737280 11.944640 29.751680 22.423680 8.427200 0.879360 8.573760 1.319040
10.405760 8.134080 4.176960 16.854400 28.432640 21.397760 9.892800 0.952640 8.720320 1.832000
10.625600 8.427200 4.103680 18.320000 27.406720 22.570240 9.306560 0.952640 7.987520 2.271680
10.332480 8.793600 4.689920 23.669440 28.505920 21.910720 8.647040 0.659520 7.474560 2.051840
11.138560 7.914240 3.370880 20.738240 27.333440 21.031360 9.013440 0.879360 7.547840 2.564800
8.793600 7.621120 3.883840 20.591680 28.359360 19.052800 8.793600 0.732800 7.694400 4.250240
9.892800 7.181440 4.103680 26.527360 27.406720 17.000960 7.914240 0.806080 12.311040 4.250240
10.405760 8.060800 3.517440 21.251200 26.234240 22.790080 7.767680 0.732800 17.880320 3.590720
11.578240 8.134080 2.491520 15.975040 29.458560 20.518400 7.840960 1.099200 18.100160 4.689920
10.039360 7.840960 2.491520 16.194880 28.212800 20.078720 6.155520 0.952640 9.306560 3.297600
10.112640 6.815040 3.370880 19.272640 27.186880 24.255680 7.108160 0.732800 8.134080 3.590720
9.966080 8.500480 4.250240 16.268160 28.359360 22.350400 7.840960 0.659520 2.931200 2.931200
10.772160 8.647040 3.370880 20.225280 27.113600 22.863360 8.793600 1.025920 12.164480 1.245760
9.599680 8.720320 4.030400 20.152000 26.307520 24.548800 8.280640 0.586240 6.302080 2.271680
10.845440 7.840960 3.590720 20.371840 28.872320 22.863360 8.134080 0.439680 9.453120 2.564800
10.992000 6.741760 4.250240 15.755200 28.066240 27.260160 7.914240 0.659520 10.112640 2.344960
10.039360 7.474560 4.103680 21.104640 28.652480 27.113600 7.547840 0.512960 8.573760 2.491520
10.039360 6.815040 3.664000 15.535360 27.846400 26.967040 7.840960 0.512960 9.086720 1.319040
10.479040 7.767680 3.077760 20.958080 28.359360 27.992960 8.134080 0.586240 13.996480 2.198400
9.526400 8.500480 4.250240 17.807040 28.652480 15.901760 8.573760 0.586240 10.479040 2.125120
9.086720 8.866880 3.297600 19.932160 28.725760 25.574720 8.207360 0.732800 7.621120 3.077760
11.431680 6.668480 2.051840 18.539840 28.139520 26.234240 9.086720 0.952640 8.573760 2.857920
10.332480 7.840960 4.103680 22.423680 27.406720 23.816000 8.866880 0.806080 11.798080 3.370880
9.599680 8.427200 5.642560 19.272640 26.307520 24.182400 8.940160 0.879360 8.500480 3.151040
11.431680 7.181440 5.422720 19.126080 26.893760 24.475520 8.793600 0.879360 8.866880 2.051840
12.017920 9.233280 4.689920 18.246720 25.061760 24.328960 7.840960 0.952640 11.504960 1.978560
11.651520 7.694400 3.737280 13.556800 26.380800 20.958080 6.961600 0.732800 9.306560 1.465600
11.431680 8.573760 4.763200 16.341440 29.018880 23.229760 7.474560 0.586240 9.379840 1.612160
9.892800 7.987520 5.422720 12.164480 18.979520 26.234240 7.401280 0.732800 9.819520 2.125120
10.698880 8.500480 5.496000 14.362880 28.139520 23.449600 7.767680 0.806080 7.181440 1.978560
10.039360 7.547840 5.202880 16.414720 28.286080 24.915200 7.254720 0.512960 10.625600 1.685440
9.746240 7.328000 6.155520 18.173440 27.919680 24.255680 7.694400 0.659520 10.918720 1.319040
9.160000 7.914240 5.862400 17.733760 28.505920 26.087680 8.134080 0.659520 9.892800 1.905280
9.746240 9.819520 6.082240 21.324480 27.919680 25.428160 8.060800 0.659520 7.401280 3.224320
10.259200 8.280640 6.741760 24.035840 28.212800 25.648000 7.987520 0.659520 8.280640 3.077760
8.866880 8.573760 6.668480 19.712320 28.945600 25.648000 7.401280 0.586240 8.573760 5.789120
8.940160 7.328000 4.909760 21.984000 27.260160 25.648000 6.888320 0.732800 7.914240 3.664000
9.086720 9.086720 5.349440 16.341440 29.898240 27.992960 7.108160 0.732800 7.181440 5.715840
9.233280 9.233280 6.302080 14.509440 27.992960 28.652480 6.228800 0.732800 7.108160 4.836480
8.647040 7.108160 5.642560 14.582720 19.052800 25.428160 7.621120 0.659520 7.987520 2.931200
9.453120 7.034880 4.323520 18.320000 24.622080 26.600640 5.569280 0.879360 7.547840 3.151040
8.866880 8.647040 8.280640 16.268160 28.359360 26.087680 6.302080 0.806080 7.034880 1.538880
8.720320 8.793600 5.642560 15.095680 28.286080 26.820480 5.496000 0.732800 6.741760 1.612160
9.013440 12.457600 4.543360 14.216320 27.699840 27.406720 8.060800 1.172480 6.155520 3.444160
9.672960 11.944640 4.836480 15.975040 28.212800 28.505920 7.547840 1.245760 5.715840 2.271680
9.526400 9.819520 5.496000 15.975040 29.092160 26.820480 8.647040 1.245760 6.668480 2.784640
10.039360 9.379840 4.396800 18.320000 28.359360 27.040320 7.914240 0.586240 7.401280 3.810560
7.254720 7.328000 6.082240 20.152000 28.505920 26.527360 7.840960 0.512960 6.961600 6.302080
9.379840 11.065280 7.254720 17.953600 28.212800 26.673920 7.694400 0.732800 7.328000 3.224320
9.453120 12.164480 8.940160 24.035840 28.212800 28.139520 7.914240 0.512960 5.935680 3.004480
9.599680 6.815040 5.789120 22.496960 28.212800 21.617600 8.573760 0.439680 6.741760 3.737280
11.065280 10.332480 6.815040 23.156480 26.380800 23.009920 7.254720 0.659520 8.427200 2.271680
10.479040 9.233280 5.642560 24.035840 28.432640 20.958080 8.060800 0.659520 6.888320 1.685440
10.332480 7.474560 5.349440 21.837440 28.066240 21.690880 8.793600 0.439680 5.862400 4.030400
9.379840 11.724800 3.810560 22.570240 28.945600 21.764160 7.401280 0.439680 4.983040 2.931200
10.259200 7.034880 4.543360 20.005440 28.652480 22.790080 7.254720 0.659520 6.008960 4.689920
