17.294080 6.815040 13.190400 14.509440 11.578240 6.521920 3.370880 9.746240 17.367360 6.375360
17.513920 9.526400 16.048320 16.194880 13.043840 6.375360 3.590720 10.332480 16.268160 6.521920
17.000960 10.112640 15.901760 14.875840 12.604160 7.547840 3.224320 12.091200 16.341440 5.349440
17.880320 10.552320 16.634560 15.755200 12.457600 9.526400 3.370880 13.630080 17.513920 4.689920
18.393280 12.237760 18.246720 14.436160 15.022400 7.108160 3.370880 11.504960 17.440640 4.470080
17.733760 9.599680 15.315520 14.949120 16.268160 7.621120 2.931200 12.604160 16.707840 5.422720
16.048320 13.703360 14.216320 15.535360 16.268160 7.547840 3.370880 11.504960 14.069760 4.396800
15.828480 11.798080 17.587200 15.168960 15.462080 7.108160 3.224320 9.819520 14.069760 4.983040
17.587200 10.479040 17.367360 15.535360 11.065280 7.474560 3.444160 11.504960 15.535360 5.129600
15.975040 12.384320 16.781120 15.462080 15.095680 6.228800 3.444160 10.698880 13.776640 6.668480
17.367360 9.160000 17.880320 15.535360 15.315520 5.276160 3.370880 9.892800 18.100160 3.957120
17.880320 8.793600 14.143040 13.776640 16.121600 5.789120 3.664000 11.431680 16.707840 5.202880
18.539840 10.845440 16.268160 14.729280 12.677440 6.815040 3.077760 10.479040 15.535360 6.815040
14.729280 11.285120 17.440640 13.776640 15.608640 7.987520 3.297600 10.625600 14.509440 6.961600
8.134080 10.185920 17.513920 10.332480 16.341440 7.840960 3.224320 11.651520 14.802560 6.155520
16.121600 9.526400 13.117120 14.143040 13.556800 6.082240 3.590720 9.599680 16.488000 5.349440
16.634560 10.112640 15.535360 17.000960 13.556800 6.375360 3.590720 12.384320 14.509440 4.689920
15.535360 10.918720 17.220800 14.802560 15.168960 6.228800 3.224320 12.017920 14.729280 6.228800
16.634560 13.190400 18.100160 13.776640 14.289600 3.297600 3.590720 12.970560 15.242240 7.034880
13.703360 11.358400 13.556800 14.949120 13.410240 5.422720 3.444160 8.940160 14.729280 5.569280
13.336960 12.017920 15.828480 13.117120 13.996480 10.405760 3.664000 10.698880 15.828480 5.569280
15.095680 9.086720 17.000960 15.242240 13.043840 11.798080 3.444160 11.651520 15.388800 4.689920
14.216320 13.776640 15.095680 16.854400 15.388800 12.970560 3.077760 10.479040 15.901760 5.129600
16.414720 11.944640 15.681920 14.289600 16.488000 12.750720 3.004480 9.819520 16.414720 5.862400
13.117120 12.384320 17.147520 16.854400 15.242240 11.651520 2.711360 10.405760 17.294080 5.935680
14.289600 11.285120 12.311040 14.143040 16.341440 13.043840 3.664000 9.819520 16.414720 6.741760
13.703360 10.772160 17.220800 16.268160 13.483520 12.530880 2.857920 10.332480 17.513920 6.595200
15.608640 12.750720 17.147520 16.781120 13.996480 11.138560 3.004480 10.698880 16.488000 5.789120
15.242240 11.578240 17.147520 12.970560 14.509440 13.776640 3.224320 10.479040 17.440640 6.375360
11.871360 11.871360 15.242240 17.733760 15.095680 10.992000 2.857920 9.746240 17.513920 7.914240
14.729280 9.526400 14.509440 14.582720 12.970560 10.698880 3.297600 9.453120 17.294080 9.086720
14.509440 8.427200 15.095680 15.462080 13.630080 10.332480 3.370880 8.647040 17.147520 9.160000
14.289600 9.306560 15.828480 15.681920 16.854400 9.013440 3.004480 8.500480 17.660480 9.306560
13.117120 11.871360 17.147520 15.315520 16.048320 10.772160 2.857920 7.474560 17.367360 10.259200
15.242240 9.746240 16.634560 14.875840 15.315520 11.944640 3.297600 7.108160 17.367360 7.401280
14.875840 10.332480 15.828480 15.168960 13.410240 11.944640 3.224320 7.987520 16.488000 6.375360
16.268160 12.091200 16.561280 15.022400 12.237760 10.625600 3.224320 8.134080 17.074240 8.866880
14.582720 13.630080 16.854400 14.949120 13.556800 10.112640 3.077760 8.134080 16.634560 10.039360
13.483520 11.504960 12.824000 16.414720 15.168960 11.724800 3.297600 8.940160 16.121600 10.552320
15.828480 12.604160 15.975040 16.341440 16.048320 8.427200 2.931200 7.694400 17.367360 6.815040
16.707840 11.504960 14.216320 15.388800 14.656000 10.845440 3.590720 8.207360 17.000960 6.741760
17.000960 9.819520 12.970560 16.341440 13.190400 11.065280 3.077760 7.474560 17.000960 6.155520
14.582720 11.504960 13.776640 14.729280 13.849920 11.651520 3.004480 7.767680 15.608640 8.500480
14.289600 10.698880 14.729280 15.828480 14.582720 10.625600 2.711360 8.940160 18.173440 7.474560
14.143040 9.892800 14.436160 16.488000 15.242240 12.164480 3.297600 6.521920 17.220800 7.767680
15.901760 11.431680 14.362880 14.289600 13.190400 11.065280 3.077760 6.375360 15.608640 6.668480
14.436160 10.479040 13.849920 14.436160 16.561280 11.431680 2.418240 7.547840 17.147520 6.008960
15.755200 10.625600 11.724800 14.729280 15.242240 9.233280 2.638080 9.526400 16.781120 7.108160
14.216320 11.651520 12.384320 15.242240 16.634560 10.405760 2.638080 7.108160 18.100160 6.082240
17.440640 9.599680 13.630080 12.604160 15.828480 10.552320 3.004480 7.621120 17.367360 6.082240
15.608640 12.384320 15.535360 17.220800 12.457600 10.259200 2.638080 7.547840 17.880320 5.276160
15.315520 12.017920 14.582720 15.755200 15.975040 8.720320 2.198400 7.108160 17.440640 6.375360
12.677440 12.970560 15.681920 12.897280 14.949120 10.479040 2.344960 7.474560 13.776640 6.228800
11.724800 8.940160 16.488000 13.630080 15.315520 11.138560 2.638080 6.228800 18.246720 5.789120
14.656000 10.698880 14.582720 13.849920 16.854400 10.552320 2.711360 5.276160 16.414720 6.448640
14.143040 11.651520 15.975040 15.242240 15.681920 11.724800 2.857920 5.789120 16.414720 7.401280
16.488000 10.479040 13.483520 15.022400 13.849920 12.091200 2.931200 6.815040 17.294080 5.422720
16.048320 9.819520 14.216320 15.022400 15.755200 11.871360 2.857920 7.987520 18.100160 7.181440
12.530880 10.405760 12.897280 15.242240 13.776640 11.285120 3.151040 7.840960 15.462080 6.595200
15.828480 9.819520 13.336960 15.095680 16.341440 12.677440 3.004480 6.082240 17.074240 3.957120
14.656000 10.332480 15.828480 17.587200 15.975040 11.651520 2.931200 6.375360 15.462080 5.496000
13.703360 10.698880 13.190400 16.341440 14.289600 11.211840 3.004480 6.228800 17.660480 4.909760
17.074240 10.479040 14.143040 16.781120 18.686400 9.160000 3.004480 3.297600 17.660480 4.689920
14.436160 9.746240 16.488000 16.634560 13.703360 8.866880 3.004480 5.422720 17.587200 5.349440
14.069760 9.453120 12.677440 15.975040 14.143040 9.672960 2.857920 10.405760 17.000960 4.616640
16.121600 8.647040 14.509440 15.755200 15.828480 9.819520 2.931200 11.798080 18.100160 6.302080
14.875840 8.500480 14.289600 17.220800 16.268160 12.237760 2.931200 12.970560 16.707840 5.349440
14.509440 7.474560 15.095680 17.953600 15.168960 12.017920 3.224320 12.750720 16.854400 4.763200
17.147520 7.108160 13.263680 16.341440 14.802560 9.892800 3.077760 11.651520 16.341440 5.862400
15.608640 7.987520 15.242240 15.462080 17.513920 12.970560 3.151040 13.043840 12.457600 8.060800
13.923200 8.134080 14.143040 15.755200 17.587200 9.599680 3.151040 12.530880 15.828480 6.668480
14.436160 8.134080 15.315520 16.048320 17.513920 11.431680 3.297600 11.138560 14.802560 6.741760
13.923200 8.940160 16.194880 14.949120 16.341440 10.625600 2.857920 13.776640 16.781120 5.935680
15.535360 7.694400 15.681920 15.462080 17.220800 9.819520 2.784640 10.992000 15.901760 5.715840
16.414720 8.207360 15.608640 16.268160 18.759680 10.992000 2.564800 10.698880 16.414720 4.909760
15.388800 7.474560 14.875840 16.048320 16.488000 9.526400 3.297600 10.332480 15.315520 4.103680
14.875840 7.767680 14.802560 16.121600 15.315520 8.940160 3.444160 9.013440 15.168960 4.836480
17.440640 8.940160 13.483520 15.022400 14.289600 10.552320 3.370880 10.772160 14.802560 3.590720
14.875840 6.521920 12.457600 16.268160 18.393280 12.824000 2.931200 11.944640 17.147520 4.250240
14.802560 6.375360 15.388800 16.488000 16.048320 10.185920 3.444160 11.944640 15.608640 4.470080
14.875840 7.547840 17.000960 16.488000 15.681920 11.431680 3.004480 10.625600 17.000960 4.103680
15.022400 9.526400 15.242240 14.069760 16.194880 11.871360 2.198400 10.112640 16.707840 5.422720
13.336960 7.108160 15.315520 16.781120 13.336960 9.892800 2.784640 11.724800 18.320000 5.056320
16.121600 7.621120 15.095680 17.440640 17.220800 12.970560 2.784640 8.427200 15.095680 5.422720
17.294080 7.547840 15.462080 15.828480 16.927680 9.892800 3.077760 10.845440 17.074240 5.056320
11.798080 7.108160 13.556800 16.707840 16.194880 11.138560 3.370880 11.065280 13.776640 5.569280
16.707840 7.474560 17.294080 16.634560 15.608640 11.651520 3.077760 11.651520 17.294080 6.961600
17.440640 6.228800 13.190400 15.901760 15.462080 10.845440 3.737280 10.625600 17.733760 5.056320
16.268160 5.276160 16.341440 13.703360 15.095680 11.358400 3.517440 12.164480 16.707840 3.370880
14.949120 5.789120 14.875840 10.479040 17.220800 11.211840 3.224320 11.065280 17.294080 4.616640
13.556800 6.815040 15.095680 6.741760 12.750720 9.892800 3.224320 11.431680 17.000960 5.862400
13.483520 7.987520 13.703360 8.793600 16.414720 10.772160 3.664000 9.233280 15.828480 4.396800
14.729280 7.840960 13.263680 6.521920 12.164480 10.772160 2.931200 10.405760 16.707840 5.569280
14.509440 6.082240 14.216320 7.767680 16.634560 10.992000 3.517440 10.552320 17.660480 5.642560
14.436160 6.375360 17.440640 7.547840 14.069760 10.405760 3.297600 10.259200 16.268160 5.642560
14.729280 6.228800 15.608640 8.280640 12.897280 9.526400 3.444160 8.720320 16.634560 5.715840
17.440640 3.297600 13.776640 8.134080 14.362880 10.698880 3.517440 10.479040 17.074240 4.543360
16.414720 5.422720 13.190400 6.961600 14.509440 10.992000 3.224320 11.138560 17.660480 5.202880
15.681920 10.405760 12.970560 6.961600 15.095680 10.992000 3.517440 10.552320 16.488000 4.543360
12.384320 11.798080 15.242240 8.353920 16.341440 10.992000 3.370880 11.724800 17.367360 3.957120
