16.194880 7.474560 16.561280 11.431680 14.875840 16.341440 8.207360 12.970560 18.539840 15.901760
15.975040 7.767680 14.582720 10.479040 15.388800 15.242240 8.866880 11.504960 14.289600 15.168960
17.587200 6.668480 17.513920 10.625600 15.608640 12.530880 6.888320 10.332480 14.509440 17.294080
16.268160 6.008960 16.048320 11.651520 16.488000 12.824000 8.940160 12.237760 15.975040 14.656000
17.294080 7.108160 15.901760 9.599680 14.875840 13.263680 7.694400 15.095680 18.246720 12.677440
16.927680 6.082240 15.168960 12.384320 17.220800 12.970560 8.353920 13.703360 18.246720 14.802560
17.147520 6.082240 17.294080 12.017920 14.875840 12.824000 8.207360 13.043840 17.000960 14.362880
14.509440 5.276160 14.656000 12.970560 15.755200 12.164480 7.328000 11.724800 18.173440 16.268160
17.147520 6.375360 12.677440 8.940160 16.194880 15.755200 6.595200 11.138560 18.393280 14.949120
13.703360 6.228800 14.802560 10.698880 15.022400 16.268160 7.767680 9.453120 18.246720 15.535360
15.535360 5.789120 14.362880 11.651520 15.901760 12.237760 6.961600 11.798080 15.828480 16.707840
16.561280 6.448640 16.268160 10.479040 15.828480 12.677440 6.888320 10.112640 17.147520 16.121600
15.388800 7.401280 14.949120 9.819520 16.341440 12.164480 8.134080 8.134080 18.320000 14.949120
13.776640 5.422720 15.535360 10.405760 15.315520 12.091200 7.767680 8.866880 16.634560 15.388800
14.069760 7.181440 16.707840 9.819520 13.849920 11.285120 7.254720 11.871360 13.923200 15.462080
15.755200 6.595200 16.121600 10.332480 15.242240 14.143040 7.621120 12.530880 17.660480 14.216320
15.168960 3.957120 14.949120 10.698880 16.121600 11.651520 7.547840 11.724800 15.242240 14.802560
11.211840 5.496000 15.388800 10.479040 16.194880 11.871360 7.401280 14.582720 14.436160 17.147520
12.750720 4.909760 15.462080 9.746240 16.048320 9.746240 7.987520 14.289600 14.729280 17.074240
14.216320 4.689920 14.216320 9.453120 16.194880 16.707840 7.034880 15.608640 15.022400 16.488000
12.237760 5.349440 14.802560 8.647040 16.414720 16.634560 7.474560 12.457600 14.582720 15.022400
18.246720 4.616640 17.147520 8.500480 16.781120 14.582720 7.328000 13.410240 14.582720 19.419200
16.781120 6.302080 17.074240 7.474560 14.509440 15.315520 7.108160 13.263680 16.854400 15.462080
13.996480 5.349440 16.488000 7.108160 16.194880 11.651520 7.108160 13.703360 16.268160 17.294080
16.707840 4.763200 15.022400 7.987520 14.875840 16.268160 7.767680 12.311040 19.052800 18.320000
13.556800 5.862400 19.419200 8.134080 15.755200 10.259200 6.595200 12.750720 15.095680 17.587200
15.462080 8.060800 15.462080 8.134080 14.436160 11.211840 7.034880 13.776640 16.634560 16.121600
17.587200 6.668480 17.294080 8.940160 14.949120 8.866880 5.789120 14.582720 15.535360 17.000960
16.341440 6.741760 18.320000 7.694400 15.535360 10.112640 8.134080 15.755200 18.320000 17.220800
14.362880 5.935680 17.587200 8.207360 15.168960 8.940160 6.668480 17.074240 16.488000 16.341440
13.849920 5.715840 16.121600 7.474560 15.535360 9.233280 7.547840 16.488000 15.901760 16.707840
17.220800 4.909760 17.000960 7.767680 15.462080 9.453120 7.474560 17.440640 15.828480 16.048320
17.220800 4.103680 17.220800 8.940160 15.535360 8.060800 8.060800 16.341440 16.854400 18.759680
17.587200 4.836480 16.341440 6.521920 13.776640 8.573760 8.427200 16.634560 17.367360 14.729280
11.798080 3.590720 16.707840 6.375360 14.729280 7.987520 6.521920 13.996480 17.880320 15.388800
19.052800 4.250240 16.048320 7.547840 13.776640 9.306560 6.595200 17.220800 17.953600 15.828480
15.828480 4.470080 18.759680 9.526400 10.332480 10.332480 7.181440 17.000960 17.587200 12.970560
16.561280 4.103680 14.729280 7.108160 14.143040 7.987520 8.353920 16.854400 18.246720 15.095680
17.367360 5.422720 15.388800 7.621120 17.000960 11.065280 8.720320 12.311040 18.100160 17.220800
17.147520 5.056320 15.828480 7.547840 14.802560 9.453120 9.013440 14.875840 17.953600 16.634560
15.608640 5.422720 12.970560 7.108160 13.776640 9.672960 6.668480 10.845440 16.414720 14.582720
14.802560 5.056320 15.095680 7.474560 14.949120 10.039360 6.888320 10.845440 14.729280 15.388800
14.216320 5.569280 17.220800 6.228800 13.117120 10.112640 6.228800 8.647040 15.681920 15.095680
17.367360 6.961600 16.634560 5.276160 15.242240 7.694400 6.815040 14.875840 17.953600 14.362880
15.462080 5.056320 14.582720 5.789120 16.854400 9.306560 6.521920 16.121600 17.733760 17.513920
12.457600 3.370880 15.388800 6.815040 14.289600 8.793600 6.155520 17.220800 17.953600 15.608640
13.923200 4.616640 15.095680 7.987520 16.854400 7.621120 5.862400 16.707840 16.634560 15.755200
17.367360 5.862400 14.362880 7.840960 14.143040 8.207360 6.228800 16.268160 16.488000 13.630080
14.875840 4.396800 17.513920 6.082240 16.268160 9.160000 5.789120 16.268160 17.953600 14.875840
17.807040 5.569280 15.608640 6.375360 16.781120 7.401280 6.521920 14.949120 17.074240 14.729280
16.854400 5.642560 15.755200 6.228800 12.970560 8.720320 6.228800 13.996480 14.509440 15.095680
17.660480 5.642560 13.630080 3.297600 17.733760 7.914240 5.862400 15.022400 17.880320 15.608640
14.436160 5.715840 14.875840 5.422720 14.582720 7.914240 6.375360 14.656000 15.022400 15.095680
15.315520 4.543360 14.729280 10.405760 15.462080 9.966080 5.715840 15.168960 17.294080 17.294080
14.656000 5.202880 15.095680 11.798080 15.681920 8.207360 7.108160 15.242240 18.100160 17.367360
16.048320 4.543360 15.608640 12.970560 15.315520 9.160000 6.448640 15.315520 15.901760 15.608640
12.237760 3.957120 15.095680 12.750720 14.875840 9.306560 6.741760 15.315520 15.315520 15.535360
13.043840 4.836480 17.294080 11.651520 15.168960 10.479040 6.815040 16.707840 18.100160 13.336960
16.414720 4.250240 17.367360 13.043840 15.022400 9.160000 5.789120 14.436160 14.949120 13.996480
17.880320 4.250240 15.608640 12.530880 14.949120 9.526400 6.082240 15.755200 16.488000 15.755200
15.315520 4.983040 15.535360 11.138560 16.414720 8.207360 6.008960 14.729280 18.686400 16.048320
18.100160 3.517440 13.336960 13.776640 16.341440 8.866880 5.349440 14.289600 18.393280 17.733760
12.824000 3.957120 13.996480 10.992000 15.388800 8.134080 5.276160 12.897280 15.535360 17.367360
11.211840 4.763200 15.755200 10.698880 16.341440 8.427200 6.595200 16.488000 17.000960 13.849920
12.237760 4.396800 16.048320 10.332480 14.729280 8.134080 6.595200 14.949120 15.388800 16.194880
13.703360 3.517440 17.733760 9.013440 15.828480 6.888320 6.228800 14.729280 13.849920 17.074240
10.479040 3.737280 17.367360 10.772160 16.488000 8.427200 6.155520 14.289600 14.729280 16.121600
13.483520 3.077760 13.849920 11.944640 14.289600 7.987520 5.935680 14.582720 14.069760 15.828480
16.341440 3.444160 16.194880 11.944640 14.436160 6.961600 6.228800 13.336960 15.755200 13.703360
16.194880 2.857920 17.074240 10.625600 14.729280 9.306560 5.789120 15.095680 17.587200 14.362880
17.000960 3.370880 16.121600 10.112640 15.242240 8.427200 5.789120 15.681920 15.168960 16.194880
15.462080 3.444160 15.828480 11.724800 12.604160 7.621120 7.474560 15.608640 14.362880 14.949120
15.095680 3.444160 13.703360 8.427200 17.220800 8.940160 5.935680 16.488000 15.022400 15.462080
18.393280 2.931200 14.362880 10.845440 15.755200 8.427200 6.961600 17.294080 14.802560 13.190400
16.854400 3.297600 16.194880 11.065280 12.897280 8.060800 6.228800 16.121600 16.194880 16.121600
16.341440 3.517440 14.949120 11.651520 13.630080 7.181440 6.888320 17.074240 18.466560 12.750720
16.707840 3.224320 15.462080 10.625600 13.849920 7.767680 6.668480 16.781120 16.488000 14.656000
17.587200 3.004480 13.190400 12.164480 15.242240 6.961600 6.668480 16.854400 17.880320 13.483520
17.074240 3.590720 16.121600 11.065280 15.022400 7.694400 6.815040 16.634560 18.539840 13.923200
17.733760 2.564800 12.750720 11.431680 15.022400 8.207360 7.401280 16.634560 13.117120 14.216320
16.488000 3.444160 14.656000 9.233280 15.242240 7.547840 7.254720 15.095680 14.729280 12.897280
17.733760 3.664000 13.483520 10.405760 15.095680 7.694400 6.888320 14.582720 17.220800 17.440640
16.854400 3.370880 13.923200 10.552320 17.587200 7.914240 7.034880 13.849920 18.246720 15.462080
14.656000 3.517440 14.216320 10.259200 16.341440 7.621120 9.672960 14.216320 18.246720 12.824000
12.604160 3.297600 12.897280 8.720320 16.781120 6.008960 8.940160 14.362880 18.686400 14.362880
15.828480 2.784640 17.440640 10.479040 16.634560 8.500480 8.793600 15.535360 18.539840 17.147520
12.970560 2.784640 15.462080 11.138560 15.975040 7.401280 8.940160 15.462080 14.729280 17.440640
15.168960 2.931200 12.824000 10.552320 15.755200 9.233280 7.254720 17.367360 13.190400 16.121600
12.164480 2.271680 14.362880 11.724800 17.220800 7.694400 7.034880 16.121600 17.440640 15.095680
13.336960 2.344960 17.147520 12.091200 17.953600 7.987520 6.008960 16.634560 15.462080 12.677440
12.457600 2.564800 17.440640 11.871360 16.341440 8.940160 6.008960 17.074240 16.634560 13.336960
15.828480 2.711360 16.121600 11.285120 15.462080 8.207360 5.862400 16.414720 15.462080 17.587200
17.807040 2.638080 15.095680 12.677440 15.755200 8.866880 7.840960 16.268160 14.875840 18.100160
15.242240 2.418240 12.677440 11.651520 16.048320 6.888320 7.034880 15.755200 14.802560 17.807040
13.336960 2.857920 13.336960 11.211840 14.949120 8.940160 7.474560 16.121600 16.561280 14.949120
15.755200 2.344960 17.587200 9.160000 15.462080 7.694400 7.914240 15.462080 15.755200 13.996480
15.608640 2.491520 18.100160 8.866880 16.268160 8.353920 7.474560 17.953600 16.048320 12.970560
16.707840 2.857920 17.807040 9.672960 16.048320 8.207360 7.914240 17.807040 17.953600 17.660480
15.242240 2.418240 14.949120 9.819520 16.121600 7.328000 8.720320 13.263680 16.268160 15.681920
12.824000 2.198400 13.996480 12.237760 15.022400 6.595200 8.793600 15.755200 13.776640 15.388800
