5.422720 4.396800 7.474560 14.949120 1.978560 4.470080 6.375360 14.069760 12.457600 10.772160
4.983040 5.129600 6.155520 16.781120 1.905280 5.202880 9.160000 13.043840 13.117120 15.901760
4.763200 6.448640 7.328000 15.901760 2.198400 4.250240 9.453120 12.530880 12.970560 17.440640
4.103680 4.689920 8.060800 15.022400 2.491520 3.590720 8.427200 12.970560 12.897280 17.294080
4.250240 4.543360 6.228800 8.427200 2.491520 4.250240 6.082240 12.311040 12.897280 15.535360
3.517440 4.250240 5.202880 13.923200 1.612160 3.590720 5.496000 13.117120 13.776640 15.755200
3.077760 5.789120 6.082240 13.923200 2.418240 3.664000 6.448640 12.237760 12.824000 14.069760
3.737280 5.642560 5.642560 14.289600 2.051840 2.784640 6.741760 10.772160 12.530880 9.013440
4.030400 7.621120 5.569280 13.776640 1.245760 3.444160 6.155520 11.285120 11.211840 15.755200
5.202880 8.500480 7.401280 16.854400 1.319040 2.491520 6.082240 9.379840 12.530880 15.242240
5.789120 9.379840 7.767680 16.854400 1.832000 3.590720 6.375360 16.341440 12.017920 14.729280
5.789120 7.401280 9.233280 13.849920 2.051840 4.250240 4.836480 12.457600 12.530880 14.729280
7.401280 7.474560 8.793600 14.949120 0.879360 4.103680 6.668480 13.117120 10.112640 13.336960
12.091200 6.155520 6.521920 15.168960 1.978560 4.396800 6.082240 12.970560 9.892800 14.436160
14.362880 7.328000 7.694400 10.918720 1.245760 3.664000 6.302080 12.897280 9.672960 13.776640
11.211840 8.060800 6.888320 15.388800 1.612160 4.323520 6.228800 12.897280 10.918720 14.436160
9.013440 6.228800 6.595200 14.656000 1.685440 3.737280 6.375360 13.776640 10.479040 14.949120
8.207360 5.202880 7.474560 14.362880 1.978560 3.444160 7.328000 12.824000 10.698880 12.311040
8.573760 6.082240 6.815040 12.237760 2.344960 2.931200 5.935680 12.530880 10.479040 11.504960
10.625600 5.642560 6.815040 11.871360 2.198400 3.810560 4.909760 11.211840 10.039360 9.892800
9.819520 5.569280 6.888320 16.048320 2.125120 3.151040 6.741760 12.530880 9.819520 7.034880
10.039360 7.401280 5.202880 14.143040 1.538880 3.077760 7.034880 12.017920 9.379840 7.840960
10.698880 7.767680 3.517440 10.625600 2.271680 3.664000 7.254720 12.530880 10.259200 7.914240
7.840960 9.233280 5.569280 12.017920 2.125120 3.664000 8.427200 10.112640 10.772160 7.108160
5.056320 8.793600 6.155520 12.017920 2.271680 3.957120 7.767680 9.892800 10.332480 8.720320
4.396800 6.521920 4.030400 10.112640 2.418240 4.689920 6.302080 9.672960 12.604160 9.086720
5.276160 7.694400 4.836480 14.949120 2.051840 6.961600 5.862400 10.918720 10.845440 5.642560
4.250240 6.888320 7.034880 9.086720 1.685440 8.060800 6.888320 10.479040 12.824000 5.642560
4.470080 6.595200 6.961600 9.599680 2.491520 6.888320 7.181440 10.698880 12.384320 5.422720
4.909760 7.474560 4.763200 9.672960 1.758720 4.396800 7.328000 10.479040 12.091200 7.328000
6.008960 6.815040 4.836480 8.647040 1.392320 4.909760 6.741760 10.039360 10.552320 7.621120
5.569280 6.815040 4.470080 10.259200 1.978560 4.763200 7.621120 9.819520 11.724800 6.155520
4.909760 6.888320 4.689920 12.237760 1.465600 4.250240 9.306560 9.379840 12.750720 7.767680
4.689920 5.202880 5.349440 11.358400 1.832000 3.444160 8.134080 10.259200 12.311040 7.181440
5.276160 3.517440 5.642560 9.599680 3.444160 4.030400 7.254720 10.772160 13.336960 8.427200
6.155520 5.569280 5.422720 10.112640 1.832000 4.763200 6.668480 10.332480 14.729280 10.772160
7.474560 6.155520 4.616640 15.975040 1.612160 3.883840 8.720320 12.604160 15.022400 14.582720
6.961600 4.030400 4.909760 12.970560 3.004480 4.396800 8.793600 10.845440 10.918720 15.535360
5.496000 4.836480 6.008960 9.453120 2.931200 3.883840 6.815040 12.824000 14.216320 12.604160
6.741760 7.034880 6.228800 14.069760 2.051840 3.517440 6.375360 12.384320 12.530880 14.802560
6.961600 6.961600 5.276160 13.410240 1.905280 1.832000 6.521920 12.091200 14.289600 17.147520
8.060800 4.763200 4.836480 15.681920 1.832000 2.564800 6.961600 10.552320 13.043840 15.681920
6.741760 4.836480 4.616640 13.263680 1.465600 2.711360 7.474560 11.724800 13.410240 15.901760
9.160000 4.470080 4.396800 10.479040 1.465600 5.349440 6.448640 12.750720 12.750720 16.781120
8.280640 4.689920 4.470080 9.746240 1.245760 5.789120 6.375360 12.311040 12.384320 16.341440
6.668480 5.349440 4.616640 10.185920 2.125120 4.909760 9.086720 13.336960 13.630080 14.289600
5.569280 5.642560 4.470080 13.996480 1.172480 4.030400 9.892800 14.729280 16.194880 11.578240
6.008960 5.422720 5.642560 12.311040 1.099200 4.103680 11.285120 15.022400 13.190400 17.953600
7.914240 4.616640 4.983040 14.509440 1.319040 5.862400 11.211840 10.918720 13.483520 15.022400
6.375360 4.909760 3.883840 10.698880 1.465600 7.914240 9.233280 14.216320 12.970560 16.561280
5.276160 6.008960 5.202880 9.160000 1.319040 7.254720 9.306560 12.530880 14.069760 16.927680
4.470080 6.228800 5.202880 10.625600 1.319040 10.845440 7.840960 14.289600 16.341440 15.388800
4.396800 5.276160 5.276160 10.479040 1.099200 11.651520 6.961600 13.043840 14.216320 16.194880
4.616640 4.836480 6.008960 9.306560 1.172480 9.086720 8.134080 13.410240 15.095680 13.630080
5.276160 4.616640 7.840960 13.483520 1.319040 8.207360 8.427200 12.750720 15.168960 14.436160
4.983040 4.396800 4.616640 13.190400 1.612160 10.185920 7.254720 12.384320 12.604160 7.694400
4.543360 4.470080 4.616640 10.698880 1.612160 7.328000 7.328000 13.630080 12.897280 6.375360
5.349440 4.616640 4.836480 8.720320 1.685440 7.034880 7.328000 16.194880 11.578240 5.642560
4.616640 4.470080 5.276160 9.599680 2.051840 4.983040 9.233280 13.190400 11.871360 5.642560
4.763200 5.642560 5.569280 11.578240 1.392320 5.129600 8.134080 13.483520 12.091200 6.008960
4.689920 4.983040 6.888320 11.285120 0.952640 8.207360 6.888320 12.970560 13.190400 5.496000
4.543360 3.883840 7.254720 11.065280 1.245760 9.746240 7.254720 14.069760 12.384320 5.935680
6.521920 5.202880 5.642560 7.254720 2.051840 8.573760 6.155520 16.341440 12.750720 6.302080
6.228800 5.202880 5.129600 8.427200 1.612160 6.668480 8.353920 14.216320 13.117120 8.353920
3.810560 5.276160 5.056320 7.108160 1.758720 6.082240 8.647040 15.095680 12.970560 9.160000
5.496000 6.008960 6.155520 10.625600 1.245760 3.664000 8.500480 15.168960 12.237760 8.060800
5.496000 7.840960 7.108160 11.798080 1.392320 2.344960 4.983040 12.604160 11.138560 9.013440
3.737280 4.616640 6.888320 10.479040 0.879360 4.176960 4.983040 12.897280 13.263680 10.405760
5.715840 4.616640 9.086720 9.453120 0.806080 3.517440 4.836480 11.578240 11.578240 13.483520
4.983040 4.836480 8.500480 12.164480 1.245760 2.638080 4.763200 11.871360 14.143040 15.462080
4.396800 5.276160 8.647040 10.259200 1.905280 7.328000 6.521920 12.091200 13.556800 14.802560
5.276160 5.569280 8.280640 10.405760 1.099200 8.647040 6.155520 13.190400 14.509440 14.143040
6.302080 6.888320 11.285120 10.992000 1.099200 8.720320 5.862400 12.384320 11.724800 16.488000
4.616640 7.254720 10.845440 10.112640 1.319040 6.302080 5.422720 12.750720 13.630080 17.294080
6.008960 5.642560 8.207360 10.332480 1.758720 5.789120 5.349440 13.117120 13.556800 15.975040
4.689920 5.129600 11.211840 10.698880 1.685440 6.082240 6.082240 12.970560 12.091200 16.634560
4.983040 5.056320 9.160000 10.552320 1.392320 4.103680 5.569280 12.237760 13.117120 14.216320
4.250240 6.155520 7.181440 12.237760 1.612160 3.957120 5.056320 11.138560 12.091200 15.095680
3.737280 7.108160 4.176960 8.866880 1.832000 4.396800 4.396800 13.263680 12.017920 15.901760
4.543360 6.888320 4.983040 8.793600 1.172480 4.030400 4.030400 11.578240 12.604160 13.923200
4.470080 9.086720 11.138560 8.134080 2.125120 3.810560 6.155520 14.143040 12.164480 17.000960
3.517440 8.500480 17.220800 9.160000 0.879360 4.543360 4.983040 13.556800 12.237760 16.341440
4.176960 8.647040 14.216320 8.500480 0.806080 5.935680 6.008960 14.509440 12.164480 15.755200
4.323520 8.280640 16.707840 8.427200 1.172480 7.254720 5.129600 11.724800 14.216320 14.362880
5.129600 11.285120 11.358400 8.940160 1.025920 6.961600 6.595200 13.630080 13.190400 15.535360
3.297600 10.845440 8.353920 8.280640 1.245760 4.909760 6.521920 13.556800 12.311040 15.828480
4.250240 8.207360 7.987520 8.207360 1.025920 4.250240 7.474560 12.091200 14.143040 15.608640
4.543360 11.211840 7.474560 9.892800 1.172480 3.517440 10.918720 13.117120 13.703360 16.268160
3.957120 9.160000 6.082240 8.720320 1.025920 2.125120 12.897280 12.091200 9.746240 14.216320
3.883840 7.181440 3.297600 7.547840 1.099200 3.810560 13.556800 12.017920 12.457600 12.897280
4.396800 4.176960 6.375360 5.789120 0.732800 3.517440 14.656000 12.604160 14.875840 14.436160
5.056320 4.983040 6.302080 8.720320 1.025920 2.638080 11.285120 12.164480 12.237760 14.143040
4.323520 11.138560 5.129600 7.694400 1.392320 3.224320 7.474560 12.237760 10.772160 12.384320
4.983040 17.220800 4.396800 8.573760 1.465600 3.297600 7.474560 12.164480 13.043840 14.656000
4.763200 14.216320 4.250240 6.888320 1.319040 2.051840 11.578240 14.216320 10.772160 12.677440
5.276160 16.707840 4.689920 7.181440 0.879360 3.590720 10.479040 13.190400 11.724800 15.828480
4.983040 11.358400 3.883840 5.715840 0.952640 3.737280 8.720320 12.311040 6.815040 15.901760
4.836480 8.353920 4.103680 7.767680 0.732800 3.883840 7.254720 14.143040 7.328000 15.828480
4.616640 7.987520 3.957120 8.280640 0.806080 3.883840 7.328000 13.703360 6.228800 15.315520
4.543360 7.474560 4.250240 8.793600 0.879360 3.004480 7.987520 9.746240 6.448640 16.414720
