3.737280 8.427200 3.517440 12.750720 4.763200 9.746240
4.616640 9.453120 4.836480 12.311040 3.810560 9.453120
4.250240 10.185920 4.689920 13.336960 3.444160 9.599680
4.250240 12.677440 5.569280 14.729280 3.151040 8.207360
3.810560 12.164480 5.202880 15.022400 4.099200 8.280640
3.737280 12.604160 4.763200 10.918720 5.569280 8.134080
4.250240 13.923200 4.836480 14.216320 3.638080 7.840960
4.836480 13.630080 5.422720 12.530880 4.176960 6.961600
5.151040 10.552320 6.228800 14.289600 3.664000 7.254720
5.517440 13.483520 6.741760 13.043840 5.202880 8.207360
4.370880 13.776640 6.448640 13.410240 4.176960 7.108160
3.590720 13.923200 5.496000 12.750720 4.616640 8.866880
3.810560 15.828480 5.202880 12.384320 4.176960 7.767680
4.250240 14.069760 4.396800 13.630080 6.228800 8.060800
4.103680 14.362880 5.202880 16.194880 7.474560 8.427200
3.883840 12.311040 4.763200 13.190400 5.202880 8.573760
3.883840 9.306560 5.056320 13.483520 5.129600 7.401280
4.030400 9.160000 5.129600 12.970560 3.957120 9.160000
3.810560 8.819520 5.789120 14.069760 3.151040 8.280640
4.103680 7.453120 6.228800 16.341440 3.810560 7.914240
3.224320 6.746240 6.375360 14.216320 3.370880 7.914240
3.784640 7.013440 6.082240 15.095680 3.224320 8.353920
3.004480 8.060800 6.668480 15.168960 2.784640 7.694400
3.004480 6.815040 5.129600 12.604160 4.030400 10.259200
3.151040 5.862400 5.202880 12.897280 4.616640 9.086720
2.711360 6.155520 4.616640 11.578240 4.176960 9.086720
3.004480 7.621120 5.715840 11.871360 2.491520 8.427200
3.151040 11.944640 4.250240 12.091200 2.784640 8.134080
3.810560 9.306560 4.909760 13.190400 3.151040 8.866880
3.370880 8.060800 6.155520 12.384320 3.370880 9.599680
3.224320 7.767680 5.202880 12.750720 2.491520 8.427200
3.004480 8.500480 5.569280 13.117120 2.271680 9.086720
2.198400 10.918720 4.616640 12.970560 4.470080 8.353920
2.491520 9.892800 4.250240 12.237760 2.711360 8.207360
3.297600 9.013440 4.616640 11.138560 3.737280 7.767680
3.224320 8.353920 3.444160 13.263680 3.151040 7.328000
3.737280 9.453120 3.737280 11.578240 2.711360 8.573760
3.370880 9.672960 3.517440 14.143040 1.978560 6.668480
3.370880 11.285120 3.590720 13.556800 2.638080 6.008960
2.931200 9.306560 3.444160 14.509440 2.125120 6.521920
3.370880 7.694400 3.004480 11.724800 3.077760 6.668480
3.004480 11.285120 4.103680 13.630080 3.664000 7.694400
2.784640 11.724800 4.250240 13.556800 3.297600 7.474560
2.857920 10.479040 4.103680 12.091200 3.810560 8.280640
3.737280 9.966080 3.590720 13.117120 3.224320 9.013440
2.784640 10.772160 2.784640 12.091200 1.832000 8.427200
3.077760 8.866880 3.077760 12.017920 2.344960 9.160000
4.103680 9.013440 2.931200 12.604160 2.418240 7.914240
4.103680 9.233280 2.931200 12.164480 2.784640 7.328000
3.297600 10.479040 3.370880 12.237760 2.418240 7.474560
3.590720 8.060800 3.737280 12.164480 2.051840 8.207360
2.711360 8.060800 3.224320 14.216320 1.392320 9.233280
3.224320 8.353920 3.664000 13.190400 1.685440 8.280640
3.004480 7.987520 3.737280 12.311040 3.151040 8.720320
3.737280 8.500480 3.297600 14.143040 1.392320 8.500480
2.491520 9.086720 3.224320 13.703360 1.832000 10.185920
2.125120 7.621120 2.638080 9.746240 1.538880 9.672960
2.051840 7.474560 4.030400 12.457600 2.418240 9.086720
2.344960 8.353920 3.590720 14.875840 2.711360 8.647040
2.857920 7.034880 4.250240 12.237760 2.051840 8.427200
3.883840 8.500480 3.737280 10.772160 2.711360 7.840960
3.810560 7.401280 3.810560 13.043840 2.638080 6.521920
2.564800 7.840960 4.176960 10.772160 1.758720 7.328000
2.051840 7.181440 4.030400 11.724800 2.564800 6.155520
1.538880 7.767680 4.689920 6.815040 2.857920 6.888320
2.491520 8.647040 4.836480 7.328000 3.444160 5.789120
3.444160 9.013440 4.763200 6.228800 2.198400 8.720320
2.418240 9.599680 5.056320 6.448640 2.857920 7.987520
2.198400 10.698880 4.689920 6.448640 2.711360 9.379840
2.711360 10.992000 4.470080 8.353920 3.664000 8.866880
2.198400 9.306560 4.909760 10.772160 4.323520 8.353920
1.758720 10.112640 4.689920 14.875840 3.810560 10.039360
1.392320 10.405760 5.642560 15.535360 4.176960 9.013440
2.198400 8.353920 4.763200 12.604160 3.957120 8.134080
2.344960 8.940160 6.668480 12.677440 4.250240 8.207360
1.685440 7.840960 5.056320 12.091200 5.349440 8.280640
1.538880 6.815040 5.202880 13.190400 4.616640 9.453120
1.538880 8.427200 5.129600 12.604160 4.396800 8.940160
2.125120 6.521920 5.056320 13.263680 3.590720 8.793600
1.832000 6.815040 4.250240 10.039360 3.444160 8.280640
1.612160 8.353920 5.349440 12.091200 3.077760 8.647040
1.832000 7.767680 4.616640 12.970560 3.370880 9.306560
1.905280 7.840960 4.909760 11.724800 3.224320 8.353920
1.832000 7.108160 5.276160 12.530880 2.784640 9.013440
2.125120 7.401280 4.763200 12.311040 2.784640 7.914240
2.344960 7.108160 4.470080 12.604160 3.004480 8.427200
2.857920 6.961600 4.543360 11.065280 1.685440 8.134080
2.491520 7.914240 4.543360 14.069760 3.151040 6.888320
1.172480 6.961600 4.396800 13.117120 3.444160 8.720320
1.905280 6.595200 3.957120 12.897280 2.564800 7.767680
2.271680 7.474560 3.737280 12.457600 2.344960 8.500480
1.392320 7.547840 4.030400 13.630080 2.931200 7.914240
2.051840 6.961600 4.543360 14.949120 2.198400 6.888320
2.271680 6.521920 3.810560 11.724800 2.418240 8.207360
1.905280 7.840960 4.323520 12.091200 2.857920 8.207360
2.271680 6.961600 3.590720 11.944640 2.564800 8.353920
1.245760 6.668480 3.590720 12.604160 3.151040 8.280640
1.099200 6.888320 3.810560 11.431680 2.784640 7.621120
0.879360 7.914240 3.957120 13.263680 1.612160 7.328000
1.978560 7.694400 4.396800 11.871360 2.418240 7.034880
