8.647040 1.538880 8.427200 11.285120 6.448640 8.060800 24.182400 27.626560 28.139520 24.475520
9.746240 2.051840 9.599680 9.599680 6.595200 8.793600 23.889280 29.165440 27.626560 24.328960
8.427200 4.250240 9.892800 9.013440 6.448640 9.526400 24.768640 28.432640 28.432640 20.958080
8.940160 1.978560 8.647040 7.108160 7.181440 9.160000 23.303040 28.505920 26.600640 23.229760
8.647040 1.905280 8.647040 6.888320 6.888320 8.427200 24.035840 28.286080 27.626560 26.234240
6.815040 3.590720 8.573760 7.547840 6.888320 7.767680 22.203840 27.992960 26.087680 23.449600
8.647040 1.612160 9.086720 6.521920 7.547840 10.332480 22.423680 28.359360 29.678400 24.915200
8.060800 1.538880 9.233280 7.987520 6.228800 9.086720 22.716800 27.919680 26.673920 24.255680
7.474560 1.832000 10.625600 7.694400 4.836480 10.185920 26.673920 27.773120 27.919680 26.087680
7.401280 1.612160 9.746240 8.793600 6.595200 10.918720 23.962560 26.234240 26.600640 25.428160
9.013440 1.245760 10.259200 8.280640 4.909760 11.065280 25.941120 29.971520 17.513920 25.648000
4.983040 1.172480 10.845440 9.966080 6.521920 9.086720 21.251200 27.773120 28.286080 25.648000
9.672960 1.172480 11.211840 8.573760 6.448640 10.698880 21.104640 28.505920 28.799040 25.648000
7.694400 0.879360 11.065280 9.233280 6.302080 9.746240 22.203840 27.553280 28.286080 27.992960
7.328000 1.392320 8.427200 7.840960 6.008960 6.155520 23.009920 22.570240 28.945600 28.652480
5.935680 1.319040 10.552320 9.966080 6.375360 8.280640 26.600640 29.238720 28.286080 25.428160
7.547840 1.538880 10.992000 8.940160 7.547840 7.621120 25.648000 27.480000 28.872320 26.600640
8.793600 2.198400 11.065280 8.134080 6.448640 7.767680 27.773120 27.480000 28.139520 26.087680
6.155520 1.758720 9.233280 9.819520 6.815040 7.914240 24.548800 27.113600 26.380800 26.820480
8.573760 1.905280 9.599680 10.332480 7.034880 12.530880 26.454080 25.794560 29.971520 27.406720
7.840960 1.978560 10.039360 8.793600 6.961600 11.651520 21.617600 28.286080 27.699840 28.505920
7.914240 1.905280 9.379840 10.259200 6.961600 10.918720 19.199360 25.501440 28.799040 26.820480
7.401280 1.978560 8.134080 8.940160 6.815040 9.086720 22.570240 28.652480 28.652480 27.040320
8.427200 1.758720 7.840960 7.840960 6.521920 11.065280 25.574720 23.009920 28.432640 26.527360
9.013440 1.758720 7.694400 8.647040 6.448640 11.431680 28.066240 20.664960 28.799040 26.673920
7.914240 1.685440 6.521920 9.526400 5.349440 9.819520 26.967040 27.260160 28.872320 28.139520
7.328000 2.051840 7.401280 8.280640 6.082240 8.573760 28.139520 28.212800 28.725760 21.617600
7.987520 1.758720 8.427200 9.379840 6.888320 9.672960 28.432640 27.919680 28.579200 23.009920
7.694400 1.319040 9.160000 9.746240 7.547840 8.647040 28.286080 26.600640 26.087680 20.958080
6.448640 1.392320 8.940160 10.039360 5.569280 7.401280 27.846400 27.480000 27.773120 21.690880
7.181440 1.392320 9.672960 8.427200 6.741760 8.647040 24.548800 26.673920 29.898240 21.764160
8.427200 1.685440 7.840960 10.479040 7.767680 9.599680 26.527360 29.385280 24.182400 22.790080
6.448640 1.538880 9.746240 7.474560 8.280640 7.840960 27.699840 27.773120 22.130560 26.600640
6.228800 2.491520 9.379840 10.332480 7.914240 8.573760 26.967040 27.480000 26.234240 23.522880
7.034880 3.077760 8.427200 10.039360 7.108160 6.448640 28.139520 27.773120 22.130560 25.428160
6.888320 1.905280 9.453120 9.892800 7.547840 7.254720 26.673920 27.846400 19.639040 25.501440
6.228800 1.685440 10.039360 10.185920 6.741760 7.181440 17.513920 24.255680 26.747200 23.303040
6.008960 1.905280 10.185920 8.500480 6.741760 6.302080 24.841920 26.820480 24.109120 21.031360
8.060800 2.125120 9.013440 10.112640 6.888320 7.694400 25.867840 28.725760 25.648000 20.738240
6.375360 2.125120 9.233280 11.138560 5.862400 7.108160 26.454080 28.139520 27.699840 24.255680
7.840960 2.198400 6.888320 9.892800 7.914240 8.134080 25.721280 28.725760 28.579200 26.673920
5.202880 2.271680 7.328000 10.772160 6.815040 6.595200 25.135040 28.799040 27.699840 23.009920
6.375360 2.344960 7.401280 9.379840 7.914240 6.668480 27.186880 27.846400 28.212800 22.496960
6.815040 3.004480 6.228800 9.819520 7.474560 6.815040 25.061760 28.725760 27.846400 21.690880
6.302080 2.784640 6.302080 9.526400 7.621120 6.741760 22.863360 11.358400 26.747200 21.764160
6.888320 2.051840 6.448640 9.526400 7.547840 7.767680 27.919680 28.579200 27.113600 22.350400
5.862400 3.883840 6.302080 7.840960 8.427200 7.694400 27.773120 28.139520 28.505920 24.548800
5.569280 3.077760 6.741760 7.914240 9.599680 7.987520 27.699840 27.846400 26.380800 26.527360
4.616640 2.198400 7.474560 8.793600 10.698880 7.401280 11.504960 27.333440 29.092160 24.475520
4.763200 2.418240 8.793600 9.599680 9.160000 7.767680 23.229760 27.846400 27.919680 21.690880
5.789120 2.711360 8.647040 7.840960 7.840960 7.621120 19.492480 26.820480 26.893760 25.428160
4.836480 4.030400 10.039360 9.966080 8.353920 8.207360 17.660480 25.281600 27.406720 20.225280
5.496000 3.664000 9.599680 9.233280 9.746240 7.621120 17.807040 29.312000 25.721280 17.880320
5.056320 2.857920 9.892800 10.332480 8.866880 7.767680 17.807040 27.480000 29.092160 24.035840
4.543360 2.931200 9.966080 10.185920 8.720320 7.621120 16.414720 27.992960 27.919680 22.570240
6.082240 2.711360 11.138560 9.746240 8.427200 7.914240 16.927680 27.333440 27.406720 24.255680
6.521920 3.224320 10.039360 8.353920 7.474560 7.987520 18.173440 25.867840 28.066240 26.747200
7.034880 3.957120 9.966080 8.793600 9.526400 7.254720 16.341440 27.699840 27.846400 26.160960
6.155520 3.590720 11.065280 7.767680 9.966080 7.254720 16.927680 27.406720 27.480000 27.992960
6.668480 4.176960 9.526400 8.720320 8.353920 7.547840 17.807040 24.915200 27.773120 26.234240
6.815040 4.689920 9.672960 8.647040 7.547840 7.181440 17.000960 28.212800 28.579200 26.967040
6.008960 2.784640 11.285120 9.306560 7.254720 6.888320 15.095680 27.040320 28.505920 27.846400
4.983040 3.517440 10.992000 9.306560 8.060800 6.082240 19.052800 27.846400 22.496960 25.501440
4.763200 5.862400 10.479040 8.060800 8.647040 6.228800 17.074240 28.505920 24.255680 25.648000
5.056320 4.470080 10.039360 9.160000 9.013440 6.521920 18.613120 28.066240 16.561280 26.893760
4.836480 5.349440 10.332480 10.039360 8.060800 5.862400 21.764160 26.380800 7.401280 22.790080
4.396800 5.789120 9.379840 11.285120 13.410240 6.448640 20.958080 23.669440 27.186880 27.919680
5.056320 5.569280 9.233280 8.500480 10.552320 6.961600 19.858880 25.941120 22.790080 24.328960
4.030400 6.961600 9.453120 10.332480 8.134080 7.987520 19.126080 27.699840 24.841920 26.673920
4.543360 6.008960 8.720320 11.285120 7.401280 7.328000 20.298560 26.454080 28.066240 24.182400
4.836480 3.590720 9.599680 9.013440 6.302080 7.474560 26.234240 27.553280 25.135040 27.553280
4.470080 7.621120 8.720320 9.086720 10.039360 7.474560 22.057280 28.139520 26.160960 25.941120
5.422720 6.815040 9.746240 9.746240 8.720320 7.914240 22.863360 27.626560 25.135040 24.475520
5.202880 6.888320 9.819520 9.013440 7.254720 7.840960 25.354880 27.626560 25.867840 25.208320
3.883840 7.034880 9.306560 9.746240 9.672960 7.328000 26.967040 28.432640 25.721280 23.156480
4.250240 4.836480 9.746240 10.405760 8.427200 7.254720 22.863360 26.160960 23.596160 24.841920
6.302080 5.935680 8.427200 9.526400 8.280640 6.595200 21.544320 27.480000 26.527360 24.841920
5.642560 4.103680 7.840960 9.892800 8.280640 7.328000 18.100160 23.449600 24.695360 23.303040
5.349440 5.422720 8.866880 7.914240 9.086720 7.401280 22.643520 25.794560 28.725760 24.182400
4.396800 5.715840 7.987520 11.871360 8.207360 7.401280 20.078720 29.531840 23.816000 18.466560
4.030400 4.983040 7.401280 10.039360 7.108160 7.621120 24.109120 27.553280 29.458560 24.548800
6.375360 5.056320 8.060800 8.793600 6.668480 7.547840 21.910720 28.725760 28.066240 20.445120
5.422720 6.521920 7.694400 9.086720 7.474560 6.595200 24.402240 27.773120 29.165440 23.522880
5.422720 6.521920 9.086720 9.746240 8.647040 7.474560 21.397760 28.212800 27.699840 26.234240
4.689920 6.668480 9.453120 10.039360 7.474560 7.401280 25.721280 28.579200 25.135040 23.962560
4.543360 7.547840 10.479040 9.819520 7.914240 7.914240 19.785600 27.846400 28.139520 25.794560
4.250240 8.647040 9.086720 9.599680 10.918720 7.181440 24.328960 27.333440 28.505920 26.747200
3.590720 7.328000 8.940160 9.160000 8.573760 7.034880 24.548800 28.286080 28.212800 26.527360
5.129600 7.181440 9.086720 9.306560 8.573760 6.448640 25.208320 27.333440 28.652480 24.695360
5.862400 7.547840 9.233280 9.379840 8.720320 7.328000 21.104640 27.699840 27.040320 25.501440
2.491520 6.815040 9.233280 9.306560 7.987520 7.328000 28.066240 26.600640 28.652480 24.841920
4.103680 8.427200 9.526400 9.306560 7.474560 6.521920 25.135040 26.820480 27.113600 24.109120
4.689920 9.379840 9.892800 9.086720 7.547840 7.914240 25.794560 26.893760 27.406720 23.083200
3.664000 7.840960 7.767680 8.720320 7.694400 6.888320 28.432640 28.212800 24.622080 22.790080
4.250240 5.789120 8.720320 6.595200 12.311040 7.401280 23.229760 27.992960 26.307520 25.281600
6.448640 7.840960 6.961600 6.815040 17.880320 6.302080 20.152000 26.747200 27.919680 23.742720
5.056320 7.108160 7.840960 6.082240 18.100160 8.134080 23.376320 28.799040 28.579200 24.841920
4.689920 8.353920 9.599680 5.789120 9.306560 6.595200 25.281600 26.087680 26.527360 24.255680
3.297600 8.427200 8.427200 7.401280 8.134080 6.888320 24.475520 29.165440 27.260160 25.208320
4.250240 7.694400 7.840960 6.961600 2.931200 6.521920 26.087680 27.699840 27.113600 24.548800
