5.422720 16.781120 16.268160 15.828480 18.466560 16.781120 16.268160 16.488000 17.220800 2.638080
7.181440 15.242240 16.488000 16.561280 17.513920 18.100160 16.414720 16.268160 17.074240 3.224320
6.595200 18.393280 15.901760 17.367360 17.440640 16.561280 16.194880 16.048320 15.095680 3.370880
3.957120 17.367360 18.246720 17.147520 16.781120 16.488000 12.970560 15.975040 13.336960 3.224320
5.496000 17.733760 18.246720 15.608640 17.880320 16.781120 13.849920 15.608640 14.362880 3.004480
4.909760 16.561280 18.686400 14.802560 17.147520 16.488000 14.069760 15.242240 14.069760 3.297600
4.689920 17.000960 17.880320 14.216320 16.781120 15.681920 15.022400 16.414720 16.341440 3.224320
5.349440 16.781120 18.393280 17.367360 16.341440 16.927680 15.388800 16.414720 15.095680 2.857920
4.616640 15.462080 16.781120 15.462080 16.561280 17.000960 15.095680 17.147520 16.121600 3.444160
6.302080 16.268160 16.488000 12.457600 17.147520 17.294080 15.095680 16.121600 16.707840 2.857920
5.349440 15.681920 16.268160 13.923200 17.660480 16.781120 15.755200 15.168960 16.341440 2.931200
4.763200 15.828480 14.509440 17.367360 17.074240 17.147520 14.875840 15.388800 17.000960 3.224320
5.862400 14.362880 17.220800 14.875840 18.026880 17.440640 16.854400 15.755200 17.147520 3.004480
8.060800 15.828480 15.755200 17.807040 17.367360 16.927680 15.681920 16.048320 17.000960 3.151040
6.668480 16.341440 14.875840 16.854400 17.513920 16.414720 16.707840 16.048320 17.074240 3.297600
6.741760 14.802560 16.341440 17.660480 17.880320 17.513920 15.975040 15.975040 16.707840 2.931200
5.935680 16.781120 18.466560 14.436160 18.320000 13.263680 15.901760 16.268160 16.927680 2.931200
5.715840 15.388800 17.294080 15.315520 17.220800 16.781120 16.854400 14.509440 15.901760 3.004480
4.909760 16.268160 18.466560 14.656000 15.535360 13.483520 16.268160 15.095680 14.069760 3.664000
4.103680 15.828480 18.466560 16.048320 17.587200 13.630080 15.608640 14.656000 15.168960 2.931200
4.836480 15.681920 18.466560 12.237760 17.440640 14.289600 14.656000 16.561280 18.173440 3.297600
3.590720 14.436160 18.173440 13.043840 17.807040 14.802560 13.556800 16.121600 13.043840 3.297600
4.250240 15.462080 18.320000 16.414720 17.880320 12.824000 14.069760 15.975040 15.242240 3.444160
4.470080 15.462080 18.246720 17.880320 17.000960 15.828480 15.462080 14.069760 15.828480 3.151040
4.103680 17.220800 18.026880 15.315520 17.220800 15.681920 16.121600 16.194880 15.535360 3.004480
5.422720 15.828480 18.026880 18.100160 16.781120 17.660480 16.268160 15.168960 15.828480 3.810560
5.056320 16.268160 13.923200 12.824000 16.268160 16.341440 16.414720 16.268160 16.048320 3.517440
5.422720 16.341440 12.750720 11.211840 16.561280 16.268160 16.121600 14.949120 15.975040 3.737280
5.056320 15.462080 17.807040 12.237760 17.513920 16.707840 17.367360 14.289600 15.242240 3.297600
5.569280 16.194880 16.194880 13.703360 17.587200 15.608640 16.268160 14.582720 15.608640 3.077760
6.961600 15.242240 18.393280 10.479040 17.367360 17.147520 16.268160 15.022400 14.949120 3.297600
5.056320 15.388800 18.173440 13.483520 17.660480 15.828480 17.000960 17.440640 12.091200 3.077760
3.370880 14.729280 18.393280 16.341440 17.513920 16.414720 16.854400 13.703360 12.824000 3.370880
4.616640 15.388800 16.488000 16.194880 17.513920 16.561280 15.681920 9.233280 15.242240 3.370880
5.862400 14.143040 18.246720 17.000960 18.026880 17.074240 16.268160 15.755200 16.194880 3.517440
4.396800 14.436160 17.880320 15.462080 17.440640 13.263680 13.996480 16.121600 15.242240 3.517440
5.569280 15.828480 18.466560 15.095680 17.294080 16.341440 16.634560 16.194880 16.488000 3.664000
5.642560 13.410240 17.953600 18.393280 16.121600 15.828480 16.634560 14.143040 13.776640 3.444160
5.642560 13.630080 16.121600 16.854400 17.367360 15.828480 15.975040 17.147520 16.781120 3.151040
5.715840 17.294080 17.367360 16.341440 16.927680 15.535360 16.268160 17.147520 15.242240 3.077760
4.543360 15.608640 17.880320 16.707840 17.220800 13.996480 16.414720 15.901760 15.095680 3.370880
5.202880 14.216320 17.733760 17.587200 17.000960 16.268160 16.268160 16.414720 12.897280 2.857920
4.543360 15.168960 14.875840 17.074240 17.733760 15.388800 15.975040 15.828480 14.949120 2.931200
3.957120 14.875840 17.587200 17.733760 17.513920 15.462080 17.000960 16.561280 15.681920 2.418240
4.836480 15.388800 17.147520 16.488000 17.294080 16.194880 18.100160 11.358400 15.755200 2.931200
4.250240 15.608640 16.268160 17.733760 16.707840 15.975040 16.927680 16.561280 16.121600 3.004480
4.250240 16.488000 17.660480 16.854400 17.880320 17.587200 17.294080 17.660480 16.268160 3.370880
4.983040 14.875840 17.294080 14.656000 17.953600 16.268160 16.121600 13.556800 15.975040 3.370880
3.517440 17.220800 18.466560 12.604160 17.220800 17.294080 17.074240 17.074240 16.488000 3.370880
3.957120 14.875840 15.168960 15.828480 18.026880 16.927680 16.048320 15.315520 15.168960 3.077760
4.763200 15.755200 16.341440 12.970560 17.513920 17.147520 16.561280 16.488000 14.729280 3.297600
4.396800 16.194880 15.242240 15.168960 17.000960 14.509440 16.341440 12.750720 14.143040 3.151040
3.517440 15.022400 18.393280 12.164480 16.781120 17.147520 16.634560 18.320000 16.854400 2.931200
3.737280 15.901760 18.320000 13.336960 17.807040 13.703360 15.681920 14.509440 12.970560 3.883840
3.077760 15.828480 18.466560 12.457600 17.513920 15.535360 15.462080 14.949120 15.315520 3.151040
3.444160 16.341440 15.681920 15.828480 17.880320 16.561280 16.561280 15.608640 15.681920 3.077760
2.857920 15.315520 16.707840 17.807040 17.733760 15.388800 15.388800 14.069760 15.168960 3.664000
3.370880 13.849920 17.807040 15.242240 17.807040 13.776640 15.022400 15.901760 14.362880 3.077760
3.444160 15.242240 18.393280 13.336960 17.074240 14.069760 14.875840 14.362880 15.315520 3.517440
3.444160 16.121600 17.953600 15.755200 17.660480 15.755200 14.362880 11.578240 15.022400 3.590720
2.931200 16.194880 18.393280 15.608640 17.294080 15.168960 13.776640 13.996480 14.509440 3.151040
3.297600 16.048320 17.660480 16.707840 17.440640 11.211840 14.729280 14.509440 14.656000 3.444160
3.517440 16.194880 18.246720 15.242240 17.000960 12.750720 12.897280 10.039360 16.781120 3.444160
3.224320 16.414720 18.173440 12.824000 17.660480 14.216320 18.832960 9.746240 15.168960 3.224320
3.004480 16.781120 17.147520 15.828480 16.927680 12.237760 15.901760 21.910720 15.095680 3.444160
3.590720 14.509440 19.052800 10.698880 16.781120 18.246720 15.462080 17.953600 14.949120 3.297600
2.564800 16.194880 18.100160 13.556800 16.414720 16.781120 14.509440 18.246720 15.828480 3.151040
3.444160 14.875840 18.246720 17.587200 17.220800 13.996480 18.100160 17.660480 13.336960 3.370880
3.664000 15.755200 17.953600 16.781120 17.513920 16.707840 17.000960 18.466560 17.294080 3.297600
3.370880 14.436160 18.393280 17.367360 16.927680 13.556800 14.216320 14.656000 14.509440 3.370880
3.517440 14.949120 17.294080 15.755200 17.074240 15.462080 13.117120 15.315520 14.509440 3.737280
3.297600 15.535360 17.953600 17.513920 17.587200 17.587200 14.875840 14.216320 14.362880 3.883840
2.784640 15.168960 18.320000 17.513920 17.367360 16.341440 15.388800 15.535360 7.547840 3.517440
2.784640 15.535360 18.026880 16.781120 16.414720 14.362880 13.483520 16.634560 17.513920 3.370880
2.931200 15.462080 16.927680 11.578240 17.220800 13.849920 16.854400 14.582720 18.393280 3.370880
2.271680 15.535360 15.462080 15.901760 16.707840 17.220800 15.095680 15.095680 18.539840 3.517440
2.344960 13.776640 17.513920 16.341440 17.147520 17.220800 17.440640 17.000960 18.466560 3.370880
2.564800 14.729280 16.781120 12.824000 16.781120 17.587200 15.462080 17.000960 18.246720 3.151040
2.711360 13.776640 17.880320 15.901760 15.755200 11.798080 16.341440 16.268160 18.100160 3.297600
2.638080 10.332480 18.393280 15.608640 17.000960 19.052800 13.776640 16.414720 16.121600 3.590720
2.418240 14.143040 18.100160 16.561280 17.147520 15.828480 17.513920 18.393280 15.388800 3.737280
2.857920 17.000960 16.854400 15.462080 16.341440 16.561280 14.143040 18.466560 15.828480 3.737280
2.344960 14.802560 16.927680 14.656000 16.488000 17.367360 15.975040 18.393280 13.996480 3.590720
2.491520 13.776640 14.875840 12.604160 16.854400 17.147520 14.802560 17.660480 13.336960 3.957120
2.857920 14.949120 13.776640 15.168960 16.488000 15.608640 13.776640 17.513920 18.539840 3.737280
2.418240 13.117120 18.100160 12.677440 16.781120 14.802560 15.168960 16.634560 14.656000 3.737280
2.198400 15.242240 14.216320 13.776640 17.880320 14.216320 13.336960 14.729280 16.121600 3.737280
2.564800 16.854400 19.858880 13.263680 17.367360 17.367360 13.117120 14.802560 17.147520 3.370880
3.224320 14.289600 18.320000 11.724800 16.854400 15.462080 12.750720 14.289600 14.143040 3.517440
2.638080 16.854400 14.875840 16.194880 15.388800 12.457600 15.022400 16.561280 15.535360 3.810560
3.077760 14.143040 15.681920 13.336960 16.268160 13.923200 16.927680 17.953600 15.462080 3.957120
2.711360 16.268160 14.875840 14.582720 16.707840 17.367360 16.781120 18.026880 13.630080 3.883840
3.151040 16.781120 15.828480 14.216320 16.634560 14.875840 15.975040 17.880320 18.026880 3.517440
3.151040 12.970560 16.414720 13.556800 17.367360 17.807040 16.561280 16.561280 15.168960 3.370880
2.344960 17.733760 16.707840 15.242240 17.220800 16.854400 17.147520 13.336960 15.168960 3.004480
3.004480 14.582720 17.733760 15.828480 16.194880 17.660480 16.194880 15.901760 17.440640 3.297600
2.857920 15.462080 17.733760 13.923200 17.367360 14.436160 16.341440 18.393280 16.488000 3.590720
2.931200 15.681920 17.953600 14.949120 15.462080 15.315520 14.436160 18.466560 18.466560 3.370880
3.151040 15.315520 18.026880 12.970560 17.953600 14.656000 12.017920 17.733760 16.268160 3.151040
2.711360 14.875840 17.147520 14.802560 15.681920 16.048320 12.970560 17.880320 16.781120 3.297600
