15.975040 2.983040 9.233280 9.306560 14.216320 11.724800 12.017920 4.323520 3.004480 5.349440   
15.901760 2.789120 9.599680 9.233280 15.462080 12.824000 11.285120 4.323520 4.103680 4.616640
16.781120 2.595200 11.211840 10.039360 14.069760 12.677440 11.431680 3.810560 4.983040 4.763200
14.949120 2.961600 9.892800 10.992000 16.268160 12.237760 12.824000 4.543360 4.103680 4.689920
15.022400 2.840960 7.181440 10.259200 13.776640 13.996480 12.091200 4.323520 5.276160 4.543360
12.237760 2.547840 10.772160 9.379840 15.022400 14.289600 14.656000 4.103680 4.030400 6.521920
16.488000 2.082240 9.013440 9.453120 14.289600 13.996480 14.436160 3.297600 4.763200 6.228800
14.656000 2.228800 8.060800 9.160000 14.289600 12.824000 12.017920 4.250240 3.590720 3.810560
14.362880 2.961600 8.427200 9.306560 14.069760 14.582720 9.966080 4.616640 3.883840 5.496000
13.043840 2.448640 11.504960 9.672960 15.901760 14.875840 10.698880 4.470080 4.616640 5.496000
11.798080 2.328000 9.892800 10.625600 15.828480 12.677440 9.306560 4.176960 4.176960 3.737280
8.207360 7.840960 10.918720 9.599680 15.681920 14.875840 10.112640 4.470080 4.616640 5.715840
9.526400 7.401280 9.453120 9.819520 15.608640 13.483520 9.306560 4.030400 4.836480 4.983040
12.677440 6.302080 9.672960 10.259200 15.242240 15.095680 12.091200 4.909760 4.396800 4.396800
12.091200 7.034880 10.039360 9.746240 12.164480 15.608640 13.849920 4.543360 5.129600 5.276160
12.164480 7.181440 10.185920 9.453120 13.849920 15.828480 12.604160 4.396800 6.448640 6.302080
12.970560 5.935680 8.207360 8.353920 14.069760 12.457600 10.918720 4.543360 4.689920 4.616640
11.578240 6.375360 11.504960 6.302080 12.897280 13.263680 15.095680 4.323520 4.543360 6.008960
9.526400 7.108160 11.138560 6.961600 13.410240 11.358400 15.901760 4.103680 4.250240 4.689920
10.992000 2.961600 12.017920 7.328000 13.190400 10.918720 15.681920 3.297600 5.789120 4.983040
14.069760 2.521920 12.897280 7.767680 13.776640 11.724800 15.168960 3.883840 5.642560 4.250240
12.750720 2.935680 12.824000 8.353920 13.483520 12.750720 14.069760 3.810560 7.621120 3.737280
11.944640 2.815040 11.065280 8.427200 13.556800 10.918720 15.462080 4.396800 8.500480 4.543360
12.677440 2.276160 9.819520 8.134080 13.117120 13.556800 15.315520 3.810560 9.379840 4.470080
14.729280 2.401280 11.211840 8.866880 12.970560 15.315520 15.315520 3.957120 7.401280 3.517440
14.436160 2.254720 10.992000 6.815040 13.336960 15.755200 15.242240 4.543360 7.474560 4.176960
13.336960 2.961600 12.457600 7.108160 10.479040 16.414720 13.556800 4.396800 6.155520 4.323520
15.095680 2.741760 11.871360 7.328000 14.436160 12.530880 13.043840 4.176960 7.328000 5.129600
16.341440 2.328000 12.530880 7.767680 13.263680 12.457600 13.117120 4.396800 8.060800 3.297600
15.608640 2.694400 12.237760 7.547840 15.681920 12.457600 13.996480 4.616640 6.228800 4.250240
14.509440 7.401280 11.431680 9.306560 14.289600 14.875840 14.069760 5.569280 5.202880 4.543360
15.901760 6.082240 12.017920 8.134080 12.457600 13.776640 13.336960 3.810560 6.082240 3.957120
13.556800 6.521920 11.871360 8.134080 11.944640 12.970560 12.970560 4.396800 5.642560 3.883840
9.013440 6.082240 13.556800 8.647040 14.436160 15.242240 13.336960 3.957120 5.569280 4.396800
10.625600 6.815040 14.069760 8.353920 12.604160 10.625600 14.362880 3.883840 7.401280 5.056320
14.289600 6.521920 13.630080 6.961600 15.242240 15.681920 15.242240 3.664000 7.767680 4.323520
16.048320 6.961600 14.802560 7.840960 15.535360 11.724800 14.362880 4.689920 9.233280 4.983040
16.927680 5.496000 12.457600 8.134080 14.436160 13.483520 14.289600 4.543360 8.793600 4.763200
14.875840 6.228800 12.604160 8.134080 12.750720 14.509440 14.289600 5.349440 6.521920 5.276160
13.923200 7.254720 13.190400 7.108160 13.849920 12.604160 13.410240 4.250240 7.694400 4.983040
14.875840 7.474560 11.871360 7.254720 11.358400 12.970560 9.966080 5.202880 6.888320 4.836480
11.944640 6.741760 13.556800 8.207360 13.410240 15.095680 11.431680 4.616640 6.595200 4.616640
15.022400 8.060800 11.578240 7.694400 14.436160 13.336960 10.772160 3.444160 7.474560 4.543360
16.634560 6.595200 12.164480 8.060800 10.552320 12.970560 13.630080 4.176960 6.815040 5.056320
16.488000 5.569280 12.677440 7.181440 13.336960 11.724800 12.604160 3.737280 6.815040 4.470080
16.781120 6.595200 13.483520 6.961600 14.069760 14.069760 13.043840 3.737280 6.888320 4.763200
14.729280 7.254720 10.625600 7.767680 15.315520 14.216320 14.802560 4.616640 5.202880 4.250240
15.095680 6.961600 11.724800 8.134080 10.039360 13.703360 15.022400 4.250240 3.517440 3.883840
13.849920 6.668480 10.625600 8.134080 10.625600 13.849920 12.824000 4.250240 5.569280 3.810560
12.237760 6.741760 10.405760 8.060800 13.483520 13.556800 13.556800 3.810560 6.155520 4.543360
13.630080 7.108160 12.604160 7.914240 15.022400 13.410240 13.630080 3.737280 4.030400 4.836480
12.384320 7.254720 12.091200 8.427200 13.043840 13.703360 14.729280 4.250240 4.836480 4.470080
12.311040 6.375360 13.923200 8.280640 11.798080 15.022400 14.802560 4.836480 7.034880 3.810560
13.556800 6.595200 10.185920 9.306560 13.263680 14.289600 15.462080 3.151040 6.961600 3.883840
13.410240 7.254720 11.211840 8.573760 14.875840 16.268160 14.875840 3.517440 4.763200 4.470080
15.242240 6.448640 11.798080 8.793600 14.216320 15.462080 16.268160 3.370880 4.836480 4.689920
11.285120 6.888320 11.211840 9.379840 13.630080 15.168960 16.781120 3.590720 4.470080 4.543360
13.703360 6.888320 12.017920 8.353920 12.311040 13.776640 15.681920 3.810560 4.689920 4.396800
12.311040 7.181440 13.996480 7.547840 13.849920 11.358400 16.121600 4.250240 5.349440 3.957120
10.625600 7.767680 13.190400 8.793600 11.065280 11.651520 15.168960 4.103680 5.642560 4.689920
16.488000 6.448640 12.970560 7.914240 12.457600 13.556800 16.048320 3.883840 5.422720 3.664000
12.897280 7.181440 14.509440 7.840960 15.242240 13.996480 17.367360 3.883840 4.616640 4.396800
13.630080 6.375360 10.992000 7.621120 15.462080 12.457600 17.220800 4.030400 4.909760 4.176960
12.384320 6.741760 14.656000 6.741760 11.285120 13.117120 13.849920 3.810560 6.008960 4.689920
11.504960 6.595200 11.651520 8.134080 14.949120 12.750720 13.630080 4.103680 6.228800 4.689920
8.940160 6.815040 8.720320 6.741760 10.772160 13.630080 15.315520 3.224320 5.276160 4.616640
10.625600 7.401280 10.259200 8.060800 16.561280 12.164480 15.681920 2.784640 4.836480 4.323520
11.724800 7.181440 11.944640 8.207360 17.367360 13.483520 13.556800 3.004480 4.616640 4.103680
12.530880 7.034880 12.384320 6.961600 14.216320 12.384320 17.513920 3.004480 4.396800 3.370880
11.285120 7.181440 12.824000 8.573760 15.535360 14.216320 14.582720 3.151040 4.470080 3.297600
9.306560 7.914240 13.263680 7.914240 12.677440 14.436160 13.996480 2.711360 4.616640 3.737280
10.845440 5.642560 9.379840 7.401280 13.556800 17.074240 14.436160 3.004480 4.470080 4.616640
11.431680 6.375360 10.039360 6.521920 16.561280 14.729280 11.138560 3.151040 5.642560 4.103680
9.306560 5.276160 12.604160 7.474560 14.069760 14.949120 15.828480 3.810560 4.983040 4.176960
10.332480 6.668480 11.431680 5.349440 16.194880 15.608640 12.970560 3.370880 3.883840 4.323520
8.573760 7.987520 11.871360 4.323520 15.901760 12.384320 14.729280 3.224320 5.202880 4.396800
8.793600 5.862400 11.578240 5.569280 13.630080 8.647040 15.828480 3.004480 5.202880 3.957120
10.918720 6.741760 10.552320 8.647040 12.237760 14.436160 12.384320 2.198400 5.276160 4.176960
10.185920 6.888320 11.138560 7.914240 9.526400 12.677440 15.535360 2.491520 6.008960 3.883840
9.379840 7.547840 13.117120 7.401280 8.134080 13.996480 15.755200 3.297600 7.840960 3.664000
8.720320 6.448640 12.530880 7.474560 6.961600 11.871360 16.414720 3.224320 4.616640 4.470080
9.233280 7.034880 12.384320 8.573760 6.668480 12.237760 17.294080 3.737280 4.616640 4.103680
7.767680 6.668480 13.263680 8.866880 6.302080 14.802560 16.268160 3.370880 4.836480 3.590720
14.729280 6.595200 11.798080 7.254720 6.888320 12.604160 13.483520 3.370880 5.276160 3.370880
11.065280 6.521920 11.871360 7.547840 6.888320 11.211840 15.315520 2.931200 5.569280 3.297600
10.112640 6.741760 11.065280 7.254720 7.108160 12.237760 13.556800 3.370880 6.888320 4.323520
10.698880 6.521920 11.138560 7.181440 6.815040 11.431680 14.582720 3.004480 7.254720 4.323520
11.798080 6.008960 10.698880 7.547840 7.328000 12.091200 14.362880 2.784640 5.642560 3.810560
11.798080 6.741760 10.552320 8.573760 6.668480 12.604160 15.168960 2.857920 5.129600 4.543360
12.384320 7.767680 11.871360 7.914240 6.595200 16.268160 14.875840 3.737280 5.056320 4.323520
11.871360 6.155520 12.017920 7.181440 6.082240 14.875840 15.315520 2.784640 6.155520 4.103680
11.724800 8.060800 12.237760 6.961600 4.983040 15.535360 15.242240 3.077760 7.108160 3.297600
11.065280 7.328000 10.552320 7.108160 5.789120 11.651520 15.315520 4.103680 6.888320 4.250240
11.871360 5.276160 11.578240 7.328000 6.595200 11.724800 13.630080 4.103680 9.086720 4.616640
12.164480 7.328000 9.966080 7.547840 6.961600 14.289600 14.949120 3.297600 8.500480 4.470080
11.871360 7.254720 10.405760 8.207360 7.840960 13.336960 14.069760 3.590720 8.647040 4.176960
12.311040 5.935680 11.138560 7.474560 7.547840 15.388800 14.509440 2.711360 8.280640 4.470080
10.992000 5.056320 11.358400 7.987520 6.082240 13.996480 11.871360 3.224320 11.285120 4.030400
9.160000 6.815040 9.086720 10.625600 6.228800 14.875840 13.190400 3.004480 10.845440 4.909760
7.767680 5.642560 14.069760 8.280640 6.961600 12.824000 11.431680 3.737280 8.207360 4.543360
