13.043840 14.509440 13.410240 17.513920 18.539840 5.715840 15.242240 13.190400 9.526400 12.457600
13.923200 15.755200 14.289600 16.634560 15.388800 21.177920 12.530880 14.582720 12.970560 13.117120
12.970560 16.488000 12.604160 14.069760 15.975040 24.548800 14.582720 15.022400 12.750720 11.358400
12.017920 17.074240 15.828480 17.880320 15.535360 17.440640 11.504960 14.436160 9.160000 11.431680
13.263680 16.781120 12.970560 16.854400 18.393280 14.509440 14.289600 12.017920 20.371840 11.871360
14.509440 16.927680 14.289600 17.147520 16.268160 16.927680 13.923200 13.043840 24.695360 14.656000
13.996480 14.143040 12.970560 13.630080 16.048320 13.849920 13.996480 11.651520 23.156480 12.750720
14.216320 13.483520 14.216320 14.582720 13.483520 13.336960 11.651520 11.578240 24.255680 9.966080
16.927680 22.496960 16.707840 13.043840 19.565760 13.483520 13.923200 10.918720 19.565760 13.336960
17.147520 15.462080 17.880320 11.871360 15.828480 15.975040 13.190400 12.457600 14.875840 12.677440
16.927680 11.504960 13.923200 12.017920 16.854400 13.043840 12.457600 12.897280 16.927680 13.043840
16.414720 12.164480 20.518400 12.677440 8.866880 13.043840 14.289600 12.457600 14.436160 12.604160
15.095680 14.875840 17.660480 13.043840 13.996480 13.996480 10.772160 13.703360 13.263680 10.332480
17.733760 13.117120 17.074240 13.556800 25.794560 16.048320 12.164480 14.289600 10.918720 13.630080
19.272640 5.569280 16.121600 13.996480 22.790080 14.802560 10.112640 7.914240 16.048320 12.750720
15.828480 17.074240 11.504960 12.311040 26.673920 13.849920 23.669440 9.599680 15.901760 13.923200
13.776640 25.574720 12.530880 13.776640 18.246720 12.824000 20.958080 15.095680 15.975040 14.069760
18.613120 14.802560 14.069760 13.336960 11.651520 11.138560 15.315520 21.764160 13.776640 11.358400
15.828480 9.599680 11.944640 13.703360 13.630080 12.017920 19.345920 19.639040 10.845440 15.828480
15.828480 14.362880 12.677440 12.017920 14.949120 14.216320 11.138560 19.932160 12.530880 17.000960
18.246720 11.578240 12.237760 12.750720 12.457600 13.849920 13.923200 18.173440 13.483520 15.975040
3.077760 13.703360 14.729280 12.677440 13.849920 14.069760 11.285120 15.535360 15.168960 17.513920
9.672960 15.022400 14.656000 12.164480 9.599680 13.336960 14.436160 16.561280 10.185920 16.194880
27.480000 19.565760 13.410240 14.143040 20.371840 15.462080 14.362880 14.289600 11.944640 16.927680
25.354880 19.419200 10.405760 10.259200 19.932160 15.315520 11.578240 16.927680 11.944640 15.315520
26.967040 16.854400 11.358400 14.069760 19.272640 13.630080 13.410240 11.871360 13.556800 17.220800
16.561280 10.772160 13.410240 13.630080 10.918720 12.604160 11.138560 9.599680 13.703360 10.552320
19.272640 11.944640 13.556800 11.944640 11.358400 11.944640 10.625600 12.530880 15.242240 24.768640
13.849920 10.112640 13.483520 16.781120 10.332480 12.457600 12.237760 7.840960 17.147520 26.014400
20.152000 18.026880 14.509440 16.488000 12.530880 13.410240 10.185920 12.897280 16.561280 22.057280
13.630080 15.462080 11.651520 15.388800 14.069760 9.453120 12.897280 12.677440 15.388800 17.880320
12.017920 12.017920 19.345920 14.436160 16.341440 18.613120 12.604160 17.587200 18.906240 15.901760
13.263680 11.578240 15.095680 14.949120 14.069760 16.707840 10.772160 12.677440 5.642560 16.781120
12.824000 11.065280 17.953600 17.513920 16.854400 14.436160 15.608640 11.285120 20.518400 16.121600
13.410240 11.504960 19.932160 7.547840 14.656000 11.065280 16.414720 11.211840 24.988480 15.315520
14.875840 16.121600 13.996480 21.104640 15.022400 13.923200 16.488000 11.138560 16.634560 18.246720
11.944640 14.216320 15.828480 24.475520 9.086720 11.798080 16.121600 18.100160 16.268160 17.953600
10.918720 12.824000 19.932160 21.690880 12.384320 12.237760 15.095680 12.970560 17.294080 15.608640
11.944640 15.168960 18.246720 28.286080 18.100160 11.358400 15.608640 12.457600 12.604160 16.048320
11.065280 18.539840 15.681920 18.906240 12.017920 12.604160 15.022400 13.263680 15.095680 16.707840
13.410240 16.561280 13.117120 18.100160 16.488000 13.776640 21.471040 12.164480 14.656000 15.975040
9.892800 15.681920 14.362880 19.565760 12.311040 12.750720 14.143040 12.237760 13.483520 16.561280
14.216320 16.854400 11.065280 13.996480 9.672960 14.875840 15.901760 13.996480 14.582720 17.220800
17.440640 17.000960 12.311040 17.074240 10.772160 14.509440 18.539840 16.854400 13.263680 17.587200
16.341440 6.668480 12.824000 16.121600 12.164480 14.289600 16.121600 13.117120 11.724800 14.802560
15.462080 11.798080 13.776640 17.000960 14.656000 13.336960 14.509440 15.535360 12.897280 17.147520
13.996480 24.182400 13.410240 17.807040 13.703360 13.117120 15.755200 14.509440 12.750720 15.242240
11.431680 13.776640 12.970560 14.582720 13.703360 13.483520 16.488000 21.031360 12.017920 16.121600
12.750720 13.923200 12.897280 12.311040 14.362880 15.022400 17.074240 18.759680 18.393280 15.975040
12.311040 13.263680 15.022400 12.970560 13.849920 13.117120 16.781120 15.315520 17.220800 17.660480
13.996480 13.556800 13.410240 10.992000 11.211840 14.729280 16.927680 20.225280 12.970560 15.462080
14.362880 10.698880 16.194880 16.194880 18.393280 12.750720 14.143040 12.164480 19.345920 12.897280
15.975040 19.345920 15.828480 13.923200 13.336960 14.069760 13.483520 18.466560 15.755200 5.715840
17.513920 17.660480 15.975040 13.410240 14.949120 13.190400 22.496960 20.152000 18.246720 21.177920
15.388800 18.393280 15.608640 14.802560 13.117120 15.095680 15.462080 15.535360 17.807040 24.548800
17.220800 19.419200 16.414720 16.927680 13.263680 14.069760 11.504960 16.634560 16.707840 17.440640
16.634560 15.242240 15.755200 16.414720 12.091200 16.048320 12.164480 18.246720 16.488000 14.509440
17.733760 17.000960 15.095680 12.457600 7.694400 15.462080 14.875840 16.121600 14.069760 16.927680
17.953600 16.194880 13.923200 14.143040 15.168960 17.074240 13.117120 12.237760 17.440640 13.849920
14.656000 15.535360 18.173440 18.246720 23.669440 15.535360 5.569280 9.526400 17.587200 13.336960
19.272640 16.561280 8.134080 13.776640 11.065280 15.901760 17.074240 12.970560 15.462080 13.483520
15.022400 17.587200 10.772160 7.767680 11.358400 18.173440 25.574720 12.750720 17.220800 15.975040
16.707840 14.949120 25.281600 16.707840 18.026880 16.341440 14.802560 9.160000 15.168960 13.043840
17.220800 17.807040 16.634560 25.135040 18.100160 15.022400 9.599680 20.371840 9.526400 13.043840
15.095680 17.294080 10.698880 17.953600 13.190400 16.341440 14.362880 24.695360 12.897280 13.996480
15.535360 15.315520 12.311040 15.168960 13.556800 16.341440 11.578240 23.156480 10.992000 16.048320
6.888320 15.755200 17.367360 17.000960 15.828480 16.707840 13.703360 24.255680 11.211840 14.802560
17.000960 14.729280 16.341440 16.488000 12.017920 16.194880 15.022400 19.565760 13.483520 13.849920
17.953600 16.488000 12.457600 16.414720 13.190400 17.367360 19.565760 14.875840 13.117120 12.824000
25.574720 15.095680 13.190400 26.087680 14.436160 15.608640 19.419200 16.927680 13.263680 11.138560
20.958080 17.367360 12.384320 14.875840 13.923200 16.121600 16.854400 14.436160 11.871360 12.017920
16.634560 17.880320 14.143040 21.251200 13.630080 15.388800 10.772160 13.263680 10.992000 14.216320
15.022400 17.660480 14.436160 20.225280 13.996480 16.707840 11.944640 10.918720 12.457600 13.849920
13.703360 16.488000 13.849920 19.858880 12.091200 15.315520 10.112640 16.048320 12.750720 14.069760
19.565760 17.220800 11.724800 12.164480 10.992000 17.000960 18.026880 15.901760 14.729280 13.336960
14.802560 16.121600 12.017920 14.802560 14.362880 16.341440 15.462080 15.975040 12.970560 15.462080
14.802560 15.828480 11.504960 10.405760 9.599680 16.048320 12.017920 13.776640 13.630080 15.315520
17.294080 15.901760 14.436160 14.656000 13.849920 6.815040 11.578240 10.845440 11.798080 13.630080
15.095680 18.026880 15.168960 13.336960 12.457600 7.328000 11.065280 12.530880 13.776640 12.604160
16.781120 15.608640 13.117120 12.824000 11.431680 19.785600 11.504960 13.483520 11.285120 11.944640
16.414720 17.147520 14.509440 11.578240 13.483520 18.173440 16.121600 15.168960 5.349440 12.457600
11.871360 21.177920 14.729280 13.996480 11.798080 17.147520 14.216320 10.185920 25.135040 13.410240
11.431680 21.984000 13.630080 13.923200 15.681920 15.462080 12.824000 11.944640 17.294080 9.453120
12.970560 23.962560 12.530880 14.362880 15.901760 14.216320 15.168960 11.944640 17.074240 18.613120
13.703360 11.651520 11.651520 13.410240 11.944640 18.246720 18.539840 13.556800 17.733760 16.707840
12.604160 3.151040 16.927680 13.483520 13.483520 15.022400 16.561280 13.703360 15.388800 14.436160
11.285120 14.143040 14.362880 12.897280 11.138560 18.759680 15.681920 15.242240 16.341440 11.065280
14.362880 24.622080 17.513920 12.897280 10.845440 14.362880 16.854400 17.147520 16.707840 13.923200
14.069760 22.496960 11.944640 20.371840 12.750720 11.211840 17.000960 16.561280 14.582720 11.798080
17.147520 16.268160 14.509440 18.100160 11.724800 13.483520 6.668480 15.388800 14.289600 12.237760
15.608640 15.755200 17.733760 15.315520 11.285120 12.311040 11.798080 18.906240 18.173440 11.358400
16.634560 16.341440 16.927680 21.104640 6.741760 12.164480 24.182400 5.642560 15.608640 12.604160
17.147520 15.755200 16.121600 17.733760 10.259200 11.871360 13.776640 20.518400 13.630080 13.776640
10.112640 17.147520 16.707840 11.065280 24.109120 12.677440 13.923200 24.988480 13.776640 12.750720
4.983040 18.906240 17.660480 11.651520 26.087680 16.194880 13.263680 16.634560 17.880320 14.875840
22.863360 17.440640 15.462080 12.970560 16.268160 14.289600 13.556800 16.268160 13.849920 14.509440
25.501440 16.781120 11.578240 12.237760 19.272640 16.561280 10.698880 17.294080 15.462080 14.289600
18.320000 16.194880 16.194880 11.358400 18.906240 16.707840 19.345920 12.604160 16.927680 13.336960
16.854400 16.707840 14.509440 12.824000 22.203840 16.927680 17.660480 15.095680 15.095680 13.117120
12.750720 12.530880 14.143040 11.578240 21.690880 17.440640 18.393280 14.656000 17.880320 13.483520
