23.962560 8.427200 29.165440 0.366400 6.375360 27.919680 27.626560 27.260160 7.474560 0.439680
26.380800 6.888320 28.432640 0.146560 6.521920 27.846400 28.359360 23.962560 7.547840 0.439680
23.669440 5.862400 28.505920 0.146560 8.134080 26.087680 28.505920 26.380800 7.694400 0.659520
26.454080 4.983040 28.286080 0.000010 7.987520 29.018880 28.066240 23.669440 12.311040 0.659520
24.622080 6.008960 27.992960 0.000010 7.108160 28.066240 28.872320 26.454080 17.880320 0.512960
25.867840 6.448640 28.359360 0.146560 7.840960 27.919680 26.747200 24.622080 18.100160 0.512960
25.648000 7.914240 27.919680 0.073280 7.034880 29.092160 24.768640 25.867840 9.306560 0.366400
24.768640 6.595200 27.773120 0.000010 10.259200 29.238720 28.432640 25.648000 8.134080 0.366400
27.846400 6.155520 26.234240 0.073280 7.181440 28.725760 25.574720 24.768640 2.931200 0.439680
28.066240 7.328000 29.971520 0.000010 11.138560 29.238720 27.773120 27.846400 12.164480 0.586240
17.880320 5.496000 27.773120 0.073280 7.254720 28.212800 27.040320 28.066240 6.302080 0.732800
24.915200 6.815040 28.505920 0.073280 8.866880 7.034880 28.945600 17.880320 9.453120 0.732800
24.402240 7.767680 27.553280 0.000010 9.306560 24.548800 27.919680 24.915200 10.112640 0.512960
25.354880 8.353920 22.570240 0.000010 8.280640 29.312000 28.799040 24.402240 8.573760 0.586240
25.354880 7.474560 29.238720 0.000010 11.138560 29.605120 27.186880 25.354880 9.086720 0.586240
25.281600 8.573760 27.480000 0.146560 9.453120 29.531840 27.260160 25.354880 13.996480 0.659520
25.941120 9.160000 27.480000 0.512960 9.966080 29.678400 27.773120 25.281600 10.479040 0.586240
26.087680 7.328000 27.113600 0.586240 8.134080 29.238720 28.725760 25.941120 7.621120 1.025920
27.480000 6.448640 25.794560 0.732800 8.353920 28.945600 27.260160 26.087680 8.573760 0.512960
22.936640 5.569280 28.286080 0.659520 8.134080 28.945600 22.716800 27.480000 11.798080 0.732800
24.475520 7.840960 25.501440 0.952640 7.328000 29.385280 27.919680 22.936640 8.500480 0.879360
24.255680 6.448640 28.652480 0.732800 7.767680 28.359360 27.040320 24.475520 8.866880 0.732800
26.087680 7.694400 23.009920 0.879360 4.616640 27.040320 30.337920 24.255680 11.504960 0.659520
25.574720 7.987520 20.664960 1.245760 5.789120 30.044800 29.092160 26.087680 9.306560 0.732800
25.281600 7.254720 27.260160 1.025920 10.259200 28.286080 28.359360 25.574720 9.379840 0.952640
26.160960 9.453120 28.212800 0.879360 9.453120 27.626560 28.872320 25.281600 9.819520 0.659520
24.328960 8.793600 27.919680 1.025920 11.871360 27.846400 28.139520 26.160960 7.181440 0.806080
24.402240 9.306560 26.600640 1.465600 5.129600 27.699840 18.246720 24.328960 10.625600 0.879360
23.889280 10.259200 27.480000 1.245760 4.763200 28.139520 24.768640 24.402240 10.918720 0.952640
27.846400 10.625600 26.673920 0.952640 6.228800 27.992960 27.919680 23.889280 9.892800 0.586240
25.867840 9.526400 29.385280 0.952640 6.888320 27.480000 28.432640 27.846400 7.401280 0.806080
26.014400 8.940160 27.773120 1.025920 6.082240 20.958080 28.872320 25.867840 8.280640 1.099200
23.522880 7.254720 27.480000 0.952640 6.741760 23.009920 27.699840 26.014400 8.573760 1.099200
26.160960 9.526400 27.773120 0.806080 9.672960 26.307520 27.260160 23.522880 7.914240 0.952640
24.035840 8.793600 27.846400 0.806080 7.987520 27.406720 27.846400 26.160960 7.181440 0.952640
24.109120 7.108160 24.255680 0.952640 7.254720 28.359360 25.941120 24.035840 7.108160 1.025920
23.742720 7.914240 26.820480 1.172480 9.233280 25.721280 26.014400 24.109120 7.987520 0.732800
25.354880 7.767680 28.725760 1.099200 7.987520 28.212800 27.846400 23.742720 7.547840 1.245760
25.574720 10.552320 28.139520 0.806080 6.008960 28.286080 26.893760 25.354880 7.034880 1.319040
23.596160 9.599680 28.725760 1.025920 6.228800 28.725760 29.458560 25.574720 6.741760 1.685440
27.553280 9.599680 28.799040 1.612160 4.616640 28.505920 29.018880 23.596160 6.155520 0.806080
25.721280 10.039360 27.846400 1.538880 4.396800 27.992960 28.505920 27.553280 5.715840 0.879360
26.160960 12.384320 28.725760 1.612160 3.957120 27.113600 28.579200 25.721280 6.668480 0.952640
25.721280 12.457600 11.358400 1.172480 3.151040 26.307520 27.333440 26.160960 7.401280 1.099200
27.040320 9.746240 28.579200 1.392320 4.176960 27.113600 26.014400 25.721280 6.961600 1.025920
20.152000 8.720320 28.139520 1.172480 5.202880 28.066240 27.992960 27.040320 7.328000 0.952640
24.109120 10.405760 27.846400 1.319040 6.155520 28.432640 28.212800 20.152000 5.935680 1.538880
28.652480 8.866880 27.333440 1.099200 5.276160 27.260160 27.919680 24.109120 6.741760 2.051840
26.307520 6.961600 27.846400 1.392320 5.349440 22.863360 27.260160 28.652480 8.427200 4.250240
26.014400 7.034880 26.820480 1.099200 6.008960 28.579200 28.872320 26.307520 6.888320 1.978560
24.768640 8.280640 25.281600 0.952640 4.763200 28.872320 28.212800 26.014400 5.862400 1.905280
25.794560 7.840960 29.312000 1.465600 4.176960 28.725760 29.165440 24.768640 4.983040 3.590720
25.061760 7.181440 27.480000 1.465600 2.638080 26.747200 29.312000 25.794560 6.008960 1.612160
25.941120 7.767680 27.992960 1.245760 3.444160 25.867840 28.579200 25.061760 6.448640 1.538880
28.432640 7.840960 27.333440 1.099200 4.909760 28.725760 28.359360 25.941120 7.914240 1.832000
26.307520 7.254720 25.867840 1.025920 6.375360 28.505920 27.992960 28.432640 6.595200 1.612160
28.359360 8.500480 27.699840 0.952640 12.164480 28.432640 24.328960 26.307520 6.155520 1.245760
26.014400 11.431680 27.406720 0.952640 8.866880 27.186880 28.505920 28.359360 7.328000 1.172480
28.652480 9.966080 24.915200 1.172480 4.616640 27.919680 28.212800 26.014400 5.496000 1.172480
28.139520 10.112640 28.212800 1.172480 6.741760 27.406720 27.480000 28.652480 6.815040 0.879360
26.600640 8.793600 27.040320 0.879360 5.789120 27.992960 26.380800 28.139520 7.767680 1.392320
26.454080 6.302080 27.846400 0.879360 4.983040 28.139520 30.191360 26.600640 8.353920 1.319040
23.156480 8.207360 28.505920 0.879360 4.470080 27.919680 22.936640 26.454080 7.474560 1.538880
24.182400 8.280640 28.066240 0.952640 2.857920 26.600640 27.553280 23.156480 8.573760 2.198400
23.889280 7.034880 26.380800 0.952640 4.689920 29.238720 26.893760 24.182400 9.160000 1.758720
25.061760 7.254720 23.669440 0.659520 3.957120 28.139520 27.406720 23.889280 7.328000 1.905280
24.695360 8.353920 25.941120 0.879360 2.344960 27.553280 24.475520 25.061760 6.448640 1.978560
16.341440 8.720320 27.699840 0.732800 3.297600 24.255680 27.773120 24.695360 5.569280 1.905280
24.255680 7.767680 26.454080 0.806080 1.245760 29.678400 28.066240 16.341440 7.840960 1.978560
23.449600 6.595200 27.553280 0.732800 4.909760 26.820480 26.967040 24.255680 6.448640 1.758720
26.087680 7.034880 28.139520 1.099200 6.961600 23.816000 28.872320 23.449600 7.694400 1.758720
28.359360 7.767680 27.626560 0.952640 5.349440 24.548800 29.458560 26.087680 7.987520 1.685440
29.458560 7.840960 27.626560 0.732800 4.689920 25.941120 28.579200 28.359360 7.254720 2.051840
27.846400 7.254720 28.432640 0.659520 4.030400 27.260160 29.092160 29.458560 9.453120 1.758720
29.531840 8.427200 26.160960 1.025920 3.370880 28.359360 28.432640 27.846400 8.793600 1.319040
28.432640 8.573760 27.480000 0.586240 4.396800 26.454080 29.238720 29.531840 9.306560 1.392320
28.872320 9.453120 23.449600 0.439680 4.909760 29.751680 28.066240 28.432640 10.259200 1.392320
28.945600 8.647040 25.794560 0.659520 4.470080 27.260160 27.773120 28.872320 10.625600 1.685440
27.040320 9.746240 29.531840 0.512960 3.077760 28.432640 27.186880 28.945600 9.526400 1.538880
27.406720 8.427200 27.553280 0.512960 4.176960 25.281600 16.194880 27.040320 8.940160 2.491520
25.867840 8.940160 28.725760 0.586240 5.056320 28.579200 23.156480 27.406720 7.254720 3.077760
28.066240 8.647040 27.773120 0.586240 5.349440 27.846400 23.449600 25.867840 9.526400 1.905280
28.212800 6.815040 28.212800 0.732800 7.401280 25.721280 26.160960 28.066240 8.793600 1.685440
26.527360 8.647040 28.579200 0.952640 7.914240 25.648000 27.773120 28.212800 7.108160 1.905280
27.186880 8.060800 27.846400 0.806080 6.961600 27.113600 28.872320 26.527360 7.914240 2.125120
22.570240 7.474560 27.333440 0.879360 8.720320 20.298560 29.385280 27.186880 7.767680 2.125120
19.932160 7.401280 28.286080 0.879360 6.302080 28.066240 26.234240 22.570240 10.552320 2.198400
22.936640 9.013440 27.333440 0.952640 3.517440 27.846400 29.018880 19.932160 9.599680 2.271680
26.307520 4.983040 27.699840 0.732800 6.448640 28.066240 26.087680 22.936640 9.599680 2.344960
29.092160 9.672960 26.600640 0.586240 6.888320 28.432640 26.820480 26.307520 10.039360 3.004480
28.579200 7.694400 26.820480 0.732800 5.496000 27.186880 25.428160 29.092160 12.384320 2.784640
29.531840 7.328000 26.893760 0.806080 7.547840 27.553280 27.773120 28.579200 12.457600 2.051840
29.092160 5.935680 28.212800 0.512960 7.328000 26.160960 28.652480 29.531840 9.746240 3.883840
27.992960 7.547840 27.992960 0.659520 7.621120 28.286080 27.333440 29.092160 8.720320 3.077760
25.208320 8.793600 26.747200 0.659520 5.422720 28.212800 24.768640 27.992960 10.405760 2.198400
27.186880 6.155520 28.799040 0.659520 5.496000 27.553280 28.212800 25.208320 8.866880 2.418240
23.742720 8.573760 26.087680 0.659520 5.789120 28.945600 28.139520 27.186880 6.961600 2.711360
26.307520 7.840960 29.165440 0.586240 5.789120 27.480000 25.867840 23.742720 7.034880 4.030400
26.160960 7.914240 27.699840 0.732800 5.789120 28.212800 27.992960 26.307520 8.280640 3.664000
26.820480 7.401280 27.186880 0.732800 9.892800 28.286080 24.915200 26.160960 7.840960 2.857920
