13.996480 7.767680 19.639040 19.052800 18.246720 16.927680 16.927680 11.431680 13.483520 7.401280
14.729280 8.280640 15.535360 15.975040 15.901760 14.949120 13.849920 14.362880 12.897280 9.672960
13.336960 8.500480 14.289600 18.393280 15.608640 15.095680 13.336960 20.152000 12.897280 10.772160
14.875840 8.647040 13.630080 17.440640 16.048320 17.147520 13.483520 24.988480 20.371840 7.328000
7.914240 8.500480 16.121600 11.065280 16.781120 14.949120 15.975040 19.419200 18.100160 7.108160
7.987520 7.621120 13.263680 11.798080 14.656000 16.268160 13.043840 14.069760 15.315520 5.349440
27.773120 7.034880 12.017920 8.353920 17.807040 16.414720 13.043840 16.488000 21.104640 5.349440
13.117120 6.521920 14.362880 19.419200 16.854400 17.220800 13.996480 14.875840 17.733760 5.935680
12.897280 9.160000 13.703360 17.000960 16.561280 16.561280 16.048320 18.026880 11.065280 5.862400
15.608640 7.840960 10.845440 15.901760 14.509440 16.121600 14.802560 15.095680 11.651520 5.789120
18.979520 7.987520 14.509440 11.358400 17.587200 15.681920 13.849920 15.535360 12.970560 4.103680
11.138560 8.866880 17.733760 15.095680 16.194880 15.755200 12.824000 15.755200 12.237760 5.276160
13.996480 8.353920 19.785600 12.824000 15.755200 15.901760 11.138560 16.194880 11.358400 5.349440
14.656000 7.987520 15.462080 10.039360 7.108160 17.587200 12.017920 15.242240 12.824000 9.160000
13.483520 9.086720 16.268160 15.462080 12.091200 16.194880 14.216320 15.535360 11.578240 7.840960
11.285120 8.500480 12.824000 12.530880 24.915200 11.065280 13.849920 16.121600 15.242240 6.448640
14.949120 7.328000 15.095680 14.582720 20.664960 17.294080 14.069760 18.759680 13.117120 7.034880
14.875840 7.034880 13.923200 14.509440 16.561280 21.324480 13.336960 14.875840 14.582720 8.720320
13.923200 8.866880 15.168960 14.362880 17.220800 13.923200 15.462080 14.875840 14.436160 7.474560
13.703360 8.500480 11.358400 13.776640 19.199360 20.078720 15.315520 17.440640 13.263680 7.108160
19.052800 6.741760 14.802560 14.949120 18.026880 20.591680 13.630080 13.336960 12.384320 6.888320
15.315520 11.944640 11.504960 13.630080 15.608640 12.530880 12.604160 20.078720 13.556800 7.034880
15.681920 13.263680 13.263680 13.923200 16.414720 12.091200 11.944640 16.121600 9.306560 5.862400
16.634560 9.892800 12.091200 15.095680 12.970560 11.285120 12.457600 17.513920 27.406720 7.474560
16.414720 11.285120 13.849920 14.069760 14.216320 13.117120 13.410240 15.022400 19.712320 6.008960
16.414720 10.918720 15.462080 7.108160 13.263680 12.164480 9.453120 17.294080 13.996480 6.815040
15.755200 4.250240 13.117120 17.367360 13.703360 13.483520 18.613120 15.828480 20.298560 16.341440
15.535360 12.970560 12.237760 25.501440 11.285120 11.211840 16.707840 15.681920 15.315520 18.759680
16.048320 8.353920 10.552320 15.608640 13.556800 10.845440 14.436160 15.608640 15.901760 18.539840
16.121600 11.578240 12.457600 13.996480 12.530880 11.724800 11.065280 14.143040 13.703360 12.824000
16.781120 12.677440 23.522880 18.026880 13.776640 16.488000 13.923200 14.289600 16.781120 12.311040
16.121600 13.556800 23.962560 13.703360 13.263680 14.875840 11.798080 14.436160 16.854400 11.065280
15.462080 10.918720 17.513920 12.677440 14.436160 17.294080 12.237760 13.556800 17.587200 14.875840
17.220800 13.703360 16.854400 11.065280 13.849920 12.824000 11.358400 11.431680 17.440640 12.604160
14.509440 14.875840 19.785600 17.880320 13.556800 12.384320 12.604160 15.022400 17.220800 15.022400
17.294080 11.724800 17.000960 10.992000 13.923200 12.164480 13.776640 13.263680 15.608640 11.798080
16.488000 10.332480 15.168960 15.608640 12.970560 13.923200 12.750720 13.117120 15.755200 13.923200
18.613120 10.185920 12.897280 10.479040 12.311040 13.556800 14.875840 12.237760 14.802560 13.410240
17.367360 5.789120 14.069760 14.436160 12.970560 10.479040 14.509440 11.944640 16.268160 18.393280
17.440640 9.160000 18.979520 10.552320 10.332480 12.897280 14.289600 13.703360 17.220800 15.828480
15.681920 7.254720 17.513920 10.332480 12.750720 11.358400 13.336960 14.875840 15.755200 11.211840
14.436160 7.840960 14.436160 16.121600 6.961600 11.944640 13.117120 16.194880 13.043840 16.854400
16.341440 7.621120 11.138560 12.384320 16.561280 13.410240 13.483520 15.462080 20.298560 19.639040
17.220800 7.914240 12.017920 17.294080 11.358400 14.509440 15.022400 14.582720 15.828480 19.052800
15.462080 9.453120 13.849920 17.074240 12.824000 12.091200 13.117120 6.888320 14.656000 15.535360
16.634560 10.479040 11.798080 20.884800 13.776640 10.552320 14.729280 22.350400 18.173440 12.164480
16.194880 9.672960 14.143040 16.854400 15.242240 16.341440 12.750720 20.591680 16.707840 12.897280
15.755200 10.185920 12.164480 16.561280 12.970560 12.530880 14.069760 22.130560 16.634560 12.897280
9.086720 10.185920 12.384320 15.462080 11.578240 11.798080 13.190400 19.052800 4.323520 15.901760
19.565760 12.457600 13.849920 10.405760 14.069760 12.237760 15.095680 15.975040 9.233280 13.117120
25.941120 12.530880 13.630080 11.578240 12.311040 12.091200 14.069760 18.393280 26.454080 14.216320
12.164480 11.578240 12.164480 14.216320 15.315520 13.336960 16.048320 17.440640 24.915200 13.263680
10.698880 13.263680 12.897280 10.918720 14.509440 15.168960 15.462080 11.065280 26.527360 11.211840
10.405760 10.112640 13.703360 12.677440 11.578240 12.164480 17.074240 11.798080 11.285120 14.656000
9.599680 13.043840 11.578240 11.871360 14.509440 11.578240 15.535360 8.353920 12.677440 12.530880
14.582720 11.211840 15.022400 12.604160 10.405760 14.436160 15.901760 19.419200 15.242240 13.630080
13.630080 10.772160 15.022400 9.966080 13.410240 14.216320 18.173440 17.000960 14.509440 12.091200
13.556800 11.358400 12.017920 11.504960 11.504960 12.970560 16.341440 15.901760 14.875840 11.651520
11.798080 10.918720 15.535360 13.483520 11.944640 14.069760 15.022400 11.358400 13.923200 12.970560
9.306560 11.138560 13.263680 12.091200 10.772160 12.530880 16.341440 15.095680 13.630080 13.483520
14.949120 10.772160 12.164480 12.530880 11.578240 13.336960 16.341440 12.824000 11.944640 12.311040
11.651520 10.772160 14.582720 12.384320 13.483520 12.897280 16.707840 10.039360 13.410240 14.216320
13.117120 8.427200 12.164480 10.918720 11.358400 12.384320 16.194880 15.462080 14.802560 12.311040
10.552320 10.698880 14.289600 11.065280 6.961600 13.849920 17.367360 12.530880 12.604160 11.578240
10.698880 8.427200 12.750720 14.582720 10.772160 12.384320 15.608640 14.582720 15.535360 13.703360
17.440640 10.552320 13.923200 14.729280 31.363840 9.746240 16.121600 14.509440 12.897280 12.824000
15.022400 10.552320 13.703360 16.854400 20.152000 6.815040 15.388800 14.362880 13.043840 14.216320
18.466560 13.410240 12.750720 16.854400 10.625600 16.634560 16.707840 13.776640 14.875840 12.750720
14.436160 13.996480 11.724800 15.315520 9.086720 23.522880 15.315520 14.949120 13.043840 13.043840
10.185920 11.651520 11.798080 17.440640 15.901760 17.367360 17.000960 13.630080 12.897280 14.875840
12.604160 12.530880 11.871360 12.970560 12.824000 11.504960 16.341440 13.923200 13.043840 12.311040
11.358400 11.138560 12.457600 13.849920 12.017920 14.509440 16.048320 15.095680 12.457600 11.285120
14.289600 10.992000 13.263680 11.285120 12.457600 11.944640 6.815040 14.069760 13.117120 12.311040
13.263680 11.431680 11.504960 18.246720 16.414720 13.849920 7.328000 7.108160 11.358400 11.211840
13.117120 10.772160 15.462080 12.530880 13.849920 13.336960 19.785600 17.367360 11.431680 12.164480
13.117120 9.819520 13.117120 14.436160 16.561280 13.117120 18.173440 25.501440 11.871360 5.129600
11.944640 12.897280 13.776640 15.022400 15.975040 13.117120 17.147520 15.608640 14.656000 22.863360
10.918720 7.401280 2.418240 16.488000 16.121600 12.384320 15.462080 13.996480 12.750720 23.669440
12.897280 7.474560 20.298560 21.617600 16.341440 10.405760 14.216320 18.026880 9.966080 18.026880
14.216320 7.621120 22.863360 22.863360 16.854400 15.462080 18.246720 13.703360 13.336960 10.185920
9.160000 9.306560 18.026880 14.802560 15.828480 13.923200 15.022400 12.677440 12.677440 13.117120
4.983040 9.672960 9.160000 20.298560 16.707840 13.117120 18.759680 11.065280 13.043840 11.724800
21.104640 11.431680 17.220800 16.268160 15.242240 9.746240 14.362880 17.880320 12.604160 12.897280
24.402240 11.431680 13.336960 15.681920 18.539840 19.932160 11.211840 10.992000 10.332480 13.190400
14.362880 9.672960 13.483520 16.707840 15.462080 21.397760 13.483520 15.608640 13.630080 14.289600
11.651520 6.888320 14.216320 17.807040 15.901760 17.147520 12.311040 10.479040 12.750720 13.996480
12.897280 10.185920 11.285120 17.220800 16.854400 15.168960 12.164480 14.436160 13.923200 11.871360
16.488000 15.242240 14.729280 16.927680 17.733760 13.996480 11.871360 10.552320 14.069760 12.384320
13.630080 16.634560 13.630080 16.341440 13.849920 12.750720 12.677440 10.332480 11.358400 11.798080
14.289600 12.017920 11.944640 16.414720 18.466560 14.875840 16.194880 16.121600 15.828480 13.703360
11.211840 9.453120 13.336960 15.022400 16.268160 12.750720 14.289600 12.384320 17.000960 13.117120
12.824000 8.866880 10.552320 13.849920 15.315520 20.738240 16.561280 17.294080 15.975040 12.311040
13.556800 6.595200 12.237760 18.466560 13.190400 18.320000 16.707840 17.074240 17.513920 15.828480
13.336960 7.840960 12.750720 17.074240 19.712320 17.000960 16.927680 20.884800 16.194880 13.630080
14.362880 8.573760 13.410240 16.781120 16.634560 15.608640 17.440640 16.854400 16.927680 13.776640
12.824000 10.405760 12.897280 15.901760 14.656000 16.341440 15.975040 16.561280 15.315520 12.970560
18.686400 7.474560 13.483520 15.828480 18.539840 11.211840 17.000960 15.462080 17.220800 12.091200
17.440640 7.547840 12.897280 16.194880 17.074240 10.845440 15.315520 10.405760 10.552320 12.897280
16.634560 7.181440 15.535360 17.074240 14.582720 11.651520 15.681920 11.578240 24.768640 14.362880
15.315520 8.940160 13.117120 19.492480 17.587200 11.211840 16.341440 14.216320 26.014400 14.509440
