12.164480 18.246720 10.845440 17.440640 21.104640 14.656000 10.918720 13.849920 14.143040 12.311040
13.923200 16.634560 11.651520 14.875840 24.402240 17.807040 12.897280 11.798080 10.259200 10.625600
12.311040 18.173440 12.384320 15.975040 14.362880 12.384320 14.216320 14.143040 14.069760 19.932160
13.483520 16.121600 15.168960 15.535360 11.651520 17.294080 9.160000 12.164480 13.630080 27.260160
13.849920 17.880320 16.854400 12.457600 12.897280 18.173440 4.983040 12.384320 11.944640 14.289600
11.431680 16.414720 16.194880 15.168960 16.488000 15.388800 21.104640 13.849920 16.781120 20.518400
11.724800 17.953600 20.518400 19.052800 13.630080 18.246720 24.402240 13.630080 16.488000 23.229760
12.677440 14.289600 22.790080 12.164480 14.289600 18.613120 14.362880 12.164480 15.388800 18.026880
19.639040 17.733760 19.126080 21.544320 11.211840 16.488000 11.651520 12.897280 14.436160 13.556800
17.587200 16.268160 19.126080 8.280640 12.824000 15.975040 12.897280 13.703360 14.949120 14.656000
15.168960 18.686400 16.927680 9.453120 13.556800 15.901760 16.488000 11.578240 17.513920 15.242240
13.996480 19.419200 16.854400 26.160960 13.336960 15.535360 13.630080 15.022400 7.547840 12.017920
15.535360 16.561280 11.651520 17.807040 14.362880 13.996480 14.289600 15.022400 21.104640 13.117120
13.043840 17.660480 11.504960 16.561280 12.824000 8.427200 11.211840 12.017920 24.475520 12.750720
16.634560 16.414720 13.849920 15.168960 18.686400 19.345920 12.824000 15.535360 21.690880 13.776640
15.681920 11.871360 13.117120 16.707840 17.440640 21.397760 13.556800 13.263680 28.286080 22.716800
14.875840 20.298560 5.569280 16.121600 16.634560 17.587200 13.336960 12.164480 18.906240 14.069760
11.504960 22.936640 21.324480 16.341440 15.315520 19.712320 14.362880 14.582720 18.100160 18.906240
11.944640 17.587200 22.423680 17.513920 16.781120 14.289600 12.824000 12.164480 19.565760 19.199360
12.311040 24.475520 15.608640 14.875840 16.781120 19.492480 18.686400 14.289600 13.996480 16.194880
12.384320 24.035840 18.906240 16.414720 16.707840 18.539840 17.440640 12.750720 17.074240 16.121600
11.065280 17.220800 16.121600 17.953600 16.488000 17.733760 16.634560 13.923200 16.121600 12.824000
14.949120 16.781120 15.022400 15.095680 15.315520 16.121600 15.315520 13.703360 17.000960 20.225280
15.168960 15.901760 12.384320 18.832960 15.462080 14.216320 16.781120 12.750720 17.807040 12.384320
11.944640 15.388800 13.190400 15.242240 18.759680 11.651520 16.781120 11.724800 14.582720 17.513920
12.311040 16.561280 13.483520 17.147520 15.242240 13.190400 16.707840 11.798080 12.311040 15.975040
10.845440 19.785600 12.970560 15.828480 16.121600 12.750720 16.488000 11.871360 12.970560 18.759680
14.509440 18.906240 14.949120 15.315520 15.975040 14.069760 15.315520 12.457600 10.992000 18.466560
12.750720 12.604160 12.750720 16.194880 15.828480 12.384320 15.462080 13.263680 16.194880 17.294080
13.190400 15.901760 12.897280 14.729280 18.393280 13.043840 18.759680 11.504960 13.923200 16.561280
13.556800 15.462080 14.069760 18.246720 16.194880 15.242240 15.242240 15.462080 13.410240 15.095680
12.237760 15.828480 12.677440 16.561280 16.121600 20.371840 16.121600 13.117120 14.802560 17.513920
13.263680 15.755200 12.824000 15.608640 17.000960 16.634560 15.975040 13.776640 16.927680 18.320000
13.043840 16.634560 13.996480 17.147520 16.268160 14.875840 15.828480 2.418240 16.414720 14.875840
13.190400 15.901760 12.311040 17.807040 18.026880 11.431680 18.393280 20.298560 12.457600 15.095680
12.091200 15.535360 14.216320 16.927680 18.100160 11.724800 16.194880 22.863360 14.143040 16.488000
14.509440 14.875840 13.117120 13.923200 15.535360 14.069760 16.121600 18.026880 18.246720 16.341440
13.483520 16.854400 12.824000 20.664960 14.729280 15.168960 17.000960 9.160000 13.776640 16.414720
11.944640 16.488000 14.362880 17.220800 18.100160 11.871360 16.268160 17.220800 7.767680 16.561280
11.211840 16.341440 13.703360 16.927680 15.608640 12.970560 18.026880 13.336960 16.707840 15.608640
10.259200 15.681920 12.897280 16.341440 15.388800 12.970560 18.100160 13.483520 25.135040 16.268160
12.677440 15.388800 15.901760 17.880320 14.362880 7.840960 15.535360 14.216320 17.953600 15.095680
25.428160 16.414720 15.315520 13.703360 9.599680 8.940160 14.729280 11.285120 15.168960 6.741760
23.303040 11.724800 16.341440 17.953600 21.764160 22.350400 18.100160 14.729280 17.000960 20.811520
16.268160 18.979520 16.121600 15.168960 23.962560 22.570240 15.608640 13.630080 16.488000 20.371840
15.242240 15.755200 16.781120 18.246720 16.268160 20.958080 15.388800 11.944640 16.414720 20.078720
13.849920 16.488000 7.694400 17.367360 15.315520 24.328960 14.362880 13.336960 26.087680 22.643520
12.970560 18.026880 15.901760 15.535360 17.147520 15.168960 9.599680 10.552320 14.875840 15.901760
11.065280 13.117120 21.764160 16.268160 17.513920 18.466560 21.764160 12.237760 21.251200 13.263680
11.578240 13.556800 15.608640 17.294080 16.414720 11.651520 23.962560 12.750720 20.225280 11.651520
14.216320 13.996480 19.639040 6.521920 17.807040 11.944640 16.268160 13.410240 19.858880 14.729280
12.384320 13.556800 22.790080 16.927680 18.100160 11.065280 15.315520 12.897280 12.164480 11.211840
13.776640 12.604160 13.117120 22.496960 15.681920 14.362880 17.147520 13.483520 14.802560 12.091200
14.436160 13.703360 12.091200 20.371840 13.996480 9.453120 17.513920 12.897280 10.405760 10.259200
13.190400 15.388800 12.091200 10.112640 12.750720 17.660480 16.414720 15.535360 14.656000 14.582720
14.289600 12.897280 12.897280 13.043840 8.940160 13.630080 17.807040 13.117120 13.336960 12.384320
17.660480 12.164480 9.819520 12.530880 10.845440 12.384320 18.100160 13.190400 12.824000 16.854400
16.341440 9.233280 17.440640 12.530880 10.552320 13.336960 15.681920 13.190400 11.578240 17.807040
14.802560 6.595200 17.513920 13.190400 11.871360 11.504960 13.996480 17.367360 13.996480 16.927680
13.923200 27.186880 16.268160 13.410240 20.738240 15.681920 12.750720 14.729280 13.923200 17.074240
11.724800 24.548800 15.095680 12.237760 17.660480 15.095680 8.940160 17.733760 14.362880 15.095680
12.750720 18.246720 11.211840 10.625600 15.901760 11.871360 10.845440 16.781120 13.410240 15.901760
19.052800 17.074240 12.677440 10.992000 15.901760 9.746240 10.552320 14.729280 13.483520 18.173440
15.168960 13.849920 12.017920 12.237760 17.000960 15.535360 11.871360 10.332480 12.897280 15.608640
13.996480 16.634560 11.578240 13.483520 9.379840 14.949120 20.738240 12.750720 12.897280 16.634560
14.436160 16.268160 12.237760 14.143040 12.091200 10.259200 17.660480 22.423680 20.371840 12.750720
10.479040 16.854400 11.944640 12.750720 11.138560 15.242240 15.901760 22.496960 18.100160 18.173440
13.190400 16.634560 13.043840 13.483520 10.698880 14.656000 15.901760 14.582720 15.315520 15.315520
12.164480 10.259200 13.996480 13.483520 14.582720 13.923200 17.000960 12.897280 21.104640 17.660480
11.724800 11.138560 12.164480 13.263680 16.121600 13.776640 9.379840 10.992000 17.733760 16.927680
14.362880 11.578240 13.849920 7.181440 13.923200 14.729280 12.091200 11.065280 11.065280 13.263680
9.453120 13.483520 11.944640 19.199360 11.138560 11.944640 11.138560 13.849920 11.651520 0.659520
22.863360 12.530880 13.996480 17.880320 13.263680 14.802560 10.698880 14.729280 12.970560 22.130560
17.147520 17.513920 13.336960 16.268160 23.742720 10.992000 14.582720 12.530880 12.237760 25.794560
17.147520 15.828480 16.341440 16.048320 25.428160 12.677440 16.121600 11.504960 11.358400 17.733760
17.733760 15.681920 15.681920 17.000960 21.104640 18.686400 13.923200 11.578240 12.824000 18.906240
14.875840 16.121600 15.388800 15.022400 16.561280 14.729280 11.138560 13.923200 11.578240 17.807040
10.479040 15.975040 16.561280 13.117120 11.285120 17.733760 13.263680 10.332480 15.242240 16.488000
13.263680 16.488000 15.975040 16.707840 10.185920 16.781120 23.742720 16.268160 13.117120 14.656000
13.410240 16.707840 14.729280 17.074240 20.078720 16.414720 25.428160 13.996480 14.582720 17.953600
12.970560 16.488000 16.488000 16.561280 12.237760 13.630080 21.104640 16.341440 14.436160 15.315520
12.750720 15.168960 14.656000 8.353920 12.530880 18.026880 16.561280 14.802560 13.263680 16.414720
10.259200 16.854400 17.367360 9.086720 13.849920 16.707840 11.285120 17.513920 12.384320 16.634560
11.358400 17.440640 15.535360 18.539840 14.436160 16.488000 10.185920 16.194880 13.556800 16.781120
18.613120 15.462080 17.513920 24.475520 11.871360 16.341440 20.078720 12.457600 9.306560 13.923200
9.892800 8.647040 15.168960 22.863360 12.457600 17.733760 12.237760 14.362880 27.406720 16.048320
11.798080 6.375360 11.944640 17.220800 12.750720 17.587200 12.530880 11.504960 19.712320 13.410240
7.108160 25.208320 10.992000 15.535360 13.117120 16.561280 13.849920 18.173440 13.996480 11.431680
9.233280 20.664960 14.802560 15.022400 13.630080 8.427200 14.436160 15.535360 20.298560 9.526400
28.286080 17.513920 12.677440 19.052800 12.970560 20.445120 11.871360 14.069760 15.315520 11.651520
17.000960 15.828480 14.509440 19.126080 14.509440 20.298560 12.457600 18.539840 15.901760 13.483520
10.772160 11.798080 12.530880 18.026880 13.483520 23.742720 12.750720 12.311040 13.703360 10.332480
11.798080 14.362880 13.117120 15.388800 13.336960 11.431680 13.117120 10.259200 16.781120 12.604160
13.849920 11.724800 14.362880 15.828480 10.845440 16.194880 13.630080 11.651520 16.854400 12.237760
10.259200 11.651520 13.336960 15.022400 10.772160 15.975040 12.970560 10.698880 17.587200 13.263680
17.074240 12.750720 7.328000 17.000960 12.824000 5.202880 14.509440 9.672960 17.440640 11.578240
16.048320 12.750720 13.849920 18.246720 12.017920 24.841920 13.483520 12.091200 17.220800 14.509440
18.320000 12.530880 22.863360 19.199360 12.164480 11.065280 13.336960 9.966080 15.608640 12.311040
17.807040 11.871360 21.031360 17.513920 14.069760 18.832960 10.845440 8.647040 15.755200 13.556800
15.535360 12.897280 17.074240 12.824000 13.776640 21.251200 10.772160 12.311040 14.802560 12.750720
