26.014400 2.344960 6.302080 9.453120 28.432640 11.944640 21.544320 25.208320 4.176960 9.453120 23.962560 8.427200 29.165440 0.366400 6.375360 27.919680 27.626560 27.260160 7.474560 0.439680
27.992960 3.517440 6.448640 8.647040 23.229760 10.698880 23.303040 25.281600 4.616640 11.871360 26.380800 6.888320 28.432640 0.146560 6.521920 27.846400 28.359360 23.962560 7.547840 0.439680
26.307520 3.370880 6.008960 9.746240 20.152000 8.134080 20.738240 25.648000 5.129600 5.129600 23.669440 5.862400 28.505920 0.146560 8.134080 26.087680 28.505920 26.380800 7.694400 0.659520
25.721280 2.857920 7.181440 8.427200 23.376320 15.975040 25.794560 27.699840 4.250240 4.763200 26.454080 4.983040 28.286080 0.000010 7.987520 29.018880 28.066240 23.669440 12.311040 0.659520
28.139520 2.564800 6.815040 8.940160 25.281600 19.345920 28.799040 28.505920 4.616640 6.228800 24.622080 6.008960 27.992960 0.000010 7.108160 28.066240 28.872320 26.454080 17.880320 0.512960
24.768640 3.370880 7.401280 8.647040 24.475520 16.634560 27.186880 28.212800 4.616640 6.888320 25.867840 6.448640 28.359360 0.146560 7.840960 27.919680 26.747200 24.622080 18.100160 0.512960
24.841920 2.491520 6.668480 6.815040 26.087680 9.086720 26.160960 22.496960 3.004480 6.082240 25.648000 7.914240 27.919680 0.073280 7.034880 29.092160 24.768640 25.867840 9.306560 0.366400
24.182400 3.664000 6.008960 8.647040 24.328960 8.866880 22.130560 24.182400 3.517440 6.741760 24.768640 6.595200 27.773120 0.000010 10.259200 29.238720 28.432640 25.648000 8.134080 0.366400
23.889280 2.931200 6.741760 8.060800 24.402240 7.987520 23.449600 24.255680 3.297600 9.672960 27.846400 6.155520 26.234240 0.073280 7.181440 28.725760 25.574720 24.768640 2.931200 0.439680
24.768640 3.737280 8.280640 7.474560 23.303040 11.065280 20.152000 25.428160 2.491520 7.987520 28.066240 7.328000 29.971520 0.000010 11.138560 29.238720 27.773120 27.846400 12.164480 0.586240
23.303040 2.784640 7.181440 7.401280 26.234240 7.840960 21.837440 23.889280 3.883840 7.254720 17.880320 5.496000 27.773120 0.073280 7.254720 28.212800 27.040320 28.066240 6.302080 0.732800
24.035840 2.564800 8.280640 9.013440 27.626560 12.017920 27.113600 26.087680 4.103680 9.233280 24.915200 6.815040 28.505920 0.073280 8.866880 7.034880 28.945600 17.880320 9.453120 0.732800
22.203840 3.957120 6.961600 4.983040 23.522880 13.117120 28.505920 26.600640 3.444160 7.987520 24.402240 7.767680 27.553280 0.000010 9.306560 24.548800 27.919680 24.915200 10.112640 0.512960
22.423680 3.004480 6.448640 9.672960 21.471040 9.819520 28.359360 27.699840 3.590720 6.008960 25.354880 8.353920 22.570240 0.000010 8.280640 29.312000 28.799040 24.402240 8.573760 0.586240
22.716800 2.491520 5.129600 7.694400 24.255680 14.509440 28.799040 20.591680 3.883840 6.228800 25.354880 7.474560 29.238720 0.000010 11.138560 29.605120 27.186880 25.354880 9.086720 0.586240
26.673920 0.952640 5.496000 7.328000 19.932160 13.043840 27.773120 24.328960 3.444160 4.616640 25.281600 8.573760 27.480000 0.146560 9.453120 29.531840 27.260160 25.354880 13.996480 0.659520
23.962560 1.465600 6.375360 5.935680 23.522880 7.840960 28.432640 27.992960 3.517440 4.396800 25.941120 9.160000 27.480000 0.512960 9.966080 29.678400 27.773120 25.281600 10.479040 0.586240
25.941120 2.857920 4.616640 7.547840 23.596160 13.336960 26.234240 28.139520 3.444160 3.957120 26.087680 7.328000 27.113600 0.586240 8.134080 29.238720 28.725760 25.941120 7.621120 1.025920
21.251200 2.931200 4.250240 8.793600 24.255680 15.315520 28.286080 24.182400 3.370880 3.151040 27.480000 6.448640 25.794560 0.732800 8.353920 28.945600 27.260160 26.087680 8.573760 0.512960
21.104640 3.737280 6.741760 6.155520 23.229760 10.698880 22.496960 23.303040 3.370880 4.176960 22.936640 5.569280 28.286080 0.659520 8.134080 28.945600 22.716800 27.480000 11.798080 0.732800
22.203840 3.297600 6.521920 8.573760 21.837440 12.091200 25.354880 24.475520 3.370880 5.202880 24.475520 7.840960 25.501440 0.952640 7.328000 29.385280 27.919680 22.936640 8.500480 0.879360
23.009920 2.271680 6.668480 7.840960 21.104640 7.767680 23.889280 27.553280 3.664000 6.155520 24.255680 6.448640 28.652480 0.732800 7.767680 28.359360 27.040320 24.475520 8.866880 0.732800
26.600640 3.077760 6.155520 7.914240 19.199360 7.254720 23.522880 27.406720 2.638080 5.276160 26.087680 7.694400 23.009920 0.879360 4.616640 27.040320 30.337920 24.255680 11.504960 0.659520
25.648000 2.125120 5.862400 7.401280 21.104640 7.621120 23.816000 25.501440 2.418240 5.349440 25.574720 7.987520 20.664960 1.245760 5.789120 30.044800 29.092160 26.087680 9.306560 0.732800
27.773120 3.517440 4.543360 8.427200 19.565760 5.276160 22.130560 25.281600 2.711360 6.008960 25.281600 7.254720 27.260160 1.025920 10.259200 28.286080 28.359360 25.574720 9.379840 0.952640
24.548800 4.396800 6.375360 9.013440 18.100160 4.543360 23.889280 23.669440 4.543360 4.763200 26.160960 9.453120 28.212800 0.879360 9.453120 27.626560 28.872320 25.281600 9.819520 0.659520
26.454080 3.004480 5.569280 7.914240 18.906240 5.935680 25.648000 27.333440 3.517440 4.176960 24.328960 8.793600 27.919680 1.025920 11.871360 27.846400 28.139520 26.160960 7.181440 0.806080
21.617600 4.250240 4.616640 7.328000 22.496960 5.349440 29.898240 24.402240 2.638080 2.638080 24.402240 9.306560 26.600640 1.465600 5.129600 27.699840 18.246720 24.328960 10.625600 0.879360
19.199360 3.883840 6.448640 7.987520 22.057280 6.008960 21.544320 21.910720 2.051840 3.444160 23.889280 10.259200 27.480000 1.245760 4.763200 28.139520 24.768640 24.402240 10.918720 0.952640
22.570240 4.836480 4.763200 7.694400 19.932160 5.349440 29.018880 21.031360 3.370880 4.909760 27.846400 10.625600 26.673920 0.952640 6.228800 27.992960 27.919680 23.889280 9.892800 0.586240
25.574720 4.176960 3.077760 6.448640 20.958080 5.422720 26.527360 25.061760 2.711360 6.375360 25.867840 9.526400 29.385280 0.952640 6.888320 27.480000 28.432640 27.846400 7.401280 0.806080
28.066240 4.103680 4.250240 7.181440 22.277120 4.689920 26.893760 28.139520 2.857920 12.164480 26.014400 8.940160 27.773120 1.025920 6.082240 20.958080 28.872320 25.867840 8.280640 1.099200
26.967040 5.202880 3.737280 8.427200 19.858880 4.909760 26.454080 28.579200 2.344960 8.866880 23.522880 7.254720 27.480000 0.952640 6.741760 23.009920 27.699840 26.014400 8.573760 1.099200
28.139520 4.323520 3.883840 6.448640 15.608640 4.763200 21.031360 21.837440 2.564800 4.616640 26.160960 9.526400 27.773120 0.806080 9.672960 26.307520 27.260160 23.522880 7.914240 0.952640
28.432640 4.396800 3.664000 6.228800 15.608640 4.323520 26.967040 17.880320 2.784640 6.741760 24.035840 8.793600 27.846400 0.806080 7.987520 27.406720 27.846400 26.160960 7.181440 0.952640
28.286080 4.836480 3.077760 7.034880 15.901760 4.030400 25.794560 24.768640 2.931200 5.789120 24.109120 7.108160 24.255680 0.952640 7.254720 28.359360 25.941120 24.035840 7.108160 1.025920
27.846400 5.129600 1.832000 6.888320 17.733760 3.664000 19.126080 27.846400 3.297600 4.983040 23.742720 7.914240 26.820480 1.172480 9.233280 25.721280 26.014400 24.109120 7.987520 0.732800
24.548800 7.034880 2.344960 6.228800 16.488000 3.297600 24.841920 28.359360 2.711360 4.470080 25.354880 7.767680 28.725760 1.099200 7.987520 28.212800 27.846400 23.742720 7.547840 1.245760
26.527360 5.569280 1.685440 6.008960 18.539840 3.004480 26.014400 26.527360 3.297600 2.857920 25.574720 10.552320 28.139520 0.806080 6.008960 28.286080 26.893760 25.354880 7.034880 1.319040
27.699840 4.250240 2.051840 8.060800 19.126080 2.857920 27.992960 27.186880 3.664000 4.689920 23.596160 9.599680 28.725760 1.025920 6.228800 28.725760 29.458560 25.574720 6.741760 1.685440
26.967040 2.491520 1.612160 6.375360 19.565760 3.737280 26.307520 26.600640 2.711360 3.957120 27.553280 9.599680 28.799040 1.612160 4.616640 28.505920 29.018880 23.596160 6.155520 0.806080
28.139520 5.129600 2.638080 7.840960 17.440640 3.957120 25.721280 27.040320 3.224320 2.344960 25.721280 10.039360 27.846400 1.538880 4.396800 27.992960 28.505920 27.553280 5.715840 0.879360
26.673920 5.349440 2.051840 5.202880 17.953600 5.129600 28.139520 23.596160 3.590720 3.297600 26.160960 12.384320 28.725760 1.612160 3.957120 27.113600 28.579200 25.721280 6.668480 0.952640
17.513920 4.250240 1.025920 6.375360 17.000960 3.590720 24.768640 27.406720 2.418240 1.245760 25.721280 12.457600 11.358400 1.172480 3.151040 26.307520 27.333440 26.160960 7.401280 1.099200
24.841920 4.396800 1.245760 6.815040 19.492480 4.543360 24.841920 27.040320 2.564800 4.909760 27.040320 9.746240 28.579200 1.392320 4.176960 27.113600 26.014400 25.721280 6.961600 1.025920
25.867840 4.763200 0.806080 6.302080 19.565760 4.176960 24.182400 26.087680 3.517440 6.961600 20.152000 8.720320 28.139520 1.172480 5.202880 28.066240 27.992960 27.040320 7.328000 0.952640
26.454080 4.616640 0.952640 6.888320 20.884800 4.909760 23.889280 28.579200 3.444160 5.349440 24.109120 10.405760 27.846400 1.319040 6.155520 28.432640 28.212800 20.152000 5.935680 1.538880
25.721280 2.857920 1.319040 5.862400 22.350400 5.496000 24.768640 25.941120 2.784640 4.689920 28.652480 8.866880 27.333440 1.099200 5.276160 27.260160 27.919680 24.109120 6.741760 2.051840
25.135040 2.931200 1.832000 5.569280 21.324480 3.737280 23.303040 26.527360 3.077760 4.030400 26.307520 6.961600 27.846400 1.392320 5.349440 22.863360 27.260160 28.652480 8.427200 4.250240
27.186880 3.883840 2.125120 4.616640 22.057280 4.396800 24.035840 26.967040 3.224320 3.370880 26.014400 7.034880 26.820480 1.099200 6.008960 28.579200 28.872320 26.307520 6.888320 1.978560
25.061760 3.810560 1.538880 4.763200 27.260160 2.491520 22.203840 29.238720 3.297600 4.396800 24.768640 8.280640 25.281600 0.952640 4.763200 28.872320 28.212800 26.014400 5.862400 1.905280
22.863360 3.883840 2.638080 5.789120 25.281600 3.517440 22.423680 26.673920 4.543360 4.909760 25.794560 7.840960 29.312000 1.465600 4.176960 28.725760 29.165440 24.768640 4.983040 3.590720
27.919680 4.103680 2.711360 4.836480 27.113600 4.470080 22.716800 27.480000 3.077760 4.470080 25.061760 7.181440 27.480000 1.465600 2.638080 26.747200 29.312000 25.794560 6.008960 1.612160
27.773120 3.737280 2.931200 5.496000 29.092160 4.176960 26.673920 28.579200 2.711360 3.077760 25.941120 7.767680 27.992960 1.245760 3.444160 25.867840 28.579200 25.061760 6.448640 1.538880
27.699840 4.176960 1.832000 5.056320 27.406720 2.711360 23.962560 28.432640 2.271680 4.176960 28.432640 7.840960 27.333440 1.099200 4.909760 28.725760 28.359360 25.941120 7.914240 1.832000
11.504960 4.103680 2.051840 4.543360 28.139520 3.077760 25.941120 27.919680 1.832000 5.056320 26.307520 7.254720 25.867840 1.025920 6.375360 28.505920 27.992960 28.432640 6.595200 1.612160
23.229760 4.689920 1.392320 6.082240 27.992960 4.176960 21.251200 27.773120 1.978560 5.349440 28.359360 8.500480 27.699840 0.952640 12.164480 28.432640 24.328960 26.307520 6.155520 1.245760
19.492480 3.370880 1.685440 6.521920 23.669440 4.616640 21.104640 22.863360 2.051840 7.401280 26.014400 11.431680 27.406720 0.952640 8.866880 27.186880 28.505920 28.359360 7.328000 1.172480
17.660480 3.883840 1.245760 7.034880 24.109120 5.642560 22.203840 26.967040 2.418240 7.914240 28.652480 9.966080 24.915200 1.172480 4.616640 27.919680 28.212800 26.014400 5.496000 1.172480
17.807040 4.103680 2.125120 6.155520 23.229760 4.176960 23.009920 23.962560 2.564800 6.961600 28.139520 10.112640 28.212800 1.172480 6.741760 27.406720 27.480000 28.652480 6.815040 0.879360
17.807040 3.517440 3.517440 6.668480 23.962560 4.543360 26.600640 24.328960 3.004480 8.720320 26.600640 8.793600 27.040320 0.879360 5.789120 27.992960 26.380800 28.139520 7.767680 1.392320
16.414720 2.491520 2.491520 6.815040 24.841920 5.789120 25.648000 29.458560 1.758720 6.302080 26.454080 6.302080 27.846400 0.879360 4.983040 28.139520 30.191360 26.600640 8.353920 1.319040
16.927680 2.491520 2.344960 6.008960 25.281600 5.496000 27.773120 21.104640 1.758720 3.517440 23.156480 8.207360 28.505920 0.879360 4.470080 27.919680 22.936640 26.454080 7.474560 1.538880
18.173440 3.370880 2.418240 4.983040 19.272640 5.276160 24.548800 26.380800 1.685440 6.448640 24.182400 8.280640 28.066240 0.952640 2.857920 26.600640 27.553280 23.156480 8.573760 2.198400
16.341440 4.250240 3.077760 4.763200 22.863360 6.228800 26.454080 26.600640 1.172480 6.888320 23.889280 7.034880 26.380800 0.952640 4.689920 29.238720 26.893760 24.182400 9.160000 1.758720
16.927680 3.370880 2.198400 5.056320 21.764160 5.862400 21.617600 25.794560 1.832000 5.496000 25.061760 7.254720 23.669440 0.659520 3.957120 28.139520 27.406720 23.889280 7.328000 1.905280
17.807040 4.030400 2.125120 4.836480 17.807040 6.375360 19.199360 26.454080 2.564800 7.547840 24.695360 8.353920 25.941120 0.879360 2.344960 27.553280 24.475520 25.061760 6.448640 1.978560
17.000960 3.590720 3.297600 4.396800 22.350400 6.521920 22.570240 26.600640 2.198400 7.328000 16.341440 8.720320 27.699840 0.732800 3.297600 24.255680 27.773120 24.695360 5.569280 1.905280
15.095680 4.250240 4.323520 5.056320 24.768640 8.134080 25.574720 25.281600 1.905280 7.621120 24.255680 7.767680 26.454080 0.806080 1.245760 29.678400 28.066240 16.341440 7.840960 1.978560
19.052800 4.103680 2.857920 4.030400 24.182400 7.987520 28.066240 28.066240 1.685440 5.422720 23.449600 6.595200 27.553280 0.732800 4.909760 26.820480 26.967040 24.255680 6.448640 1.758720
17.074240 3.664000 2.491520 4.543360 28.066240 7.108160 26.967040 26.087680 1.172480 5.496000 26.087680 7.034880 28.139520 1.099200 6.961600 23.816000 28.872320 23.449600 7.694400 1.758720
18.613120 3.077760 1.905280 4.836480 27.919680 7.840960 28.139520 26.893760 6.375360 5.789120 28.359360 7.767680 27.626560 0.952640 5.349440 24.548800 29.458560 26.087680 7.987520 1.685440
21.764160 4.250240 1.685440 4.470080 26.967040 7.034880 28.432640 25.428160 4.909760 5.789120 29.458560 7.840960 27.626560 0.732800 4.689920 25.941120 28.579200 28.359360 7.254720 2.051840
20.958080 3.297600 1.978560 5.422720 25.354880 10.259200 28.286080 27.186880 1.832000 5.789120 27.846400 7.254720 28.432640 0.659520 4.030400 27.260160 29.092160 29.458560 9.453120 1.758720
19.858880 2.051840 2.051840 5.202880 23.303040 7.181440 27.846400 27.260160 1.465600 9.892800 29.531840 8.427200 26.160960 1.025920 3.370880 28.359360 28.432640 27.846400 8.793600 1.319040
19.126080 4.103680 1.538880 3.883840 24.622080 11.138560 24.548800 27.186880 1.685440 11.651520 28.432640 8.573760 27.480000 0.586240 4.396800 26.454080 29.238720 29.531840 9.306560 1.392320
20.298560 5.642560 1.612160 4.250240 20.371840 7.254720 26.527360 28.945600 2.638080 8.207360 28.872320 9.453120 23.449600 0.439680 4.909760 29.751680 28.066240 28.432640 10.259200 1.392320
26.234240 5.422720 1.685440 6.302080 25.794560 8.866880 27.699840 27.186880 2.271680 9.599680 28.945600 8.647040 25.794560 0.659520 4.470080 27.260160 27.773120 28.872320 10.625600 1.685440
22.057280 4.689920 1.758720 5.642560 24.475520 9.306560 26.967040 28.212800 1.758720 10.039360 27.040320 9.746240 29.531840 0.512960 3.077760 28.432640 27.186880 28.945600 9.526400 1.538880
22.863360 3.737280 1.465600 5.349440 25.208320 8.280640 28.139520 28.066240 1.245760 8.720320 27.406720 8.427200 27.553280 0.512960 4.176960 25.281600 16.194880 27.040320 8.940160 2.491520
25.354880 4.763200 1.538880 4.396800 26.893760 11.138560 26.673920 28.212800 1.392320 10.185920 25.867840 8.940160 28.725760 0.586240 5.056320 28.579200 23.156480 27.406720 7.254720 3.077760
26.967040 5.422720 1.025920 4.030400 26.307520 9.453120 17.513920 27.992960 1.099200 6.155520 28.066240 8.647040 27.773120 0.586240 5.349440 27.846400 23.449600 25.867840 9.526400 1.905280
22.863360 5.496000 0.952640 6.375360 25.501440 9.966080 24.841920 27.992960 1.465600 8.207360 28.212800 6.815040 28.212800 0.732800 7.401280 25.721280 26.160960 28.066240 8.793600 1.685440
21.544320 5.202880 1.538880 5.422720 26.380800 8.134080 25.867840 21.177920 1.392320 5.276160 26.527360 8.647040 28.579200 0.952640 7.914240 25.648000 27.773120 28.212800 7.108160 1.905280
18.100160 6.155520 1.538880 5.422720 24.768640 8.353920 26.454080 27.406720 1.099200 5.129600 27.186880 8.060800 27.846400 0.806080 6.961600 27.113600 28.872320 26.527360 7.914240 2.125120
22.643520 5.862400 1.172480 4.689920 24.988480 8.134080 25.721280 29.605120 1.172480 5.715840 22.570240 7.474560 27.333440 0.879360 8.720320 20.298560 29.385280 27.186880 7.767680 2.125120
20.078720 6.082240 1.392320 4.543360 25.867840 7.328000 25.135040 28.212800 1.025920 7.474560 19.932160 7.401280 28.286080 0.879360 6.302080 28.066240 26.234240 22.570240 10.552320 2.198400
24.109120 6.741760 1.465600 4.250240 29.018880 7.767680 27.186880 28.799040 0.879360 4.543360 22.936640 9.013440 27.333440 0.952640 3.517440 27.846400 29.018880 19.932160 9.599680 2.271680
21.910720 6.668480 1.319040 3.590720 28.212800 4.616640 25.061760 28.652480 0.879360 6.155520 26.307520 4.983040 27.699840 0.732800 6.448640 28.066240 26.087680 22.936640 9.599680 2.344960
24.402240 4.909760 1.612160 5.129600 28.505920 5.789120 22.863360 28.725760 1.319040 5.569280 29.092160 9.672960 26.600640 0.586240 6.888320 28.432640 26.820480 26.307520 10.039360 3.004480
21.397760 5.349440 1.245760 5.862400 28.872320 10.259200 27.919680 29.018880 1.245760 5.276160 28.579200 7.694400 26.820480 0.732800 5.496000 27.186880 25.428160 29.092160 12.384320 2.784640
25.721280 6.302080 2.125120 2.491520 29.238720 9.453120 27.773120 28.505920 1.319040 4.836480 29.531840 7.328000 26.893760 0.806080 7.547840 27.553280 27.773120 28.579200 12.457600 2.051840
19.785600 5.642560 1.685440 4.103680 29.092160 11.871360 27.699840 28.799040 0.879360 3.737280 29.092160 5.935680 28.212800 0.512960 7.328000 26.160960 28.652480 29.531840 9.746240 3.883840
24.328960 4.323520 1.612160 4.689920 28.799040 5.129600 11.504960 27.480000 1.099200 4.616640 27.992960 7.547840 27.992960 0.659520 7.621120 28.286080 27.333440 29.092160 8.720320 3.077760
24.548800 8.280640 1.612160 3.664000 28.432640 4.763200 23.229760 27.846400 0.952640 4.250240 25.208320 8.793600 26.747200 0.659520 5.422720 28.212800 24.768640 27.992960 10.405760 2.198400
25.208320 5.642560 1.319040 4.250240 28.725760 6.228800 19.492480 28.139520 0.952640 4.836480 27.186880 6.155520 28.799040 0.659520 5.496000 27.553280 28.212800 25.208320 8.866880 2.418240
21.104640 4.543360 1.172480 6.448640 28.725760 6.888320 17.660480 27.406720 0.952640 5.056320 23.742720 8.573760 26.087680 0.659520 5.789120 28.945600 28.139520 27.186880 6.961600 2.711360
28.066240 4.836480 1.612160 5.056320 27.699840 6.082240 17.807040 27.846400 1.025920 5.569280 26.307520 7.840960 29.165440 0.586240 5.789120 27.480000 25.867840 23.742720 7.034880 4.030400
25.135040 5.496000 0.806080 4.689920 24.841920 6.741760 17.807040 28.725760 1.099200 5.496000 26.160960 7.914240 27.699840 0.732800 5.789120 28.212800 27.992960 26.307520 8.280640 3.664000
25.794560 4.396800 0.879360 3.297600 24.768640 9.672960 16.414720 29.385280 0.879360 5.569280 26.820480 7.401280 27.186880 0.732800 9.892800 28.286080 24.915200 26.160960 7.840960 2.857920
