50 50 50 50 51 51
50 50 50 50 51 51
50 50 50 50 51 51
50 50 50 50 51 51
50 50 50 50 51 51
50 50 50 50 51 51
50 50 50 50 51 51
50 50 50 50 51 51
50 50 50 50 51 51
50 50 50 50 51 51
50 50 50 50 51 51
50 50 50 50 51 51
50 50 50 50 51 51
50 50 50 50 51 51
50 50 50 50 51 51
50 50 50 50 51 51
50 50 50 50 51 51
50 50 15 15 51 51
50 50 15 15 51 51
50 50 15 15 51 51
50 50 15 15 51 51
50 50 15 15 51 51
50 50 15 15 51 51
50 50 15 15 51 51
50 50 15 15 51 51
50 50 15 15 51 51
50 50 15 15 51 51
50 50 15 15 51 51
50 50 15 15 51 51
50 50 15 15 51 51
50 50 15 15 51 51
50 50 15 15 51 51
50 50 15 15 51 51
50 50 15 15 51 51
50 50 15 15 51 51
50 50 15 15 51 51
50 50 15 15 51 51
50 50 15 15 51 51
50 50 15 15 51 51
50 50 15 15 51 51
50 50 15 15 51 51
50 50 15 15 51 51
50 50 15 15 51 51
50 50 15 15 51 51
50 50 15 15 51 51
50 50 15 15 51 51
50 50 15 15 51 51
50 50 15 15 51 51
50 50 15 15 51 51
50 50 15 15 51 51
50 50 15 15 51 51
50 50 15 15 51 51
50 50 15 15 51 51
50 50 15 15 51 51
50 50 15 15 51 51
