240.668700 59.617900 175.171725 125.514184 229.415200 141.369600 113.392904 116.251214 194.595693 158.752316 107.035321 175.558382
240.678256 59.630981 175.340569 125.656467 229.398455 141.361275 113.379766 116.285803 194.586016 158.594512 106.834352 175.591482
240.702560 59.664250 175.503907 125.794110 229.368458 141.346361 113.357963 116.343202 194.575942 158.430220 106.617975 175.637862
240.739782 59.715202 175.659392 125.942267 229.321359 141.322944 113.331403 116.413127 194.554056 158.269879 106.404118 175.689056
240.790336 59.784403 175.811299 126.102369 229.255276 141.290088 113.296948 116.501385 194.528164 158.113508 106.189887 175.742099
240.852261 59.859264 175.960449 126.259573 229.181850 141.253582 113.245691 116.595195 194.502076 157.955953 105.978200 175.794600
240.921129 59.916582 176.109788 126.417012 229.113618 141.219658 113.185563 116.705239 194.461423 157.797374 105.766611 175.847077
240.959637 59.948631 176.235452 126.549492 229.043326 141.184711 113.112619 116.820042 194.404145 157.646159 105.557350 175.898976
241.091799 60.024422 176.334897 126.654331 228.973124 141.149807 113.027844 116.921613 194.345486 157.491296 105.254834 175.969581
241.169392 60.054725 176.414728 126.738491 228.902385 141.114637 112.943390 117.022799 194.287568 157.342733 105.046595 176.017586
241.260398 60.090266 176.484924 126.812495 228.835138 141.081203 112.860858 117.121683 194.200123 157.203755 104.856287 176.061457
241.344232 60.123005 176.535506 126.865821 228.766906 141.047279 112.776404 117.222869 194.115767 157.069685 104.703397 176.096703
241.388944 60.140467 176.568333 126.900428 228.702870 141.005472 112.690925 117.325285 194.031784 156.936208 104.588487 176.120747
241.411672 60.149343 176.547080 127.038965 228.638902 140.956767 112.603741 117.427949 193.944446 156.797399 104.507025 176.137666
241.538866 60.194154 176.474242 127.091829 228.577002 140.909636 112.516907 117.526034 193.835111 156.673674 104.451608 176.149176
241.588573 60.209428 176.390155 127.152858 228.538176 140.880073 112.425234 117.629586 193.729439 156.557426 104.416360 176.156497
241.654147 60.229577 176.290852 127.224930 228.454931 140.902564 112.334158 117.732464 193.615719 156.445684 104.328924 176.056303
241.738647 60.255542 176.176578 127.307868 228.420628 140.974393 112.246197 117.831823 193.499104 156.339374 104.329840 175.981609
241.838633 60.286266 176.049920 127.399793 228.388695 141.041260 112.156844 117.932754 193.372508 156.235351 104.330956 175.890616
241.938428 60.316931 175.914118 127.498355 228.354780 141.112277 112.039575 118.003911 193.237227 156.146408 104.332303 175.780824
241.998517 60.350083 175.693895 127.669793 228.323063 141.178692 111.936439 118.064270 193.104704 156.059278 104.333830 175.656333
242.031255 60.371093 175.543420 127.795385 228.291389 141.245017 111.860144 118.108920 192.973267 155.972863 104.335407 175.527743
242.136464 60.489582 175.379970 127.931805 228.259241 141.312335 111.809568 118.138518 192.819306 155.914425 104.336517 175.437250
242.160503 60.562101 175.214169 128.070246 228.224464 141.385157 111.785316 118.152711 192.661438 155.865417 104.337112 175.388753
242.190646 60.653035 175.047910 128.209075 228.191799 141.453557 111.778500 118.156700 192.505226 155.832530 104.337391 175.365955
242.203785 60.754966 174.884184 128.345789 228.159392 141.521416 111.758519 118.108640 192.349887 155.809753 104.420236 175.262325
242.205319 60.856655 174.716236 128.486028 228.127675 141.587831 111.780843 118.058374 192.190293 155.786352 104.477598 175.249402
242.206954 60.965042 174.572083 128.606397 228.093889 141.658578 111.809702 117.993394 192.029621 155.750241 104.554959 175.231973
242.208574 61.072430 174.413423 128.738881 228.059629 141.730317 111.845907 117.911872 191.871188 155.714112 104.648904 175.210808
242.210183 61.179118 174.171156 128.925533 228.026792 141.799079 111.889621 117.813443 191.718117 155.679206 104.764604 175.184741
242.211738 61.282206 173.967344 129.002329 227.991885 141.872172 111.938002 117.704503 191.565144 155.644322 104.892780 175.155482
242.213367 61.390194 173.765441 129.072726 227.960858 141.937143 112.012780 117.596477 191.403494 155.607460 105.018824 175.106850
242.214918 61.492982 173.556671 129.138879 227.928322 142.005273 112.101777 117.493243 191.245238 155.566798 105.148319 175.056886
242.216560 61.601870 173.349331 129.204578 227.897079 142.070695 112.187510 117.393796 191.087138 155.525915 105.268858 175.010378
242.218188 61.709758 173.142563 129.270096 227.863379 142.141261 112.273765 117.293744 190.929136 155.485057 105.399592 174.974916
242.219719 61.811246 172.934461 129.336037 227.828473 142.214354 112.363088 117.190132 190.769003 155.443648 105.525260 174.941635
242.221360 61.920034 172.725596 129.402220 227.796411 142.281491 112.448755 117.090761 190.615166 155.407257 105.655277 174.907202
242.222920 62.023422 172.519114 129.467648 227.763358 142.350704 112.503881 116.976314 190.491272 155.379344 105.780075 174.874152
242.224565 62.132509 172.314824 129.532381 227.731296 142.417841 112.592879 116.873081 190.395278 155.357717 105.910673 174.839566
242.226024 62.229198 172.109868 129.597325 227.695786 142.492197 112.677110 116.775377 190.339379 155.345123 106.043494 174.804390
242.227062 62.297991 171.906341 129.661816 227.663035 142.560778 112.766981 116.672246 190.310210 155.338551 106.168582 174.771263
242.227624 62.335286 171.715019 129.763901 227.631662 142.626471 112.857214 116.571832 190.299772 155.336199 106.300436 174.736344
242.127618 62.423261 171.538511 129.870307 227.611538 142.668612 112.944573 116.474616 190.287382 155.333408 106.431228 174.701706
242.051159 62.420780 171.397373 129.955390 227.543008 142.813019 113.037199 116.373504 190.285139 155.332902 106.556025 174.668656
241.955009 62.417660 171.280986 130.025553 227.509617 142.883843 113.148806 116.302833 190.284358 155.332727 106.687617 174.630549
241.847166 62.414160 171.255179 130.171951 227.475459 142.956294 113.262186 116.231038 190.284358 155.332727 106.817633 174.592748
241.724930 62.410193 171.311852 130.295580 227.439979 143.031549 113.531698 115.952485 190.284358 155.332727 106.948418 174.554723
241.593300 62.405921 171.368858 130.419936 227.407654 143.100112 113.596559 115.830452 190.284358 155.332727 107.076130 174.517592
241.457471 62.401513 171.423614 130.539384 227.392686 143.131860 113.664020 115.717431 190.284358 155.332727 107.208066 174.479233
241.318944 62.397017 171.481120 130.664831 227.409896 143.209254 113.748164 115.620312 190.284358 155.332727 107.432740 174.414830
241.183216 62.392613 171.534960 130.782279 227.475456 143.238532 113.835188 115.519867 190.284358 155.332727 107.562837 174.377671
241.073773 62.389061 171.589508 130.901272 227.547316 143.270623 113.921165 115.420632 190.284358 155.332727 107.687838 174.341968
240.944896 62.268366 171.643430 131.018901 227.620454 143.303285 114.006880 115.321699 190.284358 155.332727 107.819090 174.304480
240.934397 62.157964 171.737079 131.221573 227.691858 143.335172 114.095345 115.219591 190.284358 155.332727 107.951399 174.266690
240.923955 62.048159 171.838504 131.439464 227.761252 143.366162 114.254596 115.055724 190.284358 155.332727 108.075753 174.233055
240.914384 61.947513 171.893113 131.556556 227.832199 143.397845 114.349202 114.962814 190.284358 155.332727 108.171993 174.215660
240.904549 61.844080 171.949285 131.677002 227.906525 143.431037 114.441526 114.872146 190.284358 155.332727 108.225100 174.209799
240.894779 61.741343 172.004908 131.796269 227.975097 143.461660 114.557044 114.796061 190.284358 155.332727 108.255696 174.209264
240.887693 61.640690 172.059516 131.913361 228.048418 143.494404 114.684498 114.656982 190.284358 155.332727 108.361313 174.146605
240.888575 61.530693 172.159976 132.131141 228.120004 143.526373 114.784758 114.564796 190.284358 155.332727 108.391681 174.082095
240.889407 61.426896 172.196528 132.211410 228.164106 143.546068 114.881339 114.475994 190.235982 155.353847 108.428438 174.004015
240.890217 61.325900 172.221311 132.265833 228.320474 143.618737 114.977845 114.387261 190.212627 155.347136 108.484678 173.916594
240.891046 61.222503 172.232376 132.290132 228.392145 143.653369 115.060494 114.316411 190.173895 155.336006 108.553933 173.813977
240.891935 61.111507 172.318300 132.449051 228.464447 143.688306 115.136748 114.260255 190.144869 155.327665 108.632586 173.697434
240.892741 61.011010 172.352335 132.503369 228.531076 143.720502 115.182564 114.226514 190.122091 155.321120 108.722482 173.564231
240.893582 60.906113 172.396405 132.573703 228.598407 143.754287 115.211632 114.205108 190.101812 155.315292 108.801918 173.446528
240.894462 60.796317 172.448599 132.657001 228.663218 143.797326 115.232407 114.189809 190.080187 155.309078 108.857747 173.363805
240.901063 60.693813 172.507589 132.751147 228.732111 143.843076 115.236997 114.186429 190.044914 155.298943 108.897241 173.305285
240.915206 60.583920 172.576137 132.860545 228.792840 143.883404 115.240057 114.184175 189.988978 155.282869 108.919785 173.271881
240.928035 60.484242 172.644526 132.969689 228.861983 143.929320 115.241425 114.183167 189.947337 155.267164 108.930134 173.256546
240.941629 60.378613 172.716790 133.085019 228.930710 143.974959 115.241909 114.182811 189.922057 155.252550 108.932708 173.252733
240.955236 60.272885 172.788524 133.199502 228.995271 144.017832 115.242392 114.182456 189.883791 155.230428 108.932987 173.252319
240.966763 60.183324 172.861425 133.315849 229.063914 144.063416 115.242392 114.182456 189.858684 155.215914 109.069976 173.250324
240.974600 60.122426 172.930610 133.426264 229.106416 144.098786 115.242392 114.182456 189.849508 155.210609 109.091679 173.281639
240.979528 60.084142 173.001070 133.538713 229.169760 144.271614 115.242392 114.182456 189.841283 155.205855 109.124945 173.329638
240.943201 59.977907 173.064029 133.651484 229.126633 144.349581 115.242392 114.182456 189.884866 155.192961 109.168123 173.391938
240.883409 59.928130 172.974901 133.743877 229.075275 144.442309 115.242392 114.182456 189.872657 155.185907 109.221782 173.469361
240.808774 59.865606 172.872961 133.825515 229.017507 144.546576 115.242392 114.182456 189.872657 155.185907 109.283359 173.558209
240.748631 59.783224 172.770242 133.907778 228.953052 144.662913 115.242392 114.182456 189.872657 155.185907 109.356784 173.664153
240.699573 59.716026 172.661824 133.994604 228.821041 144.864089 115.242392 114.182456 189.872657 155.185907 109.438525 173.782096
240.671507 59.677581 172.560977 134.075366 228.726595 145.003873 115.242392 114.182456 189.872657 155.185907 109.527729 173.910806
240.651282 59.649878 172.459541 134.162277 228.624310 145.155257 115.242392 114.182456 189.872657 155.185907 109.728985 174.188321
240.576821 59.481303 172.390411 134.274711 228.513683 145.318987 115.242392 114.182456 189.872657 155.185907 109.870314 174.314740
240.577692 59.410308 172.353719 134.397798 228.420794 145.515467 115.242392 114.182456 189.872657 155.185907 109.996168 174.475672
240.578715 59.326914 172.319711 134.524623 228.293882 145.703313 115.242392 114.182456 189.872657 155.185907 110.130339 174.647239
240.579960 59.225522 172.219702 134.616785 228.160587 145.900605 115.242392 114.182456 189.872657 155.185907 110.271225 174.827391
240.581428 59.105831 172.102353 134.689970 228.019287 146.109746 115.242392 114.182456 189.872657 155.185907 110.419932 175.015249
240.584410 58.864504 171.988567 134.760932 227.823891 146.415722 115.242392 114.182456 189.872657 155.185907 110.581288 175.214511
240.586060 58.729114 171.890479 134.822104 227.696377 146.654734 115.251007 114.176111 189.872657 155.185907 110.747824 175.420760
240.587704 58.594124 171.822004 134.864808 227.568391 146.894629 115.270977 114.161405 189.872657 155.185907 110.918620 175.630673
240.589317 58.461734 171.787978 134.886028 227.404110 147.214296 115.301400 114.139000 189.872657 155.185907 111.100321 175.833618
240.592095 58.231902 171.640458 134.962700 227.292628 147.464701 115.301400 114.139000 189.872657 155.185907 111.283690 176.038425
240.593807 58.093212 171.563834 134.994602 227.181227 147.714923 115.301400 114.139000 189.872657 155.185907 111.465310 176.241308
240.607184 57.901946 171.468561 135.034267 227.077831 147.965717 115.301400 114.139000 189.872657 155.185907 111.649844 176.447487
240.620838 57.764623 171.360179 135.079391 226.980782 148.225800 115.301400 114.139000 189.869107 155.183856 111.893899 176.720166
240.632453 57.647799 171.235919 135.131125 226.920636 148.520866 115.301400 114.139000 189.866596 155.182405 112.059168 176.905072
240.640893 57.562917 171.111381 135.182975 227.177848 148.621782 115.301400 114.139000 189.864258 155.181054 112.196382 177.058588
240.646275 57.508784 170.990075 135.233479 227.431614 148.721347 115.301400 114.139000 189.863392 155.180554 112.307199 177.180685
240.646700 57.326900 170.881600 135.278641 227.686498 148.821350 115.301400 114.139000 189.862613 155.180103 112.397808 177.276812
240.470805 57.230010 170.805253 135.310427 227.940451 148.920988 115.301400 114.139000 189.862613 155.180103 112.487798 177.370976
240.360830 57.180757 170.756694 135.330644 228.201241 149.007497 115.301400 114.139000 189.862613 155.180103 112.578850 177.465298
240.239265 57.126314 170.740353 135.337448 228.468364 149.078897 115.301400 114.139000 189.862613 155.180103 112.722360 177.565580
240.101049 57.081812 170.732045 135.340907 228.732766 149.149629 115.301400 114.139000 189.862613 155.180103 112.851136 177.482286
239.946568 57.050616 170.725490 135.343636 228.980282 149.250008 115.301400 114.139000 189.861920 155.179703 112.967517 177.370836
239.780716 57.017123 170.724105 135.344212 229.206332 149.310483 115.301400 114.139000 189.861661 155.179553 113.073745 177.226441
239.599769 56.980582 170.722905 135.344712 229.398185 149.361809 115.301400 114.139000 189.861401 155.179403 113.156510 177.047230
239.422448 56.944773 170.722813 135.344750 229.545794 149.401298 115.301400 114.139000 189.861401 155.179403 113.248321 176.856598
239.279827 56.915971 170.722813 135.344750 229.659496 149.431717 115.301400 114.139000 189.861401 155.179403 113.415530 176.715560
239.042247 56.845250 170.722813 135.344750 229.739096 149.453012 115.301400 114.139000 189.861401 155.179403 113.614879 176.627333
238.914890 56.827417 170.722813 135.344750 229.793580 149.467588 115.301400 114.139000 189.861401 155.179403 113.812582 176.539834
238.782977 56.808946 170.722813 135.344750 229.810486 149.472111 115.301400 114.139000 189.861401 155.179403 114.011839 176.451646
238.654134 56.790905 170.722813 135.344750 229.825556 149.476142 115.301400 114.139000 189.861401 155.179403 114.212193 176.362974
238.520636 56.772212 170.722813 135.344750 229.829227 149.477124 115.301400 114.139000 189.861401 155.179403 114.374553 176.247185
238.292166 56.737063 170.722813 135.344750 229.830483 149.477460 115.549041 114.147192 189.861401 155.179403 114.494190 176.119209
238.163017 56.716347 170.716073 135.347556 229.830579 149.477486 115.577645 114.174577 189.861401 155.179403 114.580304 175.982346
238.031103 56.695187 170.699456 135.354475 229.830579 149.477486 115.620479 114.215587 189.861401 155.179403 114.663488 175.850139
237.800148 56.662150 170.670560 135.366505 229.830579 149.477486 115.675448 114.268214 189.861401 155.179403 114.750860 175.691325
237.663933 56.643396 170.640546 135.449337 229.830579 149.477486 115.744502 114.334327 189.861401 155.179403 114.826923 175.549313
237.531482 56.625160 170.684012 135.612602 229.830579 149.477486 115.824513 114.418429 189.861401 155.179403 114.905489 175.402628
237.399230 56.606951 170.698996 135.698552 229.830579 149.477486 115.912496 114.519365 189.861401 155.179403 114.988730 175.247217
237.300363 56.593338 170.696330 135.805919 229.830579 149.477486 116.003634 114.623920 189.861401 155.179403 115.060534 175.038203
237.215364 56.581635 170.669701 135.926526 229.830579 149.477486 116.094246 114.727871 189.861401 155.179403 115.146989 174.858743
237.147604 56.572306 170.630123 136.054548 229.830579 149.477486 116.209927 114.878065 189.861401 155.179403 115.236352 174.673246
237.107581 56.566795 170.589126 136.187155 229.830579 149.477486 116.284289 114.985062 189.861401 155.179403 115.330186 174.478470
236.952836 56.549617 170.550958 136.432658 229.830579 149.477486 116.362759 115.097972 189.861401 155.179403 115.428229 174.274955
236.879024 56.543090 170.534986 136.566106 229.830579 149.477486 116.441115 115.210718 189.861401 155.179403 115.530526 174.062611
236.783098 56.534607 170.519086 136.698958 229.830579 149.477486 116.516846 115.319686 189.861401 155.179403 115.639463 173.836483
236.664959 56.524160 170.502723 136.835682 229.830579 149.477486 116.594461 115.431364 189.861401 155.179403 115.761735 173.606858
236.536560 56.512806 170.486799 136.968732 229.950351 149.506950 116.668708 115.538197 189.861401 155.179403 115.890571 173.370262
236.398200 56.500571 170.471314 137.098109 229.985530 149.515052 116.742271 115.644045 189.861401 155.179403 116.020268 173.132085
236.268606 56.489111 170.456044 137.225698 230.041661 149.527979 116.845768 115.735090 189.861401 155.179403 116.151591 172.890923
236.139709 56.477712 170.440453 137.355969 230.116209 149.545148 116.923502 115.846929 189.861401 155.179403 116.282484 172.650550
236.010613 56.466296 170.424279 137.491104 230.204498 149.565481 117.075956 116.063294 189.843737 155.169197 116.421087 172.417479
235.876735 56.454458 170.410851 137.603304 230.308574 149.589450 117.188800 116.224084 189.812393 155.151087 116.562277 172.183241
235.742858 56.442619 170.400809 137.687205 230.429313 149.617256 117.269405 116.335603 189.766503 155.124571 116.701661 171.952000
235.605295 56.430454 170.392978 137.752638 230.570322 149.649731 117.345910 116.441449 189.750051 155.115066 116.844658 171.714765
235.468628 56.418369 170.388688 137.788482 230.721855 149.684630 117.424817 116.550617 189.737929 155.108062 116.984454 171.482839
235.334850 56.406539 170.384849 137.820553 230.891612 149.723725 117.503431 116.659381 189.732648 155.105010 117.123838 171.251598
235.197884 56.394427 170.383388 137.832766 231.075303 149.766030 117.583216 116.769765 189.731522 155.104360 117.265080 171.017274
235.064106 56.382597 170.383007 137.835943 231.271858 149.811297 117.658550 116.873990 189.731522 155.104360 117.408387 170.779525
234.931325 56.370855 170.382853 137.837234 231.576975 149.880287 117.735289 116.980160 189.661561 155.072210 117.552639 170.547065
234.796750 56.358955 170.382770 137.837929 231.800312 149.930447 117.814547 117.089815 189.626716 155.059474 117.697803 170.318816
234.660282 56.346887 170.382758 137.838028 232.037893 149.983806 117.891228 117.195904 189.574307 155.040318 117.843342 170.089976
234.527899 56.335180 170.382758 137.838028 232.291477 150.040760 117.966913 117.300616 189.509313 155.016562 117.988452 169.861811
234.394331 56.315808 170.382758 137.838028 232.559793 150.101022 118.071956 117.457132 189.425440 154.985905 118.134957 169.631452
234.261209 56.295252 170.382758 137.838028 232.918249 150.167850 118.117977 117.583833 189.324661 154.949069 118.272823 169.414678
234.130854 56.275122 170.382758 137.838028 233.290140 150.214261 118.163760 117.709875 189.212329 154.908011 118.415357 169.190564
233.998423 56.254673 170.382758 137.838028 233.561751 150.234979 118.281777 117.892916 189.081976 154.860039 118.561648 168.960542
233.868167 56.234559 170.382758 137.838028 233.833661 150.255720 118.376067 117.987705 188.940965 154.808020 118.718305 168.697768
233.733365 56.213743 170.382758 137.838028 234.202166 150.282799 118.468383 118.080508 188.785319 154.750601 118.854582 168.456609
233.506897 56.178577 170.382758 137.838028 234.471939 150.301198 118.565002 118.177637 188.614166 154.683462 118.987464 168.221457
233.375007 56.211758 170.382758 137.838028 234.742112 150.319625 118.651346 118.279361 188.435498 154.607871 119.119004 167.981947
233.250092 56.218340 170.382758 137.838028 235.018969 150.338508 118.728551 118.388762 188.241543 154.525813 119.230028 167.729699
233.115880 56.187993 170.382758 137.838028 235.290039 150.356997 118.804487 118.496366 188.038378 154.439857 119.341012 167.477543
232.983814 56.158130 170.382758 137.838028 235.566896 150.375879 118.878751 118.601600 187.837976 154.355071 119.452238 167.224837
232.851553 56.128224 170.382758 137.838028 235.841857 150.394633 118.956360 118.711574 187.613736 154.259201 119.564028 166.970851
232.716171 56.097612 170.382758 137.838028 236.266854 150.395220 119.080597 118.889222 187.413464 154.185506 119.681377 166.693658
232.493791 56.064123 170.382758 137.838028 236.540675 150.388614 119.155991 118.997329 187.122658 154.104334 119.758079 166.477461
232.356796 56.053588 170.382758 137.838028 236.812155 150.403655 119.231442 119.105517 186.919702 154.021791 119.833946 166.263620
232.225882 56.043520 170.382758 137.838028 237.079722 150.426020 119.308952 119.216658 186.718783 153.940076 119.905951 166.056080
232.092341 56.033886 170.382758 137.838028 237.313806 150.445585 119.387206 119.328866 186.518791 153.858738 119.963674 165.847105
231.960219 56.029351 170.382758 137.838028 237.514805 150.462386 119.462772 119.437218 186.317780 153.776985 120.021930 165.636203
231.822100 56.024609 170.382758 137.838028 237.696272 150.477554 119.540454 119.548606 186.111679 153.694256 120.079120 165.429157
231.691577 56.020129 170.382758 137.838028 237.850833 150.490473 119.619337 119.661716 185.904172 153.617925 120.138122 165.215556
231.562538 56.008277 170.382758 137.838028 237.989848 150.502092 119.695474 119.770888 185.698637 153.542319 120.195765 165.006870
231.431894 56.012093 170.382758 137.838028 238.137722 150.513335 119.774587 119.884326 185.490943 153.465919 120.252742 164.800595
231.301849 56.015892 170.382758 137.838028 238.241662 150.520694 119.851296 119.994319 185.283812 153.389726 120.310480 164.587906
231.166807 56.019837 170.382758 137.838028 238.314380 150.525842 119.966262 120.147762 185.082876 153.315812 120.358684 164.388448
231.029665 56.023843 170.382758 137.838028 238.379317 150.530440 120.043452 120.254100 184.876501 153.242018 120.398901 164.222039
230.894523 56.027791 170.382235 137.842397 238.445651 150.535136 120.123637 120.364566 184.640216 153.165430 120.434044 164.076626
230.758682 56.031780 170.380880 137.853717 238.523556 150.540652 120.199593 120.469204 184.435442 153.090943 120.467308 163.938988
230.624040 56.035734 170.377208 137.884398 238.567047 150.543731 120.277135 120.576027 184.234710 153.017927 120.492679 163.834010
230.487199 56.039753 170.372003 137.927887 238.709826 150.553782 120.352562 120.679937 184.033606 152.944179 120.512412 163.752361
230.351057 56.043752 170.364600 137.989746 238.784638 150.559092 120.407076 120.755038 183.831432 152.869861 120.530571 163.677224
230.220813 56.047577 170.345557 138.180793 238.960149 150.603206 120.444496 120.806588 183.630854 152.796131 120.546803 163.610058
229.992017 56.056695 170.340462 138.270749 239.201966 150.790586 120.463940 120.833375 183.421801 152.720903 120.560710 163.552514
229.860844 56.062478 170.334954 138.367993 239.177987 150.919583 120.475513 120.849317 183.218496 152.654740 120.578394 163.461824
229.727973 56.068337 170.328354 138.484506 239.071883 151.029815 120.480506 120.856196 183.007204 152.585977 120.596742 163.396139
229.498804 56.087438 170.319376 138.607064 238.913339 151.159422 120.482092 120.858381 182.797242 152.517648 120.613234 163.337099
229.364482 56.102817 170.308026 138.737371 238.766227 151.276638 120.482445 120.858867 182.592333 152.451247 120.626363 163.290098
229.134225 56.129887 170.298036 138.867380 238.611372 151.400024 120.482562 120.859029 182.384557 152.385269 120.639358 163.243579
228.998695 56.146957 170.290054 138.989118 238.447211 151.530825 120.482562 120.859029 182.177353 152.319472 120.648962 163.209195
228.870111 56.163152 170.284054 139.080622 238.272960 151.669665 120.482562 120.859029 181.970628 152.265182 120.656173 163.183383
228.739047 56.179659 170.279755 139.146181 238.088073 151.816980 120.482562 120.859029 181.760971 152.225062 120.662280 163.161520
228.607883 56.196179 170.273259 139.213652 237.890485 151.964234 120.482562 120.859029 181.543307 152.190654 120.668118 163.140620
228.474933 56.212924 170.266168 139.276453 237.675505 152.110109 120.482562 120.859029 181.323676 152.161179 120.674682 163.117120
228.338908 56.230056 170.261219 139.320274 237.454567 152.260027 120.482562 120.859029 181.106027 152.131970 120.680655 163.095738
228.208935 56.246426 170.255328 139.372443 237.253902 152.396188 120.482562 120.859029 180.890262 152.103013 120.684852 163.080714
228.076977 56.263046 170.250290 139.417059 237.059323 152.506518 120.482562 120.859029 180.698382 152.077262 120.691067 163.058465
227.941150 56.280153 170.242963 139.481947 236.887240 152.598662 120.482562 120.859029 180.491933 152.049556 120.695640 163.042092
227.809557 56.270747 170.233537 139.565416 236.730144 152.682781 120.482562 120.859029 180.310360 152.025189 120.700887 163.023311
227.678744 56.260680 170.194448 139.772681 236.594911 152.755194 120.482562 120.859029 180.141772 152.002564 120.709550 162.992298
227.357411 56.303252 170.170303 139.886243 236.479337 152.817079 120.482562 120.859029 179.953956 151.977358 120.716841 162.966197
227.225974 56.309806 170.142352 140.017704 236.375928 152.872451 120.490023 120.869306 179.784079 151.954560 120.725261 162.936051
227.095473 56.314546 170.115045 140.146133 236.295000 152.915785 120.503240 120.887515 179.630852 151.933997 120.732095 162.911588
226.959205 56.317484 170.089976 140.273068 236.214336 152.958977 120.523331 120.915192 179.461867 151.911318 120.738618 162.891212
226.830725 56.338442 170.072219 140.370259 236.148924 152.994004 120.555698 120.959782 179.314588 151.891553 120.748522 162.861626
226.709184 56.374742 170.055809 140.460073 236.106167 153.016898 120.638994 121.073203 179.170182 151.872173 120.759126 162.829954
226.635633 56.477796 170.046158 140.512898 236.060678 153.041256 120.698973 121.153591 179.015568 151.851424 120.767602 162.804635
226.614805 56.604296 170.041341 140.539262 236.015189 153.065614 120.765475 121.240080 178.844799 151.828506 120.773380 162.787376
226.604143 56.734308 170.038861 140.552837 235.935449 153.139025 120.842096 121.339728 178.656487 151.803234 120.781380 162.763480
226.598445 56.871490 170.037387 140.560903 235.847322 153.173961 120.916095 121.435967 178.448972 151.788775 120.792649 162.729816
226.597181 57.004453 170.036380 140.566412 235.743762 153.215014 120.993264 121.536329 178.237582 151.787747 120.802999 162.698902
226.597886 57.137651 170.036273 140.567002 235.621517 153.263476 121.068422 121.634075 178.021104 151.784679 120.810459 162.676618
226.598575 57.267749 170.036219 140.567298 235.488954 153.316027 121.144706 121.739826 177.806013 151.789787 120.821126 162.644756
226.599248 57.394947 170.036219 140.567298 235.342632 153.374033 121.220133 121.845092 177.627955 151.771828 120.828554 162.622567
226.597902 57.490182 170.036219 140.567298 235.178926 153.438930 121.293463 121.947432 177.424877 151.788970 120.837253 162.596584
226.580634 57.584108 170.036219 140.567298 234.999882 153.509908 121.368249 122.051804 177.210891 151.804985 120.847729 162.565291
226.567743 57.654233 170.036219 140.567298 234.804755 153.587261 121.443993 122.159408 176.992636 151.821681 120.857634 162.535705
226.559932 57.696721 170.036219 140.567298 234.598162 153.667749 121.575170 122.347115 176.524415 151.833816 120.866999 162.507731
226.600353 57.782896 170.036219 140.567298 234.369386 153.725282 121.652195 122.452954 176.306047 151.818623 120.877697 162.475774
226.599195 57.855087 170.036219 140.567298 234.131590 153.785084 121.731221 122.561542 176.092961 151.798867 120.889221 162.441352
226.597827 57.940376 170.036219 140.567298 233.879344 153.848520 121.804657 122.662450 175.873834 151.770660 120.902559 162.410623
226.596120 58.046762 170.036219 140.567298 233.615752 153.914809 121.883094 122.770229 175.655374 151.731868 120.919487 162.382880
226.594210 58.165847 170.036219 140.567298 233.350026 153.981635 121.959001 122.874532 175.439106 151.685415 120.934592 162.358124
226.591160 58.300112 170.036219 140.567298 233.078344 154.024678 122.037439 122.982312 175.230420 151.639875 120.947926 162.336271
226.587778 58.448774 170.036219 140.567298 232.806351 154.051371 122.094626 123.095910 175.018840 151.589910 120.962042 162.313138
226.584949 58.611746 170.036219 140.567298 232.530974 154.078395 122.271814 123.333225 174.806967 151.539876 120.972928 162.295297
226.583406 58.787739 170.036219 140.567298 232.269218 154.137181 122.392350 123.385613 174.598931 151.482561 120.985585 162.274553
226.582194 58.974434 170.036219 140.567298 231.999721 154.163714 122.467566 123.497477 174.393574 151.422713 120.998503 162.253383
226.581612 59.177833 170.036219 140.567298 231.723974 154.172581 122.540550 123.606022 174.179276 151.379834 121.006159 162.240835
226.580989 59.395433 170.036219 140.567298 231.452612 154.151237 122.616157 123.718467 173.966249 151.344230 121.016420 162.224018
226.547329 59.625832 170.036219 140.567298 231.180353 154.129822 122.691205 123.830082 173.754404 151.311232 121.024442 162.210872
226.546636 59.868231 170.036219 140.567298 230.906499 154.108282 122.763799 123.938046 173.536408 151.278103 121.037203 162.189958
226.545915 60.120030 170.036219 140.567298 230.631448 154.086648 122.836057 124.045512 173.318433 151.245500 121.056162 162.158885
226.545150 60.387428 170.036219 140.567298 230.364672 154.065665 122.971363 124.244467 173.100805 151.216013 121.067934 162.139593
226.544363 60.662427 170.036219 140.567298 230.095379 154.008986 123.049966 124.356676 172.879405 151.198387 121.078247 162.122691
226.541118 60.934798 170.036219 140.567298 229.826914 153.950791 123.127765 124.467737 172.666280 151.181419 121.091634 162.100753
226.535627 61.211844 170.036219 140.567298 229.559231 153.892766 123.206539 124.580191 172.447572 151.164007 121.099603 162.087692
226.530260 61.482591 170.036219 140.567298 229.289495 153.834296 123.284396 124.691334 172.176136 151.175513 121.116687 162.059693
226.524769 61.759636 170.036219 140.567298 229.027116 153.763104 123.360187 124.799529 171.955411 151.158229 121.129344 162.038949
226.519299 62.035582 170.036219 140.567298 228.769234 153.675674 123.484848 124.989721 171.742164 151.141531 121.144866 162.013511
226.520758 62.306358 170.036219 140.567298 228.507090 153.586798 123.554877 125.098891 171.524530 151.124489 121.162992 161.983804
226.523585 62.559843 170.036219 140.567298 228.251292 153.500073 123.628295 125.209030 171.310067 151.107952 121.175024 161.964085
226.525963 62.773029 170.036219 140.567298 227.990190 153.411551 123.704208 125.316037 171.093296 151.091425 121.187580 161.943397
226.527899 62.946619 170.036219 140.567298 227.727764 153.326428 123.782783 125.426797 170.846577 151.072664 121.199553 161.923642
226.529639 63.102609 170.031354 140.755857 227.465335 153.243567 123.858626 125.532501 170.632387 151.056484 121.212251 161.902690
226.531009 63.225401 170.040333 140.792678 227.205957 153.161670 123.937582 125.641016 170.412054 151.040801 121.223602 161.883961
226.532028 63.316796 170.054690 140.851553 226.947533 153.080074 124.013892 125.745892 170.196526 151.029985 121.237336 161.861298
226.532635 63.371192 170.072647 140.925195 226.684722 152.997093 124.093731 125.855619 169.976103 151.018924 121.251278 161.838293
226.390362 63.462734 170.095983 141.020891 226.426203 152.915467 124.172806 125.964296 169.760075 151.008083 121.260867 161.822471
226.298086 63.435185 170.124388 141.137377 226.155958 152.855692 124.338305 126.206570 169.546743 150.997377 121.272269 161.803657
226.099273 63.365150 170.157271 141.272226 225.887287 152.801409 124.417958 126.317665 169.327919 150.986396 121.285537 161.781764
226.005686 63.276282 170.188400 141.399885 225.618521 152.747090 124.487065 126.414051 169.106098 150.975265 121.296422 161.763804
225.997441 63.137017 170.218843 141.524727 225.355738 152.693963 124.549995 126.501823 168.887855 150.948684 121.304611 161.750292
225.999811 62.981735 170.250162 141.653164 225.087692 152.643540 124.603194 126.576022 168.675773 150.907729 121.310364 161.740799
226.002471 62.807456 170.283501 141.785114 224.814675 152.615052 124.658783 126.653553 168.460059 150.866072 121.322440 161.720873
226.005321 62.620777 170.315830 141.910204 224.542652 152.586668 124.718916 126.737423 168.250431 150.825591 121.330318 161.707874
226.008349 62.422400 170.348759 142.037618 224.273115 152.558543 124.780914 126.823894 168.037564 150.784484 121.335967 161.698552
226.011648 62.206226 170.382238 142.167161 224.000711 152.531232 124.849205 126.919142 167.821302 150.735524 121.339699 161.692395
226.014971 61.988551 170.416968 142.301546 223.731092 152.518908 124.920293 127.018291 167.614070 150.684587 121.349546 161.676146
226.018330 61.768477 170.450273 142.430412 223.453882 152.506237 124.993886 127.120935 167.401401 150.632312 121.353693 161.669304
226.021663 61.550102 170.516149 142.652317 223.178669 152.493657 125.069810 127.226829 167.163705 150.552413 121.361208 161.656904
225.978736 61.341263 170.560842 142.777583 222.908052 152.481287 125.146142 127.333292 166.953396 150.491690 121.371056 161.640655
225.906810 61.138756 170.605636 142.903131 222.632540 152.476739 125.218162 127.433742 166.702129 150.437184 121.374114 161.635609
225.795686 60.954584 170.652279 143.033859 222.362000 152.482442 125.291522 127.536060 166.495314 150.361294 121.380489 161.625090
225.681151 60.764761 170.696334 143.157336 222.085162 152.488278 125.432989 127.621706 166.294506 150.287608 121.386345 161.615427
225.566978 60.575538 170.740187 143.280247 221.810223 152.494073 125.522030 127.643849 166.092760 150.213578 121.392928 161.604566
225.452547 60.385886 170.784208 143.403629 221.536984 152.499833 125.574580 127.651470 165.888197 150.138515 121.399924 161.593020
225.339045 60.197776 170.849476 143.623127 221.260845 152.505654 125.601011 127.655196 165.686545 150.064519 121.404693 161.585152
225.222625 60.010967 170.881695 143.751340 220.984792 152.532585 125.711501 127.608839 165.482185 149.991843 121.409150 161.577798
225.096409 59.830408 170.914913 143.883531 220.717819 152.562104 125.752834 127.560764 165.280036 149.920407 121.413452 161.570699
224.973918 59.655175 170.948350 144.016594 220.446075 152.592151 125.807467 127.497221 165.072575 149.849325 121.418162 161.562454
224.849937 59.477812 170.981129 144.147038 220.180493 152.621517 125.870705 127.423669 164.861531 149.790877 121.420347 161.558293
224.737262 59.296376 171.022141 144.350098 219.905569 152.651916 125.948251 127.335402 164.643324 149.755230 121.423044 161.553158
224.622642 59.110118 171.024792 144.486672 219.634142 152.682061 126.039516 127.233897 164.426046 149.732797 121.427926 161.543862
224.508808 58.925138 171.027417 144.621846 219.367123 152.728922 126.130713 127.132468 164.188374 149.688839 121.431413 161.537222
224.395184 58.740498 171.029954 144.752522 219.100891 152.775645 126.218337 127.034818 163.968455 149.697777 121.435179 161.530051
224.281717 58.556114 171.032497 144.883497 218.832986 152.822661 126.307618 126.934760 163.753833 149.706500 121.442990 161.515177
224.168826 58.372667 171.035039 145.014472 218.566164 152.869488 126.396700 126.834925 163.532195 149.718419 121.448894 161.503933
224.055934 58.185387 171.031461 145.210221 218.293252 152.921279 126.486380 126.734419 163.313941 149.736482 121.453497 161.495168
223.946795 57.993446 171.025674 145.347099 218.023044 152.978964 126.575806 126.634624 163.097979 149.754356 121.458379 161.485872
223.819744 57.818898 171.020153 145.477682 217.757827 153.036092 126.665266 126.534860 162.881645 149.793343 121.462610 161.477815
223.639272 57.718380 171.014285 145.616458 217.492580 153.098415 126.753524 126.436435 162.673350 149.842859 121.467585 161.468342
223.461217 57.819079 171.008519 145.752836 217.226999 153.164167 126.845520 126.333842 162.458669 149.896038 121.471025 161.461791
223.369018 58.016810 171.001971 145.890165 216.962097 153.229751 126.937050 126.231769 162.259554 149.941276 121.478418 161.447714
223.299005 58.225162 170.991609 146.085463 216.693409 153.296273 127.024176 126.134613 162.063614 150.036378 121.483113 161.438772
223.228864 58.433892 170.987817 146.214207 216.424624 153.362818 127.113041 126.035524 161.865515 150.132528 121.491017 161.423721
223.159838 58.639304 170.984021 146.343052 216.157198 153.429027 127.205311 125.932638 161.670298 150.230249 121.495527 161.415133
223.081916 58.843184 170.980029 146.478593 215.892634 153.460535 127.296846 125.830572 161.479655 150.342432 121.501432 161.403889
222.997526 59.045163 170.976224 146.607737 215.628316 153.525981 127.382974 125.734535 161.020511 150.631415 121.509615 161.388307
222.913791 59.245573 170.972947 146.718989 215.364580 153.591282 127.559884 125.535667 160.849397 150.762225 121.516914 161.374407
222.804529 59.424148 170.969694 146.829441 215.012730 153.681622 127.648931 125.434999 160.680218 150.901528 121.522075 161.364580
222.647230 59.568802 170.967371 146.908306 214.746155 153.749980 127.737516 125.334857 160.531677 151.058621 121.526724 161.355726
222.464006 59.683511 170.964856 146.993669 214.479871 153.818263 127.829085 125.231347 160.379014 151.220073 121.532675 161.344394
222.269498 59.772799 170.963069 147.054343 214.216201 153.885875 127.915619 125.133530 160.238914 151.383353 121.539742 161.330937
222.059600 59.829032 170.962312 147.080032 213.949917 153.954157 128.002021 125.035862 160.113586 151.556043 121.548530 161.314204
221.847920 59.845275 171.047374 147.189546 213.684891 154.022117 128.090813 124.935503 159.997834 151.743716 121.553272 161.305173
221.633593 59.850878 171.108298 147.221076 213.434590 154.086302 128.180469 124.834173 159.884618 151.925197 121.559270 161.293752
221.415068 59.856591 171.185654 147.261108 213.223131 154.140526 128.268933 124.734191 159.768438 152.111430 121.563966 161.284810
221.201754 59.865353 171.279261 147.309552 213.014515 154.194027 128.356801 124.634883 159.651729 152.298511 121.577495 161.259047
220.984576 59.875172 171.452526 147.386481 212.801220 154.248738 128.440411 124.548984 159.528943 152.494433 121.584469 161.245766
220.765296 59.885002 171.630202 147.465858 212.586472 154.303823 128.509541 124.488430 159.412780 152.675351 121.596232 161.223367
220.545013 59.894765 171.746851 147.530783 212.373662 154.358410 128.548431 124.454365 159.294510 152.859550 121.601625 161.213097
220.325628 59.904489 171.837907 147.623918 212.161239 154.412898 128.691438 124.458144 159.174997 153.045684 121.612644 161.192115
220.107742 59.914146 171.930751 147.725610 211.954531 154.465920 128.747142 124.526914 159.053550 153.264363 121.618037 161.181845
219.892970 59.934779 172.019617 147.822945 211.746079 154.519389 128.816756 124.612857 158.949573 153.459188 121.626499 161.165731
219.679106 59.956853 172.101331 147.924959 211.538209 154.572710 128.898458 124.714232 158.840002 153.652434 121.637332 161.145103
219.470628 60.018047 172.245994 148.143423 211.329273 154.626303 128.981178 124.817355 158.713059 153.831013 121.644120 161.132177
219.278419 60.119871 172.322784 148.258085 211.118787 154.680294 129.065024 124.921881 158.590046 154.005510 121.650722 161.119605
219.105159 60.248269 172.395679 148.366930 210.909076 154.734087 129.146376 125.033289 158.465321 154.183695 121.655046 161.111371
219.021799 60.447319 172.469097 148.477110 210.696943 154.788498 129.223275 125.142294 158.334493 154.359443 121.661602 161.098888
218.938448 60.652516 172.542448 148.587454 210.487618 154.842184 129.298329 125.248684 158.199577 154.528892 121.667925 161.086847
218.861539 60.855074 172.614527 148.695882 210.281964 154.929031 129.374364 125.356464 158.058461 154.693954 121.678665 161.066396
218.794102 61.062802 172.689465 148.807812 210.068377 154.983810 129.449797 125.463685 157.909544 154.855755 121.682431 161.059224
218.717004 61.261179 172.764365 148.919286 209.860698 155.037074 129.522919 125.574301 157.763674 155.014245 121.687313 161.049928
218.614481 61.457637 172.841384 149.033914 209.653123 155.090338 129.597750 125.687504 157.614824 155.175972 121.698657 161.028326
218.496358 61.639806 172.913273 149.140906 209.443999 155.144002 129.673354 125.802889 157.464823 155.338951 121.703725 161.018675
218.366776 61.813120 172.990515 149.255867 209.235069 155.197617 129.748644 125.919257 157.314415 155.502370 121.713256 161.000526
218.237888 61.986323 173.064244 149.365598 209.021295 155.252474 129.821864 126.031182 157.169019 155.660345 121.719951 160.987777
218.107859 62.165146 173.141040 149.479894 208.818370 155.304548 129.910379 126.129511 157.021518 155.820867 121.723857 160.980340
217.980183 62.340735 173.263141 149.641234 208.632008 155.352371 129.973202 126.199300 156.872843 155.983840 121.729482 160.969627
217.850155 62.519558 173.352915 149.746173 208.456204 155.397485 130.017158 126.248129 156.725589 156.143072 121.735248 160.958649
217.720950 62.697249 173.439634 149.847540 208.239311 155.453123 130.042983 126.276818 156.571838 156.302240 121.746545 160.937135
217.595273 62.870088 173.524858 149.947160 208.076293 155.494955 130.128644 126.294162 156.417601 156.461911 121.753705 160.923501
217.468126 63.044948 173.609437 150.024871 207.912015 155.537110 130.202100 126.282000 156.268227 156.616547 121.757797 160.915710
217.339451 63.221911 173.671883 150.074629 207.744251 155.580160 130.294862 126.280755 156.119825 156.770176 121.763190 160.905440
217.192984 63.379786 173.709779 150.079445 207.567575 155.625497 130.512818 126.205357 155.969002 156.927026 121.772117 160.888441
217.024933 63.511471 173.797823 150.103328 207.380051 155.673618 130.615195 126.128527 155.820361 157.082229 121.781276 160.871000
216.851057 63.647721 174.010518 150.171698 207.180118 155.724881 130.719252 126.050436 155.671582 157.237576 121.789645 160.855064
216.682290 63.779952 174.136360 150.200543 206.971756 155.778298 130.825389 125.970785 155.541132 157.373785 121.792620 160.849398
216.514225 63.911620 174.473023 150.287642 206.764666 155.831442 130.933777 125.889137 155.418083 157.502266 121.800478 160.834435
216.345373 64.043904 174.555622 150.329721 206.554482 155.885402 131.037688 125.810852 155.307967 157.617240 121.804523 160.826733
216.172936 64.182571 174.604522 150.355545 206.341780 155.940010 131.145114 125.729920 155.200000 157.728033 121.810334 160.815666
216.002988 64.324003 174.632525 150.372767 206.136924 155.992603 131.248945 125.651695 155.090916 157.839973 121.818285 160.800526
215.833809 64.464796 174.717188 150.469554 205.928774 156.046041 131.356929 125.570342 154.983368 157.950337 121.823399 160.790788
215.665782 64.604628 174.751549 150.528813 205.701209 156.095072 131.466551 125.497763 154.888731 158.047451 121.827956 160.782111
215.546008 64.782209 174.792295 150.602412 205.516712 156.164986 131.577740 125.425333 154.803237 158.135184 121.833581 160.771399
215.457648 64.985649 174.834509 150.697897 205.331747 156.235077 131.688595 125.353121 154.706786 158.234161 121.841067 160.757145
215.369567 65.188447 174.884475 150.866892 205.150683 156.294273 131.801041 125.279872 154.601541 158.342161 121.848320 160.743333
215.281088 65.392162 174.901856 150.996074 204.928289 156.346845 131.911141 125.208151 154.483105 158.463698 121.854410 160.731735
215.193804 65.593125 174.946977 151.125126 204.725194 156.410039 132.103582 125.077520 154.359139 158.592391 121.860547 160.720049
215.108273 65.790053 174.945546 151.255452 204.517801 156.474570 132.207872 125.002106 154.242835 158.718701 121.866499 160.708716
214.946042 66.072207 174.933068 151.389688 204.306781 156.540230 132.312080 124.926750 154.128563 158.842804 121.871985 160.698269
214.830352 66.259685 174.908092 151.518200 204.093770 156.600121 132.424068 124.845769 154.014156 158.967055 121.878866 160.685166
214.715502 66.445801 174.872336 151.643989 203.884114 156.656870 132.528844 124.770002 153.906657 159.083802 121.887560 160.668610
214.586374 66.622034 174.830045 151.770929 203.675810 156.713253 132.616927 124.706307 153.809387 159.189440 121.896719 160.651169
214.455640 66.799474 174.758947 151.940844 203.466541 156.769897 132.690100 124.653394 153.708866 159.298610 121.906994 160.631603
214.313131 66.958600 174.736402 151.994283 203.259381 156.822666 132.737261 124.619290 153.608141 159.408000 121.917455 160.611682
214.153723 67.102422 174.725130 152.021003 203.048570 156.872839 132.769999 124.595617 153.510939 159.513565 121.925499 160.596366
213.984919 67.244869 174.616349 152.187169 202.832407 156.924286 132.792121 124.579620 153.408047 159.625309 121.931729 160.584502
213.801480 67.359291 174.617019 152.257306 202.621463 156.972916 132.908620 124.496337 153.294723 159.748383 121.944561 160.560067
213.618889 67.473184 174.576942 152.327581 202.412196 157.014714 132.959525 124.460421 153.179960 159.870932 121.957858 160.534746
213.440215 67.596121 174.526115 152.416707 202.201730 157.055570 133.022197 124.416204 153.059188 159.998406 121.965530 160.520138
213.270078 67.724767 174.478905 152.499492 201.991524 157.094610 133.095490 124.364492 152.928857 160.135970 121.980082 160.492426
213.098105 67.854801 174.445714 152.557693 201.776847 157.133083 133.180877 124.304248 152.791716 160.280721 121.992225 160.470465
212.926452 67.984594 174.429366 152.586359 201.562350 157.170872 133.275824 124.237259 152.647079 160.433385 122.004264 160.449587
212.798381 68.157009 174.383005 152.673173 201.351497 157.208018 133.381720 124.162545 152.499209 160.589461 122.011508 160.437026
212.677942 68.342188 174.365665 152.741198 201.138762 157.242131 133.461796 124.106048 152.347832 160.749238 122.021100 160.420394
212.560120 68.523343 174.343114 152.829669 200.924490 157.270180 133.575868 124.109490 152.195492 160.910032 122.032190 160.401162
212.439954 68.708103 174.303488 152.982607 200.704170 157.299020 133.601758 124.146906 152.049479 161.064148 122.037935 160.391200
212.315509 68.887511 174.273475 153.106010 200.458606 157.348049 133.685353 124.239001 151.902229 161.219570 122.045928 160.377340
212.186441 69.035945 174.240863 153.240101 200.242924 157.395310 133.744312 124.290980 151.745293 161.375451 122.055020 160.361573
212.087819 69.149364 174.208463 153.373318 200.026655 157.442699 133.804021 124.343620 151.592725 161.526654 122.064561 160.345028
211.999631 69.250784 174.180446 153.503038 199.814098 157.489275 133.864780 124.397186 151.423268 161.695535 122.082496 160.313928
211.913978 69.358062 174.158235 153.639442 199.604764 157.535145 133.926439 124.451546 151.269614 161.849048 122.099331 160.284734
211.833274 69.459339 174.141907 153.739721 199.394845 157.581142 133.980372 124.499094 151.113130 162.005388 122.116066 160.255714
211.751449 69.562024 174.129452 153.816214 199.185121 157.627098 134.040531 124.552132 150.956075 162.154826 122.135599 160.221843
211.665385 69.670028 174.202516 153.832883 198.972076 157.673781 134.094539 124.599746 150.797892 162.304251 122.156231 160.186065
211.581316 69.775528 174.266982 153.787046 198.756979 157.720913 134.155448 124.653445 150.638197 162.454986 122.181708 160.141885
211.445472 69.954608 174.329002 153.742948 198.544939 157.773232 134.217408 124.708069 150.472788 162.600492 122.208784 160.094933
211.368231 70.066058 174.396565 153.694909 198.335731 157.824925 134.278767 124.762164 150.321721 162.733383 122.231265 160.055950
211.293610 70.173728 174.461927 153.648435 198.130259 157.906761 134.338551 124.814871 150.170503 162.866406 122.260139 160.005879
211.217052 70.284192 174.529489 153.600396 197.931852 157.992399 134.399235 124.868371 150.040233 162.981002 122.294059 159.947059
211.142374 70.391943 174.570891 153.570959 197.734088 158.077759 134.460819 124.922664 149.907980 163.095442 122.331326 159.882434
211.065361 70.503065 174.592977 153.555255 197.547949 158.186473 134.522253 124.976826 149.786373 163.198650 122.366496 159.821448
210.986924 70.616241 174.656483 153.478705 197.361939 158.307653 134.554508 125.005262 149.662416 163.301321 122.401065 159.761502
210.908486 70.729417 174.685954 153.426242 197.191051 158.439703 134.646156 125.082310 149.530976 163.400068 122.434685 159.703201
210.829764 70.843005 174.744163 153.380875 197.030895 158.583293 134.701234 125.126318 149.398497 163.499596 122.463110 159.653910
210.753947 70.952400 174.804738 153.333664 196.867686 158.729620 134.762717 125.175445 149.267857 163.597742 122.485541 159.615014
210.676877 71.063604 174.868310 153.284116 196.726184 158.892747 134.826779 125.226632 149.137217 163.695889 122.510319 159.572047
210.602313 71.171191 174.929201 153.236659 196.585223 159.056543 134.888419 125.275884 149.023211 163.822575 122.527454 159.542333
210.527122 71.279683 174.988356 153.190554 196.463403 159.232767 134.950293 125.325323 148.893673 163.913041 122.549285 159.504477
210.448457 71.393188 175.050351 153.142236 196.345869 159.415181 135.013964 125.376198 148.758863 164.007134 122.563972 159.479008
210.371387 71.504391 175.127154 153.041830 196.227955 159.598182 135.070135 125.421080 148.629087 164.096023 122.579558 159.451980
210.295114 71.614444 175.182363 152.989158 196.120983 159.788276 135.129744 125.468709 148.494773 164.188021 122.595894 159.423653
