168.182724 166.235547 113.805200 124.768000 221.127598 119.555456 207.333483 113.303568 122.261673 123.226761 124.135292 155.840311
168.165804 166.180802 113.816000 124.751286 220.832576 119.690808 207.272372 113.422148 122.239619 123.243189 124.113208 155.811250
168.143599 166.108956 113.836733 124.719202 220.582016 119.814888 207.212865 113.537615 122.037834 123.223203 124.101712 155.796123
168.131049 166.068351 113.870545 124.666875 220.348769 119.938268 207.152393 113.654949 121.971250 123.188685 124.089913 155.780597
168.084714 165.920393 113.912824 124.601447 220.118293 120.079679 207.093525 113.769172 121.892680 123.147954 124.080414 155.768097
168.062206 165.850005 113.952064 124.540722 219.883555 120.223704 207.030625 113.891217 121.826879 123.069928 124.071399 155.756234
168.037474 165.772662 113.994451 124.475125 219.656239 120.376343 206.968184 114.012373 121.742004 123.003642 124.062142 155.744052
168.015514 165.703988 114.035862 124.411041 219.432775 120.531766 206.938392 114.142130 121.666158 122.891963 124.047560 155.724864
167.991422 165.628646 114.078467 124.345108 219.209639 120.686962 206.878241 114.258841 121.590199 122.780118 124.024689 155.694768
167.968732 165.557686 114.119226 124.282031 218.981577 120.845583 206.818136 114.375464 121.513341 122.666949 123.993469 155.653685
167.946498 165.488154 114.166306 124.214020 218.765954 121.014273 206.758627 114.490931 121.438000 122.556015 123.946753 155.592665
167.934010 165.449102 114.215091 124.152265 218.553812 121.181615 206.699484 114.605687 121.364625 122.447975 123.887823 155.522799
168.004092 165.334353 114.266170 124.087607 218.341590 121.349019 206.639837 114.721420 121.309790 122.367235 123.816385 155.438104
168.088668 165.332318 114.317683 124.022399 218.127720 121.517724 206.577533 114.842310 121.264507 122.300558 123.735406 155.342096
168.189639 165.329889 114.366035 123.961193 217.913065 121.687048 206.515595 114.962488 121.153608 122.290717 123.642176 155.231564
168.308704 165.327025 114.413023 123.901714 217.700776 121.858186 206.455442 115.079198 121.082789 122.325272 123.525191 155.096736
168.483042 165.257067 114.452882 123.851259 217.488873 122.033777 206.394373 115.197686 121.009453 122.361055 123.422533 154.971286
168.602965 165.201911 114.472408 123.826541 217.277046 122.209303 206.334983 115.312990 120.942498 122.393724 123.310969 154.834905
168.721527 165.147381 114.472255 123.746182 217.067838 122.382661 206.274135 115.431142 120.867994 122.430077 123.209462 154.702170
168.845425 165.090336 114.419016 123.703079 216.854510 122.553484 206.214561 115.546688 120.802477 122.462045 123.097025 154.554132
168.964407 165.035524 114.358549 123.654124 216.641948 122.722713 206.151273 115.669433 120.731478 122.496688 122.990798 154.410432
169.168592 164.926063 114.296216 123.603659 216.428525 122.892626 206.091060 115.786225 120.664792 122.529225 122.867058 154.257651
169.283442 164.860797 114.231863 123.551559 216.194255 123.033987 206.031038 115.907910 120.592984 122.564263 122.673245 154.016234
169.397945 164.795728 114.170774 123.502101 215.954387 123.159454 205.971843 116.032237 120.520727 122.599520 122.559446 153.871022
169.517752 164.727645 114.125229 123.465227 215.696269 123.260557 205.915958 116.149612 120.451525 122.633285 122.443059 153.720209
169.630429 164.663614 114.098338 123.443456 215.435367 123.344421 205.857055 116.272301 120.386548 122.664990 122.329360 153.572880
169.733021 164.605313 114.008512 123.446560 215.163094 123.386459 205.796794 116.392882 120.321300 122.696826 122.186161 153.446203
169.886298 164.505639 113.959404 123.491103 214.889238 123.428740 205.736355 116.513821 120.252099 122.730592 122.063819 153.296158
169.944484 164.465832 113.898001 123.546798 214.617115 123.427267 205.675290 116.636012 120.184964 122.763349 121.945268 153.150764
169.988475 164.435736 113.840967 123.598530 214.342493 123.400748 205.614135 116.759051 120.135085 122.787687 121.824632 153.002813
170.042961 164.354841 113.779415 123.654360 214.067419 123.372519 205.554570 116.878974 120.109561 122.800141 121.702605 152.853156
170.047858 164.318873 113.721937 123.706495 213.800360 123.318338 205.494473 116.999970 119.927499 122.855228 121.585508 152.709544
170.093914 164.161974 113.666977 123.756345 213.531928 123.263878 205.435175 117.119355 119.904169 122.924716 121.462723 152.558957
170.123081 164.090280 113.609129 123.808816 213.266829 123.210095 205.374946 117.242071 119.874282 123.013733 121.342972 152.412091
170.156846 164.007285 113.553725 123.859069 212.996830 123.155317 205.318459 117.357601 119.838698 123.119719 121.226385 152.268069
170.198072 163.905950 113.494691 123.912615 212.729084 123.100997 205.259774 117.477622 119.796239 123.246182 121.108670 152.119437
170.246194 163.787664 113.439139 123.963003 212.459770 123.043633 205.202716 117.594320 119.754131 123.371601 120.988286 151.967434
170.297142 163.662431 113.380846 124.015877 212.191088 122.977085 205.143812 117.714790 119.712309 123.496168 120.869889 151.817940
170.347261 163.539236 113.321294 124.069893 211.925125 122.911211 205.085611 117.833824 119.668990 123.625190 120.751057 151.667897
170.396815 163.417430 113.267371 124.118803 211.661394 122.845889 205.025371 117.952839 119.625831 123.753739 120.630859 151.516129
170.445879 163.296829 113.207745 124.172886 211.396304 122.780233 204.965627 118.068635 119.590502 123.858966 120.512275 151.366400
170.494906 163.176320 113.148712 124.226431 211.129659 122.714198 204.887724 118.147748 119.567236 123.928265 120.403315 151.228821
170.596506 162.966219 113.092789 124.277155 210.867091 122.649173 204.841688 118.236971 119.553772 123.968365 120.317016 151.119856
170.657787 162.847840 113.041755 124.323445 210.599749 122.583040 204.811655 118.295180 119.448833 124.227027 120.241768 151.024844
170.717092 162.733280 113.018127 124.344877 210.335350 122.517922 204.796478 118.324596 119.414295 124.299409 120.187070 150.955780
170.778511 162.614635 113.005165 124.356634 210.065999 122.451584 204.788637 118.339792 119.379497 124.372332 120.148701 150.907334
170.833678 162.508068 113.001461 124.359993 209.796745 122.385269 204.786023 118.344857 119.347629 124.439118 120.121508 150.872998
170.872893 162.432316 113.000202 124.361135 209.518481 122.314548 204.785840 118.345213 119.314985 124.507529 120.103813 150.850656
170.913395 162.354078 112.882517 124.408970 209.256495 122.247217 204.785840 118.345213 119.280747 124.579279 120.098474 150.843914
170.941714 162.299373 112.851681 124.395375 208.994024 122.179761 204.785840 118.345213 119.249309 124.645162 120.094500 150.838897
170.955919 162.271932 112.804924 124.374759 208.730973 122.112156 204.785840 118.345213 119.217699 124.711407 120.093259 150.837329
171.018969 162.126694 112.739318 124.345833 208.468309 122.044650 204.785840 118.345213 119.186691 124.776388 120.093072 150.837094
170.998407 162.070753 112.653673 124.308072 208.202061 121.976223 204.785840 118.345213 119.153660 124.845611 120.092948 150.836937
170.975147 161.993377 112.548263 124.261597 207.937169 121.908145 204.785840 118.345213 119.119939 124.916278 120.092948 150.836937
170.946113 161.896326 112.426750 124.208021 207.670631 121.839644 204.782905 118.350900 119.085271 124.988930 120.092948 150.836937
170.890463 161.795068 112.290048 124.147748 207.404093 121.771142 204.777266 118.361831 119.051249 125.060229 120.092948 150.836937
170.858130 161.667812 112.166979 124.093487 207.135811 121.702193 204.766444 118.382804 119.016538 125.132971 120.092948 150.836937
170.822767 161.528634 111.900653 123.986975 206.868402 121.633467 204.749250 118.416130 118.982516 125.204270 120.092948 150.836937
170.666759 161.190981 111.772654 123.934337 206.605737 121.565962 204.734990 118.443768 118.947072 125.278547 120.092948 150.836937
170.599609 161.026191 111.645488 123.882041 206.336875 121.496863 204.713164 118.486069 118.920113 125.335045 120.092948 150.836937
170.527330 160.844113 111.502506 123.823241 206.069659 121.428187 204.693998 118.523216 118.905988 125.364647 120.092948 150.836937
170.447090 160.651155 111.333117 123.789339 205.803314 121.359736 204.614589 118.677973 118.832324 125.513307 120.092948 150.836937
170.358603 160.446572 111.164048 123.719830 205.537648 121.291458 204.574085 118.757335 118.801678 125.573224 120.092948 150.836937
170.263169 160.225926 110.928744 123.610924 205.271593 121.225226 204.524989 118.853531 118.768026 125.639017 120.092948 150.836937
170.163765 159.996103 110.739706 123.519696 205.004456 121.165651 204.468848 118.963532 118.730639 125.712111 120.092948 150.836937
170.014441 159.643383 110.470086 123.402207 204.740930 121.106880 204.407069 119.084578 118.693617 125.784492 120.092948 150.836937
169.906852 159.394714 110.270262 123.340617 204.472621 121.047044 204.336653 119.222548 118.656596 125.856874 120.092948 150.836937
169.792779 159.148341 110.086865 123.286350 204.206752 120.987751 204.258282 119.376105 118.621896 125.924715 120.092948 150.836937
169.669001 158.907053 109.949604 123.251567 203.937858 120.927783 204.172910 119.543378 118.589064 125.988905 120.092948 150.836937
169.531931 158.666344 109.815639 123.217618 203.645362 120.843330 204.084674 119.716263 118.552588 126.060218 120.092948 150.836937
169.396939 158.429285 109.682546 123.183890 203.364204 120.772678 203.996711 119.888614 118.515202 126.133312 120.092948 150.836937
169.217725 158.223101 109.617253 123.334847 203.069176 120.698540 203.911339 120.055888 118.484464 126.193407 120.092948 150.836937
169.024057 158.025336 109.613254 123.468287 202.763480 120.621722 203.826740 120.221647 118.471759 126.218247 120.092948 150.836937
168.833196 157.830982 109.593697 123.592722 202.444691 120.541613 203.742413 120.386872 118.465338 126.230800 120.092948 150.836937
168.639103 157.634055 109.538767 123.719427 202.127939 120.462017 203.656164 120.556504 118.462606 126.236142 120.092948 150.836937
168.448591 157.440760 109.483638 123.846592 201.810993 120.382371 203.580507 120.705496 118.461513 126.238278 120.092948 150.836937
168.257608 157.246946 109.380337 124.057956 201.490610 120.298080 203.510646 120.843075 118.408646 126.343004 120.092948 150.836937
168.068102 157.054624 109.319296 124.177021 201.172435 120.211670 203.450655 120.961216 118.391918 126.376454 120.092948 150.836937
167.878385 156.862089 109.259531 124.293594 200.856962 120.125994 203.389824 121.079555 118.368212 126.423857 120.092948 150.836937
167.701110 156.650350 109.189056 124.396925 200.535951 120.039758 203.326337 121.201746 118.336143 126.487985 120.092948 150.836937
167.529393 156.439664 109.070025 124.465558 200.212828 119.958433 203.264970 121.319855 118.300629 126.559000 120.092948 150.836937
167.358687 156.230219 108.952554 124.533291 199.892323 119.877768 203.201252 121.442490 118.267843 126.624560 120.092948 150.836937
167.219140 155.998258 108.817601 124.843237 199.569588 119.796541 203.138871 121.562551 118.235147 126.689940 120.092948 150.836937
167.081653 155.761480 108.794341 124.970732 199.250247 119.716168 203.078565 121.678619 118.211173 126.737879 120.092948 150.836937
166.944668 155.524995 108.749420 125.095838 198.929936 119.635552 203.016507 121.798059 118.191448 126.777322 120.092948 150.836937
166.814488 155.284008 108.692182 125.219537 198.611564 119.555423 202.952881 121.920517 118.182323 126.795568 120.092948 150.836937
166.683311 155.041174 108.635910 125.341149 198.289146 119.472163 202.891837 122.038005 118.172618 126.814976 120.092948 150.836937
166.562603 154.819640 108.580477 125.460945 197.970106 119.388213 202.828811 122.159308 118.152624 126.854956 120.091955 150.835683
166.429054 154.593420 108.462260 125.686273 197.650873 119.304211 202.765831 122.280523 118.147838 126.864526 120.087112 150.829569
166.303129 154.380116 108.401069 125.802520 197.332027 119.220311 202.702020 122.403335 118.144976 126.870250 120.081214 150.822121
166.185898 154.181538 108.342394 125.918973 197.011187 119.144978 202.639072 122.525690 118.142381 126.875437 120.065631 150.802445
166.024249 153.923400 108.252739 126.023618 196.686707 119.071481 202.579405 122.643771 118.142068 126.876063 120.036761 150.765992
165.900971 153.730414 108.195274 126.137657 196.365835 118.998802 202.519557 122.762209 118.022055 126.933160 120.004849 150.725699
165.797320 153.506794 108.136818 126.253661 196.040965 118.925217 202.463273 122.878500 117.989747 126.918936 119.971881 150.684072
165.650572 153.332691 108.074493 126.377345 195.720776 118.852692 202.401151 122.997792 117.935290 126.894963 119.930780 150.632177
165.503352 153.173679 108.013498 126.498563 195.400391 118.780123 202.340893 123.113208 117.866282 126.864582 119.876890 150.564132
165.349405 153.007402 107.971010 126.590302 195.079002 118.701051 202.281258 123.232176 117.776680 126.825136 119.608089 150.215521
165.187714 152.832760 107.930414 126.677958 194.760429 118.619684 202.223346 123.353902 117.671337 126.778760 119.527571 150.122180
165.016963 152.647836 107.897802 126.748372 194.440693 118.538021 202.166502 123.469804 117.550984 126.725776 119.465241 149.999396
164.836480 152.467303 107.877084 126.793108 194.118245 118.455664 202.106765 123.588073 117.425047 126.670334 119.391557 149.859742
164.646454 152.292644 107.849137 126.853450 193.796377 118.373456 202.046035 123.708306 117.302040 126.616181 119.312787 149.710448
164.456133 152.117715 107.828629 126.897732 193.479408 118.294731 201.985541 123.826976 117.181043 126.563676 119.244423 149.580877
164.263567 151.941401 107.814718 126.927767 193.133612 118.205849 201.926478 123.941886 117.054955 126.508338 119.178020 149.455021
164.061442 151.770332 107.713313 127.121600 192.812161 118.122424 201.863255 124.064889 116.931590 126.453511 119.119732 149.344104
163.857944 151.598100 107.680632 127.178018 192.486559 118.072029 201.757938 124.277331 116.805848 126.397629 119.056591 149.223198
163.654650 151.426091 107.638829 127.250185 192.168395 117.989476 201.712816 124.383976 116.682665 126.342883 118.998588 149.112132
163.467081 151.267388 107.587502 127.338792 191.849940 117.906847 201.676060 124.471144 116.559757 126.288260 118.941696 149.003193
163.295054 151.136311 107.527504 127.442370 191.531930 117.826575 201.647620 124.538593 116.441965 126.235911 118.890729 148.905600
163.146237 151.032234 107.459987 127.558927 191.210191 117.750110 201.632233 124.575082 116.316772 126.180272 118.841104 148.810578
163.012744 150.938874 107.390515 127.678859 190.889134 117.673807 201.621665 124.600145 116.190208 126.124024 118.792637 148.717771
162.878677 150.845113 107.212482 127.988463 190.570801 117.598151 201.579683 124.670698 115.962727 126.056139 118.750281 148.636665
162.643149 150.716271 107.146560 128.106159 190.246825 117.521154 201.575239 124.679094 115.848200 125.997207 118.717784 148.574440
162.505945 150.614884 107.107826 128.242834 189.928492 117.445499 201.574584 124.680331 115.727982 125.935347 118.685334 148.512303
162.417081 150.508174 107.043299 128.364927 189.607921 117.369311 201.574584 124.680331 115.610164 125.874722 118.663253 148.470021
162.317364 150.434468 106.979250 128.486938 189.289624 117.287712 201.574584 124.680331 115.490569 125.813182 118.639135 148.423840
162.245552 150.381388 106.917982 128.676416 188.969954 117.204589 201.574584 124.680331 115.367506 125.749858 118.615665 148.378899
162.195291 150.344238 106.858250 128.791880 188.653091 117.122195 201.574584 124.680331 115.253193 125.690733 118.598352 148.345748
162.167387 150.323612 106.799069 128.906279 188.335657 117.041651 201.574584 124.680331 115.138553 125.628589 118.581178 148.312862
162.155887 150.315112 106.736672 129.026895 188.014475 116.962463 201.574584 124.680331 115.021633 125.566257 118.556273 148.265174
162.153153 150.313091 106.625844 129.249809 187.695623 116.883850 201.574584 124.680331 114.900908 125.502557 118.541043 148.236011
162.152831 150.312854 106.569913 129.370146 187.372305 116.804136 201.574584 124.680331 114.722701 125.406350 118.530026 148.214915
162.112599 150.281368 106.513349 129.491843 187.053258 116.725475 201.574584 124.680331 114.603216 125.340976 118.517296 148.190538
162.079730 150.258749 106.455985 129.615263 186.734212 116.646814 201.574584 124.680331 114.482064 125.274690 118.511139 148.178749
162.027831 150.223036 106.487336 129.750112 186.413807 116.567818 201.571963 124.685280 114.392319 125.225587 118.502714 148.162617
161.965469 150.180123 106.603796 129.804891 186.096120 116.489492 201.562639 124.703312 114.334068 125.193716 118.498826 148.155171
161.888621 150.126341 106.724147 129.861500 185.778822 116.411262 201.542810 124.742029 114.304854 125.177732 118.497344 148.152335
161.799387 150.063223 106.842779 129.917300 185.436782 116.326827 201.513454 124.799350 114.284326 125.166501 118.496928 148.151537
161.696356 149.990347 106.966026 129.975271 185.114163 116.250650 201.422730 124.974419 114.191256 125.116824 118.496881 148.151448
161.578466 149.906960 107.063031 130.020899 184.792946 116.176784 201.328863 125.152479 114.143547 125.092177 118.496881 148.151448
161.447378 149.818077 107.134207 130.059923 184.471730 116.102919 201.273898 125.254176 114.082244 125.060508 118.496881 148.151448
161.304591 149.723805 107.183892 130.227535 184.151098 116.029188 201.212086 125.368541 114.006192 125.021220 118.496881 148.151448
161.142667 149.624217 107.162324 130.301244 183.828127 115.954919 201.153317 125.477275 113.917525 124.975415 118.496881 148.151448
160.966273 149.523749 107.141206 130.373418 183.486394 115.874812 201.065680 125.644386 113.816881 124.923164 118.496881 148.151448
160.773976 149.414224 107.120003 130.445880 183.167783 115.799895 201.009622 125.756111 113.652705 124.838245 118.496881 148.151448
160.563804 149.305895 107.098464 130.519494 182.845474 115.724108 200.951546 125.871858 113.524232 124.774093 118.496881 148.151448
160.366213 149.206682 107.076531 130.594451 182.524721 115.648687 200.892752 125.989035 113.385201 124.704670 118.496881 148.151448
160.182729 149.125628 107.056031 130.664513 182.205040 115.573518 200.834317 126.105497 113.233555 124.628948 118.496881 148.151448
159.998752 149.053531 107.034716 130.737359 181.883607 115.497937 200.745143 126.281481 113.066253 124.545407 118.494798 148.147459
159.823834 148.985176 107.013682 130.809245 181.562030 115.420385 200.681111 126.404516 112.797179 124.407477 118.491326 148.140811
159.593478 148.896657 106.992789 130.880651 181.244338 115.342082 200.620726 126.520543 112.625436 124.331743 118.484336 148.127427
159.409846 148.825047 106.971839 130.952249 180.923733 115.263062 200.562557 126.632313 112.469614 124.263029 118.470912 148.101721
159.229196 148.754600 106.959820 130.993326 180.601865 115.183730 200.500925 126.750735 112.309217 124.192298 118.447720 148.057312
159.092521 148.701301 106.910402 131.155926 180.283881 115.105355 200.441510 126.864899 111.999035 124.063116 118.432596 147.988487
158.991249 148.661809 106.887136 131.229851 179.962572 115.022497 200.382602 126.978088 111.814336 123.987181 118.423565 147.904572
158.928082 148.637176 106.862428 131.308354 179.646513 114.925870 200.296671 127.149302 111.616595 123.905884 118.298189 147.575327
158.891095 148.622752 106.839822 131.380181 179.331027 114.829418 200.236859 127.271555 111.408773 123.820443 118.243843 147.474413
158.874511 148.616285 106.816375 131.454678 179.013151 114.732235 200.177354 127.393178 111.185043 123.728462 118.214800 147.341857
158.870132 148.614578 106.793228 131.528222 178.703269 114.620651 200.117453 127.515610 110.895512 123.594887 118.183296 147.198068
158.868176 148.613815 106.769932 131.602242 178.393355 114.507281 200.058256 127.636605 110.684499 123.493054 118.116561 147.066965
158.866685 148.613233 106.746065 131.678075 178.086784 114.389272 199.956784 127.838682 110.410932 123.383975 118.075850 146.908305
158.866600 148.613200 106.722138 131.754098 177.776900 114.269847 199.896275 127.956446 110.191518 123.316347 118.038917 146.764368
158.844326 148.607192 106.698240 131.830027 177.470002 114.151574 199.838741 128.068431 109.978782 123.258961 118.005886 146.635638
158.814183 148.599537 106.675935 131.900899 177.159838 114.032042 199.777779 128.187087 109.770854 123.206269 117.968580 146.490248
158.768725 148.587995 106.654139 131.970150 176.858546 113.897128 199.718600 128.302274 109.429212 123.084750 117.934829 146.358709
158.703643 148.573095 106.634385 132.032915 176.564168 113.753836 199.656130 128.423866 109.220550 123.032194 117.898368 146.216612
158.504914 148.533002 106.622106 132.071928 176.268352 113.609844 199.606045 128.521352 109.004488 122.991901 117.865785 146.089626
158.394800 148.510449 106.552548 132.299739 175.976460 113.460822 199.562403 128.606297 108.664199 122.926475 117.828628 145.944817
158.267809 148.482755 106.534336 132.380224 175.686590 113.304783 199.539448 128.723278 108.451986 122.881149 117.795249 145.814731
158.122069 148.446425 106.522609 132.477721 175.396809 113.148791 199.496499 128.806892 108.237621 122.835363 117.765076 145.697140
157.959834 148.405983 106.508720 132.593188 175.103770 112.991045 199.453849 128.895114 108.021514 122.785629 117.738855 145.594951
157.793198 148.330523 106.492539 132.727719 174.817989 112.822966 199.408517 128.990821 107.751085 122.730830 117.716487 145.507775
157.647078 148.201258 106.477086 132.856193 174.541196 112.644573 199.357578 129.098368 107.539082 122.688949 117.697722 145.434644
157.524108 148.027831 106.460916 132.990624 174.266504 112.467534 199.306795 129.203661 107.338674 122.649789 117.681651 145.373109
157.407052 147.835142 106.444818 133.124459 173.988954 112.288654 199.252625 129.315869 107.164851 122.616940 117.660638 145.294157
157.295383 147.619658 106.428995 133.256011 173.713506 112.111128 199.212107 129.399801 106.824165 122.555146 117.642557 145.226222
157.178561 147.394230 106.413267 133.386768 173.435248 111.928888 199.170284 129.486434 106.711162 122.535489 117.620875 145.144758
157.062371 147.168068 106.397277 133.519710 173.173417 111.727437 199.131817 129.562109 106.616878 122.519087 117.603077 145.077886
156.939043 146.924626 106.381692 133.649276 172.916453 111.522626 199.093887 129.634809 106.549392 122.507347 117.589445 145.026669
156.814778 146.680313 106.365893 133.780630 172.659489 111.317815 199.061738 129.696427 106.402877 122.475820 117.578952 144.987242
156.688860 146.432801 106.350523 133.908409 172.401587 111.112255 199.034956 129.747760 106.330188 122.459954 117.571030 144.957478
156.577226 146.213365 106.334557 134.041152 172.149868 110.900564 199.013585 129.788720 106.170156 122.531311 117.564523 144.933029
156.482640 146.027441 106.318363 134.175781 171.901348 110.681633 198.986895 129.839876 106.098644 122.612642 117.558659 144.910996
156.412340 145.865485 106.302015 134.311702 171.651627 110.461643 198.956108 129.898820 106.015180 122.707567 117.552846 144.889156
156.337915 145.686392 106.285821 134.446331 171.402731 110.242381 198.915627 129.975490 105.860198 122.878996 117.547779 144.870119
156.270200 145.491500 106.269389 134.582947 171.158837 110.015345 198.867851 130.065948 105.764998 122.974008 117.542635 144.850792
156.074792 145.105066 106.253900 134.711718 170.888197 109.750866 198.814424 130.167106 105.671568 123.067254 117.538340 144.834654
155.983941 144.933314 106.238327 134.841185 170.654365 109.518576 198.767348 130.256238 105.576085 123.162548 117.533479 144.816389
155.910109 144.793739 106.222217 134.975120 170.434546 109.276297 198.722836 130.338912 105.483221 123.255229 117.529827 144.802667
155.849531 144.675799 106.206514 135.105679 170.214456 109.030142 198.681122 130.415373 105.342984 123.419919 117.527589 144.794260
155.742045 144.470056 106.191132 135.233557 169.995032 108.784732 198.649218 130.474403 105.249821 123.515118 117.526483 144.790104
155.697458 144.386396 106.178951 135.334827 169.781803 108.537390 198.619248 130.529931 105.154350 123.612676 117.524966 144.784403
155.665616 144.326652 106.170437 135.405617 169.567311 108.282540 198.546700 130.594400 105.061283 123.713314 117.524014 144.780827
155.647093 144.294523 106.166197 135.440863 169.352947 108.027843 198.517068 130.653598 104.974976 123.809189 117.523526 144.778991
155.629752 144.265977 106.071499 135.526139 169.144989 107.774117 198.492807 130.702065 104.883918 123.910341 117.523063 144.777252
155.618745 144.247858 106.006729 135.519594 168.940781 107.515271 198.472261 130.743110 104.792526 124.011864 117.522754 144.776092
155.609659 144.232902 105.928229 135.511661 168.736760 107.256660 198.420872 130.870718 104.707316 124.111614 117.522651 144.775706
155.592890 144.205296 105.828636 135.501597 168.533329 106.994554 198.398064 130.935628 104.618307 124.217072 117.522548 144.775319
155.574666 144.175298 105.716308 135.490246 168.334415 106.733502 198.384639 130.973838 104.532136 124.319168 117.522497 144.775126
155.553431 144.140342 105.591543 135.477637 168.129322 106.478730 198.238124 131.069700 104.447965 124.418894 117.522471 144.775029
155.533390 144.107353 105.461108 135.464456 167.922448 106.225874 198.154913 131.072144 104.382885 124.496001 117.522471 144.775029
155.503692 144.058466 105.328981 135.451104 167.713547 105.970542 198.069511 131.076225 104.342186 124.544221 117.522445 144.774933
155.466155 143.996674 105.215956 135.439682 167.485020 105.691701 198.016671 131.078750 104.321740 124.568446 117.522445 144.774933
155.436250 143.947446 105.133974 135.431398 167.270388 105.437099 197.988403 131.080101 104.189792 124.727934 117.522445 144.774933
155.403314 143.895877 105.088505 135.426803 167.057882 105.185021 197.974819 131.080751 104.148631 124.779013 117.522445 144.774933
155.377555 143.856923 105.022597 135.482346 166.844926 104.932407 197.970124 131.080975 104.094042 124.846756 117.522445 144.774933
155.369613 143.844912 105.018180 135.556214 166.633645 104.681781 197.969625 131.080999 104.031547 124.924309 117.522445 144.774933
155.354500 143.822057 105.012759 135.646852 166.422365 104.431155 197.969625 131.080999 103.955499 125.018681 117.522445 144.774933
155.342200 143.803456 105.008635 135.753959 166.209924 104.179153 197.813475 131.092941 103.835089 125.171554 117.522445 144.774933
155.319034 143.768422 105.005294 135.882015 165.996478 103.925385 197.765768 131.104121 103.751286 125.278412 117.522445 144.774933
155.286657 143.719459 105.001866 136.013370 165.787173 103.671679 197.694693 131.120776 103.666003 125.387159 117.522445 144.774933
155.250419 143.664656 104.998332 136.148824 165.576786 103.416662 197.608333 131.141014 103.584313 125.491227 117.522445 144.774933
155.225874 143.627538 104.994819 136.283479 165.367226 103.162648 197.505518 131.165107 103.502272 125.595654 117.522445 144.774933
155.209548 143.602847 104.991300 136.418333 165.155439 102.905934 197.393021 131.204086 103.417821 125.703148 117.522445 144.774933
155.203426 143.593588 104.991395 136.550610 164.946596 102.652112 197.267923 131.265365 103.261124 125.897648 117.522445 144.774933
155.197800 143.585080 104.993138 136.682099 164.740920 102.392642 197.132948 131.331483 103.177679 125.999540 117.522445 144.774933
155.195869 143.582161 104.994971 136.820387 164.536611 102.134896 196.981987 131.405432 103.092714 126.103288 117.520954 144.769328
155.195593 143.581744 104.996693 136.950275 164.331680 101.876367 196.820815 131.485790 103.010790 126.203323 117.517533 144.756475
155.195318 143.581327 104.998466 137.084063 164.127247 101.618464 196.665178 131.599244 102.923037 126.310475 117.514910 144.746618
155.195318 143.581327 105.005988 137.308604 163.921819 101.359308 196.495722 131.722771 102.838008 126.414301 117.512286 144.736761
155.195318 143.581327 105.011742 137.437676 163.716931 101.098074 196.314711 131.854722 102.752789 126.518358 117.510511 144.730094
155.195318 143.581327 105.024044 137.574559 163.513076 100.836663 196.126023 131.992269 102.669978 126.619476 117.509097 144.724779
155.195318 143.581327 105.038443 137.703960 163.308361 100.574148 195.927476 132.137002 102.523564 126.790450 117.508608 144.722942
155.195318 143.581327 105.022574 137.929400 163.104937 100.313290 195.717778 132.289865 102.433806 126.883243 117.508017 144.720720
155.195318 143.581327 105.029412 138.065128 162.903173 100.054560 195.495636 132.451799 102.338974 126.981282 117.507734 144.719657
155.195318 143.581327 105.039481 138.193411 162.699748 99.793702 195.273089 132.614027 102.248383 127.074938 117.507116 144.717338
155.195318 143.581327 105.051659 138.327258 162.498599 99.535761 195.048845 132.777493 102.154315 127.172187 117.507065 144.717144
155.195318 143.581327 105.063439 138.456723 162.297205 99.277504 194.829289 132.937542 102.058926 127.270801 117.479417 144.741516
155.195318 143.581327 105.075681 138.591267 162.094211 99.017198 194.607469 133.099240 101.987454 127.344690 117.405795 144.671367
155.195318 143.581327 105.087714 138.723521 161.889803 98.755078 194.388963 133.258524 101.940872 127.392847 117.401044 144.453142
155.195318 143.581327 105.020596 138.935811 161.686071 98.493825 194.144760 133.382389 101.914244 127.420376 117.384539 144.394313
155.195318 143.581327 104.783412 138.967067 161.485229 98.236278 193.886784 133.475133 101.817380 127.545871 117.363388 144.318924
155.195318 143.581327 104.648111 138.961899 161.280883 97.974237 193.621298 133.533379 101.776089 127.615092 117.336835 144.224278
155.195318 143.581327 104.516707 138.956881 161.076905 97.712668 193.353736 133.578912 101.727063 127.697280 117.304635 144.109510
155.195318 143.581327 104.381405 138.951714 160.873173 97.451415 193.081977 133.616893 101.670403 127.792265 117.268519 143.980780
155.195318 143.581327 104.249801 138.946688 160.668765 97.189295 192.837103 133.642579 101.604164 127.903309 117.227000 143.832794
155.195318 143.581327 104.112501 138.941445 160.465648 96.928831 192.616621 133.635358 101.535363 128.018647 117.165961 143.612289
155.195318 143.581327 103.974901 138.936190 160.263700 96.669865 192.418327 133.628863 101.465436 128.135875 117.117158 143.434049
155.195318 143.581327 103.837602 138.930947 160.059170 96.408988 192.116339 133.656514 101.395149 128.253704 117.067166 143.251470
155.195318 143.581327 103.703299 138.925818 159.855085 96.154131 191.970046 133.675013 101.323992 128.372993 117.016989 143.068215
155.195318 143.581327 103.567698 138.920639 159.650251 95.898338 191.842971 133.687683 101.257394 128.484639 116.973889 142.910809
155.195318 143.581327 103.428899 138.915338 159.442354 95.638720 191.741227 133.682052 101.190834 128.598744 116.941633 142.774996
155.195318 143.581327 103.291799 138.910103 159.234394 95.379024 191.657955 133.677443 101.143475 128.679943 116.907122 142.627273
155.195318 143.581327 103.175684 138.905668 159.035580 95.113515 191.583868 133.673342 101.116320 128.726502 116.880755 142.514412
155.195318 143.581327 103.092245 138.902482 158.843440 94.846327 191.506886 133.669081 101.100097 128.754317 116.862259 142.435244
155.195318 143.581327 103.031889 138.900177 158.652001 94.580114 191.423514 133.664466 101.093547 128.765546 116.849792 142.381881
155.195318 143.581327 102.946695 138.965933 158.457410 94.309516 191.336147 133.659630 101.089869 128.771852 116.844105 142.357537
155.195318 143.581327 102.864597 139.100616 158.264161 94.040786 191.236154 133.632578 101.088660 128.773925 116.841307 142.345559
155.195318 143.581327 102.713922 139.190010 158.073539 93.775709 191.197473 133.621020 100.977649 128.782468 116.840670 142.342833
155.195318 143.581327 102.543609 139.113813 157.882509 93.510064 191.184594 133.616349 100.941009 128.758105 116.840510 142.342151
155.195318 143.581327 102.456061 139.016229 157.713484 93.223171 191.181116 133.615087 100.888465 128.723167 116.840374 142.341567
155.195318 143.581327 102.368713 138.918869 157.519422 92.957872 191.179611 133.614542 100.825345 128.681196 116.840351 142.341469
155.195318 143.581327 102.210134 138.864214 157.323529 92.690071 191.179423 133.614474 100.748235 128.629924 116.840351 142.341469
155.195318 143.581327 102.071642 138.874844 157.128345 92.423239 191.179423 133.614474 100.654805 128.567798 116.840351 142.341469
155.195318 143.581327 101.933249 138.885466 156.932039 92.154873 191.179423 133.614474 100.547551 128.496482 116.840351 142.341469
155.195318 143.581327 101.800240 138.895674 156.735792 91.886588 191.179423 133.614474 100.441925 128.420134 116.840351 142.341469
155.195318 143.581327 101.669325 138.905722 156.533124 91.623836 191.179423 133.614474 100.337113 128.333157 116.840351 142.341469
155.195318 143.581327 101.538510 138.915762 156.325516 91.363475 191.179423 133.614474 100.231301 128.245351 116.840351 142.341469
155.195318 143.581327 101.400316 138.926369 156.117784 91.102958 191.179423 133.614474 100.056030 128.092657 116.840351 142.341469
155.195318 143.581327 101.268105 138.936516 155.911609 90.844395 191.179423 133.614474 99.843433 128.196191 116.840351 142.341469
155.195318 143.581327 101.139084 138.946419 155.704812 90.585051 191.179423 133.614474 99.733177 128.267444 116.840351 142.341469
155.195318 143.581327 101.006973 138.956558 155.500882 90.329303 191.179423 133.614474 99.615720 128.335602 116.840351 142.341469
155.195318 143.581327 100.874463 138.966729 155.296640 90.073164 191.179423 133.614474 99.506630 128.398652 116.840351 142.341469
155.195318 143.581327 100.737665 138.977228 155.081130 89.821466 191.179423 133.614474 99.426471 128.444612 116.840351 142.341469
155.195318 143.581327 100.600070 138.987789 154.881526 89.558954 191.179423 133.614474 99.362708 128.481170 116.840351 142.341469
155.195318 143.581327 100.462474 138.998349 154.657027 89.318042 191.179423 133.614474 99.251259 128.418041 116.840351 142.341469
155.195318 143.581327 100.327671 139.008695 154.430146 89.082361 191.179423 133.614474 99.216358 128.348061 116.840351 142.341469
155.195318 143.581327 100.207125 139.017947 154.195653 88.849601 191.179423 133.614474 99.181324 128.277812 116.840351 142.341469
155.192008 143.576322 100.121776 139.024498 153.960176 88.616845 191.179423 133.614474 99.148522 128.212038 116.840351 142.341469
155.177447 143.554301 100.063248 139.028990 153.721785 88.386206 191.179423 133.614474 99.111390 128.137584 116.840351 142.341469
155.046064 143.434915 100.026656 139.031799 153.484974 88.157097 191.179423 133.614474 99.092541 128.062134 116.840351 142.341469
154.734135 143.144283 100.013694 139.032793 153.247230 87.927084 191.179423 133.614474 99.074180 127.987458 116.840351 142.341469
154.696739 143.084457 100.010304 139.033054 153.011426 87.698948 191.179423 133.614474 99.059306 127.926960 116.840351 142.341469
154.659001 143.005660 100.009806 139.033092 152.769055 87.471115 191.179423 133.614474 99.050830 127.892487 116.840351 142.341469
154.616870 142.910685 99.889585 139.043203 152.512621 87.259931 191.179423 133.614474 98.979953 127.834371 116.840351 142.341469
154.567804 142.800080 99.845161 139.047169 152.259970 87.051862 191.179423 133.614474 98.908423 127.829432 116.840351 142.341469
154.491299 142.605005 99.784005 139.052629 152.005852 86.842585 191.179423 133.614474 98.820632 127.823370 116.840351 142.341469
154.457878 142.475653 99.705617 139.059628 151.749495 86.631465 191.179423 133.614474 98.719672 127.816399 116.840351 142.341469
154.424782 142.347559 99.611391 139.068040 151.493756 86.420853 191.179423 133.614474 98.450022 127.819561 116.840351 142.341469
154.395211 142.216466 99.502425 139.077769 151.227152 86.225327 191.179423 133.614474 98.321549 127.822206 116.837439 142.329005
154.372929 142.084940 99.378617 139.088823 150.957234 86.039677 191.179423 133.614474 98.189677 127.824920 116.833208 142.310893
154.351080 141.955978 99.243654 139.100872 150.716317 85.873975 191.179423 133.614474 98.052806 127.827738 116.825200 142.276616
154.328680 141.823762 99.112775 139.112557 150.501437 85.726181 191.179423 133.614474 97.915535 127.830563 116.807576 142.161920
154.306565 141.693222 98.979106 139.124491 150.297927 85.586207 191.179423 133.614474 97.780464 127.833344 116.799569 142.094191
154.281369 141.499860 98.842848 139.136656 150.121030 85.464538 191.179423 133.614474 97.663989 127.835741 116.789191 142.006402
154.271159 141.385817 98.708682 139.148635 149.875635 85.360616 191.179423 133.614474 97.583906 127.846069 116.775994 141.896498
154.262341 141.287311 98.573221 139.160729 149.680879 85.262666 191.179423 133.614474 97.539303 127.863256 116.764231 141.768184
154.254717 141.202151 98.375067 139.177714 149.486660 85.164984 191.179423 133.614474 97.436966 127.935571 116.760640 141.639934
154.247254 141.118784 98.239914 139.188716 149.293513 85.067842 191.179423 133.614474 97.324785 128.019050 116.757911 141.542472
154.238694 141.023167 98.108050 139.199450 149.095720 84.968364 191.179423 133.614474 97.291173 128.111319 116.755944 141.472200
154.234932 140.957075 97.976187 139.210184 148.902751 84.871312 191.179423 133.614474 97.248055 128.222962 116.753839 141.397029
154.231912 140.902959 97.845419 139.220829 148.592556 84.829045 191.179423 133.614474 97.197103 128.348409 116.752308 141.342351
154.229483 140.859427 97.711462 139.231734 148.372467 84.819416 191.179423 133.614474 97.146528 128.472930 116.754853 141.314319
154.228140 140.835364 97.578303 139.242573 148.150979 84.809726 191.179423 133.614474 97.096441 128.596247 116.805228 140.942082
154.226981 140.814597 97.445442 139.253389 147.935385 84.800293 191.179423 133.614474 97.047398 128.716965 116.787395 140.886786
154.226307 140.802515 97.316867 139.263855 147.720606 84.833963 191.179423 133.614474 96.995642 128.844352 116.770579 140.751124
154.225710 140.791832 97.121003 139.277159 147.504558 84.878049 191.179423 133.614474 96.945241 128.968404 116.768123 140.658257
154.225365 140.785642 96.986731 139.279899 147.289294 84.921974 191.179423 133.614474 96.895931 129.089770 116.765255 140.549794
154.225298 140.784444 96.850459 139.282679 147.088705 85.001170 191.179423 133.614474 96.861565 129.174355 116.761863 140.421539
154.225265 140.783845 96.716287 139.285416 146.909968 85.128236 191.179423 133.614474 96.838680 129.230684 116.758789 140.305280
154.225248 140.783545 96.584514 139.288105 146.731394 85.255186 191.179423 133.614474 96.699991 129.333162 116.755730 140.189620
154.225242 140.783445 96.449042 139.290869 146.552087 85.382657 191.179423 133.614474 96.609771 129.303729 116.752172 140.055067
154.225242 140.783445 96.311571 139.293674 146.421031 85.557265 191.179423 133.614474 96.508427 129.270668 116.748090 139.900721
154.225242 140.783445 96.179299 139.296372 146.296278 85.732739 191.179423 133.614474 96.391398 129.232489 116.744053 139.637603
154.225242 140.783445 96.050225 139.299006 146.170772 85.909271 191.179423 133.614474 96.264766 129.191178 116.742782 139.459907
154.225242 140.783445 95.914954 139.301766 146.086267 86.095991 191.179423 133.614474 96.134997 129.148843 116.741484 139.278312
154.225242 140.783445 95.781481 139.304489 146.027240 86.253258 191.179423 133.614474 95.915687 129.083037 116.740197 139.098316
154.225242 140.783445 95.584818 139.309674 146.006224 86.387422 191.179423 133.614474 95.786936 129.045911 116.738158 138.916130
154.225242 140.783445 95.454831 139.315090 145.988597 86.499950 191.179423 133.614474 95.663846 129.009019 116.734935 138.732458
154.225242 140.783445 95.324244 139.320531 145.976372 86.577998 191.179423 133.614474 95.538169 128.971353 116.731654 138.545487
154.225242 140.783445 95.187863 139.326214 145.968882 86.625815 191.179423 133.614474 95.408086 128.932365 116.728294 138.354017
154.225242 140.783445 95.050732 139.330537 145.961716 86.671557 191.179423 133.614474 95.283750 128.895100 116.720552 138.112476
154.225242 140.783445 94.921530 139.335470 145.955263 86.712755 190.863566 133.629313 95.159702 128.857922 116.708694 137.960136
154.225242 140.783445 94.792669 139.341445 145.944128 86.804850 190.827289 133.657760 95.032971 128.819939 116.712737 137.780915
154.224585 140.771664 94.658912 139.347646 145.938995 86.879975 190.771205 133.678423 94.897271 128.812990 116.733384 137.654084
154.223537 140.752893 94.521959 139.353995 145.932309 86.977846 190.695995 133.683767 94.770596 128.773123 116.530979 137.528622
154.234453 140.713544 94.389502 139.360136 145.924116 87.097767 190.602630 133.690400 94.641441 128.733384 116.414611 137.472948
154.253525 140.677249 94.254147 139.366411 145.914682 87.235845 190.489715 133.698423 94.505148 128.714466 116.295537 137.415980
154.414486 140.505089 94.124886 139.372404 145.871594 87.382698 190.355952 133.707927 94.376943 128.691311 116.176463 137.359011
154.480264 140.472745 93.990131 139.378651 145.860498 87.545119 190.203636 133.718748 94.241826 128.665822 116.052338 137.299626
154.561567 140.432768 93.858472 139.384755 145.849756 87.702352 190.033165 133.730860 94.109067 128.640779 115.934717 137.243327
154.665793 140.428228 93.720420 139.391155 145.838851 87.861980 189.845040 133.744227 93.972869 128.615087 115.815855 137.184591
154.789680 140.430011 93.590660 139.397171 145.827516 88.027894 189.641453 133.758691 93.840209 128.590062 115.699506 137.127503
154.927766 140.431997 93.452308 139.403585 145.816488 88.189317 189.427891 133.773865 93.713248 128.566113 115.580284 137.069006
155.062052 140.433930 93.252956 139.398187 145.805549 88.349444 189.208544 133.789449 93.578234 128.542872 115.459715 137.009848
155.198837 140.435898 93.115525 139.391374 145.794718 88.507975 189.026523 133.808908 93.442907 128.524526 115.341750 136.951967
155.332819 140.445701 92.981889 139.384750 145.785156 88.647948 188.881572 133.830832 93.306579 128.508225 115.224054 136.894219
155.468785 140.457757 92.851150 139.378268 145.777277 88.763280 188.771524 133.847476 93.175911 128.493454 115.101689 136.834180
155.605051 140.469839 92.717814 139.371658 145.770931 88.856163 188.697565 133.858663 93.039579 128.478042 114.893883 136.729506
155.741814 140.481966 92.584415 139.360125 145.765552 88.937981 188.656136 133.864929 92.901421 128.466132 114.774245 136.667612
155.858361 140.459159 92.450831 139.348375 145.764866 88.991776 188.637449 133.867755 92.765456 128.456591 114.666521 136.574718
155.993682 140.471655 92.315154 139.336441 145.764411 89.027474 188.628649 133.869086 92.636074 128.447513 114.547949 136.513375
156.126763 140.485510 92.184459 139.324945 145.764091 89.052572 188.625682 133.869535 92.505694 128.438364 114.431242 136.452998
156.258451 140.499220 92.051971 139.313291 145.763804 89.075070 188.624891 133.869654 92.440176 128.590649 114.311854 136.395349
156.375121 140.511367 92.048421 139.478968 145.763501 89.098868 188.624891 133.869654 92.417158 128.732286 114.195374 136.340848
156.463941 140.520614 92.076468 139.614292 145.763330 89.112267 188.624891 133.869654 92.383765 128.889274 114.074349 136.284740
156.581696 140.559083 92.103521 139.744818 145.763105 89.129865 188.624891 133.869654 92.345357 129.062144 113.959300 136.232390
156.616609 140.569727 92.131670 139.880631 145.762861 89.149064 188.624891 133.869654 92.299287 129.252755 113.876744 136.194826
156.651523 140.580371 92.157870 140.007045 145.762473 89.179461 188.624891 133.869654 92.250467 129.454739 113.812848 136.165752
156.689497 140.591948 92.185308 140.139431 145.762140 89.205559 188.624891 133.869654 92.197419 129.674219 113.737301 136.131377
156.706237 140.597052 92.212402 140.270153 145.761741 89.236857 188.624891 133.869654 92.141269 129.906530 113.694248 136.111787
156.716567 140.600201 92.240408 140.405281 145.761457 89.259155 188.624891 133.869654 92.081337 130.154490 113.666214 136.099031
156.718767 140.600872 92.287467 140.633055 145.761111 89.286253 188.624891 133.869654 92.016999 130.416608 113.647325 135.942012
156.775632 140.275405 92.313560 140.760205 145.760800 89.310651 188.624891 133.869654 91.951163 130.681448 113.672119 135.878586
156.785968 140.236143 92.340276 140.890392 145.760436 89.339248 188.624891 133.869654 91.885423 130.945899 113.704776 135.795042
156.833118 140.186617 92.367133 141.021265 145.760174 89.359747 188.624891 133.869654 91.818838 131.213747 113.743150 135.696875
156.852213 140.114088 92.393547 141.149983 145.759783 89.390444 188.624891 133.869654 91.753315 131.477325 113.787275 135.583993
156.876312 140.028432 92.421248 141.284970 145.759505 89.412242 188.624891 133.869654 91.686803 131.744881 113.834168 135.464033
156.908123 139.925228 92.449069 141.420545 145.759110 89.443240 188.624891 133.869654 91.620267 132.012535 113.882190 135.341185
156.961931 139.783128 92.476147 141.552495 145.758801 89.467438 188.624891 133.869654 91.554555 132.276891 113.927288 135.217788
157.005585 139.649792 92.502401 141.680429 145.758471 89.493336 188.624891 133.869654 91.488120 132.544157 113.971007 135.095786
157.025981 139.437464 92.528574 141.807971 145.758171 89.516834 188.624891 133.869654 91.421756 132.811133 114.017578 134.966519
157.092546 139.278216 92.554405 141.933848 145.757843 89.542632 188.624891 133.869654 91.354910 133.080049 114.063775 134.838287
157.167379 139.103255 92.581624 142.066484 145.757607 89.561130 188.624891 133.869654 91.289018 133.342193 114.110515 134.708549
157.248918 138.917241 92.608179 142.195887 145.757261 89.588228 188.624891 133.869654 91.220726 133.607752 114.153425 134.589443
157.335958 138.718681 92.634372 142.323528 145.756928 89.614326 188.624891 133.869654 91.153257 133.870116 114.193014 134.479557
157.428539 138.507481 92.657831 142.437845 145.756584 89.641324 188.624891 133.869654 91.084169 134.138775 114.218909 134.407679
157.527242 138.282151 92.673612 142.514743 145.756287 89.664622 188.513493 133.937858 91.016326 134.402591 114.237313 134.356593
157.631053 138.044975 92.683984 142.565290 145.755994 89.687620 188.478752 133.951707 90.947611 134.669797 114.192339 134.292470
157.741239 137.793233 92.696051 142.752031 145.755710 89.709918 188.423388 133.973776 90.880067 134.932452 114.136258 134.300829
157.849981 137.544789 92.676849 142.832059 145.755423 89.732416 188.354277 134.001325 90.812548 135.195009 114.099761 134.306269
157.953107 137.287312 92.652958 142.931633 145.755266 89.744715 188.268352 134.035577 90.744182 135.460859 114.084629 134.308524
158.053008 137.031314 92.626081 143.043654 145.755133 89.755114 188.166822 134.076050 90.675194 135.729131 114.080376 134.309158
158.153308 136.774292 92.595890 143.169483 145.754994 89.766014 188.047549 134.123595 90.606459 135.994472 114.023925 134.272114
158.226212 136.461840 92.562924 143.306883 145.754694 89.789612 187.919730 134.174547 90.538615 136.255913 114.049348 134.248644
158.316495 136.206746 92.525025 143.461085 145.754499 89.804910 187.792901 134.225777 90.469247 136.524087 114.076020 134.224021
158.396394 135.943491 92.479505 143.630890 145.754354 89.816209 187.672749 134.281155 90.399904 136.792163 114.127785 134.197848
158.467310 135.681831 92.430851 143.812381 145.754097 89.836408 187.553414 134.336157 90.330562 137.060240 114.241239 134.136589
158.539194 135.416599 92.362198 144.098985 145.753874 89.853906 187.430901 134.392623 90.261019 137.329092 114.232966 134.047198
158.610445 135.150278 92.318637 144.307586 145.753779 89.861306 187.307751 134.449383 90.191901 137.596297 114.005370 133.847671
158.673856 134.885464 92.274872 144.517165 145.753587 89.876405 187.185329 134.505808 90.123710 137.859921 113.924203 133.774619
158.737454 134.619872 92.230800 144.728212 145.753345 89.895403 187.065303 134.556688 90.055545 138.123447 113.827353 133.687451
158.801982 134.350390 92.186054 144.942490 145.753244 89.903302 186.934637 134.601999 89.985773 138.389439 113.728273 133.598277
158.865626 134.084604 92.140919 145.158628 145.753106 89.914101 186.814082 134.651413 89.923298 138.653551 113.631197 133.501386
158.928874 133.820471 92.131544 145.472491 145.732984 90.053183 186.692019 134.704295 89.834984 138.912105 113.539997 133.408043
158.986608 133.598560 92.147396 145.690014 145.731802 90.071245 186.575734 134.764182 89.661444 139.289984 113.444883 133.310695
159.035057 133.412773 92.162899 145.902750 145.730803 90.086512 186.456070 134.825808 89.526046 139.527732 113.352223 133.210345
159.073136 133.266756 92.178424 146.115785 145.729471 90.106868 186.290780 134.919685 89.380489 139.756060 113.278921 133.099488
159.102710 133.153349 92.194327 146.334006 145.727865 90.131416 186.176255 134.989831 89.224014 139.977444 113.211410 132.997389
159.117300 133.097400 92.210375 146.554222 145.726657 90.149876 186.063264 135.059037 89.066443 140.200380 113.142158 132.952451
159.117300 133.097400 92.226401 146.774139 145.725815 90.162749 185.953429 135.126311 88.879901 140.407314 113.055780 132.809978
159.098935 133.056218 92.242435 146.994156 145.724985 90.175422 185.839520 135.194178 88.721799 140.630977 112.978446 132.655814
159.135936 132.970895 92.258461 147.214072 145.723294 90.201266 185.727062 135.260189 88.562543 140.856272 112.861491 132.448593
159.179422 132.870619 92.274458 147.433590 145.722432 90.214438 185.603352 135.319428 88.402882 141.082140 112.797544 132.335867
159.230507 132.752818 92.290390 147.652211 145.721649 90.226413 185.484080 135.370636 88.245473 141.304822 112.730834 132.218271
