238.326313 118.363002 204.731900 70.803500 109.034500 206.590000 204.547100 176.437200 219.497582 102.543405 133.596080 137.428581
238.301341 118.547923 204.751694 70.799158 109.053595 206.586575 204.561828 176.445072 219.701443 102.355563 133.616902 137.433521
238.279888 118.706781 204.791658 70.787606 109.089128 206.580202 204.597017 176.463881 219.903898 102.165779 133.652076 137.369704
238.261942 118.839675 204.853141 70.769834 109.147955 206.570791 204.652578 176.493579 220.106281 101.976064 133.651340 137.318109
238.249175 118.934217 204.929418 70.747786 109.225155 206.561988 204.727894 176.533836 220.308153 101.786827 133.650413 137.253016
238.239502 119.008287 205.024332 70.720351 109.316170 206.551653 204.818908 176.582485 220.506742 101.600667 133.649233 137.170224
238.232665 119.063565 205.138844 70.687250 109.421173 206.539577 204.928531 176.641079 220.704455 101.415329 133.648096 137.090432
238.218147 119.181078 205.269207 70.649568 109.540594 206.518306 204.997056 176.677707 220.904503 101.227801 133.647028 137.015440
238.211912 119.231897 205.395152 70.613163 109.670056 206.495246 205.043533 176.702549 221.107025 101.039122 133.645843 136.932348
238.184360 119.416928 205.500559 70.512578 109.803850 206.471414 205.064611 176.713816 221.307441 100.857155 133.644722 136.853656
238.158792 119.557949 205.460134 70.389128 109.934789 206.448090 205.078898 176.721452 221.510300 100.672970 133.643686 136.780964
238.141074 119.655655 205.417562 70.259121 110.158628 206.419326 205.082073 176.723149 221.715232 100.486902 133.642573 136.702871
238.120269 119.770384 205.375052 70.129304 110.287446 206.382787 205.084102 176.724234 221.918239 100.302582 133.641511 136.628279
238.095915 119.896705 205.334809 70.007268 110.413955 206.346903 205.084543 176.724469 222.120284 100.119136 133.640335 136.545787
238.035980 120.093921 205.293294 69.881440 110.539406 206.311319 205.084543 176.724469 222.320181 99.937640 133.639160 136.463296
237.988828 120.245664 205.250212 69.750863 110.651966 206.279391 205.084543 176.724469 222.515500 99.760300 133.637981 136.380604
237.936990 120.413857 205.207659 69.622956 110.727102 206.258079 205.084543 176.724469 222.726548 99.590263 133.637054 136.315511
237.880556 120.596957 205.164225 69.493129 110.777513 206.243780 205.084543 176.724469 222.929293 99.403435 133.636589 136.282914
237.819115 120.796304 205.120411 69.362164 110.975292 206.312379 205.084543 176.724469 223.131598 99.217014 133.597151 136.171064
237.736569 121.071317 205.078500 69.236888 110.978990 206.401403 205.084543 176.724469 223.333534 99.030931 133.534981 136.061537
237.669534 121.296658 205.006979 69.018746 110.983248 206.503914 205.084543 176.724469 223.532603 98.847491 133.570288 135.936001
237.598165 121.536567 204.966253 68.892870 110.987959 206.617316 205.084543 176.724469 223.734907 98.661070 133.539561 135.846319
237.522577 121.790662 204.925897 68.768136 110.991234 206.696148 205.084543 176.724469 223.935299 98.476410 133.503063 135.739798
237.445562 122.049550 204.793387 68.735054 110.993052 206.739911 205.084543 176.724469 224.138182 98.297653 133.460699 135.616155
237.337840 122.399628 204.667497 68.790848 110.989321 206.903026 205.084543 176.724469 224.342718 98.117594 133.416455 135.487024
237.255877 122.663282 204.541789 68.846561 110.999538 206.979547 205.084543 176.724469 224.550256 97.934891 133.371746 135.356467
237.173557 122.928082 204.416996 68.901868 111.012813 207.078964 205.084543 176.724469 224.754416 97.755162 133.329374 135.232615
237.060092 123.275130 204.296866 68.955109 111.028643 207.197512 205.084543 176.724469 224.958802 97.575234 133.287681 135.110749
236.969138 123.535606 204.174175 69.009485 111.044869 207.319034 205.084543 176.724469 225.161911 97.396430 133.243690 134.982166
236.877755 123.797310 204.052125 69.063576 111.056450 207.405764 205.084543 176.724469 225.368924 97.214190 133.172664 134.795260
236.788251 124.053633 203.934188 69.115845 111.062790 207.453242 205.084543 176.724469 225.572697 97.034329 133.109647 134.679501
236.697824 124.312599 203.816343 69.168073 111.066059 207.477725 205.084543 176.724469 225.777644 96.847091 133.043522 134.558034
236.606903 124.572982 203.710881 69.180639 111.067383 207.487637 205.084543 176.724469 225.981337 96.660998 132.980409 134.442100
236.537637 124.838303 203.649207 69.057635 111.068309 207.494576 205.084543 176.724469 226.183183 96.476592 132.915575 134.323003
236.469571 125.107119 203.591208 68.941961 111.068640 207.497054 205.084543 176.724469 226.386506 96.290837 132.787611 134.082981
236.401996 125.373997 203.531551 68.822979 111.068812 207.498342 205.084543 176.724469 226.588426 96.106364 132.727636 133.960585
236.365602 125.647449 203.472029 68.704265 111.068865 207.498739 205.084543 176.724469 226.792987 95.921081 132.674078 133.843029
236.340212 125.920773 203.413269 68.587071 111.068892 207.498937 205.084543 176.724469 226.994733 95.739542 132.619839 133.720716
236.302582 126.295393 203.327622 68.483545 111.068892 207.498937 205.084543 176.724469 227.200717 95.554190 132.565762 133.598768
236.276122 126.564094 203.239064 68.387692 111.068892 207.498937 205.084543 176.724469 227.402983 95.372183 132.423788 133.271641
236.249514 126.834287 203.157699 68.299625 111.068892 207.498937 205.084543 176.724469 227.605621 95.189841 132.370602 133.147016
236.192725 127.102358 203.077365 68.299656 111.068892 207.498937 205.084543 176.724469 227.808631 95.007165 132.318141 133.023929
236.125947 127.367271 203.028678 68.305182 111.068892 207.498937 205.084543 176.724469 228.009479 94.823300 132.266888 132.903263
236.059584 127.630535 203.008806 68.307438 111.068892 207.498937 205.084543 176.724469 228.212995 94.636128 132.215323 132.781860
235.965365 127.990769 202.996087 68.308881 111.068892 207.498937 205.084543 176.724469 228.414156 94.451122 132.162037 132.656408
235.864017 128.347817 202.992709 68.309265 111.068892 207.498937 205.084543 176.724469 228.615538 94.265913 132.108282 132.529851
235.782211 128.606175 202.992411 68.309299 111.068892 207.498937 205.084543 176.724469 228.813511 94.072010 132.054854 132.404679
235.700224 128.865105 202.992411 68.309299 111.068892 207.498937 205.084543 176.724469 229.001566 93.871360 131.999196 132.281028
235.619884 129.126014 202.992411 68.309299 111.068892 207.498937 205.084543 176.724469 229.186749 93.673775 131.944674 132.159936
235.537014 129.358314 202.992411 68.309299 111.068892 207.498937 205.084543 176.724469 229.358118 93.490928 131.887724 132.034455
235.450379 129.550159 202.992411 68.309299 111.068892 207.498937 205.084543 176.724469 229.518503 93.304645 131.789381 131.840722
235.305207 129.739555 202.992411 68.309299 111.068892 207.498937 205.084543 176.724469 229.680617 93.104195 131.725726 131.726571
235.211862 129.841195 202.992411 68.309299 111.068892 207.498937 205.217709 176.715150 229.849082 92.895893 131.660075 131.608838
235.127792 129.913919 202.992411 68.309299 111.068892 207.498937 205.247086 176.691047 230.027357 92.675461 131.595593 131.493202
235.059894 129.971922 202.992411 68.309299 111.068892 207.498937 205.290456 176.655462 230.207287 92.445235 131.531207 131.377740
234.988955 130.032524 202.992411 68.309299 111.068892 207.498937 205.345036 176.610681 230.395576 92.203516 131.464241 131.257649
234.947365 130.068053 202.992411 68.309299 111.068892 207.498937 205.413686 176.554355 230.589948 91.953986 131.377439 131.090427
234.923566 130.088383 202.992411 68.309299 111.068892 207.498937 205.496097 176.486738 230.780508 91.693291 131.324212 130.978986
234.736084 130.237885 202.992411 68.309299 111.068892 207.498937 205.589254 176.410305 230.958222 91.418440 131.285251 130.897413
234.691732 130.276185 202.992411 68.309299 111.068892 207.498937 205.690297 176.327402 231.133710 91.147032 131.261719 130.848144
234.635195 130.325008 202.992411 68.309299 111.068892 207.498937 205.796828 176.239996 231.303487 90.871377 131.250297 130.824231
234.566094 130.384679 202.992411 68.309299 111.068892 207.498937 205.900963 176.154555 231.473677 90.584920 131.308272 130.657564
234.481401 130.457815 202.992411 68.309299 111.068892 207.498937 205.998836 176.074253 231.641160 90.303020 131.359146 130.618733
234.393570 130.542770 202.992411 68.309299 111.068892 207.498937 206.068491 176.017102 231.794986 90.009664 131.420195 130.572136
234.325393 130.663557 202.992411 68.309299 111.068892 207.498937 206.108537 175.984246 231.944888 89.718935 131.493008 130.516559
234.258069 130.804200 202.992411 68.309299 111.068892 207.498937 206.285180 175.897325 232.088302 89.423401 131.579653 130.450425
234.201204 130.966210 202.992411 68.309299 111.068892 207.498937 206.369428 175.905037 232.225094 89.121111 131.676631 130.376404
234.146017 131.145695 202.992411 68.309299 111.068892 207.498937 206.468713 175.914126 232.361597 88.819459 131.784977 130.293706
234.088074 131.338163 202.992411 68.309299 111.068892 207.498937 206.646870 175.935381 232.487028 88.513395 131.892528 130.211615
234.030318 131.544671 202.992411 68.309299 111.068892 207.498937 206.869667 175.964221 232.609659 88.209614 131.997216 130.131708
233.987000 131.765258 202.992411 68.309299 111.068892 207.498937 207.005635 175.981807 232.726579 87.900853 132.105880 130.048767
233.940713 132.000956 202.992411 68.309299 111.068892 207.498937 207.134461 175.998470 232.821638 87.586930 132.212874 129.967101
233.892326 132.247350 202.992411 68.309299 111.068892 207.498937 207.271322 176.016171 232.916262 87.274442 132.255843 129.831388
233.869257 132.509997 202.992411 68.309299 111.068892 207.498937 207.398958 176.032679 233.012700 86.957907 132.182175 129.715051
233.863688 132.780140 202.992411 68.309299 111.068892 207.498937 207.529372 176.049547 233.108859 86.643064 132.109148 129.599728
233.858027 133.054281 202.992411 68.309299 111.068892 207.498937 207.759079 176.075547 233.204550 86.329751 132.039118 129.489137
233.852172 133.330319 202.992411 68.309299 111.068892 207.498937 207.895141 176.088736 233.291141 86.010540 131.989631 129.410987
233.896819 133.600984 202.992411 68.309299 111.068892 207.498937 208.028914 176.101703 233.374534 85.690424 131.951700 129.351087
233.959189 133.867237 202.992411 68.309299 111.068892 207.498937 208.165972 176.114988 233.457574 85.371663 131.931692 129.319489
234.016105 134.134122 202.992411 68.309299 111.068892 207.498937 208.298451 176.127829 233.538667 85.023561 131.848703 129.313420
234.072147 134.401410 202.992411 68.309299 111.068892 207.498937 208.428840 176.140468 233.612297 84.699418 131.785438 129.358530
234.103285 134.671529 202.992411 68.309299 111.068892 207.498937 208.565698 176.153734 233.685351 84.377811 131.691023 129.385332
234.042557 134.940448 202.992411 68.309299 111.068892 207.498937 208.698376 176.166594 233.757984 84.058057 131.597470 129.452039
233.922159 135.188896 202.992411 68.309299 111.068892 207.498937 208.806768 176.177101 233.821594 83.733984 131.490971 129.527977
233.798244 135.436521 202.992411 68.309299 111.068892 207.498937 208.880025 176.184201 233.875700 83.407842 131.401001 129.592130
233.676387 135.680034 202.992411 68.309299 111.068892 207.498937 208.918544 176.187935 233.930085 83.080022 131.336108 129.638401
233.553948 135.924708 202.992411 68.309299 111.068892 207.498937 209.055783 176.137513 233.952419 82.744122 131.289942 129.671319
233.431375 136.169651 202.992411 68.309299 111.068892 207.498937 209.101537 176.077330 233.990587 82.416941 131.261200 129.691813
233.307907 136.416383 202.992411 68.309299 111.068892 207.498937 209.159516 176.001067 234.024450 82.090996 131.249476 129.700173
233.186184 136.659627 202.992411 68.309299 111.068892 207.498937 209.226453 175.913023 234.058324 81.764950 131.238300 129.707887
233.064730 136.902334 202.992411 68.309299 111.068892 207.498937 209.301499 175.814311 234.092311 81.437811 131.227829 129.712395
232.942918 137.145757 202.992411 68.309299 111.068892 207.498937 209.384776 175.704772 234.121084 81.108583 131.208999 129.720500
232.822090 137.387212 202.992411 68.309299 111.068892 207.498937 209.464785 175.599533 234.148041 80.776776 131.193752 129.727063
232.700949 137.629293 202.992411 68.309299 111.068892 207.498937 209.543403 175.496124 234.167954 80.445276 131.167941 129.738173
232.577526 137.875935 202.992411 68.309299 111.068892 207.498937 209.623230 175.391123 234.187589 80.114558 131.148928 129.746357
232.455893 138.119000 202.992411 68.309299 111.068892 207.498937 209.754781 175.210142 234.207147 79.785138 131.136620 129.751655
232.334304 138.361976 202.992411 68.309299 111.068892 207.498937 209.829460 175.094332 234.226552 79.458314 131.123669 129.757230
232.212403 138.605578 202.992411 68.309299 111.068892 207.498937 209.904518 174.977934 234.246116 79.128794 131.111636 129.762409
232.091083 138.848017 202.992411 68.309299 111.151407 207.624023 209.977788 174.864309 234.265674 78.799374 131.107870 129.764030
231.991565 139.120571 202.992411 68.309299 111.144774 207.664584 210.048674 174.754383 234.284985 78.467838 131.099971 129.767431
231.867844 139.367846 202.967028 68.372314 111.136108 207.717580 210.120697 174.642691 234.300521 78.148315 131.087663 129.772729
231.745370 139.612615 202.974008 68.414815 111.115986 207.840507 210.257142 174.450458 234.347560 77.860303 131.062679 129.783483
231.623768 139.855584 203.005631 68.468028 111.102338 207.923998 210.342376 174.342945 234.362571 77.550967 131.054321 129.787081
231.495381 140.097436 203.048237 68.539724 111.093707 207.976798 210.423200 174.240996 234.377969 77.233641 131.042104 129.792339
231.361759 140.334351 203.098404 68.624143 111.044459 208.177036 210.509179 174.132543 234.399279 76.892620 131.039900 129.793288
231.225631 140.575710 203.159554 68.727044 111.009454 208.265244 210.593404 174.025640 234.409049 76.562864 131.038889 129.793723
231.091911 140.812800 203.227091 68.840691 110.968166 208.369571 210.675444 173.922194 234.418733 76.236008 131.038522 129.793881
230.956373 141.053112 203.302443 68.967491 110.919494 208.492916 210.763877 173.819530 234.428493 75.906552 131.038246 129.794000
230.822014 141.291335 203.384448 69.105460 110.864583 208.632073 210.850714 173.719485 234.438237 75.577697 131.038246 129.794000
230.687355 141.530077 203.475456 69.258552 110.805670 208.781370 210.948473 173.627254 234.447926 75.250640 131.028969 129.797993
230.554661 141.765335 203.575202 69.426343 110.741912 208.942946 211.046881 173.535003 234.457655 74.922284 131.005731 129.807996
230.378150 142.081683 203.680825 69.604019 110.674007 209.115033 211.151711 173.448048 234.467513 74.589530 130.988095 129.815587
230.246781 142.318827 203.793959 69.794331 110.561985 209.399063 211.255233 173.362179 234.477289 74.259575 130.977257 129.820253
230.113764 142.558945 203.905017 70.004523 110.485206 209.600635 211.357604 173.277485 234.486967 73.932918 130.972500 129.822300
229.979535 142.801250 204.018386 70.225543 110.407787 209.804317 211.487404 173.240377 234.496764 73.602263 130.972500 129.822300
229.845888 143.042505 204.138314 70.454986 110.331256 210.005663 211.615473 173.203764 234.506560 73.271609 130.956187 129.780497
229.715523 143.282212 204.265886 70.696459 110.252700 210.212337 211.744600 173.166849 234.516342 72.941453 130.976192 129.752145
229.593968 143.525093 204.394159 70.939258 110.179159 210.452080 211.878837 173.148124 234.526114 72.611598 131.004211 129.712435
229.468814 143.772653 204.517578 71.181980 110.100949 210.657816 212.014807 173.137308 234.535349 72.278627 131.039955 129.661775
229.356783 143.991437 204.638218 71.424308 110.024338 210.859345 212.146192 173.126857 234.511004 71.944439 131.089075 129.592160
229.208340 144.270113 204.736667 71.680546 109.965468 211.132714 212.276481 173.116493 234.519523 71.616050 131.156830 129.514905
229.124956 144.420778 204.802749 71.943119 109.944313 211.298221 212.410358 173.105844 234.528143 71.283761 131.255585 129.443783
229.063816 144.531065 204.904109 72.195376 109.948261 211.424459 212.547026 173.094972 234.536756 70.951773 131.337152 129.344379
229.015186 144.618787 205.012034 72.446790 109.951012 211.512416 212.678910 173.084481 234.566396 70.590799 131.443287 129.267933
229.000746 144.741785 205.122302 72.700093 109.946939 211.572070 212.815578 173.073610 234.564007 70.232330 131.554209 129.188038
229.058695 144.799092 205.243468 72.943392 109.941311 211.599192 212.947860 173.063087 234.576929 69.903083 131.665618 129.107793
229.115791 144.855556 205.395826 73.280672 109.939116 211.609766 213.084130 173.052248 234.589887 69.572937 131.838317 129.012676
229.170184 144.909348 205.499817 73.531575 109.938568 211.612410 213.219975 173.038944 234.602742 69.245390 131.969156 128.982829
229.228205 144.966726 205.605952 73.787652 109.938568 211.612410 213.356176 173.025123 234.615629 68.917042 132.096875 128.953693
229.282669 145.020588 205.711628 74.042620 109.938568 211.612410 213.489690 173.011574 234.628508 68.588895 132.389884 128.790217
229.341756 145.079021 205.817649 74.298419 109.938568 211.612410 213.722199 172.988880 234.641380 68.260947 132.473439 128.680513
229.394372 145.131055 205.954371 74.531419 109.938568 211.612410 213.827648 172.979136 234.654216 67.933899 132.565115 128.589604
229.452250 145.188292 206.115331 74.757468 109.938568 211.612410 213.906526 172.973214 234.667197 67.603154 132.672113 128.515596
229.496790 145.253038 206.274203 74.980584 109.938568 211.612410 213.952597 172.969755 234.680194 67.272009 132.778290 128.442156
229.534811 145.315472 206.434641 75.205900 109.938568 211.612410 214.010093 172.908495 234.693167 66.941463 132.891128 128.364109
229.572208 145.376881 206.593340 75.430719 109.938568 211.612410 213.995531 172.827506 234.721880 66.584467 133.004377 128.285777
229.611217 145.440938 206.733510 75.637848 109.938568 211.612410 213.979321 172.730958 234.732901 66.254350 133.115406 128.208981
229.639875 145.487999 206.864992 75.832141 109.938568 211.612410 213.959535 172.613107 234.746969 65.924055 133.225777 128.132640
229.725464 145.638022 206.990253 76.017240 109.938568 211.612410 213.937579 172.482338 234.762021 65.596000 133.334256 128.057608
229.747751 145.681435 207.149311 76.416564 109.938568 211.612410 213.914613 172.345552 234.777159 65.266047 133.442900 127.982462
229.759580 145.704476 207.164611 76.641845 109.938568 211.612410 213.891847 172.209950 234.792178 64.938691 133.550145 127.908282
229.840228 145.807255 207.180765 76.879697 109.938568 211.612410 213.870553 172.083125 234.807289 64.609338 133.635968 127.808737
229.882832 145.849927 207.202457 77.199045 109.938568 211.612410 213.848051 171.949101 234.822514 64.277487 133.745923 127.732674
229.937802 145.904984 207.220297 77.461841 109.938568 211.612410 213.826311 171.819613 234.837552 63.949732 133.937271 127.599267
230.006393 145.945714 207.238720 77.733216 109.938568 211.612410 213.773476 171.642396 234.852741 63.618680 134.045028 127.522336
230.072780 145.979741 207.257333 78.007385 109.938568 211.612410 213.658086 171.570226 234.867884 63.288627 134.151645 127.446220
230.138990 146.013677 207.271509 78.340114 109.938568 211.612410 213.544477 171.499170 234.883077 62.957476 134.262332 127.367198
230.211340 146.050760 207.279558 78.612295 109.938568 211.612410 213.427307 171.425887 234.898133 62.629321 134.368135 127.291662
230.281198 146.086566 207.300719 79.051245 109.938568 211.612410 213.313783 171.354884 234.913161 62.301765 134.479229 127.212350
230.324003 146.108506 207.315783 79.322827 109.938568 211.612410 213.197036 171.281867 234.928167 61.974709 134.573313 127.145181
230.347675 146.120639 207.333078 79.599587 109.938568 211.612410 213.084008 171.218090 234.943186 61.647354 134.639887 127.097652
230.471051 146.182039 207.350261 79.874551 109.938568 211.612410 212.965550 171.152302 234.958347 61.316901 134.669401 127.004924
230.606319 146.250588 207.370254 80.211938 109.938568 211.612410 212.850065 171.088166 234.973435 60.988047 134.624840 126.945846
230.675939 146.287069 207.385256 80.487529 109.938568 211.612410 212.648749 170.967657 234.988679 60.655797 134.575280 126.880141
230.744143 146.322809 207.397418 80.762660 109.938568 211.612410 212.538668 170.899259 235.005573 60.323226 134.531140 126.821621
230.810221 146.357434 207.409496 81.035894 109.938568 211.612410 212.429237 170.826176 235.022376 59.994255 134.487301 126.763501
230.877450 146.392662 207.418240 81.313436 109.938568 211.612410 212.338065 170.727974 235.039174 59.665384 134.438464 126.698754
230.950171 146.430769 207.430845 81.584860 109.938568 211.612410 212.248730 170.631750 235.055906 59.337811 134.390410 126.635045
231.021031 146.467900 207.449610 81.951349 109.938568 211.612410 212.161028 170.537285 235.072607 59.010837 134.341091 126.569659
231.091981 146.505078 207.466657 82.222814 109.938568 211.612410 212.067270 170.436298 235.089610 58.677971 134.297252 126.511539
231.161690 146.541606 207.483779 82.495477 109.938568 211.612410 211.975826 170.337803 235.106607 58.345205 134.252209 126.451822
231.229805 146.577299 207.500832 82.767042 109.938568 211.612410 211.828696 170.158478 235.123339 58.017632 134.205901 126.390428
231.278167 146.602641 207.507170 83.039765 109.938568 211.612410 211.747959 170.050905 235.140320 57.685165 134.179104 126.354901
231.303234 146.615777 207.503185 83.313536 109.938568 211.612410 211.665302 169.940774 235.157200 57.354696 134.183944 126.218095
231.430528 146.683870 207.499204 83.587007 110.010533 211.737099 211.585946 169.835041 235.174141 57.023028 134.246229 126.177585
231.491691 146.717293 207.472046 83.860373 110.047614 211.752097 211.507250 169.730188 235.191082 56.691361 134.314801 126.132986
231.561981 146.755703 207.357608 84.101364 110.105740 211.775607 211.429754 169.626934 235.208815 56.364643 134.375660 126.093402
231.633763 146.794929 207.056213 84.387427 110.176103 211.804065 211.351839 169.523121 235.225947 56.033794 134.440460 126.051256
231.701595 146.831997 206.856324 84.568784 110.260464 211.838186 211.217704 169.412347 235.240281 55.704306 134.503080 126.010528
231.768463 146.868537 206.653177 84.753099 110.337318 211.912365 211.081228 169.414897 235.254746 55.371821 134.572658 125.965274
231.832434 146.903495 206.458461 84.942940 110.417860 212.006317 210.947251 169.417401 235.268954 55.045229 134.641985 125.920184
231.899126 146.939939 206.262750 85.138117 110.503972 212.119730 210.812475 169.419920 235.282992 54.722535 134.711563 125.874930
231.965291 146.976096 205.946711 85.449258 110.589043 212.249375 210.680998 169.422377 235.295414 54.437005 134.779716 125.830603
232.005307 146.997962 205.772422 85.665868 110.644601 212.385471 210.550021 169.424825 235.305936 54.195133 134.842420 125.789821
232.141376 147.072118 205.577606 85.857258 110.687951 212.491664 210.415044 169.427348 235.315306 53.979737 134.910908 125.745276
232.206057 147.107238 205.383114 86.048550 110.719094 212.567952 210.278772 169.430078 235.312795 53.729348 134.975624 125.703184
232.273725 147.143980 205.190617 86.237878 110.734287 212.605170 210.050728 169.434699 235.291579 53.513890 135.043945 125.658748
232.339636 147.179768 204.994913 86.430362 110.798465 212.782110 209.921355 169.437347 235.270021 53.294949 135.100278 125.622109
232.404843 147.215174 204.799708 86.622355 110.812042 212.855159 209.785783 169.440121 235.248364 53.075013 135.138588 125.597192
232.470315 147.250724 204.602506 86.816311 110.829292 212.947969 209.650112 169.442898 235.226825 52.856271 135.268837 125.500607
232.543080 147.290234 204.429243 87.023654 110.850197 213.060443 209.515640 169.445650 235.205482 52.639519 135.325459 125.452037
232.614352 147.328932 204.255334 87.234352 110.868928 213.194891 209.378369 169.448466 235.183756 52.418886 135.376616 125.408153
232.680175 147.364672 204.104914 87.416592 110.882306 213.345498 209.248596 169.451131 235.162129 52.199248 135.408570 125.380743
232.752413 147.403896 203.979447 87.568600 110.897107 213.512142 209.113024 169.453915 235.141207 51.986776 135.428077 125.364010
232.791344 147.425035 203.876833 87.692922 110.913024 213.691336 209.029450 169.419228 235.081142 51.679687 135.436654 125.356653
232.933930 147.496177 203.789560 87.798656 110.931297 213.887085 208.985145 169.380265 235.005907 51.479989 135.446597 125.348123
233.008053 147.528590 203.704287 87.902069 110.951199 214.097646 208.972392 169.354295 234.930496 51.279823 135.462688 125.334320
233.079428 147.559800 203.616304 88.008773 110.971319 214.310498 208.910714 169.301497 234.682135 51.214894 135.494110 125.307366
233.152360 147.591692 203.532137 88.110848 110.991654 214.525639 208.837352 169.299154 234.456790 51.206543 135.538664 125.269147
233.221810 147.622062 203.448924 88.211765 111.010347 214.745434 208.744599 169.296192 234.271217 51.199666 135.598701 125.217646
233.294833 147.653994 203.362913 88.316077 111.026394 214.961439 208.637254 169.292764 234.128715 51.194385 135.792687 125.065883
233.361627 147.683201 203.274547 88.423244 111.042544 215.178840 208.514317 169.288837 234.014094 51.190138 135.870110 125.008114
233.429061 147.712689 203.192607 88.522618 111.047345 215.392634 208.380452 169.257567 233.936745 51.154313 135.957711 124.942750
233.503734 147.745342 203.107550 88.625773 111.038325 215.611448 208.251099 169.217894 233.840910 51.150770 136.056774 124.868834
233.541941 147.762050 203.024041 88.735153 111.029198 215.832860 208.118496 169.177224 233.631652 51.136387 136.156639 124.794321
233.617237 147.883498 202.944001 88.847570 111.015125 216.046112 207.992871 169.138695 233.506216 51.124476 136.265159 124.713348
233.600029 147.965001 202.863729 88.960313 111.050531 216.271284 207.867247 169.100165 233.365250 51.111090 136.371034 124.634350
233.578359 148.067639 202.787981 89.066702 111.267261 216.286510 207.741049 169.061460 233.213234 51.096655 136.478913 124.553856
233.552371 148.190725 202.712582 89.172602 111.480886 216.299173 207.614660 169.022696 233.042502 51.080443 136.581182 124.477548
233.523778 148.325730 202.636370 89.279643 111.592049 216.435112 207.482535 168.982173 232.858357 51.050614 136.686897 124.398669
233.494895 148.459140 202.556098 89.392386 111.634493 216.645983 207.351557 168.942001 232.658511 51.006299 136.796219 124.317099
233.467303 148.586587 202.478448 89.502305 111.677646 216.860383 207.220196 168.901712 232.445388 50.959039 136.905942 124.235230
233.439351 148.715696 202.410220 89.617983 111.698544 217.074019 207.096580 168.863799 232.215180 50.907991 137.015905 124.153181
233.410045 148.851060 202.340975 89.735384 111.718794 217.290172 206.968661 168.824566 231.976253 50.854718 137.116490 124.078129
233.381183 148.984371 202.271934 89.852440 111.738998 217.505828 206.839882 168.785069 231.722744 50.796532 137.209061 124.009058
233.353717 149.111232 202.204468 89.966826 111.759593 217.725665 206.714922 168.748241 231.506565 50.746915 137.287767 123.950332
233.326168 149.238484 202.134055 90.086207 111.779721 217.940525 206.582844 168.714582 231.321868 50.704523 137.360381 123.896151
233.298131 149.367984 202.065471 90.202488 111.776995 218.157663 206.450281 168.680799 231.175961 50.671035 137.424980 123.847950
233.269354 149.500904 201.995754 90.320655 111.727353 218.368395 206.321266 168.661692 231.075962 50.648083 137.489900 123.799511
233.222395 149.730804 201.930382 90.431400 111.677229 218.581170 206.188662 168.673172 231.000328 50.630724 137.563876 123.744313
233.196824 149.859998 201.863232 90.545159 111.649006 218.794684 206.053268 168.684893 230.958223 50.621060 137.653081 123.677753
233.179195 149.949070 201.795184 90.658617 111.570341 218.994131 205.923354 168.696140 230.894928 50.476580 137.647984 123.552582
233.167022 150.010577 201.726615 90.772462 111.489218 219.199811 205.792045 168.707508 230.913916 50.401958 137.573357 123.462083
233.161566 150.038142 201.656189 90.889391 111.409600 219.401678 205.660039 168.718936 230.936160 50.314544 137.508400 123.383311
233.155042 150.071103 201.585092 91.007433 111.416694 219.599195 205.430926 168.728075 230.961905 50.213368 137.448596 123.310789
233.147140 150.111028 201.518112 91.127097 111.587777 219.734355 205.202323 168.734855 230.991867 50.095620 137.411696 123.266041
233.201006 150.174372 201.455166 91.247992 111.774966 219.851458 205.050241 168.737210 231.025781 49.962781 137.378295 123.225536
233.272997 150.179863 201.391297 91.370661 111.963002 219.969090 204.885824 168.707811 231.058731 49.837130 137.347694 123.188426
233.361440 150.186609 201.328951 91.490402 112.150276 220.086246 204.716766 168.631214 231.112560 49.615474 137.302141 123.133185
233.470324 150.194915 201.266791 91.609789 112.338058 220.203720 204.540548 168.534425 231.141550 49.484545 137.269949 123.094147
233.599947 150.204802 201.182033 91.701202 112.524060 220.320079 204.383957 168.386410 231.169372 49.358888 137.276243 122.957616
233.743530 150.215754 201.131174 91.798851 112.706332 220.434106 204.251183 168.205968 231.198859 49.225713 137.340538 122.912928
233.905858 150.228136 201.098053 91.862443 112.891656 220.550042 204.201919 167.825524 231.226897 49.099080 137.416000 122.860477
234.175932 150.247959 201.074633 91.907409 113.081067 220.664449 204.178565 167.573504 231.256297 48.966296 137.506817 122.797354
234.361396 150.293659 201.061837 91.931977 113.266998 220.774187 204.153790 167.306150 231.292646 48.833899 137.611512 122.724585
234.559037 150.307139 201.059250 91.936944 113.456374 220.885958 204.132325 167.031579 231.328733 48.705330 137.719737 122.649362
234.771943 150.321660 201.058095 91.939161 113.647473 220.998745 204.089516 166.762058 231.391531 48.486822 137.825253 122.576023
234.998516 150.337113 201.057541 91.940225 113.834438 221.109093 204.046125 166.493049 231.436636 48.364045 137.937748 122.497832
235.234767 150.353227 201.057449 91.940403 114.020201 221.217932 203.871326 166.289470 231.481016 48.243239 138.047616 122.421468
235.485185 150.370306 201.057449 91.940403 114.211351 221.329446 203.674978 166.100660 231.528603 48.113704 138.153542 122.347843
235.749372 150.388325 201.057449 91.940403 114.398700 221.438742 203.478485 165.911712 231.609791 47.899377 138.295706 122.164541
236.175181 150.397432 201.057449 91.940403 114.584495 221.547132 203.280551 165.721378 231.658445 47.776886 138.328740 122.034677
236.452300 150.390746 201.057449 91.940403 114.773486 221.657387 203.024253 165.478968 231.706878 47.654953 138.362267 121.902874
236.719179 150.395884 201.057449 91.940403 114.966733 221.762527 202.822472 165.295381 231.756640 47.529674 138.395645 121.771653
236.952765 150.415408 201.057449 91.940403 115.158527 221.859243 202.621061 165.112130 231.804556 47.409042 138.429197 121.639753
237.173794 150.433883 201.057449 91.940403 115.355946 221.958797 202.418836 164.928139 231.852915 47.287295 138.463069 121.506594
237.366123 150.449958 201.057449 91.940403 115.548097 222.055693 202.215576 164.743206 231.779865 47.166307 138.495733 121.378183
237.532643 150.463877 201.057449 91.940403 115.743733 222.154340 201.747681 164.432746 231.661637 47.114953 138.524304 121.265860
237.679032 150.476113 201.057449 91.940403 115.944784 222.235932 201.505367 164.310510 231.534328 47.059655 138.549006 121.168752
237.809079 150.486983 201.057449 91.940403 116.149417 222.318331 201.174369 164.148221 231.413806 47.007305 138.572376 121.076878
237.926669 150.496811 201.057449 91.940403 116.348763 222.398600 200.926848 164.028854 231.290624 46.953800 138.682660 120.809977
238.030008 150.505449 201.057449 91.940403 116.554324 222.481372 200.593677 163.856610 231.165517 46.899458 138.754669 120.773104
238.157273 150.514719 201.057449 91.940403 116.758587 222.563621 200.351914 163.726396 231.042519 46.846033 138.824185 120.737508
238.241163 150.520659 201.057449 91.940403 116.958582 222.644152 200.109094 163.595612 230.923556 46.794360 138.895393 120.701046
238.316674 150.526005 201.057449 91.940403 117.157650 222.724310 199.867508 163.465492 230.819911 46.749341 138.968647 120.663535
238.394180 150.531492 201.057449 91.940403 117.360335 222.805924 199.624072 163.334377 230.739105 46.714242 139.038608 120.627711
238.444354 150.535044 201.048210 91.958141 117.563539 222.885689 199.381789 163.203861 230.695904 46.695477 139.112575 120.589835
238.515177 150.540058 201.029733 91.993617 117.766698 222.965024 199.139855 163.073544 230.551874 46.630368 139.185652 120.552416
238.567845 150.543787 200.947861 92.135462 117.971347 223.044941 198.895899 162.942339 230.481277 46.596732 139.256948 120.515908
238.723193 150.554730 200.910839 92.196397 118.171991 223.123293 198.569473 162.767915 230.397591 46.556859 139.322993 120.482089
238.818852 150.561520 200.859413 92.275101 118.372263 223.201501 198.325076 162.638385 230.298738 46.509760 139.378268 120.453785
239.003023 150.626930 200.789362 92.358611 118.575142 223.280726 198.082447 162.509792 230.187337 46.456682 139.438171 120.423111
239.198531 150.845298 200.707294 92.456447 118.777415 223.362253 197.841497 162.382088 230.066546 46.399130 139.481074 120.401143
239.132355 150.966990 200.619184 92.561485 118.976047 223.445316 197.472247 162.185886 229.943680 46.340589 139.534034 120.374024
239.020495 151.083201 200.531202 92.666370 119.179107 223.530231 197.151767 162.056575 229.836431 46.289490 139.585303 120.347771
238.852961 151.207530 200.441271 92.764458 119.378881 223.613674 196.886932 161.985149 229.752113 46.249316 139.764730 120.287715
238.706006 151.324622 200.343508 92.862280 119.581204 223.698018 196.619382 161.931239 229.699211 46.224110 139.843719 120.273829
238.549743 151.449129 200.246735 92.959113 119.772821 223.777898 196.344621 161.895338 229.619438 46.075979 139.922905 120.259909
238.383157 151.581862 200.152625 93.050719 119.928809 223.842925 196.070751 161.883666 229.659700 45.995599 140.003272 120.245780
238.206013 151.723008 200.041398 93.124910 120.041509 223.889907 195.805548 161.934867 229.708964 45.897248 140.075662 120.233054
238.019562 151.871569 199.931835 93.197990 120.126703 223.925422 195.441719 161.897856 229.767454 45.780477 140.155636 120.218995
237.815350 152.015217 199.824767 93.269406 120.184668 223.949586 195.177844 161.829441 229.832080 45.651458 140.229405 120.206027
237.608396 152.155646 199.716535 93.341599 120.209958 223.960129 194.920163 161.762633 229.944012 45.422014 140.311348 120.191621
237.418571 152.284452 199.606389 93.415068 120.271146 224.096385 194.699557 161.705436 230.017646 45.268345 140.373397 120.180713
237.244138 152.402814 199.497076 93.487982 120.238331 224.150982 194.490567 161.651252 230.097891 45.100877 140.441453 120.168749
237.069637 152.500995 199.385235 93.565009 120.197890 224.218264 194.294452 161.600405 230.184618 44.919883 140.495622 120.159226
236.920475 152.580866 199.271286 93.643560 120.147756 224.301653 194.132409 161.558393 230.278164 44.724303 140.553239 120.149097
236.790355 152.650540 199.160795 93.719727 120.086492 224.403555 193.998052 161.523558 230.376984 44.517058 140.599036 120.141046
236.677161 152.711151 199.054503 93.792999 120.017809 224.517798 193.847583 161.395857 230.466292 44.329760 140.767121 120.109055
236.584067 152.761000 198.940225 93.871777 119.943200 224.641897 193.715337 161.357849 230.534381 44.186963 140.839241 120.093879
236.498908 152.806600 198.756684 94.005012 119.860656 224.779194 193.589369 161.320460 230.589688 44.070974 140.909796 120.079031
236.417627 152.850123 198.645426 94.085021 119.771259 224.927890 193.461483 161.282502 230.625583 43.995694 140.980155 120.064225
236.353272 152.884582 198.539206 94.159099 119.674855 225.088242 193.329283 161.243264 230.651752 43.940814 141.053547 120.048781
236.286537 152.920317 198.421934 94.215597 119.572886 225.257850 193.198232 161.208441 230.666428 43.910034 141.111283 120.036632
236.224739 152.953407 198.299377 94.269255 119.464580 225.437999 193.065025 161.173161 230.812638 43.880702 141.172052 120.023844
236.162235 152.986876 198.175360 94.307225 119.351121 225.626718 192.937122 161.150764 230.878219 43.893403 141.221274 120.013486
236.120449 153.009251 198.052107 94.344961 119.229933 225.828294 192.807331 161.143386 230.957992 43.879959 141.243096 120.008894
236.064469 153.039226 197.919771 94.385478 119.163437 226.102413 192.676043 161.135923 231.054081 43.837134 141.327676 119.970098
236.017657 153.064292 197.794702 94.423770 118.956227 226.321703 192.543819 161.131758 231.166519 43.787023 141.367232 119.864541
235.940283 153.137108 197.662843 94.464141 118.810908 226.589188 192.410362 161.128344 231.287178 43.733247 141.378853 119.791865
235.862660 153.167880 197.536340 94.502872 118.638889 226.802461 192.279905 161.125007 231.408659 43.679106 141.393222 119.702006
235.770442 153.204438 197.412322 94.540843 118.468565 227.013633 192.143249 161.121527 231.532621 43.632094 141.410780 119.592201
235.664001 153.246634 197.283971 94.580369 118.297989 227.225115 192.005993 161.118043 231.658312 43.592767 141.431054 119.465412
235.537945 153.296606 197.160989 94.618644 118.125192 227.439302 191.868438 161.114552 231.783144 43.553708 141.451707 119.336253
235.394412 153.353506 197.043163 94.655313 117.982464 227.673124 191.741172 161.111659 231.912080 43.513366 141.472312 119.207390
235.239073 153.415087 196.940714 94.721711 117.843570 227.911167 191.632681 161.110277 232.044263 43.472015 141.509084 118.980841
235.073043 153.480905 196.821458 94.758834 117.706139 228.146704 191.552588 161.109256 232.169384 43.434378 141.531997 118.844757
234.891302 153.552952 196.692750 94.798899 117.567195 228.384832 191.495892 161.108534 232.301272 43.402866 141.554511 118.711039
234.699801 153.628868 196.570821 94.836854 117.427848 228.623652 191.464395 161.108133 232.431435 43.380765 141.575945 118.583731
234.487702 153.695528 196.441444 94.877127 117.289862 228.860139 191.443896 161.107871 232.568453 43.359889 141.598476 118.449914
234.260089 153.752769 196.206123 94.941106 117.149911 229.099995 191.438097 161.107797 232.699541 43.339917 141.620591 118.318563
234.019481 153.813278 196.079324 94.973618 116.949532 229.432980 191.437297 161.107787 232.835571 43.319191 141.638639 118.211372
233.764520 153.877397 195.957466 95.004863 116.795602 229.659050 191.436997 161.107783 232.964483 43.299551 141.650211 118.142639
233.495981 153.944930 195.798213 95.039957 116.639297 229.888584 191.436897 161.107782 233.095669 43.279563 141.658994 118.090473
233.227627 154.010028 195.754275 95.105965 116.486594 230.112829 191.436897 161.107782 233.196901 43.264140 141.663726 118.062369
232.955733 154.036711 195.727808 95.155543 116.330795 230.341619 191.436897 161.107782 233.258985 43.254681 141.664888 118.055466
232.680356 154.063735 195.719397 95.199214 116.178205 230.565698 191.436897 161.107782 233.293981 43.249349 141.665453 118.052113
232.405476 154.090711 195.714399 95.243433 115.952069 230.859972 191.436897 161.107782 233.512514 43.176296 141.665486 118.051916
232.132687 154.117481 195.720603 95.284213 115.781053 231.073025 191.436897 161.107782 233.576078 43.146034 141.665503 118.051817
231.857210 154.144516 195.726625 95.300324 115.607658 231.289042 191.436897 161.107782 233.654450 43.108723 141.666598 118.045309
231.584902 154.128485 195.730897 95.311752 115.439594 231.501711 191.436897 161.107782 233.749796 43.063331 141.668640 118.033180
231.314636 154.107241 195.731597 95.313626 115.322665 231.751719 191.436897 161.107782 233.857061 43.012265 141.674352 117.999257
231.043273 154.085910 195.731700 95.313900 115.165023 232.088840 191.436897 161.107782 233.973354 42.956900 141.681956 117.954093
230.773306 154.064689 195.731700 95.313900 115.047633 232.338963 191.436897 161.107782 234.091724 42.900546 141.691420 117.897884
230.499850 154.043194 195.731700 95.313900 114.930796 232.587909 191.436897 161.107782 234.302222 42.800140 141.734495 117.671902
230.229222 154.004528 195.662806 95.350059 114.815105 232.834410 191.436897 161.107782 234.424876 42.741618 141.755741 117.579410
229.957838 153.945638 195.629568 95.324712 114.697121 233.085800 191.436897 161.107782 234.541122 42.686155 141.780277 117.472592
229.690363 153.887597 195.576404 95.287030 114.519265 233.434313 191.436897 161.107782 234.664138 42.627461 141.791828 117.353200
229.424940 153.830001 195.507786 95.241591 114.390083 233.678441 191.436897 161.107782 234.786521 42.569069 141.785123 117.221070
229.160885 153.772702 195.233486 95.197317 114.261743 233.920978 191.436897 161.107782 234.909627 42.510333 141.795405 117.096005
228.903191 153.686472 195.124859 95.233831 114.134385 234.161659 191.436897 161.107782 235.031108 42.452372 141.814217 116.965858
228.644565 153.598744 194.998032 95.276462 114.005858 234.404550 191.436897 161.107782 235.149159 42.396047 141.832924 116.836503
228.382151 153.509730 194.875092 95.317788 113.878126 234.645938 191.433197 161.107735 235.265857 42.340368 141.851517 116.707941
228.123147 153.421873 194.750635 95.359623 113.749927 234.888210 191.425298 161.107634 235.383457 42.284258 141.876933 116.572732
227.861580 153.334129 194.624472 95.402032 113.622238 235.126448 191.412699 161.107474 235.501689 42.227847 141.907729 116.440162
227.599633 153.251402 194.498593 95.444345 113.494146 235.365265 191.398800 161.107297 235.622122 42.170954 141.939067 116.305254
227.341118 153.169759 194.280718 95.519147 113.363076 235.609633 191.368003 161.106904 235.746966 42.115024 141.968595 116.178139
227.079934 153.087272 194.069162 95.588230 113.232903 235.852327 191.324906 161.106355 235.872175 42.058929 141.999165 116.046543
226.816080 153.003942 193.937285 95.630544 113.102447 236.095550 191.257611 161.105498 235.998479 42.002345 142.029032 115.917966
226.558615 152.922630 193.812834 95.670476 112.972700 236.337451 191.189017 161.104624 236.117300 41.949113 142.083287 115.649806
226.297183 152.850684 193.689240 95.710133 112.842764 236.579704 191.104324 161.103544 236.243513 41.892569 142.079704 115.519655
226.025878 152.795808 193.560029 95.751592 112.714247 236.819313 191.005954 161.100543 236.361512 41.839705 142.080696 115.296360
225.754175 152.740879 193.438114 95.798805 112.577283 237.058065 190.912574 160.939749 236.480607 41.786350 142.093194 115.161940
225.487367 152.686968 193.315347 95.848649 112.436626 237.295883 190.883908 160.804308 236.604994 41.730624 142.105933 115.024931
225.217633 152.632389 193.196727 95.898800 112.298565 237.529311 190.835033 160.675389 236.727009 41.675961 142.118347 114.891407
224.948055 152.595935 193.078609 95.950906 112.160096 237.763427 190.783077 160.555886 236.850210 41.620766 142.130614 114.759476
224.677332 152.567619 192.958204 96.004021 112.019286 238.001503 190.720219 160.438564 236.969579 41.567289 142.143325 114.622765
224.408697 152.539521 192.839904 96.056208 111.881378 238.234673 190.656322 160.319303 237.091868 41.512503 142.155628 114.490436
224.138969 152.511309 192.713460 96.111987 111.742961 238.468703 190.593795 160.202598 237.213061 41.458208 142.178947 114.296330
223.864066 152.491925 192.595251 96.164133 111.603830 238.703938 190.527486 160.086385 237.336810 41.402768 142.196145 114.165153
