211.050733 85.309538 112.571014 236.938972 153.696367 159.360930 146.361638 124.219447 90.090777 194.843062 184.694500 101.745600
210.986159 85.513465 112.703246 236.700078 153.657551 159.403080 146.348905 124.283290 90.251129 194.692813 184.715498 101.731668
210.917025 85.715674 112.834035 236.456240 153.630252 159.432725 146.331689 124.361651 90.411889 194.547205 184.753995 101.706125
210.836870 85.920950 112.963691 236.214517 153.599565 159.466048 146.302536 124.453957 90.574428 194.399985 184.806241 101.671460
210.698312 86.202843 113.092022 235.975262 153.567388 159.500989 146.266698 124.567432 90.783896 194.200170 184.870403 101.628889
210.571126 86.379144 113.222812 235.731424 153.543001 159.527471 146.228315 124.735911 90.894058 193.985367 184.949397 101.576477
210.419608 86.535763 113.353459 235.487850 153.514482 159.558440 146.230587 124.861876 91.171893 193.853574 185.043723 101.513892
210.268297 86.686810 113.484107 235.244276 153.473499 159.602944 146.186783 125.008950 91.331500 193.703620 185.151214 101.442572
210.111332 86.836064 113.615038 235.000174 153.430618 159.649507 146.133714 125.165500 91.511898 193.515335 185.272788 101.361908
209.936391 86.967978 113.743131 234.759884 153.403996 159.678416 146.077126 125.337522 91.658159 193.356661 185.406861 101.272952
209.743440 87.070080 113.871757 234.516820 153.393835 159.689451 146.018637 125.522075 91.805573 193.196738 185.553932 101.175370
209.546965 87.171249 113.998794 234.276761 153.382319 159.701956 145.959831 125.717997 91.954816 193.034829 185.711420 101.070878
209.352592 87.269734 114.125315 234.037674 153.375206 159.709680 145.901756 125.930608 92.100264 192.877038 185.884490 100.956047
209.154650 87.370028 114.252445 233.797438 153.366332 159.719316 145.835449 126.152117 92.306731 192.646823 186.073237 100.848640
208.964202 87.466524 114.381493 233.553579 153.359016 159.727261 145.767927 126.390540 92.451034 192.484087 186.278188 100.743819
208.767242 87.566321 114.498800 233.331904 153.356103 159.730424 145.673129 126.635408 92.593214 192.323746 186.494623 100.633125
208.576484 87.662870 114.649145 233.032607 153.337271 159.750873 145.509492 126.842367 92.739505 192.158901 186.672330 100.542238
208.391380 87.776600 114.720420 232.803246 153.311191 159.779194 145.339924 127.054333 92.892832 192.006619 186.825883 100.495747
208.203289 87.888381 114.819795 232.591506 153.289649 159.802586 145.222540 127.305673 93.043601 191.845407 186.955304 100.459137
208.043910 87.983099 114.920276 232.377413 153.277456 159.815827 144.966367 127.822365 93.191571 191.681389 187.146970 100.342975
207.920370 88.057280 115.024877 232.154538 153.267351 159.826640 144.855873 128.031457 93.340411 191.516406 187.263942 100.281807
207.827138 88.117974 115.130073 231.930397 153.249469 159.845514 144.753039 128.221749 93.484527 191.354824 187.386763 100.217580
207.764292 88.161241 115.282478 231.603845 153.234888 159.860904 144.663390 128.406295 93.605121 191.174298 187.500988 100.157848
207.736122 88.180634 115.408705 231.378796 153.210816 159.886312 144.569512 128.598834 93.727548 190.991028 187.619952 100.092222
207.691769 88.281179 115.568882 231.179226 153.186606 159.911864 144.466579 128.788926 93.847697 190.811168 187.733367 100.026263
207.735995 88.335825 115.734003 230.973495 153.161434 159.938433 144.380209 128.955010 93.949228 190.614478 187.852573 99.956936
207.789279 88.401664 115.902505 230.763552 153.121337 159.980755 144.297530 129.113997 94.045575 190.422274 187.967457 99.890122
207.852315 88.479552 116.118855 230.476896 153.076357 160.028230 144.221310 129.260563 94.129228 190.224846 188.086577 99.820845
207.917396 88.582003 116.271965 230.252083 153.039080 160.067576 144.152842 129.392224 94.208439 190.023357 188.201115 99.754232
207.972019 88.668736 116.422543 230.030988 152.985571 160.124053 144.090694 129.511730 94.288236 189.820379 188.320495 99.684805
208.005570 88.721941 116.561187 229.827416 152.938390 160.173851 144.042157 129.605064 94.341563 189.613477 188.433045 99.619348
208.026906 88.755775 116.677202 229.657070 152.887013 160.228078 143.995604 129.694583 94.394022 189.397767 188.545422 99.553993
208.038505 88.772376 116.770307 229.520364 152.831716 160.286443 143.957909 129.767067 94.444247 189.185220 188.663245 99.485470
208.044056 88.778813 116.842654 229.414045 152.772981 160.348437 143.925889 129.828639 94.477373 188.970002 188.755898 99.431750
208.050717 88.786537 116.799952 229.294059 152.717202 160.407310 143.902405 129.873798 94.502161 188.750799 188.823104 99.392954
208.060448 88.797821 116.680139 229.238899 152.661974 160.465602 143.879244 129.918336 94.510475 188.533660 188.858093 99.372756
208.081646 88.827949 116.556966 229.182192 152.606815 160.523821 143.854606 129.965712 94.505286 188.315722 189.007805 99.431012
208.109633 88.876339 116.435700 229.126363 152.544297 160.589808 143.836950 130.000260 94.498176 188.095643 189.054278 99.498572
208.244677 89.185805 116.314344 229.070492 152.486180 160.651149 143.814265 130.045826 94.489626 187.878712 189.095196 99.558058
208.284752 89.263138 116.196200 229.016100 152.428407 160.712126 143.787034 130.100522 94.480922 187.656983 189.128350 99.606256
208.334028 89.358229 115.988365 228.910430 152.371941 160.771725 143.753338 130.171606 94.472442 187.440349 189.147505 99.634104
208.377581 89.461599 115.871626 228.845667 152.318570 160.828057 143.721846 130.246559 94.458028 187.058856 189.169325 99.665824
208.420381 89.583894 115.758647 228.782990 152.262586 160.887148 143.685821 130.332298 94.450185 186.842198 189.190067 99.695979
208.448510 89.704867 115.640072 228.717208 152.203919 160.949069 143.646059 130.430147 94.442339 186.625339 189.222654 99.743353
208.467921 89.827718 115.520360 228.650795 152.151854 161.004022 143.617527 130.538969 94.434559 186.410280 189.266349 99.806876
208.483648 89.949104 115.399074 228.583509 152.097314 161.061588 143.593052 130.632313 94.426818 186.196320 189.307891 99.867268
208.499430 90.080752 115.286620 228.521123 152.046213 161.115524 143.571241 130.715501 94.419024 185.980861 189.352776 99.932521
208.513234 90.212330 115.169968 228.456408 151.999582 161.164742 143.554172 130.780601 94.411056 185.760605 189.392674 99.990523
208.526224 90.336150 115.055153 228.392712 151.956115 161.210621 143.540657 130.833496 94.403211 185.543747 189.434216 100.050915
208.541720 90.469749 114.938677 228.328094 151.912527 161.256102 143.534119 130.863491 94.395256 185.323991 189.457632 100.122116
208.557834 90.599956 114.818615 228.261488 151.876380 161.291937 143.530116 130.881860 94.387345 185.109637 189.478646 100.189097
208.559443 90.729519 114.703625 228.197695 151.829011 161.338896 143.525047 130.905114 94.379342 184.892784 189.502384 100.264761
208.550946 90.855327 114.589859 228.134581 151.785620 161.381912 143.522322 130.917621 94.371173 184.671435 189.524116 100.334032
208.521162 90.986789 114.473383 228.069963 151.732854 161.434222 143.520937 130.923972 94.363280 184.457581 189.537466 100.376587
208.455964 91.098375 114.359180 228.006607 151.690812 161.475900 143.516486 130.944392 94.355369 184.243227 189.555157 100.432977
208.377267 91.199958 114.150677 227.917196 151.647705 161.518635 143.510992 130.969600 94.347381 184.026774 189.568059 100.474100
208.292691 91.309129 114.027003 227.870205 151.609640 161.556371 143.502282 131.009562 94.339359 183.809422 189.606181 100.627826
208.202068 91.411107 113.897253 227.820906 151.539890 161.607140 143.489611 131.067697 94.331194 183.588173 189.617639 100.692925
208.109161 91.512335 113.767141 227.772985 151.513710 161.644231 143.423773 131.310936 94.323287 183.373918 189.629357 100.759502
208.016138 91.609290 113.639021 227.753451 151.488222 161.680342 143.423720 131.413477 94.315339 183.158565 189.638665 100.812389
207.919431 91.705197 113.508849 227.734735 151.460675 161.721569 143.417180 131.537194 94.307424 182.944111 189.561104 100.926763
207.815939 91.790464 113.382734 227.759378 151.439736 161.754826 143.408893 131.673342 94.299495 182.729257 189.488217 100.925413
207.708376 91.867836 113.254158 227.792821 151.416878 161.791129 143.404826 131.829885 94.291329 182.508008 189.415029 100.924057
207.583906 91.915973 113.128528 227.840574 151.394287 161.827009 143.407466 131.998867 94.275694 182.192677 189.336243 100.922598
207.463193 91.956703 113.008397 227.887000 151.374093 161.859082 143.415631 132.182986 94.263667 181.971103 189.257156 100.921133
207.340965 91.992611 112.882530 227.939819 151.357150 161.885992 143.423344 132.356915 94.251710 181.750827 189.178270 100.919672
207.210714 92.028422 112.758047 227.992058 151.341627 161.912329 143.429863 132.513079 94.239694 181.529453 189.097284 100.918172
207.078725 92.062430 112.638957 228.048460 151.323906 161.947295 143.435124 132.643573 94.224078 181.218830 189.020522 100.929289
206.951383 92.091565 112.516255 228.108036 151.309304 161.976106 143.439354 132.748487 94.215349 180.999304 188.945278 100.943093
206.822176 92.116015 112.390679 228.151573 151.303653 161.987256 143.442529 132.827223 94.206818 180.784773 188.864919 100.957836
206.688744 92.141264 112.261965 228.190940 151.297505 161.999387 143.444565 132.922582 94.198089 180.565247 188.791052 100.971387
206.561306 92.165379 112.132147 228.209830 151.292939 162.008396 143.444516 132.984982 94.189387 180.346420 188.728201 100.982918
206.429347 92.190350 112.003825 228.225701 151.290860 162.012499 143.444481 133.029182 94.180634 180.126294 188.670956 100.993420
206.295915 92.215599 111.868924 228.234984 151.289368 162.015443 143.444454 133.063382 94.171988 179.908866 188.611056 101.004410
206.165234 92.240328 111.738070 228.218802 151.288554 162.017048 143.444426 133.098982 94.163227 179.688540 188.584794 101.009227
206.037600 92.264481 111.610643 228.165677 151.286158 162.021776 143.444929 133.152593 94.153983 179.313505 188.448073 101.041859
205.911242 92.288391 111.492050 228.103940 151.284666 162.024719 143.446917 133.225466 94.151738 179.093917 188.393902 101.058602
205.777857 92.304475 111.288937 227.998223 151.283129 162.027752 143.445817 133.313779 94.149493 178.874328 188.319953 101.081457
205.649525 92.318528 111.173148 227.933873 151.280236 162.033461 143.439698 133.419803 94.147498 178.679138 188.243902 101.104962
205.518308 92.317924 111.064966 227.862873 151.278828 162.036646 143.435654 133.513898 94.145770 178.510147 188.171196 101.127433
205.389005 92.310074 110.952437 227.789019 151.277277 162.043369 143.434270 133.598786 94.144288 178.365155 188.095910 101.150702
205.256049 92.283938 110.757575 227.658898 151.274939 162.053503 143.431722 133.701552 94.142936 178.232862 188.022534 101.173380
205.122027 92.257523 110.642907 227.581938 151.272421 162.064416 143.427919 133.826394 94.150242 178.113949 187.945411 101.201161
204.993802 92.232211 110.527658 227.504587 151.268239 162.082540 143.423693 133.965130 94.166043 178.021693 187.873118 101.232767
204.865871 92.206956 110.419798 227.432197 151.264035 162.100762 143.419135 134.114761 94.182266 177.926972 187.804032 101.262971
204.732489 92.195988 110.304798 227.355014 151.257201 162.130383 143.419586 134.402266 94.196650 177.842995 187.727891 101.296260
204.602595 92.219245 110.191791 227.279168 151.246793 162.175498 143.437211 134.578098 94.210071 177.764636 187.653857 101.328627
204.488412 92.290949 110.078452 227.203100 151.240888 162.239209 143.452759 134.765738 94.252458 177.597821 187.586695 101.357990
204.395538 92.382342 109.970177 227.130430 151.237831 162.302832 143.485631 134.969641 94.274739 177.526626 187.526222 101.384428
204.302593 92.473804 109.793985 226.974753 151.245218 162.370631 143.538121 135.185191 94.298603 177.450373 187.487831 101.401213
204.210788 92.564144 109.697536 226.882017 151.253048 162.442506 143.604252 135.409965 94.323453 177.370971 187.418081 101.467779
204.113282 92.660095 109.528872 226.719765 151.264079 162.510689 143.672126 135.645131 94.345047 177.301971 187.393373 101.518591
204.018341 92.753521 109.429836 226.624526 151.286737 162.567259 143.729840 135.895875 94.368284 177.227722 187.380910 101.544221
203.926393 92.844002 109.332818 226.531227 151.306797 162.613821 143.788196 136.159696 94.387441 177.148981 187.302498 101.629529
203.829172 92.939673 109.236767 226.435941 151.325314 162.656802 143.827720 136.426723 94.404435 177.071114 187.252009 101.668040
203.737581 93.029802 109.144093 226.343353 151.346268 162.701126 143.856416 136.691875 94.421429 176.993247 187.192218 101.713648
203.643566 93.122317 108.983369 226.182707 151.376259 162.741132 143.885833 136.963688 94.428499 176.918466 187.126066 101.764107
203.547628 93.216725 108.888723 226.088132 151.403072 162.776898 143.900740 137.312981 94.434060 176.844876 187.067149 101.809047
203.454540 93.308327 108.797331 225.996808 151.438402 162.824025 143.904425 137.584456 94.438242 176.667249 187.009504 101.853017
203.362236 93.399159 108.705090 225.904635 151.476182 162.865175 143.908150 137.858930 94.433643 176.571259 186.948679 101.899413
203.266440 93.493426 108.618720 225.818330 151.527729 162.909217 143.911778 138.126306 94.399090 176.466065 186.890240 101.943989
203.169289 93.589027 108.560998 225.760651 151.582545 162.956053 143.907765 138.459399 94.351090 176.347446 186.824962 101.993781
203.076558 93.680279 108.521386 225.721068 151.647545 162.993508 143.904724 138.734282 94.281575 176.217468 186.763298 102.041569
202.977626 93.777633 108.506248 225.705942 151.720900 163.031912 143.901860 138.993066 94.203680 176.071558 186.714965 102.108675
202.884823 93.868955 108.381314 225.637903 151.811796 163.063267 143.899372 139.217852 94.118392 175.911799 186.666633 102.175781
202.794943 93.957401 108.328969 225.611117 151.917471 163.089982 143.897199 139.414240 94.026228 175.739160 186.618300 102.242887
202.701784 94.049074 108.260067 225.575858 152.025662 163.099405 143.895058 139.607728 93.925351 175.550200 186.570493 102.309263
202.604063 94.145236 108.180037 225.534905 152.148579 163.082551 143.892937 139.795792 93.822921 175.358330 186.526719 102.370040
202.507768 94.239995 108.081134 225.484293 152.261528 163.044926 143.890746 139.988379 93.719454 175.164519 186.478678 102.436740
202.415037 94.331247 107.965233 225.440267 152.407848 162.981816 143.888588 140.177967 93.614951 174.968767 186.439963 102.504143
202.320024 94.424743 107.854309 225.400311 152.505769 162.936405 143.886427 140.367955 93.514075 174.779808 186.407126 102.575885
202.227935 94.515364 107.778949 225.373166 152.549880 162.914389 143.884256 140.558742 93.412727 174.589967 186.376537 102.642718
202.133346 94.612206 107.730779 225.355815 152.585673 162.893179 143.870914 140.746980 93.309873 174.397302 186.345574 102.710369
202.042739 94.709021 107.700204 225.344796 152.605197 162.877887 143.854574 140.934871 93.206736 174.204109 186.316775 102.773291
201.952064 94.805909 107.592971 225.297542 152.614959 162.870241 143.837991 141.125552 93.104022 174.011709 186.297381 102.815664
201.860568 94.903673 107.532021 225.263758 152.616691 162.868884 143.821227 141.318324 93.000290 173.818268 186.168015 102.858020
201.766749 95.003919 107.454382 225.218041 152.617635 162.868144 143.804532 141.510299 92.898266 173.628562 186.092383 102.820787
201.719586 95.115818 107.364419 225.165068 152.619210 162.866911 143.787523 141.703853 92.793662 173.433999 186.002217 102.776399
201.826891 95.195795 107.257568 225.102149 152.626374 162.861299 143.770593 141.889182 92.688869 173.239083 185.899939 102.726048
201.943573 95.268131 107.151137 225.030689 152.637789 162.852358 143.753672 142.074410 92.587722 173.050950 185.700207 102.618351
202.045712 95.356219 107.078962 224.979300 152.649677 162.843047 143.736305 142.264519 92.484397 172.858764 185.583161 102.553316
202.125430 95.464873 107.033751 224.947110 152.676680 162.821897 143.720110 142.450615 92.386185 172.676092 185.470835 102.490904
202.161516 95.586100 107.012245 224.931798 152.718247 162.789339 143.704005 142.636519 92.308999 172.532525 185.353706 102.423288
202.162734 95.718898 106.985260 224.814170 152.772726 162.746670 143.687718 142.824515 92.238253 172.400937 185.237059 102.348062
202.146401 95.854333 107.021666 224.765975 152.844769 162.690260 143.671103 143.016296 92.175273 172.283794 185.129244 102.271761
202.096085 95.971736 107.072237 224.699029 152.849927 162.587279 143.654422 143.201145 92.130998 172.201442 185.028757 102.188499
202.004879 96.065293 107.130945 224.621311 152.680402 162.434773 143.637216 143.390967 92.097471 172.139083 184.949291 102.122654
201.900262 96.150301 107.199899 224.530027 152.597136 162.355742 143.620434 143.576108 92.071664 172.091081 184.896391 102.078822
201.799215 96.232407 107.276087 224.429169 152.508793 162.271893 143.603599 143.761846 92.053186 172.056736 184.863050 102.051195
201.693899 96.317983 107.332926 224.353924 152.410079 162.178198 143.586483 143.950672 92.040724 172.033576 184.849286 102.034513
201.592393 96.400475 107.367283 224.308442 152.318037 162.090838 143.577453 144.139046 92.023145 172.000905 184.837234 102.018804
201.487922 96.485505 107.387716 224.281392 152.225124 162.002651 143.573579 144.328306 92.004760 171.966737 184.834068 102.014678
201.388570 96.566368 107.530144 224.160106 152.125394 161.907993 143.569730 144.516367 91.988839 171.937149 184.833764 102.014281
201.311943 96.628735 107.576435 224.115954 151.865950 161.684662 143.565792 144.708727 91.948114 171.826533 184.833642 102.014123
201.248191 96.680624 107.633666 224.057930 151.759198 161.584332 143.561865 144.900586 91.934376 171.800994 184.833581 102.014043
201.191615 96.732512 107.702624 223.988015 151.639694 161.472016 143.558026 145.088147 91.914195 171.763477 184.833581 102.014043
201.163620 96.782622 107.781624 223.907920 151.506491 161.346826 143.568026 145.282173 91.875785 171.612583 184.833581 102.014043
201.125479 96.850890 107.869894 223.818427 151.366659 161.215400 143.578310 145.472996 91.996712 171.437360 184.833581 102.014043
201.100361 96.895850 107.968696 223.718255 151.229037 161.086004 143.586620 145.627172 92.066833 171.379831 184.833581 102.014043
200.972207 96.996635 108.081333 223.604057 151.093164 160.958251 143.592906 145.743803 92.144762 171.315896 184.833581 102.014043
200.886260 97.011591 108.201965 223.476779 150.956272 160.829539 143.597184 145.823188 92.235988 171.241052 184.833581 102.014043
200.794814 97.067724 108.327567 223.338374 150.818505 160.700005 143.599853 145.872716 92.319071 171.130242 184.833581 102.014043
200.695267 97.137657 108.465533 223.186343 150.681369 160.571113 143.641248 146.101093 92.517402 170.969037 184.833581 102.014043
200.590093 97.213384 108.603298 223.034535 150.550094 160.440479 143.643095 146.129923 92.636718 170.873263 184.833581 102.014043
200.481638 97.291908 108.715670 222.909519 150.413010 160.303912 143.643793 146.145908 92.728661 170.799461 184.833581 102.014043
200.377191 97.370145 108.803555 222.809960 150.279469 160.170875 143.644817 146.169386 92.805086 170.738115 184.833581 102.014043
200.269326 97.451489 108.866822 222.738289 150.142244 160.034167 143.645323 146.180975 92.856867 170.696550 184.833581 102.014043
200.161443 97.533803 108.907390 222.692333 150.008774 159.901200 143.646155 146.200057 92.890713 170.669383 184.833581 102.014043
200.054557 97.616749 108.933067 222.663245 149.800348 159.691612 143.646879 146.216641 92.913166 170.659248 184.833581 102.014043
199.953117 97.697088 108.943126 222.651850 149.602039 159.456375 143.647166 146.223235 92.928157 170.658734 184.833581 102.014043
199.837051 97.761462 108.944185 222.650650 149.487725 159.309777 143.647188 146.223734 92.931355 170.658624 184.833581 102.014043
199.708883 97.808037 108.945045 222.649675 149.399702 159.143236 143.647201 146.224034 92.932455 170.658586 184.833581 102.014043
199.572342 97.822830 108.945177 222.649526 149.269532 159.004322 143.647210 146.224234 92.940550 170.658308 184.833581 102.014043
199.434866 97.812971 108.945177 222.649526 149.149076 158.887932 143.647210 146.224234 92.959539 170.657657 184.833581 102.014043
199.307766 97.781809 108.945177 222.649526 149.042572 158.785023 143.647210 146.224234 92.996917 170.656375 184.833581 102.014043
199.183941 97.724844 108.970685 222.609892 148.925424 158.671829 143.647323 146.226831 93.097169 170.557735 184.833581 102.014043
199.069299 97.657787 108.986368 222.580403 148.761912 158.512348 143.647711 146.235723 93.125642 170.490557 184.833581 102.014043
198.957091 97.592966 109.009327 222.537228 148.590370 158.325448 143.648587 146.255804 93.199314 170.429789 184.833581 102.014043
198.845456 97.525642 109.041020 222.477631 148.490308 158.192619 143.649834 146.284376 93.283168 170.360622 184.833581 102.014043
198.734723 97.456210 109.083652 222.397462 148.383549 158.051944 143.651726 146.327735 93.378131 170.282291 184.833581 102.014043
198.622466 97.385821 109.122340 222.301170 148.278471 157.914385 143.652824 146.352911 93.524644 170.204193 184.833581 102.014043
198.511479 97.316230 109.166373 222.183862 148.119073 157.698236 143.653561 146.369795 93.647298 170.103016 184.833581 102.014043
198.395665 97.243608 109.217258 222.048298 148.016970 157.541332 143.654350 146.387878 93.784764 169.989620 184.833581 102.014043
198.281971 97.172311 109.268170 221.899789 147.917648 157.388703 143.656176 146.429738 93.932026 169.868143 184.833581 102.014043
198.171919 97.103299 109.323305 221.737393 147.817017 157.234063 143.656878 146.445823 94.090165 169.737694 184.833581 102.014043
198.056953 97.031206 109.384292 221.557763 147.663395 156.996377 143.658236 146.465357 94.265177 169.609339 184.833581 102.014043
197.939362 96.957466 109.448493 221.368665 147.563875 156.840307 143.658372 146.466851 94.455546 169.472751 184.829321 102.008490
197.826091 96.886435 109.505041 221.166687 147.460646 156.678420 143.658463 146.467847 94.663925 169.333271 184.814773 101.989527
197.711803 96.814767 109.562170 220.954751 147.361825 156.523446 143.658500 146.468245 94.902506 169.216328 184.793164 101.961361
197.595567 96.741877 109.653587 220.742263 147.256878 156.364941 143.658500 146.468245 95.343805 168.879645 184.712673 101.977178
197.481957 96.670634 109.712852 220.522514 147.150652 156.204643 143.658500 146.468245 95.553345 168.697904 184.660873 102.021693
197.367415 96.598806 109.772872 220.299966 147.046580 156.047596 143.659209 146.476013 95.888109 168.397436 184.591552 102.081263
197.257136 96.521995 109.833941 220.075008 146.939691 155.886299 143.661926 146.505789 96.094884 168.215682 184.512600 102.149111
197.154103 96.445040 109.898578 219.840348 146.810244 155.750677 143.666888 146.560163 96.299105 168.036174 184.422346 102.226670
197.043451 96.362410 109.964728 219.600192 146.706566 155.594209 143.670360 146.598205 96.502051 167.857790 184.321703 102.313157
196.936084 96.282233 110.033561 219.350298 146.391236 155.559433 143.673195 146.629276 96.710434 167.674685 184.210517 102.408705
196.831922 96.204449 110.102579 219.099730 146.205656 155.654732 143.674786 146.646704 96.914535 167.495343 184.087120 102.514745
196.725207 96.124736 110.171146 218.850801 145.999427 155.745450 143.677185 146.672995 97.178630 167.283144 183.950754 102.631930
196.618412 96.044963 110.240457 218.599172 145.776893 155.839747 143.678185 146.683949 97.396598 167.111885 183.802733 102.756711
196.508092 95.962557 110.309210 218.349568 145.526141 155.893742 143.679848 146.702173 97.657908 166.906204 183.645601 102.888839
196.401137 95.882665 110.379052 218.096011 145.259523 155.947442 143.680584 146.710240 97.870819 166.738222 183.478979 103.028947
196.301552 95.808278 110.453567 217.843580 145.034189 155.976500 143.681129 146.716215 98.087656 166.567142 183.298886 103.180382
196.237139 95.760163 110.529767 217.585912 144.849220 156.000352 143.681774 146.723286 98.303786 166.396620 183.114775 103.340960
196.129994 95.750474 110.603557 217.336394 144.704961 156.018524 143.682238 146.728364 98.519917 166.226098 182.897462 103.486755
196.080859 95.808454 110.669917 217.112001 144.594283 156.032042 143.682456 146.730755 98.733064 166.057930 182.692954 103.665178
196.032888 95.865062 110.728930 216.902887 144.524303 156.040589 143.682974 146.736431 98.999857 165.848297 182.489878 103.842351
195.980197 95.927238 110.786756 216.686583 144.473031 156.046380 143.683156 146.738423 99.214153 165.683069 182.317471 103.992768
195.926472 95.990636 110.812449 216.437965 144.456328 156.048184 143.683401 146.741111 99.405523 165.536582 182.173697 104.118203
195.878824 96.046862 110.801960 216.217415 144.449666 156.048903 143.683747 146.744896 99.598799 165.388636 182.058181 104.218984
195.827620 96.107284 110.791618 215.999960 144.445988 156.049300 143.683883 146.746390 99.770952 165.256858 181.977855 104.289065
195.777903 96.165951 110.780773 215.782731 144.443303 156.049589 143.683992 146.747585 99.955546 165.064910 181.885096 104.369992
195.727863 96.225000 110.784783 215.538538 144.442309 156.049697 143.684083 146.748580 99.687759 164.852448 181.777133 104.460034
195.680086 96.281378 110.773768 215.322819 144.441812 156.049750 143.684146 146.749278 99.481600 164.796180 181.653540 104.561645
195.637481 96.331653 110.740393 215.111402 144.441812 156.049750 143.684201 146.749875 99.274959 164.739780 181.511587 104.670981
195.615241 96.357897 110.704832 214.894295 144.441812 156.049750 143.684246 146.750373 99.114816 164.696072 181.358207 104.787304
195.519476 96.472036 110.669159 214.676497 144.441812 156.049750 143.684283 146.750771 98.983712 164.660289 181.190406 104.914564
195.470475 96.530913 110.594292 214.438432 144.441812 156.049750 143.684328 146.751269 98.875664 164.630799 181.014239 105.048169
195.421793 96.589405 110.556049 214.227368 144.441812 156.049750 143.684346 146.751468 98.799066 164.609893 180.825084 105.191623
195.374327 96.646436 110.514812 214.016488 144.441812 156.049750 143.684365 146.751668 98.739254 164.593568 180.619491 105.329951
195.321296 96.710155 110.468872 213.801338 144.441812 156.049750 143.684383 146.751867 98.669929 164.516143 180.421544 105.454929
195.271143 96.770414 110.422807 213.585601 144.441812 156.049750 143.684392 146.751966 98.660485 164.472281 180.255728 105.559621
195.223229 96.827984 110.372438 213.375389 144.441812 156.049750 143.684392 146.751966 98.658502 164.339643 180.087418 105.652904
195.182825 96.893984 110.319983 213.169155 144.441812 156.049750 143.684392 146.751966 98.691610 164.260271 179.911885 105.722699
195.144675 96.956690 110.274258 212.989379 144.441812 156.049750 143.684392 146.751966 98.731301 164.165117 179.735780 105.792332
195.106369 97.019653 110.235237 212.835964 144.441812 156.049750 143.684392 146.751966 98.782704 164.055827 179.553505 105.834104
195.077574 97.066982 110.203784 212.712301 144.441812 156.049750 143.684392 146.751966 98.883321 163.961715 179.378638 105.874178
194.987699 97.210348 110.174049 212.608876 144.441812 156.049750 143.684392 146.751966 99.074459 163.842968 179.214396 105.911817
194.943620 97.278304 110.147502 212.531715 144.441812 156.049750 143.684392 146.751966 99.229778 163.762339 179.066988 105.939583
194.903840 97.339632 110.123948 212.463254 144.441812 156.049750 143.684392 146.751966 99.400894 163.673508 178.932462 105.960222
194.869502 97.392571 110.106998 212.413988 144.441812 156.049750 143.684392 146.751966 99.584348 163.578273 178.803767 105.979966
194.849803 97.422941 110.092846 212.372854 144.441812 156.049750 143.684392 146.751966 99.773837 163.479905 178.690097 105.997405
194.805216 97.533066 110.079345 212.333612 144.284568 156.065960 143.684392 146.751966 99.966343 163.379970 178.583532 106.014309
194.784271 97.600592 110.061842 212.282739 144.247452 156.069663 143.684392 146.751966 100.181991 163.230445 178.464678 106.034161
194.763474 97.667641 110.041509 212.223639 144.187748 156.075619 143.684392 146.751966 100.131158 163.040013 178.369004 106.050141
194.753372 97.700210 110.016036 212.149598 144.105855 156.083789 143.684392 146.751966 100.086850 162.874025 178.274907 106.065857
194.703582 97.856975 109.992354 212.084684 144.008936 156.093458 143.684392 146.751966 100.051852 162.742916 178.200439 106.078295
194.696214 97.934024 109.968333 212.019254 143.890325 156.105291 143.684392 146.751966 100.024257 162.639536 178.138299 106.088674
194.688808 98.011470 109.927767 211.813026 143.756290 156.118663 143.684392 146.751966 100.004475 162.565430 178.072116 106.099728
194.680821 98.091463 109.923100 211.765400 143.609519 156.133305 143.684392 146.751966 99.989414 162.509006 178.010910 106.118854
194.669132 98.166761 109.813976 211.587232 143.448816 156.149337 143.684392 146.751966 99.976828 162.461857 177.957657 106.136498
194.662106 98.212019 109.794895 211.541506 143.270502 156.167127 143.684392 146.751966 99.965455 162.419249 177.911523 106.151783
194.550714 98.292356 109.778177 211.480453 143.080644 156.186068 143.684392 146.751966 99.960348 162.400119 177.874787 106.163955
194.467883 98.285680 109.764629 211.430975 142.877154 156.206368 143.684392 146.751966 99.957872 162.390843 177.827040 106.179774
194.388640 98.279292 109.766215 211.159540 142.655753 156.228456 143.684392 146.751966 99.957434 162.389201 177.778153 106.195971
194.335313 98.274994 109.779620 211.066525 142.421914 156.251785 143.684392 146.751966 99.957331 162.388814 177.728792 106.212326
194.310194 98.272970 109.761008 210.927645 142.196254 156.274497 143.684392 146.751966 99.957300 162.388700 177.685506 106.226667
194.176648 98.262381 109.682892 210.924036 142.008935 156.293694 143.684392 146.751966 100.015576 162.278692 177.634556 106.247473
194.124209 98.258269 109.631946 210.921682 141.865387 156.308406 143.684392 146.751966 100.049035 162.260680 177.585770 106.269432
194.055121 98.252852 109.475703 210.824211 141.643333 156.334560 143.684392 146.751966 100.100985 162.232712 177.533246 106.293074
193.980649 98.247012 109.419258 210.757221 141.569242 156.337638 143.684410 146.752166 100.165791 162.197824 177.478077 106.317906
193.903486 98.240962 109.351858 210.677230 141.531342 156.337513 143.684583 146.754058 100.251025 162.151939 177.418713 106.344626
193.821737 98.234552 109.273054 210.583704 141.271704 156.372489 143.684764 146.756049 100.350963 162.098138 177.371113 106.366052
193.740985 98.228220 109.188837 210.483754 141.198119 156.373987 143.685273 146.761626 100.549823 161.991120 177.321324 106.388462
193.690939 98.224296 109.103589 210.382581 141.107338 156.375836 143.685937 146.768896 100.660314 161.931605 177.276186 106.408779
193.663323 98.222131 109.008903 210.291383 141.004699 156.379236 143.687018 146.780747 100.740342 161.888497 177.244634 106.422981
193.589576 98.281412 108.903082 210.211811 140.884797 156.384090 143.687854 146.789909 100.787708 161.862984 177.201009 106.442760
193.569716 98.339300 108.797261 210.132240 140.746297 156.387925 143.689536 146.808332 100.812095 161.849848 177.163317 106.453033
193.539273 98.410586 108.689042 210.050865 140.591645 156.384073 143.690599 146.819984 100.817290 161.847050 177.144466 106.451670
193.500818 98.480281 108.581862 209.970272 140.419799 156.379770 143.691435 146.829146 100.820723 161.845200 177.136986 106.451129
193.462316 98.550064 108.475242 209.890100 140.288431 156.364710 143.692944 146.845677 100.821868 161.844584 177.012347 106.383918
193.425311 98.617132 108.282011 209.738371 140.195354 156.337259 143.694416 146.861810 100.822220 161.844394 176.997302 106.342783
193.387181 98.679750 108.168958 209.667180 140.139543 156.311424 143.654759 146.882431 100.822220 161.844394 176.979295 106.281717
193.342817 98.744268 108.053367 209.594391 140.119306 156.302057 143.656064 146.890527 100.822220 161.844394 176.965122 106.205201
193.301115 98.804914 107.939892 209.522934 140.107781 156.296722 143.658165 146.903558 100.822220 161.844394 176.913629 106.067950
193.257374 98.868527 107.818178 209.466132 140.100884 156.293529 143.660155 146.915899 100.822220 161.844394 176.817148 106.012262
193.215899 98.928843 107.692334 209.412491 140.098071 156.292227 143.694669 146.923037 100.822220 161.844394 176.696783 106.034229
193.171648 98.993197 107.566857 209.359007 140.097980 156.292185 143.696645 146.935279 100.822220 161.844394 176.577703 106.100367
193.129266 99.054832 107.440736 209.305248 140.097889 156.292143 143.696645 146.935279 100.822220 161.844394 176.468178 106.209111
193.082296 99.123141 107.315812 209.251999 140.097889 156.292143 143.696645 146.935279 100.822220 161.844394 176.336286 106.318732
193.040027 99.184611 107.200730 209.202946 140.097889 156.292143 143.696645 146.935279 100.822220 161.844394 176.175185 106.411762
192.994246 99.251190 107.094019 209.157461 140.097889 156.292143 143.696645 146.935279 100.822220 161.844394 175.993241 106.380295
192.952545 99.311836 107.010307 209.121779 140.097889 156.292143 143.696645 146.935279 100.822220 161.844394 175.820085 106.244579
192.910277 99.373306 106.960723 209.100644 140.097889 156.292143 143.698620 146.947520 100.822220 161.844394 175.693229 106.066532
192.866535 99.436919 106.934138 209.089312 140.097889 156.292143 143.700771 146.960848 100.822220 161.844394 175.566605 105.886381
192.819395 99.505475 106.864239 208.983480 140.097889 156.292143 143.701217 146.963612 100.822220 161.844394 175.433569 105.712691
192.775257 99.569664 106.879628 208.917963 140.097889 156.292143 143.701297 146.964106 100.822220 161.844394 175.298301 105.537292
192.731572 99.633194 106.898103 208.839303 140.097889 156.292143 143.701297 146.964106 100.822220 161.844394 175.104206 105.295141
192.694913 99.686507 106.921107 208.741369 140.097889 156.292143 143.701297 146.964106 100.822220 161.844394 174.965516 105.128116
192.674912 99.715594 106.956043 208.565496 140.097889 156.292143 143.701297 146.964106 100.822220 161.844394 174.827720 104.962168
192.579420 99.833761 106.980719 208.429009 140.097889 156.292143 143.702157 146.969437 100.822220 161.844394 174.687176 104.792912
192.532138 99.885107 107.008597 208.274809 140.097889 156.292143 143.702810 146.973484 100.822220 161.844394 174.546953 104.624041
192.477270 99.944693 107.038556 208.109095 140.097889 156.292143 143.702874 146.973879 100.822220 161.844394 174.411062 104.449651
192.426533 99.999791 107.071095 207.929113 140.097889 156.292143 143.702874 146.973879 100.822220 161.844394 174.280812 104.270247
192.374103 100.056728 107.105644 207.738011 140.097889 156.292143 143.702874 146.973879 100.822220 161.844394 174.154850 104.096751
192.319746 100.113531 107.143094 207.530869 140.097889 156.292143 143.702874 146.973879 100.822220 161.844394 174.027419 103.921232
192.262617 100.161970 107.177389 207.313898 140.097889 156.292143 143.702874 146.973879 100.822220 161.844394 173.901693 103.748059
192.207777 100.208469 107.217941 206.999982 140.097889 156.292143 143.702874 146.973879 100.831552 161.839367 173.773792 103.571892
192.146377 100.260530 107.236382 206.782262 140.097889 156.292143 143.702970 146.974472 100.853122 161.827749 173.648359 103.399124
192.091384 100.307158 107.224365 206.496829 140.097889 156.292143 143.703018 146.974768 100.897548 161.765040 173.520987 103.223686
192.048061 100.343891 107.147965 206.291374 139.976024 156.198602 143.703018 146.974768 100.861432 161.714153 173.395495 103.050837
192.025713 100.362840 107.071878 206.086763 139.937508 156.180169 143.703018 146.974768 100.813568 161.646713 173.270121 102.878150
191.910670 100.449160 107.046967 205.869703 139.888381 156.152913 143.703018 146.974768 100.757311 161.567447 173.141985 102.701659
191.862111 100.482318 107.046632 205.652303 139.773930 156.071673 143.703018 146.974768 100.692141 161.475623 173.015847 102.527920
191.800339 100.524499 107.057153 205.437040 139.700052 156.008815 143.703018 146.974768 100.620199 161.374258 172.888534 102.352563
191.738566 100.566679 107.103709 205.224464 139.563596 155.889414 143.703018 146.974768 100.536335 161.256094 172.753361 102.177893
191.676377 100.607799 107.188322 205.023074 139.464298 155.795366 143.703018 146.974768 100.460168 161.148775 172.620944 102.010418
191.608345 100.645128 107.330270 204.865043 139.329496 155.724666 143.703018 146.974768 100.384060 161.041539 172.487348 101.841452
191.541365 100.681879 107.495027 204.723973 139.183533 155.648805 143.703018 146.974768 100.308182 160.934628 172.352636 101.671075
191.483591 100.713579 107.649126 204.572788 139.023373 155.565565 143.703018 146.974768 100.171288 160.742766 172.215257 101.497324
191.450013 100.732003 107.802323 204.413088 138.846531 155.473655 143.703018 146.974768 100.083397 160.620966 172.082281 101.329143
191.318115 100.802500 107.954066 204.254903 138.658065 155.375704 143.703018 146.974768 99.992640 160.495192 171.947941 101.159237
191.253459 100.835959 108.030717 204.062495 138.372848 155.239031 143.703018 146.974768 99.896675 160.362201 171.811058 100.986114
191.182587 100.872635 107.945760 203.873005 138.092946 155.084837 143.703018 146.974768 99.790632 160.225898 171.674176 100.812991
191.113846 100.908207 107.823931 203.697706 137.872988 154.957660 143.703018 146.974768 99.673773 160.076212 171.536486 100.638848
191.042720 100.944804 107.682419 203.532143 137.635182 154.831924 143.703018 146.974768 99.548238 159.915411 171.402829 100.469804
190.970679 100.971127 107.539153 203.364527 137.394176 154.704633 143.703018 146.974768 99.415872 159.745860 171.254200 100.456346
190.899389 100.997176 107.373176 203.218325 137.089293 154.542207 143.703018 146.974768 99.284368 159.577413 171.086490 100.596870
190.831574 101.021955 107.202743 203.081436 136.775094 154.391463 143.703018 146.974768 99.274514 159.217090 170.921081 100.735467
190.790810 101.036850 106.947019 202.871406 136.523530 154.277921 143.703018 146.974768 99.477391 159.158025 170.755441 100.874257
190.713254 101.108694 106.708856 202.664227 136.285125 154.145920 143.703018 146.974768 99.681708 159.098542 170.590031 101.012855
190.715476 101.189363 106.550505 202.515127 136.045379 154.007772 143.703018 146.974768 99.890250 159.037828 170.422398 101.153315
190.717652 101.268333 106.392954 202.366780 135.809619 153.871920 143.703018 146.974768 100.097351 158.977534 170.257678 101.291334
190.719706 101.342905 106.165953 202.150388 135.445653 153.663216 143.703018 146.974768 100.304549 158.917211 170.093035 101.429289
190.721875 101.418673 106.011503 202.001109 135.210688 153.528189 143.703018 146.974768 100.512035 158.856805 169.925172 101.569941
190.725675 101.491974 105.816684 201.804810 134.971903 153.390978 143.703018 146.974768 100.720961 158.795980 169.752234 101.704609
190.729910 101.573665 105.721618 201.701764 134.732669 153.253546 143.703018 146.974768 100.925758 158.736356 169.584949 101.839466
190.734171 101.655854 105.654489 201.628999 134.498005 153.118397 143.703018 146.974768 101.135932 158.675167 169.413738 101.980942
190.738220 101.733949 105.534927 201.557819 134.260904 152.979876 143.703018 146.974768 101.342265 158.615097 169.246613 102.119041
190.742031 101.807451 105.427662 201.467265 134.026652 152.843019 143.703018 146.974768 101.632863 158.521677 169.075557 102.260389
190.746209 101.888043 105.479783 201.380767 133.674332 152.620376 143.703018 146.974768 101.923493 158.393323 168.906196 102.400336
190.750335 101.967636 105.657068 201.270110 133.460701 152.509493 143.703018 146.974768 102.118314 158.306481 168.739996 102.537671
190.754426 102.046530 105.750595 201.161144 133.287238 152.412580 143.703018 146.974768 102.316150 158.218295 168.571637 102.676789
190.758216 102.119632 105.852002 201.042996 133.145465 152.333371 143.703018 146.974768 102.511793 158.131087 168.400039 102.813914
190.761990 102.192434 105.960574 200.916501 133.038960 152.273867 143.703018 146.974768 102.706889 158.044123 168.226938 102.945604
190.765081 102.252054 106.078329 200.779306 132.961264 152.230458 143.703018 146.974768 102.909017 157.954024 168.056464 103.075297
190.766531 102.280016 106.203705 200.633233 132.910019 152.201828 143.703018 146.974768 103.109959 157.875971 167.881692 103.208259
190.683381 102.379847 106.341260 200.472971 132.881909 152.186123 143.703018 146.974768 103.316391 157.801662 167.707159 103.341039
190.616725 102.387555 106.543574 200.234926 132.869076 152.178953 143.703018 146.974768 103.522413 157.736226 167.536445 103.470913
190.534970 102.397008 106.684359 200.067697 132.861656 152.174807 143.703018 146.974768 103.727459 157.672248 167.361196 103.604239
190.461559 102.405496 106.825852 199.899626 132.861306 152.174612 143.703018 146.974768 103.936065 157.604602 167.185548 103.737867
190.386658 102.414157 106.967796 199.731020 132.861044 152.174466 143.703018 146.974768 104.143169 157.545454 167.013954 103.868400
190.310565 102.422956 107.108066 199.564403 132.860957 152.174417 143.703018 146.974768 104.353007 157.498168 166.840114 104.000605
190.230698 102.432191 107.250268 199.395491 132.860957 152.174417 143.703018 146.974768 104.541383 157.455718 166.680602 104.121914
190.151724 102.441322 107.392405 199.226656 132.860957 152.174417 143.703018 146.974768 104.715376 157.437275 166.550705 104.231213
190.078114 102.449834 107.532031 199.060803 132.860608 152.174222 143.703018 146.974768 104.873899 157.434067 166.441649 104.334056
190.005697 102.458207 107.669853 198.897093 132.859735 152.173734 143.703018 146.974768 105.034088 157.426518 166.355437 104.415357
189.948577 102.464812 107.807869 198.733154 132.857989 152.172759 143.703018 146.974768 105.076785 157.309036 166.298092 104.469693
189.920067 102.468108 107.947817 198.566919 132.855108 152.171149 143.703018 146.974768 105.113812 157.207156 166.266288 104.500674
189.769142 102.481252 108.073802 198.392550 132.850045 152.168320 143.703018 146.974768 105.142730 157.127865 166.127134 104.606982
189.702057 102.485170 108.183520 198.204520 132.842624 152.164175 143.703018 146.974768 105.171098 157.057377 166.051063 104.650823
189.621494 102.489874 108.295153 198.013208 132.832711 152.158167 143.703018 146.974768 105.188228 157.003306 165.959050 104.703852
189.544226 102.494387 108.389051 197.820358 132.824202 152.152542 143.703018 146.974768 105.199747 156.955576 165.849103 104.767218
189.462066 102.499185 108.433687 197.607487 132.798675 152.135668 143.703018 146.974768 105.205988 156.929719 165.737162 104.831732
189.388990 102.503453 108.478651 197.393050 132.768226 152.115541 143.703018 146.974768 105.208310 156.920095 165.618707 104.897474
189.313819 102.511233 108.522999 197.181550 132.718590 152.082730 143.703018 146.974768 105.210304 156.911832 165.498888 104.960534
189.246353 102.545346 108.567861 196.967603 132.654439 152.040325 143.703018 146.974768 105.212697 156.901917 165.376680 105.024851
189.175496 102.581174 108.591207 196.749101 132.580610 151.991523 143.703018 146.974768 105.215864 156.888794 165.259515 105.086513
189.104817 102.616911 108.613246 196.532620 132.495353 151.935167 143.703018 146.974768 105.221682 156.864686 165.140769 105.149675
189.033960 102.652739 108.685501 196.210166 132.402254 151.873626 143.704818 146.985923 105.232826 156.818511 165.020408 105.213850
188.975775 102.682159 108.760180 196.005889 132.291720 151.800561 143.707144 147.000337 105.240286 156.787599 164.904548 105.275624
188.937669 102.701426 108.834860 195.801611 132.170842 151.720659 143.709693 147.016132 105.251782 156.739966 164.793354 105.352992
188.801333 102.775709 108.908612 195.599870 132.074543 151.655932 143.712673 147.034594 105.262386 156.696028 164.697966 105.443731
188.734440 102.814647 109.006231 195.405530 131.946649 151.651259 143.713804 147.041603 105.277142 156.634883 164.504785 105.515951
188.666078 102.854440 109.116598 195.217532 131.890028 151.767168 143.713963 147.042590 105.289130 156.585209 164.394853 105.585984
188.595210 102.895691 109.227335 195.029985 131.831914 151.886133 143.714075 147.043281 105.396882 156.500488 164.291323 105.665267
188.531861 102.932566 109.339236 194.841035 131.774942 152.002762 143.714075 147.043281 105.482865 156.511613 164.183188 105.748075
188.466289 102.975059 109.452055 194.650536 131.716916 152.121546 143.714075 147.043281 105.584716 156.524792 164.080135 105.826993
188.399438 103.021677 109.564569 194.460553 131.657661 152.242847 143.714075 147.043281 105.701840 156.539947 163.977478 105.905607
