78.914400 177.899200 110.598000 119.421100 204.547100 176.437200 200.263800 153.799700 113.313035 224.604870 127.066520 83.853149
78.902008 177.879705 110.575831 119.422273 204.561828 176.445072 200.253116 153.777875 113.113752 224.411471 126.761221 83.984105
78.891007 177.841965 110.537984 119.424277 204.597017 176.463881 200.236496 153.743925 112.915688 224.219255 126.457301 84.114471
78.876602 177.781044 110.482162 119.427231 204.652578 176.493579 200.211259 153.692370 112.727112 224.025678 126.155214 84.246778
78.859068 177.706889 110.415973 119.443639 204.727894 176.533836 200.179250 153.626985 112.541425 223.829530 125.853889 84.381571
78.836029 177.611333 110.342855 119.487957 204.818908 176.582485 200.138096 153.542917 112.350788 223.628153 125.555394 84.515099
78.807184 177.503732 110.250581 119.543885 204.928531 176.641079 200.097647 153.446697 112.163519 223.430334 125.255895 84.649075
78.774947 177.383478 110.143342 119.608884 204.997056 176.677707 200.191278 153.358105 111.976044 223.232298 124.954661 84.783827
78.739292 177.250474 110.024130 119.681140 205.043533 176.702549 200.285271 153.269170 111.785131 223.030631 124.656966 84.929965
78.698458 177.098153 109.908510 119.751219 205.064611 176.713816 200.380282 153.179272 111.594425 222.829181 124.365028 85.083824
78.653404 176.930087 109.858861 119.873863 205.078898 176.721452 200.474929 153.089717 111.406057 222.630200 124.070171 85.239221
78.604155 176.746374 109.954244 119.963073 205.082073 176.723149 200.572627 152.997276 111.220163 222.433834 123.778853 85.392753
78.548724 176.545981 110.053279 120.055698 205.084102 176.724234 200.672795 152.902499 111.032825 222.235943 123.485942 85.547124
78.468079 176.337430 110.149904 120.146069 205.084543 176.724469 200.772018 152.808614 110.842326 222.034711 123.191882 85.702102
78.383430 176.118527 110.250838 120.240470 205.084543 176.724469 200.871387 152.714593 110.653899 221.836613 122.904631 85.863399
78.314470 175.940196 110.320294 120.305431 205.084543 176.724469 200.970175 152.621121 110.463521 221.636507 122.621246 86.027762
78.259757 175.798706 110.370323 120.352222 205.084543 176.724469 201.067655 152.528886 110.277209 221.440675 122.336045 86.193177
78.218352 175.691633 110.395885 120.376129 205.084543 176.724469 201.166806 152.435070 110.088208 221.242018 122.045015 86.400102
78.189354 175.616644 110.460316 120.632776 205.084543 176.724469 201.265812 152.341392 109.900104 221.044303 121.762149 86.564163
78.232648 175.518240 110.457311 120.700309 205.084543 176.724469 201.365761 152.246821 109.712483 220.847095 121.479239 86.732929
78.256283 175.487469 110.453756 120.780230 205.084543 176.724469 201.448089 152.138127 109.526378 220.651481 121.205041 86.910732
78.301515 175.494684 110.449236 120.881830 205.084543 176.724469 201.504714 152.013047 109.338618 220.454129 120.927320 87.090820
78.303003 175.527951 110.439805 120.995449 205.084543 176.724469 201.560266 151.890336 109.148308 220.254095 120.651780 87.269494
78.303512 175.539339 110.400722 121.119330 205.084543 176.724469 201.614210 151.771178 108.961996 220.058264 120.377445 87.447820
78.318818 175.565095 110.360285 121.247502 205.084543 176.724469 201.667618 151.653204 108.773065 219.859679 120.103389 87.626392
78.337778 175.614908 110.320058 121.375007 205.084543 176.724469 201.722855 151.530900 108.582259 219.660259 119.824893 87.807857
78.363888 175.683507 110.262467 121.561298 205.084543 176.724469 201.775745 151.409523 108.393410 219.463670 119.549832 87.987084
78.394267 175.763322 110.225104 121.686544 205.084543 176.724469 201.830393 151.284112 108.205878 219.268452 119.271755 88.168276
78.429732 175.856500 110.186225 121.816868 205.084543 176.724469 201.882844 151.163743 108.018277 219.073161 118.996107 88.347885
78.469644 175.961362 110.178297 121.958799 205.084543 176.724469 201.936653 151.040258 107.828805 218.875924 118.726686 88.541093
78.516813 176.085288 110.139879 122.087591 205.084543 176.724469 201.991460 150.914480 107.636770 218.676018 118.463446 88.744385
78.539749 176.238425 110.102146 122.214083 205.084543 176.724469 202.043392 150.795303 107.447575 218.479069 118.202343 88.946026
78.597464 176.390116 110.064728 122.339521 205.084543 176.724469 202.099115 150.671246 107.258796 218.282553 117.939121 89.146689
78.655823 176.557778 110.025166 122.472146 205.084543 176.724469 202.152877 150.552444 107.067592 218.083512 117.672360 89.344501
78.698669 176.742166 109.980706 122.600128 205.084543 176.724469 202.208493 150.429542 106.879014 217.887497 117.405279 89.542551
78.745318 176.942917 109.905726 122.709130 205.084543 176.724469 202.265471 150.303634 106.685567 217.689376 117.137876 89.740839
78.795407 177.158474 109.830293 122.818790 205.084543 176.724469 202.321541 150.179731 106.492190 217.491327 116.870795 89.938889
78.848370 177.386401 109.754859 122.928451 205.084543 176.724469 202.378842 150.053750 106.303074 217.297643 116.595606 90.122175
78.956767 177.583999 109.744509 123.097445 205.084543 176.724469 202.433187 149.934664 106.114447 217.104459 116.354380 90.348243
79.024239 177.732898 109.891942 123.134836 205.084543 176.724469 202.489275 149.811757 105.924353 216.909773 116.113957 90.573558
79.116048 177.821373 110.058664 123.177119 205.084543 176.724469 202.545281 149.689032 105.732093 216.712869 115.874556 90.797916
79.188658 177.867271 110.241882 123.228324 205.084543 176.724469 202.602199 149.564306 105.538087 216.514176 115.629130 91.020566
79.240796 177.881657 110.436269 123.288202 205.084543 176.724469 202.657042 149.444128 105.348622 216.320134 115.369054 91.218947
79.270209 177.888938 110.717937 123.399239 205.084543 176.724469 202.713421 149.320585 105.155524 216.122371 115.108660 91.417570
79.284187 177.892399 110.923907 123.498638 205.084543 176.724469 202.769717 149.197223 104.961797 215.923964 114.883409 91.589387
79.287002 177.893096 111.191024 123.623821 205.084543 176.724469 202.826594 149.072587 104.769215 215.734696 114.690677 91.736398
79.287875 177.893312 111.426777 123.720746 205.084543 176.724469 202.884094 148.946587 104.569174 215.549215 114.520129 91.866489
79.336188 177.979556 111.676404 123.823374 205.084543 176.724469 202.939767 148.824590 104.366933 215.361693 114.339612 92.040466
79.207649 178.084923 111.931950 123.928436 205.084543 176.724469 202.983733 148.728248 104.165279 215.174716 114.185414 92.194425
79.165428 178.126988 112.316227 124.087373 205.084543 176.724469 203.017320 148.654649 103.962451 214.986650 114.069220 92.372532
79.134209 178.319202 112.568068 124.198328 205.084543 176.724469 203.033386 148.619442 103.763437 214.802120 114.011446 92.582233
79.166586 178.416981 112.820824 124.309687 205.084543 176.724469 203.095832 148.476347 103.561416 214.614803 114.045025 92.800161
79.202640 178.525867 113.139452 124.471288 205.217709 176.715150 203.125302 148.404885 103.358589 214.426737 114.172992 92.978099
79.245012 178.653834 113.384143 124.593471 205.247086 176.691047 203.160301 148.320018 103.157155 214.239964 114.358880 93.082833
79.292382 178.796896 113.622034 124.712259 205.290456 176.655462 203.203076 148.216292 102.958873 214.056114 114.574213 93.084588
79.345945 178.958659 113.877025 124.843078 205.345036 176.610681 203.251228 148.099531 102.759859 213.871584 114.779890 93.032275
79.403185 179.131528 114.037583 124.925984 205.413686 176.554355 203.307500 147.963079 102.556943 213.689166 114.962175 92.906969
79.465392 179.319397 114.166155 124.992374 205.496097 176.486738 203.368080 147.816180 102.343267 213.521833 115.139515 92.785062
79.697347 180.210239 114.348261 125.088545 205.589254 176.410305 203.438552 147.656769 102.130141 213.354932 115.319905 92.661059
79.740882 180.432003 114.465890 125.152937 205.690297 176.327402 203.514254 147.486871 101.914496 213.186058 115.501943 92.535923
79.788485 180.665704 114.586150 125.218769 205.796828 176.239996 203.595450 147.304642 101.701056 213.018911 115.679274 92.419593
79.838884 180.913123 114.700533 125.281384 205.900963 176.154555 203.692474 147.113701 101.486985 212.851270 115.828084 92.332545
79.891198 181.169949 114.820530 125.347072 205.998836 176.074253 203.821575 146.936554 101.270868 212.682026 115.946337 92.263371
79.946107 181.439514 114.991047 125.438260 206.068491 176.017102 203.948758 146.762338 101.053017 212.511428 116.029374 92.214797
80.001316 181.710548 115.107730 125.499763 206.108537 175.984246 204.130890 146.511517 100.837124 212.342383 116.076244 92.187380
80.056105 181.979525 115.228815 125.564912 206.285180 175.897325 204.258183 146.335651 100.612066 212.185710 116.105073 92.170516
80.111553 182.251735 115.348898 125.628954 206.369428 175.905037 204.387587 146.156869 100.380516 212.036614 116.115259 92.164558
80.165444 182.516302 115.470811 125.691672 206.468713 175.914126 204.502099 145.998662 100.147375 211.886478 116.120610 92.161427
80.219755 182.782927 115.585076 125.750457 206.646870 175.935381 204.582510 145.865671 99.914593 211.736524 116.125962 92.158297
80.275203 183.055137 115.706456 125.812901 206.869667 175.964221 204.620648 145.754215 99.686266 211.589441 116.126739 92.157842
80.330271 183.325485 115.822767 125.872737 207.005635 175.981807 204.621806 145.675174 99.456342 211.441329 116.127170 92.157590
80.384861 183.593482 115.940234 125.933168 207.134461 175.998470 204.630967 145.626021 99.225998 211.292946 116.127343 92.157489
80.439670 183.862556 116.058145 125.993828 207.271322 176.016171 204.634687 145.606065 98.996662 211.145213 116.127343 92.157489
80.494600 184.132219 116.261111 126.083441 207.398958 176.032679 204.636336 145.597217 98.766654 210.997047 116.127343 92.157489
80.548850 184.398550 116.379914 126.136223 207.529372 176.049547 204.636464 145.596529 98.521238 210.824587 116.127343 92.157489
80.603859 184.668604 116.500179 126.189655 207.759079 176.075547 204.636537 145.596136 98.282075 210.683455 116.127343 92.157489
80.658768 184.938169 116.625287 126.245238 207.895141 176.088736 204.636574 145.595939 98.044290 210.543136 116.127343 92.157489
80.713458 185.206655 116.746100 126.298913 208.028914 176.101703 204.636574 145.595939 97.810897 210.405409 116.127343 92.157489
80.753655 185.558491 116.866000 126.352182 208.165972 176.114988 204.636574 145.595939 97.574834 210.266107 116.127343 92.157489
80.826165 185.739185 116.992570 126.408415 208.298451 176.127829 204.636574 145.595939 97.339288 210.127109 116.127343 92.157489
80.892144 185.883436 117.115302 126.462943 208.428840 176.140468 204.636574 145.595939 97.102364 209.987299 116.127343 92.157489
80.950155 185.982733 117.234434 126.514720 208.565698 176.153734 204.636574 145.595939 96.863975 209.846624 116.127343 92.157489
81.012850 186.034702 117.359420 126.569337 208.698376 176.166594 204.636574 145.595939 96.629195 209.708101 116.127343 92.157489
81.055343 186.058492 117.477400 126.621259 208.806768 176.177101 204.636574 145.595939 96.379084 209.587659 116.127343 92.157489
81.076808 186.070510 117.597668 126.674188 208.880025 176.184201 204.636574 145.595939 96.128793 209.467130 116.127343 92.157489
81.094172 186.080232 117.721140 126.728527 208.918544 176.187935 204.636574 145.595939 95.884629 209.349551 116.127343 92.157489
81.097400 186.082039 117.839853 126.780771 209.055783 176.137513 204.636574 145.595939 95.636140 209.229890 116.127343 92.157489
81.098884 186.082870 117.962867 126.834908 209.101537 176.077330 204.636574 145.595939 95.387291 209.110055 116.127343 92.157489
81.124865 186.379622 118.179321 126.924873 209.159516 176.001067 204.636574 145.595939 95.143306 208.992563 116.127343 92.157489
81.095067 186.418394 118.304961 126.980336 209.226453 175.913023 204.636574 145.595939 94.893286 208.872164 116.127343 92.157489
81.066967 186.474404 118.421858 127.033937 209.301499 175.814311 204.636574 145.595939 94.644256 208.752242 116.127343 92.157489
81.053803 186.504774 118.539482 127.087871 209.384776 175.704772 204.636574 145.595939 94.397198 208.635473 116.127343 92.157489
81.012753 186.710550 118.664651 127.145265 209.464785 175.599533 204.636574 145.595939 94.143724 208.526768 116.127343 92.157489
81.028222 186.779435 118.783639 127.199824 209.543403 175.496124 204.636574 145.595939 93.894018 208.419680 116.127343 92.157489
81.048532 186.869883 118.905899 127.255884 209.623230 175.391123 204.636574 145.595939 93.641187 208.311251 116.127343 92.157489
81.073531 186.981210 119.020104 127.344525 209.754781 175.210142 204.636574 145.595939 93.386887 208.202192 116.127343 92.157489
81.101138 187.104149 119.141271 127.400091 209.829460 175.094332 204.636574 145.595939 93.132402 208.093054 116.127343 92.157489
81.131250 187.238414 119.316707 127.487342 209.904518 174.977934 204.506960 145.529366 92.883891 207.986478 116.127343 92.157489
81.164187 187.387109 119.438542 127.549776 209.977788 174.864309 204.462504 145.522389 92.632990 207.878877 116.127343 92.157489
81.201211 187.554258 119.544891 127.604275 210.048674 174.754383 204.404415 145.513272 92.380711 207.770685 116.127343 92.157489
81.240874 187.733318 119.624751 127.658727 210.120697 174.642691 204.329334 145.501488 92.129627 207.663005 116.127343 92.157489
81.284084 187.928389 119.695456 127.709419 210.257142 174.450458 204.240126 145.487487 91.875510 207.554025 116.127343 92.157489
81.329586 188.133810 119.752183 127.750090 210.342376 174.342945 204.130271 145.470245 91.613182 207.428546 116.127343 92.157489
81.377402 188.349678 119.814112 127.794489 210.423200 174.240996 204.002535 145.450197 91.365670 207.316967 116.133472 92.153904
81.427532 188.575992 119.888962 127.848153 210.509179 174.132543 203.867808 145.406879 91.117975 207.205305 116.155569 92.140978
81.480971 188.817245 119.974784 127.909683 210.593404 174.025640 203.720556 145.355373 90.865176 207.091341 116.192598 92.119317
81.537300 189.071172 120.076942 127.982925 210.675444 173.922194 203.559711 145.299114 90.618028 206.979926 116.321872 92.119118
81.598617 189.340377 120.180156 128.056924 210.763877 173.819530 203.384707 145.237902 90.364773 206.865757 116.359351 92.119940
81.658734 189.604317 120.412681 128.284055 210.850714 173.719485 203.198429 145.161091 90.111973 206.751794 116.403190 92.220111
81.718873 189.868355 120.506086 128.380832 210.948473 173.627254 203.001054 145.079432 89.861088 206.638694 116.422736 92.270878
81.779568 190.134830 120.624611 128.456076 211.046881 173.535003 202.777659 145.025499 89.609383 206.525223 116.447492 92.335177
81.840018 190.400233 120.711141 128.545729 211.151711 173.448048 202.551003 144.944482 89.362235 206.413808 116.476774 92.411235
81.900690 190.666611 120.785935 128.623222 211.255233 173.362179 202.172049 144.809071 89.109527 206.299886 116.511123 92.500451
81.961185 190.932208 120.865659 128.705824 211.357604 173.277485 201.928163 144.721891 88.862379 206.188470 116.550107 92.601706
82.022568 191.201706 120.948855 128.792024 211.487404 173.240377 201.582623 144.607238 88.614409 206.078407 116.594911 92.718078
82.083485 191.469156 121.037261 128.883620 211.615473 173.203764 201.316994 144.530466 88.365137 205.968069 116.643883 92.845277
82.143035 191.739971 121.120249 128.969603 211.744600 173.166849 200.963572 144.433718 88.116414 205.857975 116.698748 92.987780
82.199194 192.006771 121.205668 129.058106 211.878837 173.148124 200.697476 144.368377 87.868971 205.748447 116.759541 93.145681
82.268085 192.273518 121.343448 129.193952 212.014807 173.137308 200.435169 144.303967 87.615859 205.636409 116.826478 93.319541
82.336251 192.537458 121.439258 129.281669 212.146192 173.126857 200.171113 144.239127 87.368416 205.526881 116.897691 93.504506
82.405317 192.804883 121.537666 129.371733 212.276481 173.116493 199.807097 144.156166 87.115030 205.414722 116.974724 93.704589
82.477356 193.035826 121.639171 129.464634 212.410358 173.105844 199.566770 144.103640 86.862832 205.303090 117.053730 93.918547
82.561605 193.218428 121.740823 129.557669 212.547026 173.094972 199.365618 144.059676 86.611091 205.191659 117.133793 94.144587
82.627378 193.360986 121.840779 129.649152 212.678910 173.084481 199.201820 144.027881 86.360448 205.080714 117.217094 94.379770
82.713129 193.546833 121.935645 129.735976 212.815578 173.073610 199.068939 144.005221 86.112913 204.971146 117.300629 94.615613
82.749278 193.625087 122.035100 129.832451 212.947860 173.063087 198.843402 143.961990 85.858978 204.858744 117.377386 94.832321
82.771337 193.672838 122.129825 129.928077 213.084130 173.052248 198.709801 143.934496 85.607495 204.745759 117.478399 95.117730
82.786141 193.704884 122.302732 130.110849 213.219975 173.038944 198.579486 143.907423 85.358312 204.633021 117.541228 95.295133
82.790041 193.713327 122.422674 130.172371 213.356176 173.025123 198.444443 143.877125 85.107670 204.519624 117.591203 95.436245
82.791970 193.717503 122.536565 130.230790 213.489690 173.011574 198.216293 143.823046 84.855298 204.405443 117.661112 95.725716
82.792431 193.718501 122.649834 130.288890 213.722199 172.988880 197.993838 143.767503 84.608392 204.293736 117.705308 95.846589
82.792767 193.719228 122.772356 130.351736 213.827648 172.979136 197.770553 143.714284 84.358571 204.180709 117.750191 95.969341
82.792767 193.719228 122.888462 130.411088 213.906526 172.973214 197.643428 143.685250 84.106654 204.066735 117.801826 96.090370
82.792767 193.719228 123.000897 130.463852 213.952597 172.969755 197.510843 143.655417 83.859202 203.954780 117.859240 96.213326
82.792767 193.719228 123.101804 130.547686 214.010093 172.908495 197.384599 143.627011 83.612022 203.842949 117.916823 96.336644
82.792767 193.719228 123.219038 130.602700 213.995531 172.827506 197.163578 143.576660 83.364661 203.731036 117.972883 96.456701
82.792767 193.719228 123.337720 130.658393 213.979321 172.730958 197.035435 143.546694 83.114293 203.617762 118.027673 96.574039
82.792767 193.719228 123.460114 130.715827 213.959535 172.613107 196.904078 143.515977 82.861921 203.503582 118.080560 96.687300
82.792767 193.719228 123.681763 130.846104 213.937579 172.482338 196.768925 143.484372 82.610277 203.389731 118.133404 96.800470
82.792767 193.719228 123.782979 130.935588 213.914613 172.345552 196.641941 143.455166 82.358634 203.275880 118.190225 96.922157
82.792767 193.719228 123.885918 131.026595 213.891847 172.209950 196.515956 143.426521 82.112184 203.164379 118.246412 97.042485
82.792767 193.719228 123.986085 131.115152 213.870553 172.083125 196.289932 143.377006 81.865974 203.053074 118.301964 97.161455
82.792767 193.719228 124.082506 131.200397 213.848051 171.949101 196.160940 143.349460 81.619389 202.941629 118.355908 97.276981
82.792767 193.719228 124.185295 131.291272 213.826311 171.819613 196.030323 143.320926 81.373350 202.830431 118.430171 97.385013
82.792767 193.719228 124.282058 131.378087 213.773476 171.642396 195.900275 143.291661 81.124122 202.717791 118.513765 97.474968
82.792767 193.719228 124.375575 131.462081 213.658086 171.570226 195.767415 143.265197 80.878083 202.606593 118.601443 97.569318
82.792767 193.719228 124.476011 131.552290 213.544477 171.499170 195.634862 143.241243 80.627762 202.493459 118.688033 97.662496
82.792767 193.719228 124.575195 131.641498 213.427307 171.425887 195.391182 143.198969 80.377714 202.380449 118.780875 97.755469
82.792767 193.719228 124.674247 131.730554 213.313783 171.354884 195.073933 143.182534 80.126754 202.267027 118.872508 97.846552
82.792767 193.719228 124.861750 131.899505 213.197036 171.281867 194.944204 143.178223 79.879713 202.155376 118.965984 97.939468
82.792767 193.719228 124.981704 131.963298 213.084008 171.218090 194.806380 143.173642 79.630668 202.042819 119.058893 98.031820
82.792767 193.719228 125.079188 132.051256 212.965550 171.152302 194.670755 143.169135 79.381713 201.930303 119.147050 98.119449
82.792767 193.719228 125.181794 132.143837 212.850065 171.088166 194.540227 143.164797 79.130207 201.816633 119.242016 98.213846
82.792767 193.719228 125.284701 132.234704 212.648749 170.967657 194.403403 143.160250 78.882061 201.704491 119.320811 98.292169
82.792767 193.719228 125.384594 132.318989 212.538668 170.899259 194.267878 143.155747 78.626255 201.588924 119.386557 98.357520
82.839816 193.821281 125.490602 132.408433 212.429237 170.826176 194.134851 143.151326 78.358770 201.462933 119.444714 98.415328
82.856163 193.856689 125.594698 132.496264 212.338065 170.727974 193.998445 143.146289 78.081796 201.328442 119.503308 98.472014
82.882024 193.912708 125.697495 132.582999 212.248730 170.631750 193.860353 143.140813 77.796726 201.190020 119.557994 98.512431
82.915430 193.985069 125.801974 132.671153 212.161028 170.537285 193.726758 143.135515 77.502390 201.047098 119.613564 98.553501
82.988862 194.144192 125.901613 132.755118 212.067270 170.436298 193.595961 143.130328 77.198519 200.899547 119.659564 98.587498
83.037584 194.249794 125.998081 132.836173 211.975826 170.337803 193.457570 143.124840 76.883134 200.746405 119.711998 98.626251
83.091207 194.366021 126.082912 132.907450 211.828696 170.158478 193.325674 143.119609 76.559340 200.584010 119.756872 98.659416
83.156411 194.489946 126.155033 132.968048 211.747959 170.050905 192.960232 143.126519 76.233236 200.408997 119.775610 98.673265
83.232722 194.628638 126.218886 133.021698 211.665302 169.940774 192.824649 143.128053 75.898936 200.229585 119.784215 98.679624
83.315880 194.779770 126.337925 133.128224 211.585946 169.835041 192.692749 143.128152 75.554856 200.044925 119.863269 98.676463
83.404050 194.940015 126.370646 133.159406 211.507250 169.730188 192.558949 143.128253 75.201349 199.855205 119.916641 98.672830
83.499790 195.114015 126.398662 133.186105 211.429754 169.626934 192.317332 143.134812 74.858014 199.629230 119.985887 98.700876
83.600735 195.297477 126.412634 133.199420 211.351839 169.523121 192.187187 143.162218 74.515759 199.388391 120.025125 98.865418
83.708285 195.492942 126.420742 133.207146 211.217704 169.412347 192.058215 143.192279 74.167043 199.143006 119.956383 98.935393
83.822536 195.700586 126.429067 133.215080 211.081228 169.414897 191.928736 143.239438 73.813665 198.894340 119.816353 99.052612
83.944211 195.921721 126.432324 133.218184 210.947251 169.417401 191.818760 143.282898 73.453581 198.640956 119.735394 99.162387
84.070995 196.152144 126.432614 133.218460 210.812475 169.419920 191.746270 143.322910 73.105661 198.370886 119.647489 99.281578
84.202167 196.390540 126.432759 133.218598 210.680998 169.422377 191.694265 143.351614 72.757261 198.097107 119.552937 99.409782
84.339211 196.627319 126.432759 133.218598 210.550021 169.424825 191.586836 143.421369 72.420015 197.813845 119.448889 99.550864
84.487263 196.860724 126.432759 133.218598 210.415044 169.427348 191.520195 143.493904 72.085488 197.525908 119.336887 99.702729
84.650960 197.082240 126.432759 133.218598 210.278772 169.430078 191.439009 143.582272 71.788301 197.229834 119.219068 99.862482
84.826427 197.293267 126.432759 133.218598 210.050728 169.434699 191.349975 143.679182 71.517539 196.960085 119.077981 100.021154
85.009213 197.496127 126.432759 133.218598 209.921355 169.437347 191.260468 143.776607 71.263467 196.697642 118.912107 100.167645
85.193639 197.694418 126.432759 133.218598 209.785783 169.440121 191.168863 143.876315 71.038086 196.461825 118.751780 100.309237
85.395468 197.880943 126.432759 133.218598 209.650112 169.442898 191.076331 143.979581 70.818854 196.232441 118.587255 100.454536
85.598981 198.062607 126.432759 133.218598 209.515640 169.445650 190.992288 144.083178 70.629955 196.034794 118.424305 100.598445
85.810582 198.241296 126.432759 133.218598 209.378369 169.448466 190.907490 144.187707 70.447026 195.830724 118.263753 100.740236
86.022190 198.408763 126.432759 133.218598 209.248596 169.451131 190.825830 144.291731 70.273130 195.619108 118.110921 100.875209
86.311644 198.623693 126.432759 133.218598 209.113024 169.453915 190.748488 144.401157 70.098789 195.406951 117.984923 100.986484
86.546974 198.767709 126.432759 133.218598 209.029450 169.419228 190.669125 144.513442 69.923877 195.194099 117.884184 101.075451
86.781451 198.911204 126.432759 133.218598 208.985145 169.380265 190.599999 144.623022 69.756382 194.973520 117.906915 101.226534
87.023861 199.042963 126.432759 133.218598 208.972392 169.354295 190.520862 144.736559 69.594542 194.748716 117.983401 101.340316
87.270523 199.168346 126.432759 133.218598 208.910714 169.301497 190.386125 144.923518 69.435273 194.527483 118.060667 101.455260
87.513262 199.291736 126.432759 133.218598 208.837352 169.299154 190.302421 145.034239 69.275653 194.305763 118.144251 101.557452
87.757338 199.415805 126.432759 133.218598 208.744599 169.296192 190.223180 145.139057 69.115624 194.083475 118.232268 101.662308
88.004445 199.541415 126.432759 133.218598 208.637254 169.292764 190.081024 145.324361 68.958953 193.858728 118.315398 101.761342
88.254591 199.656944 126.432759 133.218598 208.514317 169.288837 189.996845 145.430923 68.804094 193.628458 118.399429 101.861449
88.506758 199.769631 126.432759 133.218598 208.380452 169.257567 189.901593 145.557154 68.651020 193.400842 118.506620 101.994030
88.755547 199.880808 126.432759 133.218598 208.251099 169.217894 189.833955 145.676408 68.496495 193.171069 118.588464 102.100636
89.008444 199.993821 126.432759 133.218598 208.118496 169.177224 189.793735 145.803328 68.348992 192.939779 118.668664 102.205101
89.256229 200.104549 126.432759 133.218598 207.992871 169.138695 189.758077 145.926782 68.213393 192.699730 118.752457 102.314245
89.504288 200.215400 126.432759 133.218598 207.867247 169.100165 189.721725 146.052637 68.080549 192.464557 118.844496 102.415514
89.752894 200.326495 126.432759 133.218598 207.741049 169.061460 189.685151 146.179261 67.946426 192.227120 118.963756 102.473834
90.002505 200.438039 126.432759 133.218598 207.614660 169.022696 189.674927 146.284699 67.812893 191.990728 119.097569 102.486645
90.251659 200.549379 126.432759 133.218598 207.482535 168.982173 189.668976 146.350732 67.679557 191.754684 119.231090 102.470171
90.541431 200.682067 126.432759 133.218598 207.351557 168.942001 189.664848 146.396546 67.516737 191.488703 119.363569 102.476232
90.956375 200.874886 126.432759 133.218598 207.220196 168.901712 189.662464 146.481289 67.409321 191.233595 119.485776 102.526179
91.207719 200.989637 126.432759 133.218598 207.096580 168.863799 189.664542 146.561162 67.302758 190.980515 119.583045 102.619794
91.459973 201.104803 126.432759 133.218598 206.968661 168.824566 189.666975 146.654630 67.196196 190.727434 119.658946 102.725711
91.708315 201.218183 126.432759 133.218598 206.839882 168.785069 189.669899 146.766992 67.089090 190.473064 119.728284 102.837445
91.955657 201.331106 126.432759 133.218598 206.714922 168.748241 189.672288 146.892759 66.992493 190.213397 119.796146 102.946800
92.202180 201.443655 126.432759 133.218598 206.582844 168.714582 189.671787 147.025158 66.899354 189.956670 119.865643 103.058788
92.448430 201.556080 126.432759 133.218598 206.450281 168.680799 189.671365 147.136858 66.806250 189.700036 119.936617 103.173156
92.695954 201.669087 126.432759 133.218598 206.321266 168.661692 189.671093 147.208857 66.711543 189.438985 120.009593 103.290752
92.946116 201.783297 126.432759 133.218598 206.188662 168.673172 189.670926 147.252957 66.618132 189.181506 120.080131 103.409760
93.197915 201.898255 126.432759 133.218598 206.053268 168.684893 189.634476 147.266297 66.524925 188.924591 120.145459 103.531091
93.444074 202.010639 126.432759 133.218598 205.923354 168.696140 189.627756 147.192904 66.436939 188.663135 120.208653 103.648459
93.691598 202.123645 126.432759 133.218598 205.792045 168.707508 189.619213 147.099594 66.352623 188.402851 120.274266 103.770318
93.941578 202.237773 126.432759 133.218598 205.660039 168.718936 189.609603 146.994633 66.271611 188.145225 120.340115 103.892618
94.193923 202.352980 126.432759 133.218598 205.430926 168.728075 189.598160 146.869656 66.196797 187.878311 120.404257 104.011747
94.793284 202.590757 126.432759 133.218598 205.202323 168.734855 189.585420 146.735360 66.121903 187.611109 120.468352 104.130788
95.037874 202.718064 126.432759 133.218598 205.050241 168.737210 189.573311 146.605423 66.047251 187.344773 120.533111 104.251062
95.277927 202.852026 126.432759 133.218598 204.885824 168.707811 189.561275 146.475681 65.993435 187.078487 120.597159 104.370016
95.507775 202.999888 126.432759 133.218598 204.716766 168.631214 189.509105 146.313768 65.940564 186.812796 120.658173 104.483334
96.058476 203.427575 126.432759 133.218598 204.540548 168.534425 189.448136 146.237870 65.888600 186.546330 120.719850 104.597885
96.348741 203.595344 126.432759 133.218598 204.383957 168.386410 189.384002 146.234045 65.844583 186.278525 120.781243 104.711908
96.564602 203.761068 126.432759 133.218598 204.251183 168.205968 189.353146 146.235682 65.802395 186.011437 120.843300 104.827163
96.775086 203.939442 126.432759 133.218598 204.201919 167.825524 189.338200 146.237576 65.760112 185.743756 120.909054 104.949286
96.982442 204.115166 126.432759 133.218598 204.178565 167.573504 189.329340 146.241002 65.722520 185.474579 120.965503 105.069261
97.189191 204.298897 126.432759 133.218598 204.153790 167.306150 189.326821 146.241976 65.685986 185.203833 121.023363 105.193002
97.395995 204.483783 126.432759 133.218598 204.132325 167.031579 189.259511 146.267870 65.651881 184.932670 121.078471 105.310854
97.589299 204.672278 126.432759 133.218598 204.089516 166.762058 189.234780 146.298798 65.617765 184.660399 121.136967 105.435953
97.783333 204.863175 126.432759 133.218598 204.046125 166.493049 189.201182 146.340817 65.583611 184.387830 121.195336 105.560781
97.974700 205.054070 126.432759 133.218598 203.871326 166.289470 189.155218 146.398301 65.549881 184.118635 121.250952 105.679720
98.136402 205.215374 126.432759 133.218598 203.674978 166.100660 189.019155 146.568592 65.519077 183.807629 121.308093 105.801920
98.311705 205.394963 126.432759 133.218598 203.478485 165.911712 188.957393 146.645836 65.511094 183.533846 121.366293 105.926385
98.491140 205.522944 126.432759 133.218598 203.280551 165.721378 188.827752 146.797793 65.503023 183.257063 121.422840 106.047318
98.669215 205.650420 126.432759 133.218598 203.024253 165.478968 188.739658 146.904170 65.494985 182.981381 121.479092 106.167616
98.868933 205.732004 126.432759 133.218598 202.822472 165.295381 188.655135 147.006858 65.487069 182.709896 121.535470 106.288186
99.078457 205.682885 126.432759 133.218598 202.621061 165.112130 188.567435 147.113407 65.479129 182.437612 121.591213 106.407397
99.256453 205.503519 126.432759 133.218598 202.418836 164.928139 188.480624 147.218875 65.471230 182.166727 121.646659 106.525974
99.375314 205.316968 126.432759 133.218598 202.215576 164.743206 188.396228 147.321408 65.463288 181.894343 121.706168 106.640203
99.490898 205.135561 126.432759 133.218598 201.747681 164.432746 188.312277 147.423402 65.455410 181.624158 121.777306 106.755645
99.609007 204.950191 126.432759 133.218598 201.505367 164.310510 188.223647 147.530087 65.447540 181.354272 121.861822 106.862123
99.713768 204.762402 126.432759 133.218598 201.174369 164.148221 188.138612 147.631048 65.439455 181.076990 121.974305 106.938226
99.783450 204.558563 126.432759 133.218598 200.926848 164.028854 188.053964 147.731550 65.433562 180.805303 122.093794 106.988669
99.756127 204.348899 126.433917 133.219702 200.593677 163.856610 187.970411 147.830752 65.440802 180.529798 122.212454 107.038763
99.622425 204.183251 126.436378 133.222048 200.351914 163.726396 187.884410 147.932860 65.448097 180.252194 122.333693 107.089945
99.430855 204.094906 126.443183 133.228532 200.109094 163.595612 187.799956 148.033133 65.455310 179.977688 122.455208 107.141244
99.213830 204.120309 126.453463 133.238329 199.867508 163.465492 187.715307 148.133635 65.462592 179.700584 122.580132 107.193983
99.022548 204.217167 126.473878 133.257783 199.624072 163.334377 187.629500 148.235514 65.469753 179.428078 122.699114 107.246830
98.864994 204.365210 126.497043 133.279860 199.381789 163.203861 187.548123 148.338871 65.477014 179.151773 122.823119 107.303161
98.697377 204.546732 126.530633 133.311870 199.139855 163.073544 187.468860 148.444674 65.482797 178.881637 122.944847 107.358459
98.565092 204.720637 126.578919 133.357885 198.895899 162.942339 187.389357 148.550796 65.491761 178.604700 123.069489 107.415081
98.431415 204.896373 126.639366 133.415490 198.569473 162.767915 187.310154 148.656519 65.503406 178.329847 123.187849 107.468848
98.298888 205.070596 126.712410 133.485099 198.325076 162.638385 187.146377 148.841810 65.515056 178.054893 123.308806 107.528676
98.166015 205.246940 126.843284 133.607494 198.082447 162.509792 187.071649 148.943999 65.526608 177.782238 123.418786 107.599847
98.037308 205.418284 127.070594 133.841053 197.841497 162.382088 186.983789 149.043847 65.538042 177.512380 123.524065 107.667975
97.907150 205.588117 127.175400 133.924870 197.472247 162.185886 186.896919 149.142569 65.549564 177.240424 123.592822 107.729153
97.768371 205.759466 127.278097 134.007001 197.151767 162.056575 186.809546 149.244138 65.557005 176.969034 123.625699 107.765486
97.617690 205.959903 127.372438 134.082450 196.886932 161.985149 186.727800 149.344705 65.563385 176.698709 123.647303 107.789363
97.501921 206.141785 127.446708 134.141846 196.619382 161.931239 186.644603 149.447057 65.569771 176.428184 123.653141 107.795814
97.386099 206.323751 127.515824 134.197121 196.344621 161.895338 186.561848 149.548866 65.576227 176.154661 123.659045 107.802339
97.268129 206.509092 127.577833 134.246712 196.070751 161.883666 186.475498 149.655098 65.582768 175.877538 123.660320 107.803748
97.150159 206.694432 127.629923 134.288371 195.805548 161.934867 186.388330 149.762984 65.589252 175.602814 123.660856 107.804341
97.035214 206.883341 127.666395 134.317538 195.441719 161.897856 186.302492 149.869630 65.595711 175.329190 123.660924 107.804415
96.972192 207.091928 127.694744 134.340210 195.177844 161.829441 186.217030 149.975809 65.602191 175.054667 123.660924 107.804415
96.909112 207.300707 127.708801 134.351452 194.920163 161.762633 186.134013 150.078950 65.608729 174.777644 123.660924 107.804415
96.898184 207.517665 127.722390 134.362320 194.699557 161.705436 186.051937 150.180922 65.615259 174.501021 123.642900 107.925164
96.890292 207.733621 127.727935 134.366754 194.490567 161.651252 185.969799 150.282972 65.621748 174.226098 123.608038 107.946933
96.896734 207.948324 127.729419 134.367941 194.294452 161.600405 185.886508 150.389193 65.628261 173.950175 123.557315 107.978606
96.915624 208.167511 127.730200 134.368566 194.132409 161.558393 185.802460 150.494571 65.632590 173.675327 123.488610 108.021508
96.953850 208.378708 127.730434 134.368753 193.998052 161.523558 185.718253 150.599064 65.632240 173.398627 123.402177 108.075480
97.009218 208.590180 127.730434 134.368753 193.847583 161.395857 185.635803 150.701377 65.631895 173.125427 123.298552 108.139101
97.067670 208.796898 127.730434 134.368753 193.715337 161.357849 185.553855 150.803067 65.631552 172.854628 123.183936 108.208328
97.135741 209.007889 127.730434 134.368753 193.589369 161.320460 185.469711 150.907482 65.631208 172.581928 123.073686 108.274919
97.211729 209.214518 127.730434 134.368753 193.461483 161.282502 185.383120 151.014934 65.630862 172.308928 122.958642 108.344404
97.319455 209.403120 127.730434 134.368753 193.329283 161.243264 185.297282 151.121452 65.630520 172.038528 122.840260 108.415906
97.437691 209.588032 127.730434 134.368753 193.198232 161.208441 185.214518 151.224155 65.630175 171.765328 122.721792 108.487460
97.551263 209.738978 127.730434 134.368753 193.065025 161.173161 185.127827 151.331393 65.629834 171.495329 122.605044 108.557012
97.648301 209.867950 127.730434 134.368753 192.937122 161.150764 185.003559 151.424566 65.629486 171.220629 122.486195 108.625959
97.849401 210.039922 127.734573 134.372063 192.807331 161.143386 184.920638 151.528166 65.629138 170.945529 122.368038 108.694505
97.993488 210.117196 127.745116 134.380495 192.676043 161.135923 184.841858 151.635075 65.628795 170.674229 122.252995 108.761244
98.132023 210.191492 127.762297 134.394236 192.543819 161.131758 184.763374 151.741581 65.621424 170.404453 122.137866 108.828034
98.268278 210.271638 127.793849 134.419468 192.410362 161.128344 184.677417 151.858310 65.604540 170.133077 122.023770 108.895365
98.374946 210.355522 127.837817 134.454632 192.279905 161.125007 184.612193 151.946887 65.587552 169.860005 121.924947 108.997766
98.450805 210.425229 127.878896 134.487484 192.143249 161.121527 184.556516 152.022500 65.570631 169.588031 121.809514 109.071736
98.503709 210.478391 128.059154 134.627260 192.005993 161.118043 184.521296 152.070331 65.553741 169.316556 121.693239 109.146246
98.532630 210.507453 128.132460 134.681852 191.868438 161.114552 184.471922 152.131501 65.536504 169.039492 121.576627 109.220972
98.540813 210.515675 128.222128 134.748627 191.741172 161.111659 184.435292 152.151637 65.519310 168.762525 121.461700 109.294619
98.546808 210.521700 128.300341 134.809646 191.632681 161.110277 184.340827 152.327417 65.502421 168.490849 121.352750 109.364435
98.548290 210.523189 128.364109 134.859430 191.552588 161.109256 184.320563 152.394138 65.485499 168.218875 121.242873 109.434844
98.548431 210.523331 128.405806 134.891984 191.495892 161.108534 184.266650 152.465202 65.468634 167.947799 121.132829 109.505361
98.586205 210.551145 128.433394 134.913522 191.464395 161.108133 184.205242 152.546144 65.450967 167.676776 121.022616 109.575987
98.615138 210.569380 128.459485 134.933891 191.443896 161.107871 184.114031 152.667099 65.431567 167.399655 120.912656 109.646450
98.654984 210.594493 128.473673 134.944968 191.438097 161.107797 184.029551 152.770856 65.412278 167.124129 120.801348 109.717777
98.707859 210.627818 128.478560 134.948783 191.437297 161.107787 183.944629 152.875156 65.393011 166.848903 120.690546 109.788780
98.776892 210.671327 128.480373 134.950198 191.436997 161.107783 183.857686 152.981937 65.373716 166.573277 120.576376 109.861941
98.857599 210.722194 128.483841 134.952906 191.436897 161.107782 183.781785 153.178408 65.354770 166.302639 120.460859 109.935965
98.950659 210.780845 128.494404 134.961152 191.436897 161.107782 183.777955 153.262008 65.335733 166.030705 120.345257 110.010043
99.056492 210.847548 128.522071 134.982752 191.436897 161.107782 183.777395 153.348513 65.316815 165.760466 120.230919 110.083312
99.177300 210.923689 128.549343 135.004044 191.436897 161.107782 183.790350 153.415879 65.297533 165.485040 120.114223 110.158092
99.307667 211.005854 128.588124 135.034321 191.436897 161.107782 183.796789 153.444680 65.278203 165.208916 120.029301 110.260775
99.449878 211.095484 128.624225 135.062505 191.436897 161.107782 183.873886 153.566707 65.258929 164.933590 119.976528 110.353280
99.604864 211.193166 128.642118 135.076474 191.436897 161.107782 183.927942 153.609267 65.240018 164.663451 119.940355 110.416688
99.775501 211.300711 128.766001 135.178636 191.436897 161.107782 183.998813 153.665064 65.218482 164.391130 119.897633 110.429604
99.956120 211.414549 128.808519 135.215540 191.436897 161.107782 184.081469 153.730141 65.190346 164.116266 119.738913 110.506558
100.146130 211.534304 128.869011 135.268045 191.436897 161.107782 184.176540 153.804991 65.162128 163.840607 119.693528 110.577201
100.345619 211.660025 128.939320 135.329072 191.436897 161.107782 184.284103 153.889678 65.134439 163.570120 119.612456 110.647948
100.559184 211.794546 129.019899 135.399013 191.436897 161.107782 184.407852 153.987107 65.106415 163.296351 119.521062 110.727703
100.786265 211.937628 129.116414 135.482786 191.436897 161.107782 184.560576 154.077480 65.078899 163.027555 119.420174 110.815742
101.017364 212.101354 129.213457 135.567017 191.436897 161.107782 184.740716 154.124176 65.051119 162.756174 119.322225 110.901217
101.242450 212.287836 129.310953 135.651641 191.436897 161.107782 184.941717 154.082820 65.023135 162.482802 119.221338 110.989256
101.479182 212.476797 129.486897 135.818278 191.436897 161.107782 185.106414 153.941740 64.995416 162.212017 119.117015 111.076465
101.722401 212.670937 129.578114 135.913137 191.436897 161.107782 185.168501 153.770748 64.967626 161.940536 119.012811 111.160234
101.972497 212.870566 129.668776 136.007418 191.436897 161.107782 185.197436 153.693822 64.939652 161.667264 118.910790 111.242248
102.228065 213.074561 129.759785 136.102060 191.436897 161.107782 185.141204 153.556488 64.911933 161.396479 118.805105 111.327208
102.487853 213.281926 129.829306 136.174357 191.433197 161.107735 185.075778 153.461944 64.884387 161.127385 118.699187 111.412355
102.744983 213.487169 129.889956 136.237427 191.425298 161.107634 185.028637 153.394117 64.856546 160.855407 118.537238 111.542729
102.986645 213.707297 129.934109 136.283343 191.412699 161.107474 184.992673 153.358075 64.828664 160.583030 118.436468 111.623907
103.230631 213.934218 129.991570 136.343098 191.398800 161.107297 184.961792 153.336276 64.800507 160.307967 118.331648 111.708347
103.469785 214.156643 130.026989 136.379931 191.368003 161.106904 184.954194 153.330912 64.774495 160.034110 118.224103 111.794982
103.710989 214.380976 130.047228 136.400978 191.324906 161.106355 184.948639 153.326991 64.751406 159.762991 118.120063 111.878794
103.952559 214.605649 130.216537 136.505017 191.257611 161.105498 184.947413 153.326126 64.728327 159.491972 118.016723 111.962042
104.192957 214.829232 130.277333 136.522999 191.189017 161.104624 184.946923 153.325780 64.704840 159.216170 117.912137 112.046294
104.436138 215.055403 130.359801 136.547391 191.104324 161.103544 184.946678 153.325607 64.681438 158.941365 117.813314 112.125903
104.680125 215.282323 130.459914 136.577002 191.005954 161.100543 184.946597 153.325549 64.658146 158.667855 117.740346 112.184684
