403.879618 425.912494 348.970536 302.967675 264.017800 288.449200 276.586909 339.213284 250.529205 254.997027 146.364588 357.784134
403.888699 426.042177 348.553768 302.862308 264.026316 288.488692 276.610282 339.028153 250.713852 255.326865 145.935352 357.797712
403.899653 426.198594 348.122673 302.784919 264.041366 288.558488 276.636636 338.819410 250.828514 255.566357 145.504916 357.846380
403.913289 426.393317 347.691279 302.717697 264.064258 288.664648 276.677856 338.463304 251.105030 256.076112 145.079702 357.929524
403.929203 426.620560 347.254280 302.650085 264.092366 288.815961 276.700315 338.199057 251.247193 256.292608 144.666317 358.049225
403.947114 426.876334 346.829794 302.586650 264.119955 289.013039 276.726279 337.893558 251.396273 256.519636 144.246676 358.194268
403.966269 427.149864 346.403527 302.522949 264.153117 289.249929 276.754598 337.560360 251.546451 256.748336 143.833840 358.336960
403.985061 427.418207 345.978856 302.480479 264.189467 289.509597 276.786237 337.188102 251.695421 256.975197 143.427621 358.477364
404.003643 427.683557 345.550212 302.446362 264.225624 289.767879 276.829233 336.672127 251.838023 257.192362 143.024425 358.616724
404.024590 427.957134 345.120969 302.412198 264.175174 289.987992 276.854924 336.357373 251.979199 257.407353 142.603149 358.754239
404.050523 428.213024 344.681957 302.377256 264.106331 290.153224 276.876466 336.093451 252.123559 257.627192 142.175544 358.852225
404.076719 428.471500 344.137728 302.334226 264.054027 290.278763 276.891533 335.908865 252.272618 257.856858 141.741491 358.941759
404.103136 428.732164 343.697276 302.299736 264.009798 290.384918 276.902304 335.776904 252.412332 258.073754 141.313762 359.015270
404.129607 429.002646 343.266196 302.265981 263.982646 290.450088 276.909105 335.693581 252.552154 258.290819 140.879570 359.048384
404.153586 429.297673 342.836905 302.232429 264.254947 290.700185 276.911725 335.661488 252.696091 258.514273 140.444760 359.061240
404.179719 429.619212 342.396184 302.198830 264.375286 290.762247 276.912848 335.647733 252.841004 258.739240 140.009363 359.046819
404.208866 429.977830 341.964038 302.165884 264.533927 290.843852 276.912945 335.646537 253.094569 259.085683 139.576828 359.009701
404.239600 430.355983 341.465801 302.128154 264.721735 290.984593 276.912978 335.646139 253.253903 259.291393 139.141060 358.965545
404.270982 430.742110 341.029045 302.095163 264.966281 291.018851 276.912978 335.646139 253.418136 259.503428 138.714046 358.922276
404.302365 431.128237 340.601789 302.070445 265.247945 291.025024 276.912978 335.646139 253.587512 259.722104 138.274298 358.877716
404.332549 431.499612 340.159345 302.048242 265.664022 290.942745 276.912978 335.646139 253.737268 259.933568 137.845693 358.834286
404.366101 431.882544 339.723693 302.026380 265.868016 290.887280 276.912978 335.646139 254.092246 260.443189 137.404950 358.789626
404.398812 432.252099 339.293635 302.004799 266.005659 290.845763 276.912978 335.646139 254.245463 260.657195 136.971569 358.745712
404.431664 432.623248 338.852989 301.982686 266.059573 290.828535 276.912978 335.646139 254.399729 260.872664 136.543163 358.702302
404.464410 432.993201 338.418336 301.960874 266.085101 290.820377 276.912978 335.646139 254.594548 261.054594 136.116524 358.657411
404.497350 433.365346 337.984061 301.937603 266.102247 290.814898 276.912978 335.646139 254.850077 261.120690 135.685036 358.608953
404.531172 433.747453 337.557344 301.855200 266.114630 290.810941 276.912978 335.646139 255.101400 261.139800 135.250766 358.560183
404.565188 434.131750 337.126897 301.772076 266.115774 290.810576 276.912978 335.646139 255.563264 261.177918 134.810903 358.508179
404.599240 434.516446 336.694093 301.688497 266.116155 290.810454 276.912978 335.646139 255.825369 261.204004 134.373405 358.431306
404.632938 434.897157 336.267180 301.606055 266.116345 290.810393 276.912978 335.646139 256.094838 261.230823 133.937089 358.354640
404.667078 435.282849 335.831773 301.517546 266.116345 290.810393 276.912978 335.646139 256.356943 261.256909 133.504516 358.278632
404.701164 435.667944 335.417116 301.415623 266.116345 290.810393 276.912978 335.646139 256.577851 261.278894 133.081001 358.199785
404.734069 436.039690 334.995078 301.311886 266.125490 290.807471 276.912978 335.646139 256.729502 261.293988 132.655790 358.119092
404.767679 436.419406 334.578479 301.209486 266.146827 290.800653 276.912978 335.646139 256.996582 261.333112 132.223505 358.037057
404.801643 436.803106 334.097405 301.038416 266.207790 290.781172 276.912978 335.646139 257.111556 261.335555 131.800496 357.957656
404.834918 437.179036 333.592017 300.943265 266.307807 290.749211 276.912978 335.646139 257.531127 261.317935 131.369822 357.881250
404.868828 437.562138 333.175381 300.790382 266.384392 290.724738 276.912978 335.646139 257.687757 261.325228 130.947614 357.806347
404.901945 437.936275 332.767007 300.640531 266.475458 290.896395 276.912978 335.646139 257.840991 261.332362 130.524423 357.731268
404.935097 438.310811 332.359384 300.490955 266.476016 290.952992 276.912978 335.646139 258.002416 261.339878 130.091779 357.654513
404.967913 438.681561 331.949320 300.340484 266.542059 290.956792 276.912978 335.646139 258.151455 261.346818 129.662285 357.578317
405.001206 439.057691 331.539631 300.190150 266.542424 290.993790 276.912978 335.646139 258.315877 261.354473 129.227081 357.501107
405.035659 439.430701 331.126353 300.040928 266.497460 291.332651 276.912978 335.646139 258.477901 261.362017 128.802511 357.425784
405.070936 439.799216 330.711872 299.894458 266.488546 291.462144 276.912978 335.646139 258.636130 261.369384 128.368291 357.348749
405.107794 440.184256 330.316951 299.757502 266.478575 291.607002 276.912978 335.646139 258.793559 261.376714 127.940964 357.272937
405.143109 440.553169 329.959539 299.635069 266.467602 291.766424 276.912978 335.646139 258.950190 261.384007 127.512644 357.199352
405.179567 440.934028 329.592394 299.560407 266.457617 291.911481 276.912978 335.646139 259.097430 261.390863 127.087356 357.128195
405.215872 441.313295 329.226840 299.500689 266.447440 292.059331 276.912978 335.646139 259.261253 261.398490 126.653388 357.055584
405.252407 441.694950 328.903274 299.470334 266.437524 292.203390 276.912978 335.646139 259.370335 261.403569 126.227311 356.984295
405.283795 442.078863 328.627600 299.444800 266.426591 292.362215 276.912978 335.646139 259.451646 261.407355 125.791568 356.911387
405.314465 442.464846 328.248054 299.382908 266.416469 292.509267 276.912978 335.646139 259.475820 261.408481 125.369042 356.840692
405.344835 442.847042 327.966686 299.394344 266.405921 292.662504 276.912978 335.646139 259.537154 261.411337 124.931524 356.767487
405.375268 443.230034 327.710898 299.404741 266.394480 292.828711 276.912978 335.646139 259.610075 261.414732 124.508603 356.696726
405.405288 443.607844 327.482686 299.414016 266.384125 292.975345 276.912978 335.646139 259.642040 261.416220 124.077594 356.624610
405.435388 443.986650 327.280053 299.422252 266.373460 293.123362 276.912978 335.646139 259.649432 261.416564 123.449789 356.520788
405.467148 444.359700 327.033894 299.439362 266.362522 293.275168 276.912978 335.646139 259.858934 261.365185 123.017726 356.451395
405.499742 444.740306 326.820623 299.457013 266.353396 293.401840 276.912978 335.646139 259.908772 261.313221 122.589470 356.382279
405.531927 445.116131 326.634460 299.472421 266.342774 293.549258 276.912978 335.646139 259.976744 261.242349 122.164572 356.307666
405.564128 445.492155 326.477397 299.485419 266.335042 293.656579 276.912978 335.646139 260.063960 261.151412 121.742431 356.233537
405.596910 445.874953 326.278875 299.501849 266.318806 293.926902 276.912978 335.646139 260.182324 261.027999 121.307939 356.141216
405.628754 446.246792 326.040889 299.521546 266.311415 294.077721 276.912978 335.646139 260.417098 260.779669 120.892748 356.041488
405.661570 446.629990 325.772825 299.584419 266.305913 294.189986 276.912978 335.646139 260.545801 260.643179 120.247336 355.880094
405.695578 447.017098 325.480615 299.721286 266.302066 294.268492 276.912978 335.646139 260.692318 260.583903 119.823440 355.764401
405.728822 447.390421 325.163325 299.797005 266.300598 294.298456 276.912978 335.646139 260.814950 260.456572 119.404947 355.650182
405.763113 447.775497 324.822845 299.886877 266.299364 294.323626 276.912978 335.646139 260.968186 260.303773 119.005748 355.541230
405.796180 448.146828 324.501666 299.964397 266.298522 294.340805 276.912978 335.646139 261.147763 260.124706 118.683340 355.453236
405.829158 448.517162 324.120402 300.149448 266.298238 294.346599 276.912978 335.646139 261.322384 259.950582 118.443073 355.361398
405.863095 448.898254 323.733200 300.337382 266.298180 294.347797 276.912978 335.646139 261.421418 259.865538 118.286959 355.261417
405.896357 449.271776 323.343389 300.535250 266.298141 294.348596 276.912978 335.646139 261.512520 259.848952 118.051440 355.263007
405.930825 449.658845 322.963064 300.759275 266.298141 294.348596 276.912978 335.646139 261.853836 260.006913 117.744625 355.331353
405.965240 450.045315 322.143875 301.423865 266.298141 294.348596 276.912978 335.646139 261.919122 260.157794 117.602120 355.196625
405.998626 450.420232 322.045928 301.841761 266.298141 294.348596 276.912978 335.646139 261.996559 260.336759 117.308028 355.052188
406.027011 450.797547 322.144574 302.260293 266.298141 294.348596 276.912978 335.646139 262.088770 260.549864 117.038868 355.047545
406.052601 451.174078 322.475028 302.541332 266.298141 294.348596 276.912978 335.646139 262.191861 260.788117 116.745548 355.030088
406.085550 451.557033 322.905124 302.605598 266.298141 294.348596 276.912978 335.646139 262.297415 261.032060 116.427411 354.950259
406.122265 451.943694 323.315135 302.479469 266.298141 294.348596 276.912978 335.646139 262.407178 261.285731 116.085801 354.864539
406.159000 452.330554 323.679011 302.244805 266.298023 294.350993 276.912978 335.646139 262.636075 261.778873 115.715095 354.771516
406.194846 452.708055 324.041294 302.006561 266.297651 294.358584 276.912978 335.646139 262.748503 262.014195 115.317075 354.683762
406.231467 453.093721 324.398730 301.771503 266.297406 294.363578 276.912978 335.646139 262.862053 262.251863 114.715423 354.526168
406.265726 453.477187 324.631249 301.260276 266.296516 294.381756 276.912978 335.646139 263.041463 262.582356 114.303168 354.378217
406.297370 453.856670 324.459474 300.872732 266.295488 294.402731 276.912978 335.646139 263.168310 262.809772 113.895619 354.231955
406.329163 454.237947 324.080046 300.542988 266.293902 294.435092 276.912978 335.646139 263.358588 263.015358 113.484869 354.084544
406.360924 454.618825 323.695117 300.275417 266.291288 294.488428 276.912978 335.646139 263.485786 263.243495 112.898607 353.849707
406.392883 455.002095 323.297075 299.993785 266.286266 294.590905 276.914523 335.627202 263.619509 263.483335 112.492707 353.676424
406.424760 455.384368 322.868620 299.697822 266.280314 294.712360 276.919209 335.569793 263.745538 263.709375 112.090235 353.493240
406.456437 455.764249 322.416594 299.399488 266.273726 294.846798 276.937835 335.289014 263.937775 264.106876 111.697228 353.314363
406.487932 456.141939 321.984284 299.152714 266.266991 294.984233 276.942704 335.181725 264.041190 264.335142 111.293117 353.130433
406.519659 456.522418 321.578483 298.921598 266.260138 295.124066 276.949243 335.037673 264.110306 264.488924 110.716909 352.874520
406.551751 456.907282 321.205301 298.724445 266.252463 295.280678 276.957585 334.853862 264.155892 264.590351 110.315869 352.699418
406.583728 457.290751 320.809889 298.526032 266.232722 295.422018 276.967606 334.633090 264.180160 264.644348 109.912080 352.523115
406.615639 457.670814 320.479760 298.366661 266.176247 295.568295 276.978932 334.383547 264.189589 264.665327 109.515623 352.350013
406.649233 458.050731 320.217179 298.263823 266.223445 295.734588 277.003693 333.974742 264.194180 264.675542 109.138778 352.136126
406.682070 458.422082 319.970242 298.167112 266.407950 295.695503 277.024956 333.704577 264.196230 264.680103 108.590621 351.794172
406.715488 458.800008 319.784574 298.094397 266.625781 295.646967 277.048102 333.410486 264.196722 264.681198 108.123092 351.381389
406.748840 459.169301 319.653256 298.043048 266.871379 295.556320 277.106570 332.414564 264.197132 264.682110 107.807617 351.090967
406.786527 459.542804 319.579066 298.014762 267.160041 295.475652 277.094339 332.131752 264.197214 264.682292 107.483754 350.792824
406.824182 459.915105 319.379288 297.939276 267.468387 295.362070 277.173819 331.819096 264.197214 264.682292 107.159892 350.494681
406.862041 460.289395 319.224631 297.878966 267.805259 295.237981 277.273555 331.419584 264.197214 264.682292 106.843092 350.203040
406.902213 460.638297 319.042025 297.807756 268.287079 295.070046 277.322917 331.213822 264.197214 264.682292 106.154266 349.726106
406.936468 460.917000 318.835568 297.727244 268.690410 294.950760 277.378578 330.981805 264.197214 264.682292 105.634159 349.383360
406.969105 461.176789 318.600043 297.635398 269.123275 294.822739 277.441003 330.721588 264.197214 264.682292 105.264387 349.140490
407.025577 461.638195 318.333959 297.531634 269.517280 294.695437 277.555591 330.281817 264.197214 264.682292 104.905981 348.906913
407.053254 461.905365 318.030981 297.413484 269.843142 294.580314 277.643371 329.965158 264.197214 264.682292 104.528634 348.678113
407.080251 462.165970 317.885269 297.356661 270.085653 294.494638 277.676312 329.599292 264.197214 264.682292 104.145753 348.453701
407.106732 462.421602 317.784090 297.317205 270.251979 294.435878 277.778629 329.222959 264.197214 264.682292 103.764762 348.230415
