13400.399494 14003.642501 13315.660000 14407.010000 13006.707184 14433.811040 13003.067535 14433.861612 13397.564751 14001.823426 13191.880000 14413.370000
13400.399494 14003.642501 13315.660000 14407.010000 13006.707184 14433.811040 13003.067535 14433.861612 13397.564751 14001.823426 13191.880000 14413.370000
13400.399494 14003.642501 13315.660000 14407.010000 13006.707184 14433.811040 13003.067535 14433.861612 13397.564751 14001.823426 13191.880000 14413.370000
13400.399494 14003.642501 13315.660000 14407.010000 13006.707184 14433.811040 13003.067535 14433.861612 13397.564751 14001.823426 13191.880000 14413.370000
13400.399494 14003.642501 13315.660000 14407.010000 13006.707184 14433.811040 13003.067535 14433.861612 13397.564751 14001.823426 13191.880000 14413.370000
13400.399494 14003.642501 13315.660000 14407.010000 13006.707184 14433.811040 13003.067535 14433.861612 13397.564751 14001.823426 13191.880000 14413.370000
13400.399494 14003.642501 13315.660000 14407.010000 13006.707184 14433.811040 13003.067535 14433.861612 13397.564751 14001.823426 13191.880000 14413.370000
13400.399494 14003.642501 13315.660000 14407.010000 13006.707184 14433.811040 13003.067535 14433.861612 13397.564751 14001.823426 13191.880000 14413.370000
13400.399494 14003.642501 13315.660000 14407.010000 13006.707184 14433.811040 13003.067535 14433.861612 13397.564751 14001.823426 13191.880000 14413.370000
13400.399494 14003.642501 13315.660000 14407.010000 13006.707184 14433.811040 13003.067535 14433.861612 13397.564751 14001.823426 13191.880000 14413.370000
13398.673190 14007.766528 13313.907064 14407.255188 13017.958752 14434.782782 13009.186944 14433.776585 13400.410170 14003.614465 13190.402896 14412.127799
13398.673190 14007.766528 13313.907064 14407.255188 13017.958752 14434.782782 13009.186944 14433.776585 13400.410170 14003.614465 13190.402896 14412.127799
13398.673190 14007.766528 13313.907064 14407.255188 13017.958752 14434.782782 13009.186944 14433.776585 13400.410170 14003.614465 13190.402896 14412.127799
13398.673190 14007.766528 13313.907064 14407.255188 13017.958752 14434.782782 13009.186944 14433.776585 13400.410170 14003.614465 13190.402896 14412.127799
13398.673190 14007.766528 13313.907064 14407.255188 13017.958752 14434.782782 13009.186944 14433.776585 13400.410170 14003.614465 13190.402896 14412.127799
13398.673190 14007.766528 13313.907064 14407.255188 13017.958752 14434.782782 13009.186944 14433.776585 13400.410170 14003.614465 13190.402896 14412.127799
13398.673190 14007.766528 13313.907064 14407.255188 13017.958752 14434.782782 13009.186944 14433.776585 13400.410170 14003.614465 13190.402896 14412.127799
13398.673190 14007.766528 13313.907064 14407.255188 13017.958752 14434.782782 13009.186944 14433.776585 13400.410170 14003.614465 13190.402896 14412.127799
13398.673190 14007.766528 13313.907064 14407.255188 13017.958752 14434.782782 13009.186944 14433.776585 13400.410170 14003.614465 13190.402896 14412.127799
13398.673190 14007.766528 13313.907064 14407.255188 13017.958752 14434.782782 13009.186944 14433.776585 13400.410170 14003.614465 13190.402896 14412.127799
13395.540004 14011.815916 13310.222929 14407.770498 13028.921706 14436.645046 13015.750387 14434.407650 13397.161672 14009.720041 13187.410324 14410.109964
13395.540004 14011.815916 13310.222929 14407.770498 13028.921706 14436.645046 13015.750387 14434.407650 13397.161672 14009.720041 13187.410324 14410.109964
13395.540004 14011.815916 13310.222929 14407.770498 13028.921706 14436.645046 13015.750387 14434.407650 13397.161672 14009.720041 13187.410324 14410.109964
13395.540004 14011.815916 13310.222929 14407.770498 13028.921706 14436.645046 13015.750387 14434.407650 13397.161672 14009.720041 13187.410324 14410.109964
13395.540004 14011.815916 13310.222929 14407.770498 13028.921706 14436.645046 13015.750387 14434.407650 13397.161672 14009.720041 13187.410324 14410.109964
13395.540004 14011.815916 13310.222929 14407.770498 13028.921706 14436.645046 13015.750387 14434.407650 13397.161672 14009.720041 13187.410324 14410.109964
13395.540004 14011.815916 13310.222929 14407.770498 13028.921706 14436.645046 13015.750387 14434.407650 13397.161672 14009.720041 13187.410324 14410.109964
13395.540004 14011.815916 13310.222929 14407.770498 13028.921706 14436.645046 13015.750387 14434.407650 13397.161672 14009.720041 13187.410324 14410.109964
13395.540004 14011.815916 13310.222929 14407.770498 13028.921706 14436.645046 13015.750387 14434.407650 13397.161672 14009.720041 13187.410324 14410.109964
13395.540004 14011.815916 13310.222929 14407.770498 13028.921706 14436.645046 13015.750387 14434.407650 13397.161672 14009.720041 13187.410324 14410.109964
13390.856951 14016.399061 13304.360003 14408.590561 13036.956606 14438.009925 13020.551609 14435.223228 13391.950659 14015.607668 13182.503003 14409.205367
13390.856951 14016.399061 13304.360003 14408.590561 13036.956606 14438.009925 13020.551609 14435.223228 13391.950659 14015.607668 13182.503003 14409.205367
13390.856951 14016.399061 13304.360003 14408.590561 13036.956606 14438.009925 13020.551609 14435.223228 13391.950659 14015.607668 13182.503003 14409.205367
13390.856951 14016.399061 13304.360003 14408.590561 13036.956606 14438.009925 13020.551609 14435.223228 13391.950659 14015.607668 13182.503003 14409.205367
13390.856951 14016.399061 13304.360003 14408.590561 13036.956606 14438.009925 13020.551609 14435.223228 13391.950659 14015.607668 13182.503003 14409.205367
13390.856951 14016.399061 13304.360003 14408.590561 13036.956606 14438.009925 13020.551609 14435.223228 13391.950659 14015.607668 13182.503003 14409.205367
13390.856951 14016.399061 13304.360003 14408.590561 13036.956606 14438.009925 13020.551609 14435.223228 13391.950659 14015.607668 13182.503003 14409.205367
13390.856951 14016.399061 13304.360003 14408.590561 13036.956606 14438.009925 13020.551609 14435.223228 13391.950659 14015.607668 13182.503003 14409.205367
13390.856951 14016.399061 13304.360003 14408.590561 13036.956606 14438.009925 13020.551609 14435.223228 13391.950659 14015.607668 13182.503003 14409.205367
13390.856951 14016.399061 13304.360003 14408.590561 13036.956606 14438.009925 13020.551609 14435.223228 13391.950659 14015.607668 13182.503003 14409.205367
13384.672046 14020.753183 13296.278673 14409.720918 13042.556388 14438.961153 13025.688029 14436.095745 13385.688168 14020.139126 13175.918670 14408.804626
13384.672046 14020.753183 13296.278673 14409.720918 13042.556388 14438.961153 13025.688029 14436.095745 13385.688168 14020.139126 13175.918670 14408.804626
13384.672046 14020.753183 13296.278673 14409.720918 13042.556388 14438.961153 13025.688029 14436.095745 13385.688168 14020.139126 13175.918670 14408.804626
13384.672046 14020.753183 13296.278673 14409.720918 13042.556388 14438.961153 13025.688029 14436.095745 13385.688168 14020.139126 13175.918670 14408.804626
13384.672046 14020.753183 13296.278673 14409.720918 13042.556388 14438.961153 13025.688029 14436.095745 13385.688168 14020.139126 13175.918670 14408.804626
13384.672046 14020.753183 13296.278673 14409.720918 13042.556388 14438.961153 13025.688029 14436.095745 13385.688168 14020.139126 13175.918670 14408.804626
13384.672046 14020.753183 13296.278673 14409.720918 13042.556388 14438.961153 13025.688029 14436.095745 13385.688168 14020.139126 13175.918670 14408.804626
13384.672046 14020.753183 13296.278673 14409.720918 13042.556388 14438.961153 13025.688029 14436.095745 13385.688168 14020.139126 13175.918670 14408.804626
13384.672046 14020.753183 13296.278673 14409.720918 13042.556388 14438.961153 13025.688029 14436.095745 13385.688168 14020.139126 13175.918670 14408.804626
13384.672046 14020.753183 13296.278673 14409.720918 13042.556388 14438.961153 13025.688029 14436.095745 13385.688168 14020.139126 13175.918670 14408.804626
13378.903712 14023.813775 13286.117590 14411.142177 13047.051988 14439.724815 13031.475128 14437.078793 13379.345391 14023.579427 13167.967669 14410.967767
13378.903712 14023.813775 13286.117590 14411.142177 13047.051988 14439.724815 13031.475128 14437.078793 13379.345391 14023.579427 13167.967669 14410.967767
13378.903712 14023.813775 13286.117590 14411.142177 13047.051988 14439.724815 13031.475128 14437.078793 13379.345391 14023.579427 13167.967669 14410.967767
13378.903712 14023.813775 13286.117590 14411.142177 13047.051988 14439.724815 13031.475128 14437.078793 13379.345391 14023.579427 13167.967669 14410.967767
13378.903712 14023.813775 13286.117590 14411.142177 13047.051988 14439.724815 13031.475128 14437.078793 13379.345391 14023.579427 13167.967669 14410.967767
13378.903712 14023.813775 13286.117590 14411.142177 13047.051988 14439.724815 13031.475128 14437.078793 13379.345391 14023.579427 13167.967669 14410.967767
13378.903712 14023.813775 13286.117590 14411.142177 13047.051988 14439.724815 13031.475128 14437.078793 13379.345391 14023.579427 13167.967669 14410.967767
13378.903712 14023.813775 13286.117590 14411.142177 13047.051988 14439.724815 13031.475128 14437.078793 13379.345391 14023.579427 13167.967669 14410.967767
13378.903712 14023.813775 13286.117590 14411.142177 13047.051988 14439.724815 13031.475128 14437.078793 13379.345391 14023.579427 13167.967669 14410.967767
13378.903712 14023.813775 13286.117590 14411.142177 13047.051988 14439.724815 13031.475128 14437.078793 13379.345391 14023.579427 13167.967669 14410.967767
13371.236031 14025.327032 13273.946077 14412.844639 13050.778604 14440.357851 13037.824178 14438.157298 13371.523225 14025.286787 13158.177126 14414.374010
13371.236031 14025.327032 13273.946077 14412.844639 13050.778604 14440.357851 13037.824178 14438.157298 13371.523225 14025.286787 13158.177126 14414.374010
13371.236031 14025.327032 13273.946077 14412.844639 13050.778604 14440.357851 13037.824178 14438.157298 13371.523225 14025.286787 13158.177126 14414.374010
13371.236031 14025.327032 13273.946077 14412.844639 13050.778604 14440.357851 13037.824178 14438.157298 13371.523225 14025.286787 13158.177126 14414.374010
13371.236031 14025.327032 13273.946077 14412.844639 13050.778604 14440.357851 13037.824178 14438.157298 13371.523225 14025.286787 13158.177126 14414.374010
13371.236031 14025.327032 13273.946077 14412.844639 13050.778604 14440.357851 13037.824178 14438.157298 13371.523225 14025.286787 13158.177126 14414.374010
13371.236031 14025.327032 13273.946077 14412.844639 13050.778604 14440.357851 13037.824178 14438.157298 13371.523225 14025.286787 13158.177126 14414.374010
13371.236031 14025.327032 13273.946077 14412.844639 13050.778604 14440.357851 13037.824178 14438.157298 13371.523225 14025.286787 13158.177126 14414.374010
13371.236031 14025.327032 13273.946077 14412.844639 13050.778604 14440.357851 13037.824178 14438.157298 13371.523225 14025.286787 13158.177126 14414.374010
13371.236031 14025.327032 13273.946077 14412.844639 13050.778604 14440.357851 13037.824178 14438.157298 13371.523225 14025.286787 13158.177126 14414.374010
13363.887830 14026.356765 13265.518121 14414.023480 13054.337621 14440.962417 13043.295796 14439.086755 13364.155218 14026.319295 13147.874719 14421.328527
13363.887830 14026.356765 13265.518121 14414.023480 13054.337621 14440.962417 13043.295796 14439.086755 13364.155218 14026.319295 13147.874719 14421.328527
13363.887830 14026.356765 13265.518121 14414.023480 13054.337621 14440.962417 13043.295796 14439.086755 13364.155218 14026.319295 13147.874719 14421.328527
13363.887830 14026.356765 13265.518121 14414.023480 13054.337621 14440.962417 13043.295796 14439.086755 13364.155218 14026.319295 13147.874719 14421.328527
13363.887830 14026.356765 13265.518121 14414.023480 13054.337621 14440.962417 13043.295796 14439.086755 13364.155218 14026.319295 13147.874719 14421.328527
13363.887830 14026.356765 13265.518121 14414.023480 13054.337621 14440.962417 13043.295796 14439.086755 13364.155218 14026.319295 13147.874719 14421.328527
13363.887830 14026.356765 13265.518121 14414.023480 13054.337621 14440.962417 13043.295796 14439.086755 13364.155218 14026.319295 13147.874719 14421.328527
13363.887830 14026.356765 13265.518121 14414.023480 13054.337621 14440.962417 13043.295796 14439.086755 13364.155218 14026.319295 13147.874719 14421.328527
13363.887830 14026.356765 13265.518121 14414.023480 13054.337621 14440.962417 13043.295796 14439.086755 13364.155218 14026.319295 13147.874719 14421.328527
13363.887830 14026.356765 13265.518121 14414.023480 13054.337621 14440.962417 13043.295796 14439.086755 13364.155218 14026.319295 13147.874719 14421.328527
13356.212823 14027.432294 13259.189727 14414.908649 13091.793768 14454.520890 13050.305383 14440.277466 13356.618856 14027.375395 13137.776310 14429.522440
13356.212823 14027.432294 13259.189727 14414.908649 13091.793768 14454.520890 13050.305383 14440.277466 13356.618856 14027.375395 13137.776310 14429.522440
13356.212823 14027.432294 13259.189727 14414.908649 13091.793768 14454.520890 13050.305383 14440.277466 13356.618856 14027.375395 13137.776310 14429.522440
13356.212823 14027.432294 13259.189727 14414.908649 13091.793768 14454.520890 13050.305383 14440.277466 13356.618856 14027.375395 13137.776310 14429.522440
13356.212823 14027.432294 13259.189727 14414.908649 13091.793768 14454.520890 13050.305383 14440.277466 13356.618856 14027.375395 13137.776310 14429.522440
13356.212823 14027.432294 13259.189727 14414.908649 13091.793768 14454.520890 13050.305383 14440.277466 13356.618856 14027.375395 13137.776310 14429.522440
13356.212823 14027.432294 13259.189727 14414.908649 13091.793768 14454.520890 13050.305383 14440.277466 13356.618856 14027.375395 13137.776310 14429.522440
13356.212823 14027.432294 13259.189727 14414.908649 13091.793768 14454.520890 13050.305383 14440.277466 13356.618856 14027.375395 13137.776310 14429.522440
13356.212823 14027.432294 13259.189727 14414.908649 13091.793768 14454.520890 13050.305383 14440.277466 13356.618856 14027.375395 13137.776310 14429.522440
13356.212823 14027.432294 13259.189727 14414.908649 13091.793768 14454.520890 13050.305383 14440.277466 13356.618856 14027.375395 13137.776310 14429.522440
13348.022848 14028.579987 13256.862383 14415.234181 13099.097057 14457.486777 13054.717534 14441.123620 13349.359784 14028.392637 13129.339032 14439.293849
13348.022848 14028.579987 13256.862383 14415.234181 13099.097057 14457.486777 13054.717534 14441.123620 13349.359784 14028.392637 13129.339032 14439.293849
13348.022848 14028.579987 13256.862383 14415.234181 13099.097057 14457.486777 13054.717534 14441.123620 13349.359784 14028.392637 13129.339032 14439.293849
13348.022848 14028.579987 13256.862383 14415.234181 13099.097057 14457.486777 13054.717534 14441.123620 13349.359784 14028.392637 13129.339032 14439.293849
13348.022848 14028.579987 13256.862383 14415.234181 13099.097057 14457.486777 13054.717534 14441.123620 13349.359784 14028.392637 13129.339032 14439.293849
13348.022848 14028.579987 13256.862383 14415.234181 13099.097057 14457.486777 13054.717534 14441.123620 13349.359784 14028.392637 13129.339032 14439.293849
13348.022848 14028.579987 13256.862383 14415.234181 13099.097057 14457.486777 13054.717534 14441.123620 13349.359784 14028.392637 13129.339032 14439.293849
13348.022848 14028.579987 13256.862383 14415.234181 13099.097057 14457.486777 13054.717534 14441.123620 13349.359784 14028.392637 13129.339032 14439.293849
13348.022848 14028.579987 13256.862383 14415.234181 13099.097057 14457.486777 13054.717534 14441.123620 13349.359784 14028.392637 13129.339032 14439.293849
13348.022848 14028.579987 13256.862383 14415.234181 13099.097057 14457.486777 13054.717534 14441.123620 13349.359784 14028.392637 13129.339032 14439.293849
13340.803389 14029.591679 13247.036515 14416.447970 13107.472996 14457.783631 13091.819688 14451.187550 13341.258938 14029.527841 13123.278543 14447.629663
13340.803389 14029.591679 13247.036515 14416.447970 13107.472996 14457.783631 13091.819688 14451.187550 13341.258938 14029.527841 13123.278543 14447.629663
13340.803389 14029.591679 13247.036515 14416.447970 13107.472996 14457.783631 13091.819688 14451.187550 13341.258938 14029.527841 13123.278543 14447.629663
13340.803389 14029.591679 13247.036515 14416.447970 13107.472996 14457.783631 13091.819688 14451.187550 13341.258938 14029.527841 13123.278543 14447.629663
13340.803389 14029.591679 13247.036515 14416.447970 13107.472996 14457.783631 13091.819688 14451.187550 13341.258938 14029.527841 13123.278543 14447.629663
13340.803389 14029.591679 13247.036515 14416.447970 13107.472996 14457.783631 13091.819688 14451.187550 13341.258938 14029.527841 13123.278543 14447.629663
13340.803389 14029.591679 13247.036515 14416.447970 13107.472996 14457.783631 13091.819688 14451.187550 13341.258938 14029.527841 13123.278543 14447.629663
13340.803389 14029.591679 13247.036515 14416.447970 13107.472996 14457.783631 13091.819688 14451.187550 13341.258938 14029.527841 13123.278543 14447.629663
13340.803389 14029.591679 13247.036515 14416.447970 13107.472996 14457.783631 13091.819688 14451.187550 13341.258938 14029.527841 13123.278543 14447.629663
13340.803389 14029.591679 13247.036515 14416.447970 13107.472996 14457.783631 13091.819688 14451.187550 13341.258938 14029.527841 13123.278543 14447.629663
13332.573801 14030.744923 13241.614697 14417.001489 13122.804280 14467.031955 13099.474496 14454.019377 13333.395769 14030.629738 13119.346948 14453.421258
13332.573801 14030.744923 13241.614697 14417.001489 13122.804280 14467.031955 13099.474496 14454.019377 13333.395769 14030.629738 13119.346948 14453.421258
13332.573801 14030.744923 13241.614697 14417.001489 13122.804280 14467.031955 13099.474496 14454.019377 13333.395769 14030.629738 13119.346948 14453.421258
13332.573801 14030.744923 13241.614697 14417.001489 13122.804280 14467.031955 13099.474496 14454.019377 13333.395769 14030.629738 13119.346948 14453.421258
13332.573801 14030.744923 13241.614697 14417.001489 13122.804280 14467.031955 13099.474496 14454.019377 13333.395769 14030.629738 13119.346948 14453.421258
13332.573801 14030.744923 13241.614697 14417.001489 13122.804280 14467.031955 13099.474496 14454.019377 13333.395769 14030.629738 13119.346948 14453.421258
13332.573801 14030.744923 13241.614697 14417.001489 13122.804280 14467.031955 13099.474496 14454.019377 13333.395769 14030.629738 13119.346948 14453.421258
13332.573801 14030.744923 13241.614697 14417.001489 13122.804280 14467.031955 13099.474496 14454.019377 13333.395769 14030.629738 13119.346948 14453.421258
13332.573801 14030.744923 13241.614697 14417.001489 13122.804280 14467.031955 13099.474496 14454.019377 13333.395769 14030.629738 13119.346948 14453.421258
13332.573801 14030.744923 13241.614697 14417.001489 13122.804280 14467.031955 13099.474496 14454.019377 13333.395769 14030.629738 13119.346948 14453.421258
13324.819567 14031.831555 13234.441979 14417.733759 13133.337280 14474.444803 13108.341611 14458.192418 13326.116891 14031.649756 13117.572114 14456.035749
13324.819567 14031.831555 13234.441979 14417.733759 13133.337280 14474.444803 13108.341611 14458.192418 13326.116891 14031.649756 13117.572114 14456.035749
13324.819567 14031.831555 13234.441979 14417.733759 13133.337280 14474.444803 13108.341611 14458.192418 13326.116891 14031.649756 13117.572114 14456.035749
13324.819567 14031.831555 13234.441979 14417.733759 13133.337280 14474.444803 13108.341611 14458.192418 13326.116891 14031.649756 13117.572114 14456.035749
13324.819567 14031.831555 13234.441979 14417.733759 13133.337280 14474.444803 13108.341611 14458.192418 13326.116891 14031.649756 13117.572114 14456.035749
13324.819567 14031.831555 13234.441979 14417.733759 13133.337280 14474.444803 13108.341611 14458.192418 13326.116891 14031.649756 13117.572114 14456.035749
13324.819567 14031.831555 13234.441979 14417.733759 13133.337280 14474.444803 13108.341611 14458.192418 13326.116891 14031.649756 13117.572114 14456.035749
13324.819567 14031.831555 13234.441979 14417.733759 13133.337280 14474.444803 13108.341611 14458.192418 13326.116891 14031.649756 13117.572114 14456.035749
13324.819567 14031.831555 13234.441979 14417.733759 13133.337280 14474.444803 13108.341611 14458.192418 13326.116891 14031.649756 13117.572114 14456.035749
13324.819567 14031.831555 13234.441979 14417.733759 13133.337280 14474.444803 13108.341611 14458.192418 13326.116891 14031.649756 13117.572114 14456.035749
13317.273302 14032.889043 13225.259706 14418.671186 13145.473128 14482.985692 13123.344014 14467.411806 13318.669658 14032.693366 13118.028447 14463.670851
13317.273302 14032.889043 13225.259706 14418.671186 13145.473128 14482.985692 13123.344014 14467.411806 13318.669658 14032.693366 13118.028447 14463.670851
13317.273302 14032.889043 13225.259706 14418.671186 13145.473128 14482.985692 13123.344014 14467.411806 13318.669658 14032.693366 13118.028447 14463.670851
13317.273302 14032.889043 13225.259706 14418.671186 13145.473128 14482.985692 13123.344014 14467.411806 13318.669658 14032.693366 13118.028447 14463.670851
13317.273302 14032.889043 13225.259706 14418.671186 13145.473128 14482.985692 13123.344014 14467.411806 13318.669658 14032.693366 13118.028447 14463.670851
13317.273302 14032.889043 13225.259706 14418.671186 13145.473128 14482.985692 13123.344014 14467.411806 13318.669658 14032.693366 13118.028447 14463.670851
13317.273302 14032.889043 13225.259706 14418.671186 13145.473128 14482.985692 13123.344014 14467.411806 13318.669658 14032.693366 13118.028447 14463.670851
13317.273302 14032.889043 13225.259706 14418.671186 13145.473128 14482.985692 13123.344014 14467.411806 13318.669658 14032.693366 13118.028447 14463.670851
13317.273302 14032.889043 13225.259706 14418.671186 13145.473128 14482.985692 13123.344014 14467.411806 13318.669658 14032.693366 13118.028447 14463.670851
13317.273302 14032.889043 13225.259706 14418.671186 13145.473128 14482.985692 13123.344014 14467.411806 13318.669658 14032.693366 13118.028447 14463.670851
13310.539102 14033.832733 13215.977951 14419.618770 13157.339109 14491.336656 13130.139762 14472.194474 13311.222425 14033.736976 13123.581170 14467.578710
13310.539102 14033.832733 13215.977951 14419.618770 13157.339109 14491.336656 13130.139762 14472.194474 13311.222425 14033.736976 13123.581170 14467.578710
13310.539102 14033.832733 13215.977951 14419.618770 13157.339109 14491.336656 13130.139762 14472.194474 13311.222425 14033.736976 13123.581170 14467.578710
13310.539102 14033.832733 13215.977951 14419.618770 13157.339109 14491.336656 13130.139762 14472.194474 13311.222425 14033.736976 13123.581170 14467.578710
13310.539102 14033.832733 13215.977951 14419.618770 13157.339109 14491.336656 13130.139762 14472.194474 13311.222425 14033.736976 13123.581170 14467.578710
13310.539102 14033.832733 13215.977951 14419.618770 13157.339109 14491.336656 13130.139762 14472.194474 13311.222425 14033.736976 13123.581170 14467.578710
13310.539102 14033.832733 13215.977951 14419.618770 13157.339109 14491.336656 13130.139762 14472.194474 13311.222425 14033.736976 13123.581170 14467.578710
13310.539102 14033.832733 13215.977951 14419.618770 13157.339109 14491.336656 13130.139762 14472.194474 13311.222425 14033.736976 13123.581170 14467.578710
13310.539102 14033.832733 13215.977951 14419.618770 13157.339109 14491.336656 13130.139762 14472.194474 13311.222425 14033.736976 13123.581170 14467.578710
13310.539102 14033.832733 13215.977951 14419.618770 13157.339109 14491.336656 13130.139762 14472.194474 13311.222425 14033.736976 13123.581170 14467.578710
13297.457277 14042.017952 13209.714658 14419.378907 13165.385810 14497.177157 13135.766085 14476.154132 13297.395049 14040.389140 13130.327851 14472.326846
13297.457277 14042.017952 13209.714658 14419.378907 13165.385810 14497.177157 13135.766085 14476.154132 13297.395049 14040.389140 13130.327851 14472.326846
13297.457277 14042.017952 13209.714658 14419.378907 13165.385810 14497.177157 13135.766085 14476.154132 13297.395049 14040.389140 13130.327851 14472.326846
13297.457277 14042.017952 13209.714658 14419.378907 13165.385810 14497.177157 13135.766085 14476.154132 13297.395049 14040.389140 13130.327851 14472.326846
13297.457277 14042.017952 13209.714658 14419.378907 13165.385810 14497.177157 13135.766085 14476.154132 13297.395049 14040.389140 13130.327851 14472.326846
13297.457277 14042.017952 13209.714658 14419.378907 13165.385810 14497.177157 13135.766085 14476.154132 13297.395049 14040.389140 13130.327851 14472.326846
13297.457277 14042.017952 13209.714658 14419.378907 13165.385810 14497.177157 13135.766085 14476.154132 13297.395049 14040.389140 13130.327851 14472.326846
13297.457277 14042.017952 13209.714658 14419.378907 13165.385810 14497.177157 13135.766085 14476.154132 13297.395049 14040.389140 13130.327851 14472.326846
13297.457277 14042.017952 13209.714658 14419.378907 13165.385810 14497.177157 13135.766085 14476.154132 13297.395049 14040.389140 13130.327851 14472.326846
13297.457277 14042.017952 13209.714658 14419.378907 13165.385810 14497.177157 13135.766085 14476.154132 13297.395049 14040.389140 13130.327851 14472.326846
