198.481000 177.750400 240.664388 57.660169 220.030319 96.244956 172.135600 156.041600 136.323724 65.104520 211.416494 122.785233
198.499155 177.751679 240.655441 57.750326 220.069478 96.282862 172.112748 156.043089 136.307028 65.199057 211.150723 122.719415
198.531275 177.753941 240.644983 57.855708 220.121714 96.333425 172.069341 156.045919 136.287479 65.309744 210.886504 122.653981
198.584444 177.757686 240.638099 57.925068 220.187061 96.398268 172.006274 156.050029 136.265722 65.432938 210.624412 122.589114
198.650879 177.762366 240.633843 57.967957 220.254807 96.476118 171.921654 156.055545 136.240660 65.574842 210.357100 122.523278
198.740357 177.768669 240.529390 58.008862 220.325967 96.557891 171.817774 156.062316 136.207965 65.729512 210.092992 122.458232
198.847891 177.776243 240.448566 57.987892 220.507132 96.770122 171.701122 156.069919 136.169721 65.899152 209.824127 122.392013
198.970179 177.782941 240.352835 57.963055 220.581527 96.859255 171.572195 156.078322 136.127846 66.082429 209.548892 122.322364
199.112635 177.786474 240.261654 57.939399 220.661753 96.955374 171.442465 156.070715 136.082698 66.280037 209.280320 122.253340
199.262489 177.790190 240.209578 57.925888 220.749522 97.054602 171.314929 156.062498 136.034810 66.489636 209.015332 122.185237
199.375554 177.792994 240.179087 57.917977 220.829324 97.142473 171.218429 156.056281 135.985407 66.705864 208.751699 122.117482
199.462828 177.795158 240.128415 57.835445 220.916940 97.239725 171.155859 156.052250 135.936027 66.921995 208.485355 122.049031
199.543773 177.797780 240.141044 57.768323 221.003424 97.336651 171.124125 156.050206 135.887248 67.135494 208.222497 121.981475
199.623404 177.801104 240.157963 57.678400 221.092238 97.436188 171.067469 156.107917 135.838901 67.348782 207.955474 121.912850
199.703722 177.804700 240.178136 57.571182 221.180253 97.534829 171.073151 156.182100 135.792976 67.558103 207.690583 121.844771
199.784190 177.809309 240.197421 57.468680 221.264540 97.629292 171.080452 156.277421 135.747137 67.767033 207.427144 121.777066
199.865557 177.813970 240.247935 57.379182 221.348530 97.724153 171.089037 156.389492 135.700161 67.981141 207.158959 121.708142
199.946125 177.818584 240.334033 57.362597 221.431061 97.817634 171.098774 156.516620 135.653636 68.193197 206.890193 121.639068
200.022100 177.822936 240.437648 57.387217 221.516240 97.914113 171.109115 156.651624 135.606939 68.406034 206.624527 121.570791
200.094282 177.827070 240.522875 57.407467 221.604154 98.014429 171.119464 156.786729 135.532555 68.726936 206.361960 121.503310
200.172354 177.831542 240.571035 57.418909 221.683012 98.114235 171.129835 156.922132 135.450513 68.929894 206.094647 121.434609
200.244835 177.835693 240.601195 57.426075 221.764165 98.216944 171.140108 157.056239 135.362166 69.127826 205.826559 121.365710
200.318714 177.839925 240.646700 57.326900 221.846161 98.320770 171.150105 157.186757 135.285319 69.327552 205.558665 121.296860
200.397784 177.844454 240.500649 57.243375 221.909537 98.402091 171.160415 157.321363 135.271490 69.545516 205.291016 121.229558
200.479550 177.849137 240.420791 57.207611 221.971807 98.481992 171.302936 157.379236 135.313727 69.759667 205.020170 121.169155
200.553230 177.853357 240.326514 57.165389 222.025594 98.551008 171.437555 157.374557 135.393107 69.962000 204.754692 121.109950
200.629505 177.857726 240.213619 57.114829 222.078213 98.618525 171.567377 157.370045 135.637432 70.327026 204.484431 121.049677
200.701387 177.861843 240.097149 57.047379 222.133168 98.689040 171.696998 157.365540 135.810076 70.485423 204.220905 120.990907
200.752204 177.864753 239.948944 57.017438 222.179640 98.748669 171.833053 157.365616 136.005056 70.636891 203.953377 120.931244
200.830799 177.981651 239.784172 56.984151 222.219105 98.799307 171.961629 157.368100 136.212434 70.797990 203.663402 120.847863
200.812856 178.063917 239.609207 56.948804 222.261889 98.854205 172.099204 157.370757 136.507055 71.033246 203.389323 120.778990
200.790480 178.166505 239.425616 56.911715 222.306271 98.911153 172.319270 157.404673 136.660508 71.159318 203.100599 120.706436
200.764056 178.287657 239.280350 56.882369 222.384128 99.004777 172.448709 157.435245 136.788077 71.264124 202.797425 120.630252
200.734542 178.422976 239.142891 56.730760 222.415898 99.043515 172.578829 157.465979 136.876762 71.341340 202.481255 120.550801
200.706178 178.553019 239.151389 56.597130 222.449127 99.084033 172.711511 157.494050 136.928453 71.406407 202.158780 120.469767
200.683570 178.688049 239.160121 56.459807 222.477472 99.118596 172.848191 157.515805 136.962603 71.449393 201.838149 120.389195
200.664733 178.822738 239.168606 56.326377 222.512159 99.160892 172.958502 157.533362 136.978403 71.469281 201.521009 120.306336
200.646215 178.955150 239.176786 56.197737 222.542470 99.197852 173.057062 157.549049 136.985619 71.660299 201.202641 120.219874
200.627767 179.087066 239.185563 56.059715 222.493787 99.359269 173.125401 157.559926 136.985077 71.720597 200.885335 120.133699
200.612890 179.218192 239.194080 55.925786 222.424841 99.415074 173.182483 157.569012 136.984403 71.795694 200.564947 120.047056
200.600173 179.353395 239.202343 55.795848 222.344158 99.480379 173.237095 157.577704 136.983554 71.890190 200.241920 119.965756
200.587522 179.487901 239.210561 55.666609 222.213307 99.589874 173.276302 157.583944 136.982502 72.007285 199.921416 119.885090
200.575358 179.617231 239.219325 55.528788 222.116831 99.683589 173.329322 157.526907 136.981308 72.140280 199.603044 119.804962
200.560485 179.745464 239.227874 55.394359 222.012033 99.785386 173.323313 157.454455 136.980098 72.274974 199.286322 119.725248
200.543782 179.883154 239.236327 55.261428 221.893576 99.894393 173.322127 157.369055 136.978907 72.407569 198.969599 119.645534
200.479139 180.098807 239.211588 55.129490 221.756931 100.006897 173.337096 157.271497 136.973287 72.536165 198.647639 119.564503
200.426907 180.220654 239.220048 54.996459 221.611258 100.126843 173.354174 157.160199 136.950402 72.670023 198.327249 119.482190
200.367175 180.335893 239.228305 54.866621 221.456410 100.254368 173.373131 157.036645 136.927821 72.802106 198.008403 119.398290
200.301238 180.458112 239.236733 54.734089 221.287384 100.393620 173.394106 156.899945 136.905525 72.932514 197.686945 119.313703
200.243179 180.559460 239.244964 54.604651 221.117431 100.533634 173.414231 156.768780 136.882506 73.067161 197.370324 119.230388
200.185193 180.613657 239.257533 54.372767 220.949562 100.671932 173.434418 156.637219 136.859688 73.200624 197.050589 119.153903
200.146736 180.646542 239.264455 54.237544 220.786203 100.809780 173.455392 156.500519 136.837663 73.329455 196.730888 119.081489
200.018129 180.596601 239.271086 54.108014 220.623194 100.959452 173.475685 156.368267 136.815199 73.460849 196.411284 119.009096
199.993931 180.515953 239.277977 53.973390 220.466102 101.103888 173.495977 156.236015 136.792280 73.594904 196.089047 118.936107
199.964962 180.419405 239.284996 53.836270 220.302606 101.254213 173.536811 156.003513 136.770608 73.721664 195.767297 118.863229
199.941488 180.308140 239.291790 53.703543 220.139763 101.403917 173.564350 155.867473 136.748027 73.853748 195.443304 118.789843
199.915943 180.175375 239.298287 53.574307 219.977122 101.553399 173.590798 155.736823 136.725883 73.983269 195.120859 118.711742
199.890513 180.043199 239.304707 53.445166 219.819636 101.698144 173.619711 155.633685 136.703268 74.115549 194.802382 118.630400
199.864723 179.909158 239.311421 53.310133 219.660971 101.843972 173.666264 155.574627 136.680956 74.246056 194.481290 118.548390
199.842439 179.772758 239.318189 53.174001 219.503411 101.988785 173.691459 155.542663 136.785986 74.383993 194.162232 118.466899
199.827553 179.643110 239.324788 53.041265 219.346071 102.133395 173.751857 155.402396 136.901841 74.444493 193.842884 118.385334
199.812553 179.512469 239.331209 52.912124 219.181350 102.274155 173.769056 155.337124 137.016455 74.504344 193.525417 118.306130
199.728409 179.396818 239.337843 52.778689 219.017115 102.412441 173.791553 155.251738 137.136033 74.566788 193.180073 118.217906
199.593082 179.421170 239.344402 52.646752 218.853034 102.550599 173.817360 155.148427 137.250292 74.626454 192.863365 118.135713
199.460118 179.445096 239.350877 52.516513 218.685892 102.691333 173.843632 155.032978 137.372972 74.690518 192.544430 118.052942
199.330204 179.468474 239.357675 52.379782 218.518522 102.832260 173.882980 154.850124 137.493968 74.753702 192.227432 117.970674
199.198322 179.492205 239.364076 52.251041 218.349009 102.974990 173.910547 154.718888 137.616648 74.817765 191.907820 117.887727
199.107678 179.508516 239.370963 52.112512 218.181409 103.116111 173.937005 154.592937 137.733034 74.878543 191.581937 117.838460
199.048922 179.519089 239.377840 51.974183 218.016792 103.254719 173.963997 154.464441 137.849775 74.939505 191.262923 117.762643
199.013590 179.525447 239.384335 51.843544 217.849345 103.395711 173.991770 154.332227 137.968112 75.001300 190.943130 117.686640
198.902375 179.454704 239.390830 51.712906 217.572382 103.562014 174.019317 154.201089 138.088044 75.063929 190.621586 117.610221
198.876292 179.386201 239.396099 51.606936 217.381284 103.675195 174.046824 154.070147 138.205229 75.125123 190.299653 117.533710
198.845869 179.306297 239.400111 51.526236 217.196381 103.784707 174.073816 153.941651 138.322147 75.186178 189.981709 117.458146
198.810535 179.213496 239.403299 51.462115 217.009843 103.895188 174.104116 153.766417 138.444827 75.250241 189.659387 117.381543
198.764649 179.109982 239.406164 51.404487 216.819348 104.008012 174.125204 153.637125 138.560416 75.310602 189.337530 117.300169
198.709608 178.993314 239.312912 51.360360 216.629799 104.120276 174.146420 153.507044 138.682298 75.374249 189.019797 117.217549
198.625101 178.787648 239.216630 51.358492 216.444810 104.229840 174.172818 153.380563 138.800103 75.435767 188.699256 117.134199
198.579779 178.663779 239.099552 51.356221 216.256551 104.341339 174.204953 153.248414 138.915692 75.496127 188.381873 117.053045
198.535072 178.541602 238.978075 51.353864 216.065404 104.444145 174.236427 153.118986 139.031990 75.556858 188.063312 116.974504
198.489280 178.411955 238.843900 51.351261 215.858759 104.518750 174.267169 152.992570 139.148465 75.617681 187.746208 116.896322
198.445631 178.286428 238.694128 51.348361 215.672619 104.585953 174.309621 152.827324 139.228420 75.659434 187.426482 116.817493
198.401719 178.160145 238.533059 51.312229 215.501152 104.647858 174.330641 152.744861 139.286037 75.689522 187.103649 116.737899
198.402419 178.042750 238.359891 51.308875 215.345486 104.704058 174.343634 152.693891 139.318746 75.706602 186.784506 116.659214
198.406104 177.962034 238.175421 51.306569 215.201389 104.756082 174.352452 152.659297 139.454670 75.800978 186.466722 116.580865
198.408225 177.915583 237.972134 51.308883 215.060867 104.806815 174.383648 152.565305 139.517421 75.855457 186.144763 116.501485
198.408982 177.899000 237.657920 51.302813 214.919969 104.857683 174.387628 152.462469 139.597011 75.924555 185.826009 116.422896
198.409333 177.891308 237.428327 51.293082 214.760447 104.915276 174.422102 152.384665 139.691023 76.006176 185.481151 116.337773
198.409502 177.887612 237.187343 51.282868 214.716767 105.073136 174.461842 152.294975 139.789265 76.091467 185.161429 116.261519
198.409552 177.886513 236.932172 51.272053 214.840215 105.179270 174.506646 152.193856 139.900345 76.159817 184.840115 116.187631
198.409575 177.886013 236.706974 51.262508 214.943264 105.267868 174.539055 152.120715 140.027798 76.202469 184.519289 116.113855
198.409575 177.886013 236.515346 51.254387 215.045631 105.355880 174.561403 152.070898 140.159138 76.246422 184.197877 116.039945
198.409575 177.886013 236.366280 51.248069 215.147164 105.443174 174.627956 151.921078 140.287540 76.289391 183.879000 115.966617
198.409575 177.886013 236.205631 51.241130 215.251828 105.532548 174.664689 151.836729 140.409682 76.330265 183.537208 115.886761
198.409575 177.886013 236.001112 51.228880 215.351821 105.615466 174.706413 151.740920 140.532431 76.386338 183.217819 115.811660
198.409575 177.886013 235.864621 51.221321 215.450967 105.697683 174.756881 151.625032 140.627338 76.475179 182.898721 115.736628
198.409575 177.886013 235.640092 51.241478 215.547418 105.777665 174.809121 151.468814 140.727501 76.568940 182.578456 115.661322
198.409575 177.886013 235.531685 51.234997 215.624549 105.841625 174.829146 151.332250 140.824306 76.659558 182.258775 115.586153
198.409575 177.886013 235.457917 51.230587 215.687824 105.894096 174.820273 151.164124 140.924469 76.753319 181.936173 115.510297
198.409575 177.886013 235.413899 51.194836 215.751945 105.947268 174.808850 151.034828 141.025508 76.847900 181.616500 115.433811
198.409575 177.886013 235.387347 51.193248 215.811987 105.997058 174.791273 150.906199 141.122043 76.940823 181.293273 115.354144
198.409575 177.886013 235.298839 51.070328 215.866717 106.042443 174.761523 150.776056 141.221149 77.038001 180.973251 115.275267
198.409575 177.886013 235.257661 51.016214 215.925065 106.090828 174.756443 150.773597 141.313187 77.128247 180.654878 115.196796
198.409575 177.886013 235.215190 50.944322 215.964862 106.123830 174.681774 150.659441 141.407366 77.220593 180.335244 115.118015
198.409575 177.886013 235.184065 50.855303 216.006353 106.158235 174.580838 150.578971 141.504116 77.315460 180.015455 115.038665
198.409575 177.886013 235.159709 50.746188 216.048613 106.193280 174.395033 150.548677 141.602936 77.412357 179.701118 114.942564
198.409575 177.886013 235.152921 50.646103 216.072475 106.213068 174.261683 150.666848 141.696330 77.503934 179.387927 114.846814
198.409575 177.886013 235.157531 50.570043 216.162138 106.285725 174.206768 150.788675 141.791366 77.597120 179.069764 114.749543
198.409575 177.886013 235.160307 50.524227 216.213144 106.326657 174.202612 150.919451 141.879548 77.683586 178.760932 114.641745
198.409575 177.886013 235.175156 50.427792 216.277956 106.378668 174.252775 151.040528 141.945166 77.747927 178.451299 114.528478
198.409575 177.886013 235.195074 50.351241 216.357742 106.442695 174.364925 151.134536 141.986222 77.788184 178.143984 114.411315
198.409575 177.886013 235.220053 50.255238 216.447666 106.514859 174.455275 151.155331 141.999432 77.801137 177.837552 114.293222
198.409575 177.886013 235.249440 50.142298 216.530728 106.581516 174.508503 151.166071 142.007714 77.809258 177.531680 114.175344
198.409575 177.886013 235.283132 50.012810 216.597411 106.635028 174.540898 151.176147 142.011641 77.813109 177.226928 114.057897
198.409575 177.886013 235.320903 49.867643 216.666980 106.690857 174.623348 151.198153 142.014712 77.816119 176.923823 113.928902
198.409575 177.886013 235.362930 49.706121 216.715101 106.729474 174.689451 151.207062 142.014997 77.816399 176.628996 113.785392
198.409575 177.886013 235.408457 49.531147 216.742554 106.751505 174.767743 151.217614 142.015069 77.816469 176.330392 113.640043
198.409575 177.886013 235.449276 49.374271 216.706559 106.907350 174.865386 151.231316 142.015069 77.816469 176.036864 113.493338
198.409575 177.886013 235.482590 49.246234 216.678905 106.974152 174.983699 151.248112 142.015069 77.816469 175.749108 113.338436
198.409575 177.886013 235.509962 49.141036 216.645782 107.054167 175.115379 151.266805 142.015069 77.816469 175.459503 113.182539
198.409575 177.886013 235.533506 49.050549 216.578492 107.217611 175.264979 151.288042 142.015069 77.816469 175.171746 113.027638
198.409575 177.886013 235.551586 48.981063 216.530301 107.337595 175.434858 151.309247 142.015069 77.816469 174.885905 112.866738
198.409575 177.886013 235.564227 48.932481 216.476222 107.472240 175.615797 151.331484 141.994240 77.925137 174.606675 112.686774
198.409575 177.886013 235.579548 48.829049 216.416999 107.619692 175.808452 151.355123 141.958188 77.957280 174.330554 112.508815
198.409575 177.886013 235.584035 48.740263 216.350944 107.783146 176.015293 151.380561 141.908328 78.001735 174.050819 112.328526
198.409575 177.886013 235.589381 48.634497 216.275030 107.962871 176.227824 151.407250 141.854821 78.066438 173.773605 112.149862
198.409575 177.886013 235.595801 48.507460 216.195187 108.151900 176.441986 151.436783 141.792765 78.142416 173.495047 111.970332
198.409575 177.886013 235.603104 48.362944 216.111491 108.350049 176.657370 151.468453 141.672931 78.327978 173.230893 111.773249
198.410109 177.874326 235.611437 48.198054 216.023126 108.559253 176.876316 151.500646 141.615357 78.444310 172.971975 111.566879
198.411299 177.848253 235.620720 48.014389 215.929041 108.781998 177.089820 151.532039 141.555213 78.573081 172.712430 111.360011
198.377802 177.777885 235.630633 47.818239 215.830777 109.021182 177.307282 151.564014 141.496407 78.716276 172.454685 111.154577
198.319745 177.775657 235.641469 47.603813 215.754316 109.270522 177.524843 151.596004 141.435630 78.879129 172.197742 110.942738
198.240703 177.772624 235.652987 47.375904 215.686710 109.490989 177.739930 151.627629 141.352258 79.166924 171.950572 110.724996
198.144074 177.768917 235.665086 47.136509 215.630303 109.674934 177.987077 151.653713 141.318004 79.368738 171.729045 110.485900
198.031557 177.764599 235.677987 46.881235 215.582925 109.829433 178.201417 151.671790 141.281039 79.586523 171.488046 110.273559
197.904950 177.759741 235.691559 46.612678 215.540972 109.966245 178.417151 151.689985 141.258127 79.799112 171.242329 110.050265
197.760357 177.754193 235.705823 46.330438 215.508693 110.071507 178.637876 151.712247 141.243583 80.016636 170.984711 109.800198
197.597277 177.747935 235.720844 46.033217 215.485503 110.147131 178.853614 151.740649 141.256596 80.234748 170.748964 109.566005
197.422006 177.741210 235.736309 45.727208 215.466505 110.209084 179.073913 151.769651 141.264025 80.455397 170.524705 109.327664
197.233145 177.733963 235.752243 45.411910 215.453547 110.251342 179.287768 151.797805 141.288114 80.767245 170.306089 109.083141
197.027796 177.726084 235.768561 45.089022 215.442963 110.285856 179.502019 151.826012 141.311144 80.980002 170.085207 108.836084
196.811355 177.717779 235.785197 44.759842 215.436924 110.305550 179.722021 151.854975 141.334292 81.193853 169.869498 108.590364
196.594413 177.697280 235.801884 44.429664 215.433405 110.317023 179.937462 151.883338 141.357806 81.411084 169.658727 108.339963
196.378807 177.673620 235.818495 44.100983 215.431441 110.323429 180.150325 151.911361 141.376989 81.629734 169.446732 108.088108
196.162694 177.655933 235.835292 43.768607 215.430122 110.327731 180.363882 151.939476 141.414555 81.843615 169.235405 107.835580
195.947570 177.634469 235.851833 43.436721 215.424581 110.345800 180.578729 151.967760 141.452671 82.059882 169.031583 107.577193
195.729190 177.606256 235.864762 43.109676 215.417017 110.370467 180.792683 151.995927 141.490074 82.272111 168.825966 107.316530
195.515142 177.574437 235.859063 42.781677 215.405026 110.409570 181.005348 152.023925 141.543396 82.484229 168.621254 107.055544
195.301490 177.542676 235.851583 42.454362 215.394032 110.445422 181.217120 152.051805 141.639662 82.678014 168.419891 106.791203
195.089644 177.508687 235.844095 42.126648 215.383243 110.480605 181.430083 152.079841 141.779856 82.846896 168.214047 106.530145
194.686422 177.417614 235.836597 41.798533 215.371105 110.520185 181.647011 152.108400 141.953290 82.975825 168.004700 106.274273
194.470316 177.366799 235.823143 41.466434 215.352902 110.612985 181.865654 152.141897 142.143770 83.083689 167.794784 106.017705
194.263166 177.318090 235.806516 41.135552 215.346614 110.668430 182.079379 152.175176 142.305267 83.229040 167.587700 105.764600
193.988667 177.240204 235.789814 40.803171 215.339290 110.733016 182.294545 152.215001 142.420709 83.409157 167.358522 105.490352
193.845019 177.197713 235.773292 40.474386 215.330601 110.809625 182.503331 152.259135 142.454214 83.621073 167.145171 105.237286
193.730236 177.163761 235.754697 40.146222 215.320437 110.899250 182.714662 152.303807 142.446374 83.835967 166.932786 104.985367
193.648919 177.139707 235.733284 39.819723 215.310802 110.984206 182.960630 152.338579 142.415968 84.055875 166.718920 104.731690
193.585150 177.120845 235.711741 39.491229 215.299533 111.083569 183.172153 152.382329 142.374740 84.272548 166.504408 104.477248
193.554080 177.111654 235.687612 39.163093 215.287802 111.187006 183.382903 152.434176 142.333538 84.482433 166.290670 104.223724
193.526367 177.103457 235.643783 38.837429 215.275012 111.299783 183.589103 152.493990 142.309011 84.694519 166.079510 103.973258
193.517545 177.100848 235.599755 38.510279 215.260261 111.429849 183.793833 152.564911 142.307288 84.908738 165.870329 103.720620
193.512079 177.099231 235.555459 38.181146 215.244384 111.569851 183.998726 152.637285 142.417341 85.082458 165.659503 103.465058
193.495778 177.094409 235.514037 37.856883 215.227954 111.714723 184.201640 152.708959 142.626627 85.141708 165.449313 103.210267
193.466530 177.085757 235.464850 37.534293 215.209969 111.873306 184.410098 152.785484 142.841448 85.138307 165.239378 102.955785
193.395660 176.977718 235.401965 37.213703 215.190755 112.042720 184.613823 152.864743 143.056975 85.143918 165.029633 102.701535
193.415798 176.910782 235.339080 36.893112 215.169378 112.231212 184.817641 152.944039 143.277870 85.159972 164.822789 102.442753
193.439537 176.831875 235.275483 36.568891 215.145763 112.424271 185.022063 153.023156 143.492636 85.184059 164.616305 102.182264
193.468663 176.735062 235.211882 36.257244 215.120401 112.627797 185.222290 153.098973 143.712025 85.213835 164.387215 101.946426
193.501160 176.627044 235.148418 35.980939 215.093717 112.841941 185.426070 153.176135 143.923507 85.247179 164.180358 101.685467
193.539534 176.499492 235.087483 35.715647 215.065449 113.068786 185.630879 153.253686 144.140639 85.281957 163.977229 101.429210
193.581596 176.359682 235.035884 35.490997 215.035313 113.310616 185.834286 153.330707 144.356622 85.319376 163.772338 101.169124
193.628411 176.204071 235.005075 35.255676 215.003255 113.567826 186.064246 153.422907 144.569636 85.361437 163.570020 100.909685
193.678568 176.037353 234.928677 35.054921 214.969823 113.836554 186.265545 153.510172 144.762577 85.455537 163.365858 100.647880
193.733767 175.853876 234.852635 34.855101 214.968005 114.113464 186.467394 153.597676 144.904717 85.617696 163.160897 100.385050
193.792134 175.659866 234.776131 34.654066 214.929123 114.381863 186.667408 153.684384 144.944302 85.825749 162.956304 100.122693
193.855400 175.449576 234.689713 34.461413 214.890356 114.649469 186.864303 153.769739 144.919527 86.043425 162.752265 99.861046
193.916591 175.246182 234.519697 34.319752 214.851646 114.916680 187.066611 153.857442 144.872386 86.260465 162.548718 99.600029
193.979222 175.037999 234.340614 34.199791 214.812448 115.187255 187.268595 153.936679 144.827357 86.469569 162.344863 99.338619
194.041969 174.829433 234.135855 34.141286 214.772892 115.460305 187.469627 154.013753 144.784585 86.680068 162.141193 99.077445
194.101102 174.625122 233.924256 34.150365 214.732983 115.733607 187.682821 154.095792 144.740579 86.896642 161.937276 98.815955
194.159425 174.421095 233.726178 34.224984 214.693912 116.000866 187.887321 154.176089 144.697986 87.106259 161.733176 98.554229
194.218463 174.214567 233.575088 34.376360 214.654356 116.271490 188.088657 154.255144 144.654119 87.322147 161.531350 98.295421
194.278683 174.003905 233.518418 34.584215 214.619736 116.548255 188.291854 154.334929 144.609973 87.539407 161.328172 98.034878
194.329902 173.812232 233.522617 34.798086 214.588005 116.820512 188.496634 154.415337 144.566863 87.751572 161.124317 97.773467
194.373615 173.649508 233.608131 34.995673 214.556344 117.092173 188.697969 154.494391 144.515243 87.965275 160.919725 97.511110
194.415390 173.513478 233.750380 35.126757 214.524544 117.365026 188.925719 154.583329 144.463492 88.173910 160.716178 97.250094
194.444688 173.418076 233.895721 35.211881 214.492397 117.640859 189.132916 154.662476 144.423906 88.388184 160.513307 96.989945
194.480092 173.286734 234.023119 35.279860 214.460284 117.916394 189.332361 154.738662 144.384792 88.599901 160.309022 96.727982
194.494298 173.233393 234.123607 35.333481 214.425949 118.189826 189.539278 154.817703 144.351016 88.812361 160.105720 96.467281
194.503023 173.200635 234.201951 35.375286 214.387232 118.460167 189.779279 154.881528 144.322516 89.028793 159.901028 96.211503
194.510563 173.172322 234.260004 35.406263 214.348713 118.729123 189.994595 154.914141 144.300633 89.242287 159.694506 95.953603
194.512571 173.164785 234.307469 35.431591 214.309458 119.003226 190.203671 154.957622 144.291771 89.455803 159.486484 95.693828
194.513986 173.159470 234.344435 35.451316 214.270102 119.278023 190.414206 155.004078 144.282573 89.677412 159.280274 95.436318
194.514449 173.157731 234.433093 35.438054 214.231215 119.549552 190.628329 155.053636 144.273404 89.898322 159.080009 95.175299
194.514604 173.157151 234.445590 35.438356 214.195662 119.820518 190.837533 155.105346 144.264276 90.118232 158.888045 94.908354
194.514604 173.157151 234.471982 35.438995 214.162097 120.091648 191.052950 155.158592 144.255087 90.339642 158.695205 94.640193
194.514604 173.157151 234.489509 35.436549 214.128531 120.362778 191.264193 155.210806 144.255293 90.553223 158.501664 94.371056
194.514604 173.157151 234.506341 35.434165 214.094799 120.635500 191.474889 155.255514 144.261695 90.745018 158.308007 94.101758
194.514604 173.157151 234.519114 35.432357 214.064493 120.903690 191.693210 155.261123 144.279083 90.907792 158.114058 93.832054
194.514604 173.157151 234.527827 35.431123 214.033948 121.179504 191.911412 155.264868 144.293358 91.041432 157.921918 93.564866
194.514604 173.157151 234.539510 35.429468 214.003481 121.454622 192.126669 155.252710 144.306136 91.161051 157.751446 93.275068
194.514604 173.157151 234.548025 35.428262 213.967082 121.722069 192.348316 155.240190 144.329758 91.256527 157.557915 93.010496
194.518619 173.142077 234.564461 35.425935 213.914449 121.990321 192.600421 155.224638 144.340145 91.312165 157.363499 92.744713
194.522402 173.127872 234.597333 35.421280 213.850693 122.252752 192.814665 155.209190 144.345935 91.342620 157.166839 92.475863
194.526159 173.113764 234.644768 35.402242 213.767267 122.515946 193.027812 155.193821 144.415405 91.379179 156.973308 92.211290
194.529325 173.101878 234.751129 35.303363 213.681816 122.772673 193.247940 155.177948 144.489266 91.392640 156.780485 91.947686
194.491978 173.020693 234.760724 35.283566 213.578928 123.026083 193.465675 155.162249 144.573478 91.368879 156.582377 91.685604
194.461537 173.024673 234.779696 35.244421 213.464837 123.275608 193.682457 155.131162 144.640463 91.349978 156.378509 91.429934
194.461537 173.024673 234.793958 35.214995 213.342510 123.517989 193.901514 155.093920 144.689257 91.336210 156.174393 91.173951
194.461537 173.024673 234.805908 35.190338 213.220086 123.758690 194.106733 155.024201 144.775353 91.267872 155.970525 90.918282
194.461537 173.024673 234.815634 35.170271 213.067563 123.981968 194.313366 154.943605 144.869409 91.073103 155.763104 90.658155
194.461537 173.024673 234.823921 35.153173 212.912122 124.207463 194.505947 154.844467 144.869900 90.976401 155.555932 90.398341
194.461537 173.024673 234.833385 35.133646 212.747151 124.430105 194.697282 154.745970 144.903071 90.862847 155.350195 90.140326
194.461537 173.024673 234.841977 35.115918 212.578937 124.645022 194.872136 154.616307 144.968757 90.742873 155.140859 89.885546
194.461537 173.024673 234.850089 35.099180 212.400767 124.850677 195.044313 154.486876 145.062601 90.646299 154.916330 89.644661
194.461537 173.024673 234.859553 35.079653 212.223252 125.055576 195.203050 154.339779 145.167528 90.566871 154.689961 89.401802
194.461537 173.024673 234.869279 35.059586 212.043970 125.262516 195.358735 154.187896 145.317150 90.526144 154.488060 89.139847
194.461537 173.024673 234.878264 35.041048 211.865865 125.468096 195.503635 154.028785 145.414558 90.523651 154.255483 88.908989
194.461537 173.024673 234.897018 35.002353 211.693549 125.681511 195.650621 153.865807 145.476455 90.524339 154.022126 88.677356
194.461537 173.024673 234.924320 34.946021 211.525023 125.899707 195.806750 153.670278 145.526039 90.535667 153.787186 88.449481
194.442387 173.026224 234.962678 34.869502 211.355397 126.119327 195.914694 153.477662 145.544933 90.540490 153.549657 88.219676
194.406003 173.014586 235.039525 34.791989 211.190171 126.333249 196.021856 153.286443 145.544933 90.540490 153.314572 87.992235
194.353523 172.997798 235.081877 34.709417 211.026054 126.551264 196.128725 153.095747 145.544933 90.540490 153.079702 87.765003
194.287042 172.976531 235.109625 34.655318 210.862650 126.772576 196.233443 152.908889 145.544933 90.540490 152.841885 87.534921
194.202929 172.952086 235.127971 34.619549 210.700415 126.990522 196.340360 152.718105 145.544933 90.540490 152.588501 87.322422
194.104610 172.924189 235.146546 34.583334 210.535851 127.211597 196.447376 152.527147 145.544933 90.540490 152.331373 87.110666
194.006099 172.896238 235.170825 34.535998 210.371824 127.431949 196.553266 152.338196 145.544933 90.540490 152.074862 86.899418
193.918459 172.871371 235.202361 34.474513 210.207320 127.652944 196.658717 152.150029 145.544933 90.540490 151.821748 86.690968
193.855224 172.847227 235.236954 34.407068 210.042397 127.874500 196.751721 151.953652 145.544933 90.540490 151.567630 86.481691
193.827793 172.824222 235.256442 34.369074 209.878311 128.094933 196.828173 151.750176 145.544933 90.540490 151.307897 86.280863
193.813100 172.811900 235.274834 34.333215 209.714762 128.314644 196.880708 151.539051 145.544933 90.540490 151.038143 86.095327
193.813100 172.811900 235.293226 34.297357 209.552527 128.532590 196.930921 151.326634 145.544933 90.540490 150.765341 85.907694
193.813100 172.811900 235.305137 34.274134 209.389933 128.751018 196.975287 151.110337 145.544933 90.540490 150.518080 85.737628
193.813100 172.811900 235.317642 34.249754 209.228355 128.968082 197.019047 150.900146 145.544933 90.540490 150.308885 85.593744
193.813100 172.811900 235.365041 34.179987 209.066418 129.185627 197.063864 150.691300 145.544933 90.540490 150.129187 85.470148
193.643482 172.775367 235.383442 34.148928 208.904720 129.402851 197.110128 150.475708 145.544933 90.540490 149.889482 85.367581
193.599807 172.777239 235.543059 34.092665 208.739021 129.625450 197.156398 150.261143 145.544933 90.540490 149.696156 85.270349
193.545003 172.760172 235.570351 34.105828 208.575532 129.845081 197.206087 150.052375 145.544933 90.540490 149.505153 85.174285
193.473299 172.737843 235.593679 34.117080 208.414348 130.064608 197.256170 149.841953 145.544933 90.540490 149.313882 85.078087
193.381832 172.709359 235.608360 34.124161 208.267956 130.291595 197.306414 149.630850 145.544933 90.540490 149.117786 84.979462
193.261000 172.671491 235.625924 34.132633 208.121563 130.518582 197.360645 149.417035 145.544933 90.540490 148.926873 84.883443
193.135730 172.633517 235.651954 34.145188 207.973273 130.748511 197.416299 149.205949 145.544933 90.540490 148.646148 84.734195
192.999837 172.592322 235.675733 34.156657 207.824224 130.979616 197.472521 148.992633 145.544933 90.540490 148.451604 84.628296
192.849588 172.546776 235.680417 34.158916 207.677886 131.206519 197.526845 148.783576 145.544933 90.540490 148.258560 84.530756
192.688239 172.497866 235.683029 34.160176 207.530697 131.438694 197.580994 148.575197 145.544933 90.540490 148.061082 84.431989
192.510716 172.444053 235.776155 34.213693 207.385404 131.668045 197.641639 148.364159 145.544933 90.540490 147.863604 84.333222
192.318742 172.385859 235.808548 34.238334 207.256111 131.872138 197.718179 148.160361 145.544933 90.540490 147.669613 84.236199
192.114662 172.323824 235.859008 34.276718 207.142605 132.051311 197.803340 147.960336 145.549875 90.541752 147.474908 84.138819
191.944783 172.271686 235.921406 34.324184 207.049382 132.198467 197.889911 147.756997 145.553944 90.542791 147.280381 84.041527
191.811232 172.230697 236.001553 34.385151 206.967504 132.327715 197.975425 147.556143 145.555591 90.543211 147.083797 83.943208
191.639205 172.178612 236.097856 34.458409 206.899486 132.435084 198.060194 147.357038 145.555591 90.543211 146.854173 83.835657
191.572799 172.158794 236.209839 34.543593 206.846506 132.518714 198.146452 147.154436 145.555591 90.543211 146.658061 83.747294
191.543630 172.133821 236.335670 34.639312 206.806465 132.582368 198.234122 146.954644 145.555591 90.543211 146.461766 83.658849
191.345907 172.073500 236.442702 34.775375 206.776836 132.629534 198.324604 146.757298 145.555591 90.543211 146.264259 83.577723
191.273174 172.100201 236.530300 34.943639 206.756729 132.661543 198.415377 146.559315 145.555591 90.543211 146.062122 83.499900
191.200010 172.081973 236.545576 35.145384 206.749070 132.673736 198.505317 146.363151 145.555591 90.543211 145.855879 83.420497
191.152076 172.070031 236.524698 35.357167 206.741782 132.685337 198.594840 146.167896 145.555591 90.543211 145.654769 83.343070
191.028821 172.040607 236.468089 35.565212 206.738112 132.691180 198.684988 145.971277 145.555591 90.543211 145.450486 83.264421
190.941940 172.014217 236.310907 35.717277 206.733218 132.698971 198.774553 145.775931 145.555591 90.543211 145.248256 83.186562
190.836497 171.982189 236.141088 35.831129 206.731197 132.702188 198.867130 145.575255 145.555591 90.543211 145.048639 83.109710
190.710387 171.943883 235.988890 35.913378 206.725346 132.711503 198.960058 145.373971 145.555591 90.543211 144.804672 83.054013
190.582267 171.904967 235.864939 35.991187 206.719548 132.720733 199.053195 145.172233 145.555591 90.543211 144.591840 83.048044
190.459313 171.867620 235.761232 36.064146 206.713803 132.729878 199.145788 144.971676 145.555591 90.543211 144.386891 83.114900
190.335785 171.806381 235.681780 36.137075 206.702207 132.748339 199.236636 144.778144 145.555591 90.543211 144.236558 83.265212
189.893257 171.717245 235.622782 36.214574 206.694920 132.759940 199.332239 144.579337 145.555591 90.543211 144.168167 83.469482
189.762904 171.685541 235.560271 36.296687 206.676143 132.789831 199.427712 144.380800 145.555591 90.543211 144.170606 83.682901
189.629149 171.648460 235.540257 36.372181 206.661142 132.813711 199.521452 144.185867 145.555591 90.543211 144.228160 83.892447
189.507247 171.614665 235.522772 36.439859 206.649440 132.832340 199.604270 144.013646 145.555591 90.543211 144.339294 84.077431
189.420229 171.590541 235.508189 36.496306 206.637152 132.851901 199.670145 143.880595 145.555591 90.543211 144.449295 84.260528
189.363855 171.574912 235.497102 36.551369 206.625769 132.870022 199.722857 143.784162 145.555591 90.543211 144.573524 84.442368
189.336006 171.567192 235.497791 36.590163 206.611035 132.893478 199.759550 143.717035 145.555591 90.543211 144.703144 84.615653
189.325791 171.564360 235.498494 36.629757 206.593109 132.922015 199.778255 143.682814 145.555591 90.543211 144.835816 84.789692
189.319142 171.562517 235.499457 36.684048 206.583002 132.938104 199.792774 143.658300 145.555591 90.543211 145.006499 84.918325
189.314227 171.561154 235.500418 36.738140 206.569587 132.957495 199.797912 143.649954 145.555591 90.543211 145.222339 84.952398
189.312396 171.560646 235.509688 36.843827 206.559793 132.970525 199.798437 143.649103 145.555591 90.543211 145.415718 84.867997
189.312107 171.560566 235.526192 36.935351 206.549278 132.984514 199.798489 143.649018 145.555591 90.543211 145.535965 84.695098
189.311818 171.560486 235.544808 37.038586 206.545192 132.989949 199.798489 143.649018 145.555591 90.543211 145.561108 84.479052
189.311818 171.560486 235.566156 37.156977 206.540025 132.996824 199.798489 143.649018 145.555591 90.543211 145.570123 84.234519
189.311818 171.560486 235.591089 37.295247 206.536419 133.001620 199.798489 143.649018 145.555591 90.543211 145.574130 84.012555
189.311818 171.560486 235.618933 37.449656 206.532394 133.006976 199.798489 143.649018 145.555591 90.543211 145.578122 83.791391
189.311818 171.560486 235.650219 37.623158 206.523741 133.018486 199.798489 143.649018 145.555591 90.543211 145.588475 83.576658
189.311818 171.560486 235.685779 37.806131 206.515510 133.029437 199.823661 143.600617 145.555591 90.543211 145.599933 83.362464
189.311818 171.560486 235.723967 37.999904 206.510943 133.035513 199.839933 143.567165 145.555591 90.543211 145.611759 83.141380
189.311818 171.560486 235.760252 38.205727 206.504153 133.044545 199.863204 143.519325 145.555591 90.543211 145.623206 82.927386
189.311818 171.560486 235.787624 38.423312 206.495681 133.055816 199.892206 143.459704 145.555591 90.543211 145.634457 82.708877
189.311818 171.560486 235.816844 38.655581 206.488231 133.065728 199.928031 143.386055 145.555591 90.543211 145.644361 82.494305
189.311818 171.560486 235.847849 38.902038 206.477716 133.079717 199.970987 143.297749 145.555591 90.543211 145.668155 82.243852
189.311818 171.560486 235.880290 39.159906 206.465038 133.096583 200.022166 143.192536 145.557917 90.543805 145.689957 82.026242
189.311818 171.560486 235.907583 39.428507 206.442686 133.126319 200.078375 143.076982 145.558304 90.543904 145.711920 81.807039
189.311818 171.560486 235.935108 39.712878 206.415527 133.162450 200.140227 142.949827 145.558304 90.543904 145.733892 81.587737
189.311818 171.560486 235.963944 40.010786 206.391312 133.194664 200.210478 142.805407 145.558304 90.543904 145.755614 81.370922
189.311818 171.560486 235.992765 40.318817 206.362772 133.232634 200.285322 142.651545 145.558304 90.543904 145.781298 81.151762
189.311818 171.560486 235.974395 40.644514 206.335373 133.269085 200.367996 142.481586 145.558304 90.543904 145.811677 80.932860
189.311818 171.560486 235.989149 40.971982 206.307373 133.306335 200.461515 142.302124 145.558304 90.543904 145.836036 80.757342
189.193278 171.525935 236.003889 41.299150 206.271622 133.353896 200.565245 142.108681 145.558304 90.543904 145.855419 80.617680
189.150379 171.513024 236.018769 41.629415 206.233407 133.404735 200.676395 141.901401 145.580590 90.549592 145.869591 80.515559
189.093116 171.495791 236.024732 41.961531 206.201982 133.446542 200.792695 141.684515 145.609822 90.558659 145.878623 80.450483
189.021393 171.474206 236.028354 42.288711 206.179330 133.476677 200.916793 141.453088 145.617761 90.563503 145.883090 80.418291
188.928125 171.446137 236.032025 42.620290 206.158841 133.503935 201.048499 141.207472 145.623822 90.567201 145.860208 80.333725
188.816281 171.412478 236.035707 42.952870 206.129819 133.542544 201.188404 140.957113 145.625017 90.567930 145.867805 80.260921
188.693424 171.375504 236.032714 43.282605 206.111674 133.566685 201.335818 140.693765 145.625358 90.568139 145.876939 80.173396
188.567311 171.337550 236.019575 43.615218 206.095931 133.587628 201.487823 140.422214 145.625529 90.568243 145.887288 80.070215
188.441294 171.299626 236.002833 43.946095 206.090764 133.594503 201.644761 140.141850 145.625529 90.568243 145.898407 79.948221
188.319493 171.257833 235.986102 44.276772 206.089382 133.596341 201.812140 139.851808 145.625529 90.568243 145.911006 79.809994
188.092880 171.198692 235.969289 44.609047 206.089141 133.596661 201.988492 139.554822 145.625529 90.568243 145.919268 79.659876
187.968575 171.158634 235.952567 44.939524 206.088961 133.596901 202.170154 139.248892 145.625529 90.568243 145.918891 79.493676
187.845698 171.119035 235.936037 45.266206 206.088961 133.596901 202.356819 138.934537 145.625529 90.568243 145.918478 79.311977
187.714909 171.076929 235.919361 45.595784 206.088961 133.596901 202.548437 138.611841 145.625529 90.568243 145.914776 78.663899
187.584023 171.034795 235.902604 45.926961 206.084154 133.603295 202.751197 138.286751 145.625529 90.568243 145.923532 78.453281
187.363500 170.965985 235.885847 46.258137 206.080669 133.607932 202.963621 137.957058 145.625529 90.568243 145.932869 78.228675
187.237244 170.929220 235.869161 46.587915 206.079408 133.609610 203.181786 137.618456 145.625529 90.568243 145.942824 77.989182
187.107628 170.891477 235.852545 46.916295 206.074360 133.616325 203.403742 137.273968 145.625529 90.568243 145.953482 77.732803
186.980027 170.854320 235.835950 47.244275 206.057476 133.638787 203.630735 136.921663 145.625529 90.568243 145.964733 77.462137
186.849547 170.816325 235.819162 47.576051 206.010057 133.707770 203.845867 136.587768 145.625529 90.568243 145.976516 77.181585
186.722240 170.779235 235.802552 47.904331 205.975951 133.763690 204.039334 136.287497 145.625529 90.568243 145.993631 76.888785
186.590046 170.740685 235.785719 48.237005 205.935025 133.830794 204.222835 136.002694 145.625529 90.568243 146.011458 76.583806
186.462844 170.703591 235.768942 48.568581 205.886444 133.910448 204.390413 135.742606 145.625529 90.568243 146.029893 76.268444
186.332267 170.665570 235.752139 48.900656 205.829271 134.004189 204.536650 135.515638 145.625529 90.568243 146.048974 75.942001
186.201013 170.627370 235.755670 49.477003 205.765278 134.109114 204.734659 135.275544 145.625529 90.568243 146.068471 75.608471
186.072448 170.589952 235.738869 49.805674 205.691837 134.229595 204.867728 135.032829 145.625529 90.568243 146.088527 75.265356
185.939769 170.556725 235.722109 50.133546 205.610500 134.363064 205.002588 134.792614 145.625529 90.568243 146.102109 74.914040
185.812791 170.526180 235.705686 50.454827 205.522451 134.507549 205.141424 134.557006 145.625529 90.568243 146.113863 74.554232
185.687661 170.496080 235.691632 50.729768 205.425328 134.666881 205.287567 134.323462 145.625529 90.568243 146.125904 74.185628
185.469752 170.432514 235.679257 51.001466 205.318163 134.838937 205.433763 134.089834 145.625529 90.568243 146.138176 73.809929
185.345593 170.386821 235.665940 51.272740 205.202275 135.024997 205.580039 133.856139 145.625529 90.568243 146.150821 73.422835
185.131691 170.315745 235.652505 51.543606 205.079197 135.222602 205.727005 133.590297 145.625529 90.568243 146.163793 73.025747
185.001311 170.277761 235.636091 51.820520 204.950937 135.428525 205.872180 133.358508 145.625529 90.568243 146.177084 72.618864
184.870740 170.239721 235.619777 52.095737 204.817444 135.642851 206.015411 133.127042 145.625529 90.568243 146.190683 72.202586
184.745641 170.203275 235.603800 52.365264 204.678240 135.866344 206.157106 132.896388 145.625529 90.568243 146.209942 71.777324
184.616701 170.165710 235.587794 52.635290 204.531054 136.102655 206.300213 132.663434 145.625529 90.568243 146.229916 71.344785
184.484786 170.127278 235.571551 52.909309 204.378898 136.346944 206.444787 132.428094 145.625529 90.568243 146.250181 70.905953
184.264155 170.060901 235.555509 53.179934 204.219763 136.602438 206.589831 132.191986 145.625529 90.568243 146.270742 70.460727
184.141569 170.022036 235.539509 53.449860 204.055923 136.865487 206.731839 131.960821 145.625529 90.568243 146.291593 70.009208
184.018315 169.982959 235.507197 53.716860 203.885632 137.138890 206.877237 131.725994 145.625529 90.568243 146.313033 69.550309
183.888961 169.941948 235.490880 53.988370 203.708945 137.422565 207.022052 131.495749 145.625529 90.568243 146.330395 69.085448
183.708676 169.901613 235.474527 54.260479 203.527288 137.714218 207.167932 131.263811 145.625529 90.568243 146.361772 68.613799
183.562359 169.859343 235.458108 54.533686 203.341349 138.012747 207.312640 131.033736 145.625529 90.568243 146.394082 68.135289
183.400959 169.812716 235.441551 54.809189 203.151392 138.317727 207.459851 130.799682 145.625529 90.568243 146.426709 67.652089
183.236293 169.765145 235.424958 55.085291 202.957733 138.628649 207.604133 130.570283 145.625529 90.568243 146.445083 67.160858
183.108134 169.728121 235.408755 55.354904 202.761550 138.948588 207.751131 130.336568 145.625529 90.568243 146.455236 66.661961
183.018884 169.702337 235.392558 55.624418 202.562034 139.274580 207.897007 130.101011 145.625529 90.568243 146.465535 66.155866
182.962671 169.686138 235.376103 55.898224 202.358447 139.607224 208.032717 129.865169 145.625529 90.568243 146.461015 65.644916
182.891031 169.703622 235.359474 56.174925 202.151153 139.945923 208.181165 129.602675 145.625529 90.568243 146.433539 65.127545
182.795001 169.786754 235.346115 56.450699 201.940946 140.294528 208.315148 129.363668 145.625529 90.568243 146.381497 64.606203
182.724303 169.787281 235.334526 56.721449 201.745518 140.631106 208.449131 129.124660 145.625529 90.568243 146.329102 64.081222
182.652205 169.787818 235.323423 56.996726 201.557270 140.955317 208.584336 128.883472 145.625529 90.568243 146.282325 63.573372
182.573307 169.788406 235.312528 57.266806 201.370377 141.277193 208.718612 128.643941 145.625529 90.568243 146.239509 63.108239
182.500009 169.788952 235.301618 57.537286 201.186826 141.611934 208.852937 128.404323 145.625529 90.568243 146.205337 62.685919
182.426111 169.789503 235.290579 57.810963 201.001944 141.955554 208.985404 128.168019 145.625529 90.568243 146.174762 62.308054
182.344813 169.790108 235.279471 58.086340 200.812798 142.307100 209.119827 127.928227 145.625529 90.568243 146.148699 61.968657
182.272815 169.790645 235.268391 58.361016 200.622467 142.660847 209.252001 127.692447 145.625529 90.568243 146.128094 61.676884
182.200117 169.791186 235.257425 58.632895 200.430949 143.024362 209.384076 127.456841 145.625529 90.568243 146.110377 61.426009
182.127419 169.791728 235.246442 58.905174 200.242039 143.394205 209.518010 127.217921 145.625529 90.568243 146.095217 61.211343
182.050421 169.792302 235.235515 59.176053 200.057521 143.766487 209.649128 126.976885 145.625529 90.568243 146.086913 60.969022
181.976023 169.792856 235.224516 59.448732 199.871583 144.141635 209.777196 126.738283 145.625529 90.568243 146.035175 60.761679
181.895026 169.793459 235.213473 59.722509 199.690332 144.515916 209.906447 126.497478 145.625529 90.568243 146.010094 60.549090
181.812428 169.794075 235.202365 59.997885 199.514672 144.900168 210.034516 126.258875 145.625529 90.568243 145.991209 60.328497
181.733330 169.794664 235.191435 60.268865 199.357429 145.244130 210.162490 126.020449 145.625529 90.568243 145.972571 60.110794
181.660932 169.795204 235.180512 60.539645 199.216776 145.551805 210.291694 125.779732 145.625529 90.568243 145.954265 59.896976
181.582934 169.795785 235.169063 60.811603 199.090807 145.823623 210.421513 125.537870 145.625529 90.568243 145.935696 59.680069
181.505936 169.796358 235.157232 61.088050 198.975403 146.063951 210.552608 125.293629 145.625529 90.568243 145.917151 59.463462
181.426339 169.796951 235.145396 61.364597 198.877920 146.266959 210.682285 125.052031 145.625529 90.568243 145.894976 59.249311
181.350841 169.797514 235.133778 61.636049 198.782732 146.465189 210.810117 124.813869 145.625529 90.568243 145.872175 59.033814
181.267743 169.798133 235.122110 61.908699 198.676629 146.699987 210.955667 124.580349 145.625529 90.568243 145.849563 58.820107
181.186845 169.798736 235.110235 62.186145 198.586076 146.926239 211.099894 124.350916 145.625529 90.568243 145.826982 58.606698
181.117247 169.799254 235.098426 62.462093 198.490617 147.164745 211.244707 124.120552 145.625529 90.568243 145.804338 58.392693
181.077248 169.799552 235.086812 62.733444 198.392586 147.417923 211.389666 123.885453 145.625529 90.568243 145.781590 58.177693
180.909957 169.793664 235.075216 63.004396 198.291902 147.681122 211.532487 123.652557 145.625529 90.568243 145.735677 57.961232
180.829528 169.788405 235.063586 63.276147 198.186216 147.957398 211.674210 123.421452 145.625529 90.568243 145.664362 57.753724
180.752792 169.783388 235.051891 63.549397 198.075564 148.246656 211.818861 123.185572 145.625529 90.568243 145.554585 57.569972
180.680746 169.778679 235.040034 63.826444 197.961874 148.543852 211.960090 122.955337 145.625529 90.568243 145.385828 57.442332
180.597699 169.773638 235.028395 64.098395 197.861921 148.855170 212.101892 122.722295 145.625529 90.568243 145.181037 57.388957
180.516748 169.768725 235.016735 64.370845 197.760176 149.175710 212.240287 122.487903 145.625529 90.568243 144.967851 57.427233
180.440788 169.764115 235.004929 64.646693 197.663400 149.506958 212.379089 122.252822 145.625529 90.568243 144.792965 57.548196
180.364927 169.759512 234.993244 64.919743 197.590323 149.853231 212.515979 122.014147 145.625529 90.568243 144.659530 57.722359
180.286471 169.754750 234.981579 65.192293 197.515718 150.206745 212.644235 121.773038 145.625529 90.568243 144.567611 57.920083
180.207018 169.749928 234.969884 65.465543 197.435155 150.588425 212.774558 121.528043 145.625529 90.568243 144.506967 58.127603
180.134152 169.745506 234.958293 65.736395 197.355808 150.955439 212.901036 121.289501 145.625529 90.568243 144.446350 58.335027
180.051204 169.740472 234.946525 66.011344 197.271358 151.333420 213.028090 121.045385 145.625529 90.568243 144.386294 58.540532
179.970453 169.735571 234.934087 66.283957 197.185251 151.718818 213.155236 120.801092 145.625529 90.568243 144.531295 58.688418
179.888903 169.730622 234.919875 66.556687 197.096877 152.114366 213.270429 120.553228 145.625529 90.568243 144.742208 58.789779
179.810248 169.725848 234.905793 66.826921 197.006192 152.520259 213.383993 120.300797 145.625529 90.568243 144.975812 58.869656
179.730894 169.721032 234.895157 67.102407 196.914241 152.931812 213.488874 120.049689 145.625529 90.568243 145.215275 58.962689
179.655832 169.716477 234.885788 67.379948 196.827518 153.353150 213.590731 119.792634 145.625529 90.568243 145.463500 59.059125
179.581069 169.711939 234.876429 67.657190 196.742403 153.784737 213.689718 119.541114 145.625529 90.568243 145.723604 59.144653
179.501815 169.707129 234.867056 67.934832 196.656591 154.219856 213.775711 119.281020 145.625529 90.568243 145.987001 59.227439
179.426055 169.702531 234.857819 68.208476 196.571089 154.653405 213.858904 119.022831 145.625529 90.568243 146.251542 59.310584
179.349196 169.697867 234.848669 68.479522 196.482464 155.086519 213.951406 118.764068 145.625529 90.568243 146.515850 59.391638
179.271838 169.693172 234.839300 68.757064 196.390543 155.518650 214.032882 118.499033 145.625529 90.568243 146.782264 59.460623
179.190488 169.688235 234.830143 69.028309 196.298810 155.949902 214.107951 118.236245 145.625529 90.568243 147.048678 59.529607
179.118321 169.683855 234.821007 69.298955 196.206827 156.382327 214.176919 117.971366 145.625529 90.568243 147.313250 59.595573
179.042061 169.679227 234.811813 69.571300 196.115280 156.812698 214.238858 117.703432 145.625529 90.568243 147.580740 59.655860
178.960711 169.674290 234.802450 69.848642 196.022881 157.247079 214.299986 117.439005 145.625529 90.568243 147.847091 59.705403
178.893834 169.670231 234.793196 70.122786 195.931189 157.678135 214.352898 117.171112 145.625529 90.568243 148.095823 59.742612
178.866584 169.668577 234.783908 70.397929 195.839080 158.110738 214.397730 116.902122 145.625529 90.568243 148.312371 59.770673
178.684342 169.657355 234.773260 70.670817 195.746635 158.542962 214.441974 116.633036 145.625529 90.568243 148.493676 59.790633
178.609684 169.652738 234.762014 70.945682 195.654629 158.973133 214.486090 116.363522 145.625529 90.568243 148.638501 59.806576
178.537422 169.648270 234.752811 71.216526 195.562414 159.404282 214.522946 116.094331 145.625529 90.568243 148.755259 59.818827
178.459870 169.643474 234.743523 71.489868 195.469509 159.838658 214.559331 115.823666 145.625529 90.568243 148.826996 59.826046
178.382219 169.638673 234.734297 71.761411 195.377169 160.270393 214.595895 115.552016 145.625529 90.568243 148.876502 59.830402
178.310256 169.634223 234.725064 72.033154 195.284578 160.703302 214.633660 115.281743 145.625529 90.568243 148.902124 59.832409
178.229710 169.629242 234.715841 72.304598 195.192091 161.135722 214.671998 115.013166 145.625529 90.568243 148.935322 59.835010
178.152158 169.624447 234.706972 72.580255 195.099395 161.569120 214.710985 114.740034 145.625529 90.568243 148.971112 59.837815
178.069715 169.619349 234.698709 72.855831 195.007181 162.000269 214.749944 114.467101 145.625529 90.568243 148.998030 59.839924
177.990666 169.614461 234.690390 73.133306 194.914987 162.431320 214.788211 114.199018 145.625529 90.568243 149.043092 59.843454
177.919502 169.610061 234.682259 73.404484 194.822437 162.864033 214.823118 113.928783 145.625529 90.568243 149.091543 59.847251
177.884869 169.607919 234.674141 73.675263 194.730243 163.295084 214.855587 113.653693 145.625529 90.568243 149.120654 59.849532
177.736334 169.595985 234.665869 73.951139 194.637422 163.729068 214.887420 113.383763 145.625529 90.568243 149.341662 59.868652
177.661001 169.588537 234.657772 74.221217 194.545437 164.159142 214.919268 113.113836 145.625529 90.568243 149.407083 59.874703
177.587261 169.581246 234.649491 74.497393 194.452574 164.593322 214.951252 112.842917 145.625529 90.568243 149.490329 59.882386
177.515013 169.574103 234.641346 74.769071 194.359983 165.026231 214.983376 112.570807 145.625529 90.568243 149.590945 59.891154
177.441571 169.566843 234.633248 75.039150 194.267287 165.459629 215.016380 112.298304 145.625529 90.568243 149.705300 59.900040
177.364049 169.559178 234.625103 75.310828 194.175031 165.890973 215.053180 112.028603 145.625529 90.568243 149.835009 59.910118
177.291403 169.551996 234.617005 75.580906 194.082753 166.322415 215.089979 111.758902 145.625529 90.568243 149.976483 59.921111
177.213782 169.544322 234.608767 75.855683 193.985442 166.776959 215.126962 111.486199 145.625529 90.568243 150.129739 59.932767
177.134269 169.536461 234.600597 76.128160 193.888058 167.207585 215.163217 111.214507 145.625529 90.568243 150.298032 59.944482
177.061723 169.529289 234.592440 76.400238 193.790299 167.639869 215.199524 110.942419 145.625529 90.568243 150.480591 59.957189
176.985495 169.521752 234.584303 76.671616 193.693004 168.070105 215.235938 110.669538 145.625529 90.568243 150.676217 59.970805
176.908371 169.514127 234.576122 76.944494 193.601430 168.504241 215.275369 110.399108 145.625529 90.568243 150.888105 59.985554
176.834132 169.506788 234.539513 77.963743 193.511498 168.937711 215.317090 110.125369 145.625529 90.568243 151.116652 60.001462
176.756312 169.499094 234.526519 78.237035 193.421363 169.372159 215.357892 109.857661 145.625529 90.568243 151.358467 60.018294
176.676999 169.491252 234.513535 78.510126 193.331940 169.803180 215.391914 109.634438 145.625529 90.568243 151.607869 60.059142
176.599775 169.483618 234.499903 78.784588 193.240619 170.236767 215.435474 109.389309 145.625529 90.568243 151.864751 60.123412
176.518670 169.475599 234.486246 79.058548 193.150711 170.660228 215.439279 109.173243 145.625529 90.568243 152.132110 60.190303
176.439357 169.467758 234.472549 79.333306 193.068717 171.046419 215.443100 108.956277 145.625529 90.568243 152.401118 60.257607
176.358640 169.459919 234.458826 79.608565 192.994834 171.400084 215.446992 108.735311 145.625529 90.568243 152.666246 60.323940
176.278164 169.455439 234.445234 79.881226 192.928335 171.719842 215.450834 108.517145 145.636541 90.574962 152.932926 60.390661
176.197589 169.450953 234.431706 80.152589 192.870041 172.000145 215.462583 108.300512 145.661382 90.590118 153.197338 60.466893
176.120109 169.446640 234.418113 80.425250 192.818446 172.248236 215.477174 108.081598 145.674300 90.598000 153.460123 60.549623
176.048320 169.442643 234.404511 80.698112 192.773794 172.462942 215.536586 107.872871 145.674300 90.598000 153.721095 60.631783
175.970840 169.438330 234.380104 80.967291 192.736310 172.643186 215.604163 107.662877 145.674300 90.598000 153.977801 60.736855
175.892062 169.433945 234.349408 81.241277 192.705564 172.791023 215.669994 107.458308 145.674300 90.598000 154.229523 60.845584
175.824875 169.391773 234.320085 81.514807 192.682536 172.901754 215.735671 107.254215 145.674300 90.598000 154.482438 60.954828
175.762489 169.336876 234.291953 81.789771 192.663132 172.995057 215.803885 107.044436 145.674300 90.598000 154.734710 61.063795
175.726052 169.284824 234.263760 82.065333 192.649571 173.060262 215.877753 106.836571 145.674300 90.598000 154.987349 61.172920
175.719457 169.244763 234.235517 82.341392 192.639696 173.107746 215.944956 106.647457 145.674300 90.598000 155.236867 61.280698
