13393.580403 14003.006761 13383.879121 14017.364708 13396.972857 14003.374317 13153.740684 14499.825075 13395.318046 14006.710704 13399.801608 14005.212512
13393.580403 14003.006761 13383.879121 14017.364708 13396.972857 14003.374317 13153.740684 14499.825075 13395.318046 14006.710704 13399.801608 14005.212512
13393.580403 14003.006761 13383.879121 14017.364708 13396.972857 14003.374317 13153.740684 14499.825075 13395.318046 14006.710704 13399.801608 14005.212512
13393.580403 14003.006761 13383.879121 14017.364708 13396.972857 14003.374317 13153.740684 14499.825075 13395.318046 14006.710704 13399.801608 14005.212512
13393.580403 14003.006761 13383.879121 14017.364708 13396.972857 14003.374317 13153.740684 14499.825075 13395.318046 14006.710704 13399.801608 14005.212512
13393.580403 14003.006761 13383.879121 14017.364708 13396.972857 14003.374317 13153.740684 14499.825075 13395.318046 14006.710704 13399.801608 14005.212512
13393.580403 14003.006761 13383.879121 14017.364708 13396.972857 14003.374317 13153.740684 14499.825075 13395.318046 14006.710704 13399.801608 14005.212512
13393.580403 14003.006761 13383.879121 14017.364708 13396.972857 14003.374317 13153.740684 14499.825075 13395.318046 14006.710704 13399.801608 14005.212512
13393.580403 14003.006761 13383.879121 14017.364708 13396.972857 14003.374317 13153.740684 14499.825075 13395.318046 14006.710704 13399.801608 14005.212512
13393.580403 14003.006761 13383.879121 14017.364708 13396.972857 14003.374317 13153.740684 14499.825075 13395.318046 14006.710704 13399.801608 14005.212512
13388.972343 14009.517456 13377.573520 14020.786437 13392.941943 14009.778038 13136.369199 14487.568684 13390.175958 14012.812484 13395.803142 14011.475831
13388.972343 14009.517456 13377.573520 14020.786437 13392.941943 14009.778038 13136.369199 14487.568684 13390.175958 14012.812484 13395.803142 14011.475831
13388.972343 14009.517456 13377.573520 14020.786437 13392.941943 14009.778038 13136.369199 14487.568684 13390.175958 14012.812484 13395.803142 14011.475831
13388.972343 14009.517456 13377.573520 14020.786437 13392.941943 14009.778038 13136.369199 14487.568684 13390.175958 14012.812484 13395.803142 14011.475831
13388.972343 14009.517456 13377.573520 14020.786437 13392.941943 14009.778038 13136.369199 14487.568684 13390.175958 14012.812484 13395.803142 14011.475831
13388.972343 14009.517456 13377.573520 14020.786437 13392.941943 14009.778038 13136.369199 14487.568684 13390.175958 14012.812484 13395.803142 14011.475831
13388.972343 14009.517456 13377.573520 14020.786437 13392.941943 14009.778038 13136.369199 14487.568684 13390.175958 14012.812484 13395.803142 14011.475831
13388.972343 14009.517456 13377.573520 14020.786437 13392.941943 14009.778038 13136.369199 14487.568684 13390.175958 14012.812484 13395.803142 14011.475831
13388.972343 14009.517456 13377.573520 14020.786437 13392.941943 14009.778038 13136.369199 14487.568684 13390.175958 14012.812484 13395.803142 14011.475831
13388.972343 14009.517456 13377.573520 14020.786437 13392.941943 14009.778038 13136.369199 14487.568684 13390.175958 14012.812484 13395.803142 14011.475831
13382.877886 14014.022886 13369.769014 14022.199168 13391.545582 14015.900777 13119.749443 14475.842674 13383.522543 14017.622491 13391.229622 14016.129402
13382.877886 14014.022886 13369.769014 14022.199168 13391.545582 14015.900777 13119.749443 14475.842674 13383.522543 14017.622491 13391.229622 14016.129402
13382.877886 14014.022886 13369.769014 14022.199168 13391.545582 14015.900777 13119.749443 14475.842674 13383.522543 14017.622491 13391.229622 14016.129402
13382.877886 14014.022886 13369.769014 14022.199168 13391.545582 14015.900777 13119.749443 14475.842674 13383.522543 14017.622491 13391.229622 14016.129402
13382.877886 14014.022886 13369.769014 14022.199168 13391.545582 14015.900777 13119.749443 14475.842674 13383.522543 14017.622491 13391.229622 14016.129402
13382.877886 14014.022886 13369.769014 14022.199168 13391.545582 14015.900777 13119.749443 14475.842674 13383.522543 14017.622491 13391.229622 14016.129402
13382.877886 14014.022886 13369.769014 14022.199168 13391.545582 14015.900777 13119.749443 14475.842674 13383.522543 14017.622491 13391.229622 14016.129402
13382.877886 14014.022886 13369.769014 14022.199168 13391.545582 14015.900777 13119.749443 14475.842674 13383.522543 14017.622491 13391.229622 14016.129402
13382.877886 14014.022886 13369.769014 14022.199168 13391.545582 14015.900777 13119.749443 14475.842674 13383.522543 14017.622491 13391.229622 14016.129402
13382.877886 14014.022886 13369.769014 14022.199168 13391.545582 14015.900777 13119.749443 14475.842674 13383.522543 14017.622491 13391.229622 14016.129402
13376.286829 14017.736162 13361.965402 14023.293719 13384.972388 14020.593826 13105.002024 14467.299234 13376.901026 14021.140488 13384.751548 14020.711000
13376.286829 14017.736162 13361.965402 14023.293719 13384.972388 14020.593826 13105.002024 14467.299234 13376.901026 14021.140488 13384.751548 14020.711000
13376.286829 14017.736162 13361.965402 14023.293719 13384.972388 14020.593826 13105.002024 14467.299234 13376.901026 14021.140488 13384.751548 14020.711000
13376.286829 14017.736162 13361.965402 14023.293719 13384.972388 14020.593826 13105.002024 14467.299234 13376.901026 14021.140488 13384.751548 14020.711000
13376.286829 14017.736162 13361.965402 14023.293719 13384.972388 14020.593826 13105.002024 14467.299234 13376.901026 14021.140488 13384.751548 14020.711000
13376.286829 14017.736162 13361.965402 14023.293719 13384.972388 14020.593826 13105.002024 14467.299234 13376.901026 14021.140488 13384.751548 14020.711000
13376.286829 14017.736162 13361.965402 14023.293719 13384.972388 14020.593826 13105.002024 14467.299234 13376.901026 14021.140488 13384.751548 14020.711000
13376.286829 14017.736162 13361.965402 14023.293719 13384.972388 14020.593826 13105.002024 14467.299234 13376.901026 14021.140488 13384.751548 14020.711000
13376.286829 14017.736162 13361.965402 14023.293719 13384.972388 14020.593826 13105.002024 14467.299234 13376.901026 14021.140488 13384.751548 14020.711000
13376.286829 14017.736162 13361.965402 14023.293719 13384.972388 14020.593826 13105.002024 14467.299234 13376.901026 14021.140488 13384.751548 14020.711000
13368.726917 14019.010860 13354.270724 14024.372991 13378.250026 14024.160611 13093.400290 14461.302288 13369.739304 14022.203335 13378.762374 14023.888767
13368.726917 14019.010860 13354.270724 14024.372991 13378.250026 14024.160611 13093.400290 14461.302288 13369.739304 14022.203335 13378.762374 14023.888767
13368.726917 14019.010860 13354.270724 14024.372991 13378.250026 14024.160611 13093.400290 14461.302288 13369.739304 14022.203335 13378.762374 14023.888767
13368.726917 14019.010860 13354.270724 14024.372991 13378.250026 14024.160611 13093.400290 14461.302288 13369.739304 14022.203335 13378.762374 14023.888767
13368.726917 14019.010860 13354.270724 14024.372991 13378.250026 14024.160611 13093.400290 14461.302288 13369.739304 14022.203335 13378.762374 14023.888767
13368.726917 14019.010860 13354.270724 14024.372991 13378.250026 14024.160611 13093.400290 14461.302288 13369.739304 14022.203335 13378.762374 14023.888767
13368.726917 14019.010860 13354.270724 14024.372991 13378.250026 14024.160611 13093.400290 14461.302288 13369.739304 14022.203335 13378.762374 14023.888767
13368.726917 14019.010860 13354.270724 14024.372991 13378.250026 14024.160611 13093.400290 14461.302288 13369.739304 14022.203335 13378.762374 14023.888767
13368.726917 14019.010860 13354.270724 14024.372991 13378.250026 14024.160611 13093.400290 14461.302288 13369.739304 14022.203335 13378.762374 14023.888767
13368.726917 14019.010860 13354.270724 14024.372991 13378.250026 14024.160611 13093.400290 14461.302288 13369.739304 14022.203335 13378.762374 14023.888767
13360.735147 14020.131797 13346.199729 14025.505045 13370.552708 14025.422789 13076.247753 14440.477068 13362.153560 14023.267327 13371.463805 14025.295113
13360.735147 14020.131797 13346.199729 14025.505045 13370.552708 14025.422789 13076.247753 14440.477068 13362.153560 14023.267327 13371.463805 14025.295113
13360.735147 14020.131797 13346.199729 14025.505045 13370.552708 14025.422789 13076.247753 14440.477068 13362.153560 14023.267327 13371.463805 14025.295113
13360.735147 14020.131797 13346.199729 14025.505045 13370.552708 14025.422789 13076.247753 14440.477068 13362.153560 14023.267327 13371.463805 14025.295113
13360.735147 14020.131797 13346.199729 14025.505045 13370.552708 14025.422789 13076.247753 14440.477068 13362.153560 14023.267327 13371.463805 14025.295113
13360.735147 14020.131797 13346.199729 14025.505045 13370.552708 14025.422789 13076.247753 14440.477068 13362.153560 14023.267327 13371.463805 14025.295113
13360.735147 14020.131797 13346.199729 14025.505045 13370.552708 14025.422789 13076.247753 14440.477068 13362.153560 14023.267327 13371.463805 14025.295113
13360.735147 14020.131797 13346.199729 14025.505045 13370.552708 14025.422789 13076.247753 14440.477068 13362.153560 14023.267327 13371.463805 14025.295113
13360.735147 14020.131797 13346.199729 14025.505045 13370.552708 14025.422789 13076.247753 14440.477068 13362.153560 14023.267327 13371.463805 14025.295113
13360.735147 14020.131797 13346.199729 14025.505045 13370.552708 14025.422789 13076.247753 14440.477068 13362.153560 14023.267327 13371.463805 14025.295113
13353.396978 14021.161059 13338.881367 14026.531534 13362.422152 14026.562156 13079.140028 14427.864442 13354.508397 14024.339654 13363.481798 14026.413664
13353.396978 14021.161059 13338.881367 14026.531534 13362.422152 14026.562156 13079.140028 14427.864442 13354.508397 14024.339654 13363.481798 14026.413664
13353.396978 14021.161059 13338.881367 14026.531534 13362.422152 14026.562156 13079.140028 14427.864442 13354.508397 14024.339654 13363.481798 14026.413664
13353.396978 14021.161059 13338.881367 14026.531534 13362.422152 14026.562156 13079.140028 14427.864442 13354.508397 14024.339654 13363.481798 14026.413664
13353.396978 14021.161059 13338.881367 14026.531534 13362.422152 14026.562156 13079.140028 14427.864442 13354.508397 14024.339654 13363.481798 14026.413664
13353.396978 14021.161059 13338.881367 14026.531534 13362.422152 14026.562156 13079.140028 14427.864442 13354.508397 14024.339654 13363.481798 14026.413664
13353.396978 14021.161059 13338.881367 14026.531534 13362.422152 14026.562156 13079.140028 14427.864442 13354.508397 14024.339654 13363.481798 14026.413664
13353.396978 14021.161059 13338.881367 14026.531534 13362.422152 14026.562156 13079.140028 14427.864442 13354.508397 14024.339654 13363.481798 14026.413664
13353.396978 14021.161059 13338.881367 14026.531534 13362.422152 14026.562156 13079.140028 14427.864442 13354.508397 14024.339654 13363.481798 14026.413664
13353.396978 14021.161059 13338.881367 14026.531534 13362.422152 14026.562156 13079.140028 14427.864442 13354.508397 14024.339654 13363.481798 14026.413664
13346.276677 14022.159763 13331.048046 14027.630252 13354.251983 14027.707074 13082.190998 14414.559778 13347.160326 14025.370310 13356.292049 14027.421191
13346.276677 14022.159763 13331.048046 14027.630252 13354.251983 14027.707074 13082.190998 14414.559778 13347.160326 14025.370310 13356.292049 14027.421191
13346.276677 14022.159763 13331.048046 14027.630252 13354.251983 14027.707074 13082.190998 14414.559778 13347.160326 14025.370310 13356.292049 14027.421191
13346.276677 14022.159763 13331.048046 14027.630252 13354.251983 14027.707074 13082.190998 14414.559778 13347.160326 14025.370310 13356.292049 14027.421191
13346.276677 14022.159763 13331.048046 14027.630252 13354.251983 14027.707074 13082.190998 14414.559778 13347.160326 14025.370310 13356.292049 14027.421191
13346.276677 14022.159763 13331.048046 14027.630252 13354.251983 14027.707074 13082.190998 14414.559778 13347.160326 14025.370310 13356.292049 14027.421191
13346.276677 14022.159763 13331.048046 14027.630252 13354.251983 14027.707074 13082.190998 14414.559778 13347.160326 14025.370310 13356.292049 14027.421191
13346.276677 14022.159763 13331.048046 14027.630252 13354.251983 14027.707074 13082.190998 14414.559778 13347.160326 14025.370310 13356.292049 14027.421191
13346.276677 14022.159763 13331.048046 14027.630252 13354.251983 14027.707074 13082.190998 14414.559778 13347.160326 14025.370310 13356.292049 14027.421191
13346.276677 14022.159763 13331.048046 14027.630252 13354.251983 14027.707074 13082.190998 14414.559778 13347.160326 14025.370310 13356.292049 14027.421191
13338.374034 14023.268199 13323.789103 14028.648407 13346.468040 14028.797869 13085.230792 14401.303849 13339.277490 14026.475973 13348.716074 14028.482843
13338.374034 14023.268199 13323.789103 14028.648407 13346.468040 14028.797869 13085.230792 14401.303849 13339.277490 14026.475973 13348.716074 14028.482843
13338.374034 14023.268199 13323.789103 14028.648407 13346.468040 14028.797869 13085.230792 14401.303849 13339.277490 14026.475973 13348.716074 14028.482843
13338.374034 14023.268199 13323.789103 14028.648407 13346.468040 14028.797869 13085.230792 14401.303849 13339.277490 14026.475973 13348.716074 14028.482843
13338.374034 14023.268199 13323.789103 14028.648407 13346.468040 14028.797869 13085.230792 14401.303849 13339.277490 14026.475973 13348.716074 14028.482843
13338.374034 14023.268199 13323.789103 14028.648407 13346.468040 14028.797869 13085.230792 14401.303849 13339.277490 14026.475973 13348.716074 14028.482843
13338.374034 14023.268199 13323.789103 14028.648407 13346.468040 14028.797869 13085.230792 14401.303849 13339.277490 14026.475973 13348.716074 14028.482843
13338.374034 14023.268199 13323.789103 14028.648407 13346.468040 14028.797869 13085.230792 14401.303849 13339.277490 14026.475973 13348.716074 14028.482843
13338.374034 14023.268199 13323.789103 14028.648407 13346.468040 14028.797869 13085.230792 14401.303849 13339.277490 14026.475973 13348.716074 14028.482843
13338.374034 14023.268199 13323.789103 14028.648407 13346.468040 14028.797869 13085.230792 14401.303849 13339.277490 14026.475973 13348.716074 14028.482843
13331.075477 14024.291905 13315.678496 14029.786017 13339.258484 14029.808172 13091.022144 14385.515279 13331.097561 14027.623307 13341.338164 14029.516739
13331.075477 14024.291905 13315.678496 14029.786017 13339.258484 14029.808172 13091.022144 14385.515279 13331.097561 14027.623307 13341.338164 14029.516739
13331.075477 14024.291905 13315.678496 14029.786017 13339.258484 14029.808172 13091.022144 14385.515279 13331.097561 14027.623307 13341.338164 14029.516739
13331.075477 14024.291905 13315.678496 14029.786017 13339.258484 14029.808172 13091.022144 14385.515279 13331.097561 14027.623307 13341.338164 14029.516739
13331.075477 14024.291905 13315.678496 14029.786017 13339.258484 14029.808172 13091.022144 14385.515279 13331.097561 14027.623307 13341.338164 14029.516739
13331.075477 14024.291905 13315.678496 14029.786017 13339.258484 14029.808172 13091.022144 14385.515279 13331.097561 14027.623307 13341.338164 14029.516739
13331.075477 14024.291905 13315.678496 14029.786017 13339.258484 14029.808172 13091.022144 14385.515279 13331.097561 14027.623307 13341.338164 14029.516739
13331.075477 14024.291905 13315.678496 14029.786017 13339.258484 14029.808172 13091.022144 14385.515279 13331.097561 14027.623307 13341.338164 14029.516739
13331.075477 14024.291905 13315.678496 14029.786017 13339.258484 14029.808172 13091.022144 14385.515279 13331.097561 14027.623307 13341.338164 14029.516739
13331.075477 14024.291905 13315.678496 14029.786017 13339.258484 14029.808172 13091.022144 14385.515279 13331.097561 14027.623307 13341.338164 14029.516739
13323.598666 14025.340613 13307.617404 14030.916683 13331.009089 14030.964193 13094.398975 14372.951159 13323.293950 14028.717858 13334.088996 14030.532593
13323.598666 14025.340613 13307.617404 14030.916683 13331.009089 14030.964193 13094.398975 14372.951159 13323.293950 14028.717858 13334.088996 14030.532593
13323.598666 14025.340613 13307.617404 14030.916683 13331.009089 14030.964193 13094.398975 14372.951159 13323.293950 14028.717858 13334.088996 14030.532593
13323.598666 14025.340613 13307.617404 14030.916683 13331.009089 14030.964193 13094.398975 14372.951159 13323.293950 14028.717858 13334.088996 14030.532593
13323.598666 14025.340613 13307.617404 14030.916683 13331.009089 14030.964193 13094.398975 14372.951159 13323.293950 14028.717858 13334.088996 14030.532593
13323.598666 14025.340613 13307.617404 14030.916683 13331.009089 14030.964193 13094.398975 14372.951159 13323.293950 14028.717858 13334.088996 14030.532593
13323.598666 14025.340613 13307.617404 14030.916683 13331.009089 14030.964193 13094.398975 14372.951159 13323.293950 14028.717858 13334.088996 14030.532593
13323.598666 14025.340613 13307.617404 14030.916683 13331.009089 14030.964193 13094.398975 14372.951159 13323.293950 14028.717858 13334.088996 14030.532593
13323.598666 14025.340613 13307.617404 14030.916683 13331.009089 14030.964193 13094.398975 14372.951159 13323.293950 14028.717858 13334.088996 14030.532593
13323.598666 14025.340613 13307.617404 14030.916683 13331.009089 14030.964193 13094.398975 14372.951159 13323.293950 14028.717858 13334.088996 14030.532593
13315.517767 14026.474052 13299.220000 14028.760000 13323.502437 14032.016129 13097.905585 14359.904175 13315.480435 14029.813798 13326.562537 14031.587306
13315.517767 14026.474052 13299.220000 14028.760000 13323.502437 14032.016129 13097.905585 14359.904175 13315.480435 14029.813798 13326.562537 14031.587306
13315.517767 14026.474052 13299.220000 14028.760000 13323.502437 14032.016129 13097.905585 14359.904175 13315.480435 14029.813798 13326.562537 14031.587306
13315.517767 14026.474052 13299.220000 14028.760000 13323.502437 14032.016129 13097.905585 14359.904175 13315.480435 14029.813798 13326.562537 14031.587306
13315.517767 14026.474052 13299.220000 14028.760000 13323.502437 14032.016129 13097.905585 14359.904175 13315.480435 14029.813798 13326.562537 14031.587306
13315.517767 14026.474052 13299.220000 14028.760000 13323.502437 14032.016129 13097.905585 14359.904175 13315.480435 14029.813798 13326.562537 14031.587306
13315.517767 14026.474052 13299.220000 14028.760000 13323.502437 14032.016129 13097.905585 14359.904175 13315.480435 14029.813798 13326.562537 14031.587306
13315.517767 14026.474052 13299.220000 14028.760000 13323.502437 14032.016129 13097.905585 14359.904175 13315.480435 14029.813798 13326.562537 14031.587306
13315.517767 14026.474052 13299.220000 14028.760000 13323.502437 14032.016129 13097.905585 14359.904175 13315.480435 14029.813798 13326.562537 14031.587306
13315.517767 14026.474052 13299.220000 14028.760000 13323.502437 14032.016129 13097.905585 14359.904175 13315.480435 14029.813798 13326.562537 14031.587306
13307.773573 14027.560264 13282.149970 14030.806582 13315.876946 14033.084720 13101.458914 14346.683360 13308.013527 14030.861122 13318.441884 14032.725285
13307.773573 14027.560264 13282.149970 14030.806582 13315.876946 14033.084720 13101.458914 14346.683360 13308.013527 14030.861122 13318.441884 14032.725285
13307.773573 14027.560264 13282.149970 14030.806582 13315.876946 14033.084720 13101.458914 14346.683360 13308.013527 14030.861122 13318.441884 14032.725285
13307.773573 14027.560264 13282.149970 14030.806582 13315.876946 14033.084720 13101.458914 14346.683360 13308.013527 14030.861122 13318.441884 14032.725285
13307.773573 14027.560264 13282.149970 14030.806582 13315.876946 14033.084720 13101.458914 14346.683360 13308.013527 14030.861122 13318.441884 14032.725285
13307.773573 14027.560264 13282.149970 14030.806582 13315.876946 14033.084720 13101.458914 14346.683360 13308.013527 14030.861122 13318.441884 14032.725285
13307.773573 14027.560264 13282.149970 14030.806582 13315.876946 14033.084720 13101.458914 14346.683360 13308.013527 14030.861122 13318.441884 14032.725285
13307.773573 14027.560264 13282.149970 14030.806582 13315.876946 14033.084720 13101.458914 14346.683360 13308.013527 14030.861122 13318.441884 14032.725285
13307.773573 14027.560264 13282.149970 14030.806582 13315.876946 14033.084720 13101.458914 14346.683360 13308.013527 14030.861122 13318.441884 14032.725285
13307.773573 14027.560264 13282.149970 14030.806582 13315.876946 14033.084720 13101.458914 14346.683360 13308.013527 14030.861122 13318.441884 14032.725285
13299.752093 14028.685368 13273.991966 14031.729121 13307.904842 14034.201882 13104.968119 14333.626719 13300.625844 14031.897334 13311.014457 14033.766119
13299.752093 14028.685368 13273.991966 14031.729121 13307.904842 14034.201882 13104.968119 14333.626719 13300.625844 14031.897334 13311.014457 14033.766119
13299.752093 14028.685368 13273.991966 14031.729121 13307.904842 14034.201882 13104.968119 14333.626719 13300.625844 14031.897334 13311.014457 14033.766119
13299.752093 14028.685368 13273.991966 14031.729121 13307.904842 14034.201882 13104.968119 14333.626719 13300.625844 14031.897334 13311.014457 14033.766119
13299.752093 14028.685368 13273.991966 14031.729121 13307.904842 14034.201882 13104.968119 14333.626719 13300.625844 14031.897334 13311.014457 14033.766119
13299.752093 14028.685368 13273.991966 14031.729121 13307.904842 14034.201882 13104.968119 14333.626719 13300.625844 14031.897334 13311.014457 14033.766119
13299.752093 14028.685368 13273.991966 14031.729121 13307.904842 14034.201882 13104.968119 14333.626719 13300.625844 14031.897334 13311.014457 14033.766119
13299.752093 14028.685368 13273.991966 14031.729121 13307.904842 14034.201882 13104.968119 14333.626719 13300.625844 14031.897334 13311.014457 14033.766119
13299.752093 14028.685368 13273.991966 14031.729121 13307.904842 14034.201882 13104.968119 14333.626719 13300.625844 14031.897334 13311.014457 14033.766119
13299.752093 14028.685368 13273.991966 14031.729121 13307.904842 14034.201882 13104.968119 14333.626719 13300.625844 14031.897334 13311.014457 14033.766119
13287.786453 14033.481471 13266.231429 14032.606713 13297.534394 14044.036479 13108.347545 14321.052942 13284.142117 14037.216120 13297.435516 14041.448367
13287.786453 14033.481471 13266.231429 14032.606713 13297.534394 14044.036479 13108.347545 14321.052942 13284.142117 14037.216120 13297.435516 14041.448367
13287.786453 14033.481471 13266.231429 14032.606713 13297.534394 14044.036479 13108.347545 14321.052942 13284.142117 14037.216120 13297.435516 14041.448367
13287.786453 14033.481471 13266.231429 14032.606713 13297.534394 14044.036479 13108.347545 14321.052942 13284.142117 14037.216120 13297.435516 14041.448367
13287.786453 14033.481471 13266.231429 14032.606713 13297.534394 14044.036479 13108.347545 14321.052942 13284.142117 14037.216120 13297.435516 14041.448367
13287.786453 14033.481471 13266.231429 14032.606713 13297.534394 14044.036479 13108.347545 14321.052942 13284.142117 14037.216120 13297.435516 14041.448367
13287.786453 14033.481471 13266.231429 14032.606713 13297.534394 14044.036479 13108.347545 14321.052942 13284.142117 14037.216120 13297.435516 14041.448367
13287.786453 14033.481471 13266.231429 14032.606713 13297.534394 14044.036479 13108.347545 14321.052942 13284.142117 14037.216120 13297.435516 14041.448367
13287.786453 14033.481471 13266.231429 14032.606713 13297.534394 14044.036479 13108.347545 14321.052942 13284.142117 14037.216120 13297.435516 14041.448367
13287.786453 14033.481471 13266.231429 14032.606713 13297.534394 14044.036479 13108.347545 14321.052942 13284.142117 14037.216120 13297.435516 14041.448367
13280.284414 14034.331124 13258.937916 14033.431492 13297.837517 14051.970691 13111.944999 14307.667953 13276.679824 14038.061271 13297.732913 14049.232688
13280.284414 14034.331124 13258.937916 14033.431492 13297.837517 14051.970691 13111.944999 14307.667953 13276.679824 14038.061271 13297.732913 14049.232688
13280.284414 14034.331124 13258.937916 14033.431492 13297.837517 14051.970691 13111.944999 14307.667953 13276.679824 14038.061271 13297.732913 14049.232688
13280.284414 14034.331124 13258.937916 14033.431492 13297.837517 14051.970691 13111.944999 14307.667953 13276.679824 14038.061271 13297.732913 14049.232688
13280.284414 14034.331124 13258.937916 14033.431492 13297.837517 14051.970691 13111.944999 14307.667953 13276.679824 14038.061271 13297.732913 14049.232688
13280.284414 14034.331124 13258.937916 14033.431492 13297.837517 14051.970691 13111.944999 14307.667953 13276.679824 14038.061271 13297.732913 14049.232688
13280.284414 14034.331124 13258.937916 14033.431492 13297.837517 14051.970691 13111.944999 14307.667953 13276.679824 14038.061271 13297.732913 14049.232688
13280.284414 14034.331124 13258.937916 14033.431492 13297.837517 14051.970691 13111.944999 14307.667953 13276.679824 14038.061271 13297.732913 14049.232688
13280.284414 14034.331124 13258.937916 14033.431492 13297.837517 14051.970691 13111.944999 14307.667953 13276.679824 14038.061271 13297.732913 14049.232688
13280.284414 14034.331124 13258.937916 14033.431492 13297.837517 14051.970691 13111.944999 14307.667953 13276.679824 14038.061271 13297.732913 14049.232688
13273.030787 14035.152643 13251.723896 14034.247282 13298.128042 14059.575143 13115.140141 14295.779842 13269.316895 14038.895170 13298.008549 14056.447425
13273.030787 14035.152643 13251.723896 14034.247282 13298.128042 14059.575143 13115.140141 14295.779842 13269.316895 14038.895170 13298.008549 14056.447425
13273.030787 14035.152643 13251.723896 14034.247282 13298.128042 14059.575143 13115.140141 14295.779842 13269.316895 14038.895170 13298.008549 14056.447425
13273.030787 14035.152643 13251.723896 14034.247282 13298.128042 14059.575143 13115.140141 14295.779842 13269.316895 14038.895170 13298.008549 14056.447425
13273.030787 14035.152643 13251.723896 14034.247282 13298.128042 14059.575143 13115.140141 14295.779842 13269.316895 14038.895170 13298.008549 14056.447425
13273.030787 14035.152643 13251.723896 14034.247282 13298.128042 14059.575143 13115.140141 14295.779842 13269.316895 14038.895170 13298.008549 14056.447425
13273.030787 14035.152643 13251.723896 14034.247282 13298.128042 14059.575143 13115.140141 14295.779842 13269.316895 14038.895170 13298.008549 14056.447425
13273.030787 14035.152643 13251.723896 14034.247282 13298.128042 14059.575143 13115.140141 14295.779842 13269.316895 14038.895170 13298.008549 14056.447425
13273.030787 14035.152643 13251.723896 14034.247282 13298.128042 14059.575143 13115.140141 14295.779842 13269.316895 14038.895170 13298.008549 14056.447425
13273.030787 14035.152643 13251.723896 14034.247282 13298.128042 14059.575143 13115.140141 14295.779842 13269.316895 14038.895170 13298.008549 14056.447425
13265.180971 14036.041685 13244.390636 14035.076556 13298.431166 14067.509355 13117.162086 14288.256822 13261.285873 14036.482829 13298.315872 14064.491556
13265.180971 14036.041685 13244.390636 14035.076556 13298.431166 14067.509355 13117.162086 14288.256822 13261.285873 14036.482829 13298.315872 14064.491556
13265.180971 14036.041685 13244.390636 14035.076556 13298.431166 14067.509355 13117.162086 14288.256822 13261.285873 14036.482829 13298.315872 14064.491556
13265.180971 14036.041685 13244.390636 14035.076556 13298.431166 14067.509355 13117.162086 14288.256822 13261.285873 14036.482829 13298.315872 14064.491556
13265.180971 14036.041685 13244.390636 14035.076556 13298.431166 14067.509355 13117.162086 14288.256822 13261.285873 14036.482829 13298.315872 14064.491556
13265.180971 14036.041685 13244.390636 14035.076556 13298.431166 14067.509355 13117.162086 14288.256822 13261.285873 14036.482829 13298.315872 14064.491556
13265.180971 14036.041685 13244.390636 14035.076556 13298.431166 14067.509355 13117.162086 14288.256822 13261.285873 14036.482829 13298.315872 14064.491556
13265.180971 14036.041685 13244.390636 14035.076556 13298.431166 14067.509355 13117.162086 14288.256822 13261.285873 14036.482829 13298.315872 14064.491556
13265.180971 14036.041685 13244.390636 14035.076556 13298.431166 14067.509355 13117.162086 14288.256822 13261.285873 14036.482829 13298.315872 14064.491556
13265.180971 14036.041685 13244.390636 14035.076556 13298.431166 14067.509355 13117.162086 14288.256822 13261.285873 14036.482829 13298.315872 14064.491556
13257.052934 14036.962236 13237.087186 14035.902459 13298.742688 14075.663406 13119.166092 14283.747855 13253.833516 14037.326856 13298.591890 14071.716286
13257.052934 14036.962236 13237.087186 14035.902459 13298.742688 14075.663406 13119.166092 14283.747855 13253.833516 14037.326856 13298.591890 14071.716286
13257.052934 14036.962236 13237.087186 14035.902459 13298.742688 14075.663406 13119.166092 14283.747855 13253.833516 14037.326856 13298.591890 14071.716286
13257.052934 14036.962236 13237.087186 14035.902459 13298.742688 14075.663406 13119.166092 14283.747855 13253.833516 14037.326856 13298.591890 14071.716286
13257.052934 14036.962236 13237.087186 14035.902459 13298.742688 14075.663406 13119.166092 14283.747855 13253.833516 14037.326856 13298.591890 14071.716286
13257.052934 14036.962236 13237.087186 14035.902459 13298.742688 14075.663406 13119.166092 14283.747855 13253.833516 14037.326856 13298.591890 14071.716286
13257.052934 14036.962236 13237.087186 14035.902459 13298.742688 14075.663406 13119.166092 14283.747855 13253.833516 14037.326856 13298.591890 14071.716286
13257.052934 14036.962236 13237.087186 14035.902459 13298.742688 14075.663406 13119.166092 14283.747855 13253.833516 14037.326856 13298.591890 14071.716286
13257.052934 14036.962236 13237.087186 14035.902459 13298.742688 14075.663406 13119.166092 14283.747855 13253.833516 14037.326856 13298.591890 14071.716286
13257.052934 14036.962236 13237.087186 14035.902459 13298.742688 14075.663406 13119.166092 14283.747855 13253.833516 14037.326856 13298.591890 14071.716286
13249.878799 14037.774752 13225.371756 14039.377903 13299.034741 14083.307829 13120.366971 14281.318454 13246.619635 14038.143873 13298.873253 14079.080913
13249.878799 14037.774752 13225.371756 14039.377903 13299.034741 14083.307829 13120.366971 14281.318454 13246.619635 14038.143873 13298.873253 14079.080913
13249.878799 14037.774752 13225.371756 14039.377903 13299.034741 14083.307829 13120.366971 14281.318454 13246.619635 14038.143873 13298.873253 14079.080913
13249.878799 14037.774752 13225.371756 14039.377903 13299.034741 14083.307829 13120.366971 14281.318454 13246.619635 14038.143873 13298.873253 14079.080913
13249.878799 14037.774752 13225.371756 14039.377903 13299.034741 14083.307829 13120.366971 14281.318454 13246.619635 14038.143873 13298.873253 14079.080913
13249.878799 14037.774752 13225.371756 14039.377903 13299.034741 14083.307829 13120.366971 14281.318454 13246.619635 14038.143873 13298.873253 14079.080913
13249.878799 14037.774752 13225.371756 14039.377903 13299.034741 14083.307829 13120.366971 14281.318454 13246.619635 14038.143873 13298.873253 14079.080913
13249.878799 14037.774752 13225.371756 14039.377903 13299.034741 14083.307829 13120.366971 14281.318454 13246.619635 14038.143873 13298.873253 14079.080913
13249.878799 14037.774752 13225.371756 14039.377903 13299.034741 14083.307829 13120.366971 14281.318454 13246.619635 14038.143873 13298.873253 14079.080913
13249.878799 14037.774752 13225.371756 14039.377903 13299.034741 14083.307829 13120.366971 14281.318454 13246.619635 14038.143873 13298.873253 14079.080913
13242.664918 14038.591770 13217.304960 14037.569621 13299.312286 14090.572529 13119.470450 14277.844790 13238.730073 14039.037416 13299.182867 14087.185001
13242.664918 14038.591770 13217.304960 14037.569621 13299.312286 14090.572529 13119.470450 14277.844790 13238.730073 14039.037416 13299.182867 14087.185001
13242.664918 14038.591770 13217.304960 14037.569621 13299.312286 14090.572529 13119.470450 14277.844790 13238.730073 14039.037416 13299.182867 14087.185001
13242.664918 14038.591770 13217.304960 14037.569621 13299.312286 14090.572529 13119.470450 14277.844790 13238.730073 14039.037416 13299.182867 14087.185001
13242.664918 14038.591770 13217.304960 14037.569621 13299.312286 14090.572529 13119.470450 14277.844790 13238.730073 14039.037416 13299.182867 14087.185001
13242.664918 14038.591770 13217.304960 14037.569621 13299.312286 14090.572529 13119.470450 14277.844790 13238.730073 14039.037416 13299.182867 14087.185001
13242.664918 14038.591770 13217.304960 14037.569621 13299.312286 14090.572529 13119.470450 14277.844790 13238.730073 14039.037416 13299.182867 14087.185001
13242.664918 14038.591770 13217.304960 14037.569621 13299.312286 14090.572529 13119.470450 14277.844790 13238.730073 14039.037416 13299.182867 14087.185001
13242.664918 14038.591770 13217.304960 14037.569621 13299.312286 14090.572529 13119.470450 14277.844790 13238.730073 14039.037416 13299.182867 14087.185001
13242.664918 14038.591770 13217.304960 14037.569621 13299.312286 14090.572529 13119.470450 14277.844790 13238.730073 14039.037416 13299.182867 14087.185001
13235.212561 14039.435797 13209.847788 14034.267991 13299.589831 14097.837230 13112.828050 14277.330304 13227.290981 14039.601698 13299.457357 14094.369759
13235.212561 14039.435797 13209.847788 14034.267991 13299.589831 14097.837230 13112.828050 14277.330304 13227.290981 14039.601698 13299.457357 14094.369759
13235.212561 14039.435797 13209.847788 14034.267991 13299.589831 14097.837230 13112.828050 14277.330304 13227.290981 14039.601698 13299.457357 14094.369759
13235.212561 14039.435797 13209.847788 14034.267991 13299.589831 14097.837230 13112.828050 14277.330304 13227.290981 14039.601698 13299.457357 14094.369759
13235.212561 14039.435797 13209.847788 14034.267991 13299.589831 14097.837230 13112.828050 14277.330304 13227.290981 14039.601698 13299.457357 14094.369759
13235.212561 14039.435797 13209.847788 14034.267991 13299.589831 14097.837230 13112.828050 14277.330304 13227.290981 14039.601698 13299.457357 14094.369759
13235.212561 14039.435797 13209.847788 14034.267991 13299.589831 14097.837230 13112.828050 14277.330304 13227.290981 14039.601698 13299.457357 14094.369759
13235.212561 14039.435797 13209.847788 14034.267991 13299.589831 14097.837230 13112.828050 14277.330304 13227.290981 14039.601698 13299.457357 14094.369759
13235.212561 14039.435797 13209.847788 14034.267991 13299.589831 14097.837230 13112.828050 14277.330304 13227.290981 14039.601698 13299.457357 14094.369759
13235.212561 14039.435797 13209.847788 14034.267991 13299.589831 14097.837230 13112.828050 14277.330304 13227.290981 14039.601698 13299.457357 14094.369759
13223.288252 14040.053485 13204.128533 14029.322192 13299.877302 14105.361740 13104.198041 14276.310973 13220.102323 14040.214606 13299.747119 14101.954226
13223.288252 14040.053485 13204.128533 14029.322192 13299.877302 14105.361740 13104.198041 14276.310973 13220.102323 14040.214606 13299.747119 14101.954226
13223.288252 14040.053485 13204.128533 14029.322192 13299.877302 14105.361740 13104.198041 14276.310973 13220.102323 14040.214606 13299.747119 14101.954226
13223.288252 14040.053485 13204.128533 14029.322192 13299.877302 14105.361740 13104.198041 14276.310973 13220.102323 14040.214606 13299.747119 14101.954226
13223.288252 14040.053485 13204.128533 14029.322192 13299.877302 14105.361740 13104.198041 14276.310973 13220.102323 14040.214606 13299.747119 14101.954226
13223.288252 14040.053485 13204.128533 14029.322192 13299.877302 14105.361740 13104.198041 14276.310973 13220.102323 14040.214606 13299.747119 14101.954226
13223.288252 14040.053485 13204.128533 14029.322192 13299.877302 14105.361740 13104.198041 14276.310973 13220.102323 14040.214606 13299.747119 14101.954226
13223.288252 14040.053485 13204.128533 14029.322192 13299.877302 14105.361740 13104.198041 14276.310973 13220.102323 14040.214606 13299.747119 14101.954226
13223.288252 14040.053485 13204.128533 14029.322192 13299.877302 14105.361740 13104.198041 14276.310973 13220.102323 14040.214606 13299.747119 14101.954226
13223.288252 14040.053485 13204.128533 14029.322192 13299.877302 14105.361740 13104.198041 14276.310973 13220.102323 14040.214606 13299.747119 14101.954226
13215.807811 14040.431790 13199.325526 14023.561886 13300.189206 14113.525784 13093.462666 14275.042968 13212.569080 14039.682178 13300.030391 14109.368817
13215.807811 14040.431790 13199.325526 14023.561886 13300.189206 14113.525784 13093.462666 14275.042968 13212.569080 14039.682178 13300.030391 14109.368817
13215.807811 14040.431790 13199.325526 14023.561886 13300.189206 14113.525784 13093.462666 14275.042968 13212.569080 14039.682178 13300.030391 14109.368817
13215.807811 14040.431790 13199.325526 14023.561886 13300.189206 14113.525784 13093.462666 14275.042968 13212.569080 14039.682178 13300.030391 14109.368817
13215.807811 14040.431790 13199.325526 14023.561886 13300.189206 14113.525784 13093.462666 14275.042968 13212.569080 14039.682178 13300.030391 14109.368817
13215.807811 14040.431790 13199.325526 14023.561886 13300.189206 14113.525784 13093.462666 14275.042968 13212.569080 14039.682178 13300.030391 14109.368817
13215.807811 14040.431790 13199.325526 14023.561886 13300.189206 14113.525784 13093.462666 14275.042968 13212.569080 14039.682178 13300.030391 14109.368817
13215.807811 14040.431790 13199.325526 14023.561886 13300.189206 14113.525784 13093.462666 14275.042968 13212.569080 14039.682178 13300.030391 14109.368817
13215.807811 14040.431790 13199.325526 14023.561886 13300.189206 14113.525784 13093.462666 14275.042968 13212.569080 14039.682178 13300.030391 14109.368817
13215.807811 14040.431790 13199.325526 14023.561886 13300.189206 14113.525784 13093.462666 14275.042968 13212.569080 14039.682178 13300.030391 14109.368817
13208.583441 14038.525814 13195.022786 14017.048066 13300.494620 14121.519952 13080.880132 14273.556787 13199.206272 14035.596649 13300.313662 14116.783408
13208.583441 14038.525814 13195.022786 14017.048066 13300.494620 14121.519952 13080.880132 14273.556787 13199.206272 14035.596649 13300.313662 14116.783408
13208.583441 14038.525814 13195.022786 14017.048066 13300.494620 14121.519952 13080.880132 14273.556787 13199.206272 14035.596649 13300.313662 14116.783408
13208.583441 14038.525814 13195.022786 14017.048066 13300.494620 14121.519952 13080.880132 14273.556787 13199.206272 14035.596649 13300.313662 14116.783408
13208.583441 14038.525814 13195.022786 14017.048066 13300.494620 14121.519952 13080.880132 14273.556787 13199.206272 14035.596649 13300.313662 14116.783408
13208.583441 14038.525814 13195.022786 14017.048066 13300.494620 14121.519952 13080.880132 14273.556787 13199.206272 14035.596649 13300.313662 14116.783408
13208.583441 14038.525814 13195.022786 14017.048066 13300.494620 14121.519952 13080.880132 14273.556787 13199.206272 14035.596649 13300.313662 14116.783408
13208.583441 14038.525814 13195.022786 14017.048066 13300.494620 14121.519952 13080.880132 14273.556787 13199.206272 14035.596649 13300.313662 14116.783408
13208.583441 14038.525814 13195.022786 14017.048066 13300.494620 14121.519952 13080.880132 14273.556787 13199.206272 14035.596649 13300.313662 14116.783408
13208.583441 14038.525814 13195.022786 14017.048066 13300.494620 14121.519952 13080.880132 14273.556787 13199.206272 14035.596649 13300.313662 14116.783408
13191.934423 14027.538044 13190.867935 14010.317144 13301.037627 14129.780330 13067.403811 14271.965036 13190.246519 14024.749034 13300.622017 14124.687260
13191.934423 14027.538044 13190.867935 14010.317144 13301.037627 14129.780330 13067.403811 14271.965036 13190.246519 14024.749034 13300.622017 14124.687260
13191.934423 14027.538044 13190.867935 14010.317144 13301.037627 14129.780330 13067.403811 14271.965036 13190.246519 14024.749034 13300.622017 14124.687260
13191.934423 14027.538044 13190.867935 14010.317144 13301.037627 14129.780330 13067.403811 14271.965036 13190.246519 14024.749034 13300.622017 14124.687260
13191.934423 14027.538044 13190.867935 14010.317144 13301.037627 14129.780330 13067.403811 14271.965036 13190.246519 14024.749034 13300.622017 14124.687260
13191.934423 14027.538044 13190.867935 14010.317144 13301.037627 14129.780330 13067.403811 14271.965036 13190.246519 14024.749034 13300.622017 14124.687260
13191.934423 14027.538044 13190.867935 14010.317144 13301.037627 14129.780330 13067.403811 14271.965036 13190.246519 14024.749034 13300.622017 14124.687260
13191.934423 14027.538044 13190.867935 14010.317144 13301.037627 14129.780330 13067.403811 14271.965036 13190.246519 14024.749034 13300.622017 14124.687260
13191.934423 14027.538044 13190.867935 14010.317144 13301.037627 14129.780330 13067.403811 14271.965036 13190.246519 14024.749034 13300.622017 14124.687260
13191.934423 14027.538044 13190.867935 14010.317144 13301.037627 14129.780330 13067.403811 14271.965036 13190.246519 14024.749034 13300.622017 14124.687260
13187.989077 14021.018946 13186.933695 14003.943616 13301.624848 14136.976411 13054.602796 14270.453049 13186.290818 14018.212824 13301.275931 14132.700623
13187.989077 14021.018946 13186.933695 14003.943616 13301.624848 14136.976411 13054.602796 14270.453049 13186.290818 14018.212824 13301.275931 14132.700623
13187.989077 14021.018946 13186.933695 14003.943616 13301.624848 14136.976411 13054.602796 14270.453049 13186.290818 14018.212824 13301.275931 14132.700623
13187.989077 14021.018946 13186.933695 14003.943616 13301.624848 14136.976411 13054.602796 14270.453049 13186.290818 14018.212824 13301.275931 14132.700623
13187.989077 14021.018946 13186.933695 14003.943616 13301.624848 14136.976411 13054.602796 14270.453049 13186.290818 14018.212824 13301.275931 14132.700623
13187.989077 14021.018946 13186.933695 14003.943616 13301.624848 14136.976411 13054.602796 14270.453049 13186.290818 14018.212824 13301.275931 14132.700623
13187.989077 14021.018946 13186.933695 14003.943616 13301.624848 14136.976411 13054.602796 14270.453049 13186.290818 14018.212824 13301.275931 14132.700623
13187.989077 14021.018946 13186.933695 14003.943616 13301.624848 14136.976411 13054.602796 14270.453049 13186.290818 14018.212824 13301.275931 14132.700623
13187.989077 14021.018946 13186.933695 14003.943616 13301.624848 14136.976411 13054.602796 14270.453049 13186.290818 14018.212824 13301.275931 14132.700623
13187.989077 14021.018946 13186.933695 14003.943616 13301.624848 14136.976411 13054.602796 14270.453049 13186.290818 14018.212824 13301.275931 14132.700623
