13010.148324 14193.716467 13007.047151 14433.806317 13396.676910 14004.149763 13400.541848 14003.268689 13433.840000 14172.770000 13396.691173 14004.112392
13010.148324 14193.716467 13007.047151 14433.806317 13396.676910 14004.149763 13400.541848 14003.268689 13433.840000 14172.770000 13396.691173 14004.112392
13010.148324 14193.716467 13007.047151 14433.806317 13396.676910 14004.149763 13400.541848 14003.268689 13433.840000 14172.770000 13396.691173 14004.112392
13010.148324 14193.716467 13007.047151 14433.806317 13396.676910 14004.149763 13400.541848 14003.268689 13433.840000 14172.770000 13396.691173 14004.112392
13010.148324 14193.716467 13007.047151 14433.806317 13396.676910 14004.149763 13400.541848 14003.268689 13433.840000 14172.770000 13396.691173 14004.112392
13010.148324 14193.716467 13007.047151 14433.806317 13396.676910 14004.149763 13400.541848 14003.268689 13433.840000 14172.770000 13396.691173 14004.112392
13010.148324 14193.716467 13007.047151 14433.806317 13396.676910 14004.149763 13400.541848 14003.268689 13433.840000 14172.770000 13396.691173 14004.112392
13010.148324 14193.716467 13007.047151 14433.806317 13396.676910 14004.149763 13400.541848 14003.268689 13433.840000 14172.770000 13396.691173 14004.112392
13010.148324 14193.716467 13007.047151 14433.806317 13396.676910 14004.149763 13400.541848 14003.268689 13433.840000 14172.770000 13396.691173 14004.112392
13010.148324 14193.716467 13007.047151 14433.806317 13396.676910 14004.149763 13400.541848 14003.268689 13433.840000 14172.770000 13396.691173 14004.112392
13023.418356 14193.202018 13017.958752 14434.782782 13393.505349 14009.050732 13397.173911 14009.704223 13433.943280 14174.807384 13392.231561 14010.695075
13023.418356 14193.202018 13017.958752 14434.782782 13393.505349 14009.050732 13397.173911 14009.704223 13433.943280 14174.807384 13392.231561 14010.695075
13023.418356 14193.202018 13017.958752 14434.782782 13393.505349 14009.050732 13397.173911 14009.704223 13433.943280 14174.807384 13392.231561 14010.695075
13023.418356 14193.202018 13017.958752 14434.782782 13393.505349 14009.050732 13397.173911 14009.704223 13433.943280 14174.807384 13392.231561 14010.695075
13023.418356 14193.202018 13017.958752 14434.782782 13393.505349 14009.050732 13397.173911 14009.704223 13433.943280 14174.807384 13392.231561 14010.695075
13023.418356 14193.202018 13017.958752 14434.782782 13393.505349 14009.050732 13397.173911 14009.704223 13433.943280 14174.807384 13392.231561 14010.695075
13023.418356 14193.202018 13017.958752 14434.782782 13393.505349 14009.050732 13397.173911 14009.704223 13433.943280 14174.807384 13392.231561 14010.695075
13023.418356 14193.202018 13017.958752 14434.782782 13393.505349 14009.050732 13397.173911 14009.704223 13433.943280 14174.807384 13392.231561 14010.695075
13023.418356 14193.202018 13017.958752 14434.782782 13393.505349 14009.050732 13397.173911 14009.704223 13433.943280 14174.807384 13392.231561 14010.695075
13023.418356 14193.202018 13017.958752 14434.782782 13393.505349 14009.050732 13397.173911 14009.704223 13433.943280 14174.807384 13392.231561 14010.695075
13036.428583 14192.697641 13025.668312 14436.092396 13393.044367 14014.816275 13391.966862 14015.595944 13434.140726 14178.702383 13386.067211 14015.782854
13036.428583 14192.697641 13025.668312 14436.092396 13393.044367 14014.816275 13391.966862 14015.595944 13434.140726 14178.702383 13386.067211 14015.782854
13036.428583 14192.697641 13025.668312 14436.092396 13393.044367 14014.816275 13391.966862 14015.595944 13434.140726 14178.702383 13386.067211 14015.782854
13036.428583 14192.697641 13025.668312 14436.092396 13393.044367 14014.816275 13391.966862 14015.595944 13434.140726 14178.702383 13386.067211 14015.782854
13036.428583 14192.697641 13025.668312 14436.092396 13393.044367 14014.816275 13391.966862 14015.595944 13434.140726 14178.702383 13386.067211 14015.782854
13036.428583 14192.697641 13025.668312 14436.092396 13393.044367 14014.816275 13391.966862 14015.595944 13434.140726 14178.702383 13386.067211 14015.782854
13036.428583 14192.697641 13025.668312 14436.092396 13393.044367 14014.816275 13391.966862 14015.595944 13434.140726 14178.702383 13386.067211 14015.782854
13036.428583 14192.697641 13025.668312 14436.092396 13393.044367 14014.816275 13391.966862 14015.595944 13434.140726 14178.702383 13386.067211 14015.782854
13036.428583 14192.697641 13025.668312 14436.092396 13393.044367 14014.816275 13391.966862 14015.595944 13434.140726 14178.702383 13386.067211 14015.782854
13036.428583 14192.697641 13025.668312 14436.092396 13393.044367 14014.816275 13391.966862 14015.595944 13434.140726 14178.702383 13386.067211 14015.782854
13049.648652 14192.185128 13031.386399 14437.063721 13388.272560 14018.269094 13386.020331 14019.898777 13434.458159 14184.964342 13379.077782 14019.994481
13049.648652 14192.185128 13031.386399 14437.063721 13388.272560 14018.269094 13386.020331 14019.898777 13434.458159 14184.964342 13379.077782 14019.994481
13049.648652 14192.185128 13031.386399 14437.063721 13388.272560 14018.269094 13386.020331 14019.898777 13434.458159 14184.964342 13379.077782 14019.994481
13049.648652 14192.185128 13031.386399 14437.063721 13388.272560 14018.269094 13386.020331 14019.898777 13434.458159 14184.964342 13379.077782 14019.994481
13049.648652 14192.185128 13031.386399 14437.063721 13388.272560 14018.269094 13386.020331 14019.898777 13434.458159 14184.964342 13379.077782 14019.994481
13049.648652 14192.185128 13031.386399 14437.063721 13388.272560 14018.269094 13386.020331 14019.898777 13434.458159 14184.964342 13379.077782 14019.994481
13049.648652 14192.185128 13031.386399 14437.063721 13388.272560 14018.269094 13386.020331 14019.898777 13434.458159 14184.964342 13379.077782 14019.994481
13049.648652 14192.185128 13031.386399 14437.063721 13388.272560 14018.269094 13386.020331 14019.898777 13434.458159 14184.964342 13379.077782 14019.994481
13049.648652 14192.185128 13031.386399 14437.063721 13388.272560 14018.269094 13386.020331 14019.898777 13434.458159 14184.964342 13379.077782 14019.994481
13049.648652 14192.185128 13031.386399 14437.063721 13388.272560 14018.269094 13386.020331 14019.898777 13434.458159 14184.964342 13379.077782 14019.994481
13063.328376 14191.654796 13037.419968 14438.088636 13382.702155 14021.798378 13379.151052 14023.682540 13434.857608 14192.844224 13372.185360 14021.860246
13063.328376 14191.654796 13037.419968 14438.088636 13382.702155 14021.798378 13379.151052 14023.682540 13434.857608 14192.844224 13372.185360 14021.860246
13063.328376 14191.654796 13037.419968 14438.088636 13382.702155 14021.798378 13379.151052 14023.682540 13434.857608 14192.844224 13372.185360 14021.860246
13063.328376 14191.654796 13037.419968 14438.088636 13382.702155 14021.798378 13379.151052 14023.682540 13434.857608 14192.844224 13372.185360 14021.860246
13063.328376 14191.654796 13037.419968 14438.088636 13382.702155 14021.798378 13379.151052 14023.682540 13434.857608 14192.844224 13372.185360 14021.860246
13063.328376 14191.654796 13037.419968 14438.088636 13382.702155 14021.798378 13379.151052 14023.682540 13434.857608 14192.844224 13372.185360 14021.860246
13063.328376 14191.654796 13037.419968 14438.088636 13382.702155 14021.798378 13379.151052 14023.682540 13434.857608 14192.844224 13372.185360 14021.860246
13063.328376 14191.654796 13037.419968 14438.088636 13382.702155 14021.798378 13379.151052 14023.682540 13434.857608 14192.844224 13372.185360 14021.860246
13063.328376 14191.654796 13037.419968 14438.088636 13382.702155 14021.798378 13379.151052 14023.682540 13434.857608 14192.844224 13372.185360 14021.860246
13063.328376 14191.654796 13037.419968 14438.088636 13382.702155 14021.798378 13379.151052 14023.682540 13434.857608 14192.844224 13372.185360 14021.860246
13076.618393 14191.139572 13042.970457 14439.031490 13376.098519 14024.645633 13372.166935 14025.196581 13435.336035 14202.282106 13364.698647 14022.910348
13076.618393 14191.139572 13042.970457 14439.031490 13376.098519 14024.645633 13372.166935 14025.196581 13435.336035 14202.282106 13364.698647 14022.910348
13076.618393 14191.139572 13042.970457 14439.031490 13376.098519 14024.645633 13372.166935 14025.196581 13435.336035 14202.282106 13364.698647 14022.910348
13076.618393 14191.139572 13042.970457 14439.031490 13376.098519 14024.645633 13372.166935 14025.196581 13435.336035 14202.282106 13364.698647 14022.910348
13076.618393 14191.139572 13042.970457 14439.031490 13376.098519 14024.645633 13372.166935 14025.196581 13435.336035 14202.282106 13364.698647 14022.910348
13076.618393 14191.139572 13042.970457 14439.031490 13376.098519 14024.645633 13372.166935 14025.196581 13435.336035 14202.282106 13364.698647 14022.910348
13076.618393 14191.139572 13042.970457 14439.031490 13376.098519 14024.645633 13372.166935 14025.196581 13435.336035 14202.282106 13364.698647 14022.910348
13076.618393 14191.139572 13042.970457 14439.031490 13376.098519 14024.645633 13372.166935 14025.196581 13435.336035 14202.282106 13364.698647 14022.910348
13076.618393 14191.139572 13042.970457 14439.031490 13376.098519 14024.645633 13372.166935 14025.196581 13435.336035 14202.282106 13364.698647 14022.910348
13076.618393 14191.139572 13042.970457 14439.031490 13376.098519 14024.645633 13372.166935 14025.196581 13435.336035 14202.282106 13364.698647 14022.910348
13089.688575 14190.632870 13050.334959 14440.282490 13369.275190 14025.601813 13364.392895 14026.285988 13435.905085 14213.507692 13357.419897 14023.931281
13089.688575 14190.632870 13050.334959 14440.282490 13369.275190 14025.601813 13364.392895 14026.285988 13435.905085 14213.507692 13357.419897 14023.931281
13089.688575 14190.632870 13050.334959 14440.282490 13369.275190 14025.601813 13364.392895 14026.285988 13435.905085 14213.507692 13357.419897 14023.931281
13089.688575 14190.632870 13050.334959 14440.282490 13369.275190 14025.601813 13364.392895 14026.285988 13435.905085 14213.507692 13357.419897 14023.931281
13089.688575 14190.632870 13050.334959 14440.282490 13369.275190 14025.601813 13364.392895 14026.285988 13435.905085 14213.507692 13357.419897 14023.931281
13089.688575 14190.632870 13050.334959 14440.282490 13369.275190 14025.601813 13364.392895 14026.285988 13435.905085 14213.507692 13357.419897 14023.931281
13089.688575 14190.632870 13050.334959 14440.282490 13369.275190 14025.601813 13364.392895 14026.285988 13435.905085 14213.507692 13357.419897 14023.931281
13089.688575 14190.632870 13050.334959 14440.282490 13369.275190 14025.601813 13364.392895 14026.285988 13435.905085 14213.507692 13357.419897 14023.931281
13089.688575 14190.632870 13050.334959 14440.282490 13369.275190 14025.601813 13364.392895 14026.285988 13435.905085 14213.507692 13357.419897 14023.931281
13089.688575 14190.632870 13050.334959 14440.282490 13369.275190 14025.601813 13364.392895 14026.285988 13435.905085 14213.507692 13357.419897 14023.931281
13102.409019 14190.139727 13054.939077 14441.259703 13361.719022 14026.660688 13357.114018 14027.306006 13436.538432 14226.001649 13349.952989 14024.978605
13102.409019 14190.139727 13054.939077 14441.259703 13361.719022 14026.660688 13357.114018 14027.306006 13436.538432 14226.001649 13349.952989 14024.978605
13102.409019 14190.139727 13054.939077 14441.259703 13361.719022 14026.660688 13357.114018 14027.306006 13436.538432 14226.001649 13349.952989 14024.978605
13102.409019 14190.139727 13054.939077 14441.259703 13361.719022 14026.660688 13357.114018 14027.306006 13436.538432 14226.001649 13349.952989 14024.978605
13102.409019 14190.139727 13054.939077 14441.259703 13361.719022 14026.660688 13357.114018 14027.306006 13436.538432 14226.001649 13349.952989 14024.978605
13102.409019 14190.139727 13054.939077 14441.259703 13361.719022 14026.660688 13357.114018 14027.306006 13436.538432 14226.001649 13349.952989 14024.978605
13102.409019 14190.139727 13054.939077 14441.259703 13361.719022 14026.660688 13357.114018 14027.306006 13436.538432 14226.001649 13349.952989 14024.978605
13102.409019 14190.139727 13054.939077 14441.259703 13361.719022 14026.660688 13357.114018 14027.306006 13436.538432 14226.001649 13349.952989 14024.978605
13102.409019 14190.139727 13054.939077 14441.259703 13361.719022 14026.660688 13357.114018 14027.306006 13436.538432 14226.001649 13349.952989 14024.978605
13102.409019 14190.139727 13054.939077 14441.259703 13361.719022 14026.660688 13357.114018 14027.306006 13436.538432 14226.001649 13349.952989 14024.978605
13110.942609 14189.808899 13092.344506 14451.113615 13354.737241 14027.639073 13349.518236 14028.370433 13437.217343 14239.394452 13342.802979 14025.981480
13110.942609 14189.808899 13092.344506 14451.113615 13354.737241 14027.639073 13349.518236 14028.370433 13437.217343 14239.394452 13342.802979 14025.981480
13110.942609 14189.808899 13092.344506 14451.113615 13354.737241 14027.639073 13349.518236 14028.370433 13437.217343 14239.394452 13342.802979 14025.981480
13110.942609 14189.808899 13092.344506 14451.113615 13354.737241 14027.639073 13349.518236 14028.370433 13437.217343 14239.394452 13342.802979 14025.981480
13110.942609 14189.808899 13092.344506 14451.113615 13354.737241 14027.639073 13349.518236 14028.370433 13437.217343 14239.394452 13342.802979 14025.981480
13110.942609 14189.808899 13092.344506 14451.113615 13354.737241 14027.639073 13349.518236 14028.370433 13437.217343 14239.394452 13342.802979 14025.981480
13110.942609 14189.808899 13092.344506 14451.113615 13354.737241 14027.639073 13349.518236 14028.370433 13437.217343 14239.394452 13342.802979 14025.981480
13110.942609 14189.808899 13092.344506 14451.113615 13354.737241 14027.639073 13349.518236 14028.370433 13437.217343 14239.394452 13342.802979 14025.981480
13110.942609 14189.808899 13092.344506 14451.113615 13354.737241 14027.639073 13349.518236 14028.370433 13437.217343 14239.394452 13342.802979 14025.981480
13110.942609 14189.808899 13092.344506 14451.113615 13354.737241 14027.639073 13349.518236 14028.370433 13437.217343 14239.394452 13342.802979 14025.981480
13116.428488 14189.596223 13100.343111 14454.428165 13347.894106 14028.598028 13342.130423 14029.405716 13437.881573 14252.497628 13335.306362 14027.032972
13116.428488 14189.596223 13100.343111 14454.428165 13347.894106 14028.598028 13342.130423 14029.405716 13437.881573 14252.497628 13335.306362 14027.032972
13116.428488 14189.596223 13100.343111 14454.428165 13347.894106 14028.598028 13342.130423 14029.405716 13437.881573 14252.497628 13335.306362 14027.032972
13116.428488 14189.596223 13100.343111 14454.428165 13347.894106 14028.598028 13342.130423 14029.405716 13437.881573 14252.497628 13335.306362 14027.032972
13116.428488 14189.596223 13100.343111 14454.428165 13347.894106 14028.598028 13342.130423 14029.405716 13437.881573 14252.497628 13335.306362 14027.032972
13116.428488 14189.596223 13100.343111 14454.428165 13347.894106 14028.598028 13342.130423 14029.405716 13437.881573 14252.497628 13335.306362 14027.032972
13116.428488 14189.596223 13100.343111 14454.428165 13347.894106 14028.598028 13342.130423 14029.405716 13437.881573 14252.497628 13335.306362 14027.032972
13116.428488 14189.596223 13100.343111 14454.428165 13347.894106 14028.598028 13342.130423 14029.405716 13437.881573 14252.497628 13335.306362 14027.032972
13116.428488 14189.596223 13100.343111 14454.428165 13347.894106 14028.598028 13342.130423 14029.405716 13437.881573 14252.497628 13335.306362 14027.032972
13116.428488 14189.596223 13100.343111 14454.428165 13347.894106 14028.598028 13342.130423 14029.405716 13437.881573 14252.497628 13335.306362 14027.032972
13119.566131 14189.474584 13109.436428 14458.707661 13340.734066 14029.601393 13334.683190 14030.449326 13443.762470 14266.725631 13328.067225 14028.048348
13119.566131 14189.474584 13109.436428 14458.707661 13340.734066 14029.601393 13334.683190 14030.449326 13443.762470 14266.725631 13328.067225 14028.048348
13119.566131 14189.474584 13109.436428 14458.707661 13340.734066 14029.601393 13334.683190 14030.449326 13443.762470 14266.725631 13328.067225 14028.048348
13119.566131 14189.474584 13109.436428 14458.707661 13340.734066 14029.601393 13334.683190 14030.449326 13443.762470 14266.725631 13328.067225 14028.048348
13119.566131 14189.474584 13109.436428 14458.707661 13340.734066 14029.601393 13334.683190 14030.449326 13443.762470 14266.725631 13328.067225 14028.048348
13119.566131 14189.474584 13109.436428 14458.707661 13340.734066 14029.601393 13334.683190 14030.449326 13443.762470 14266.725631 13328.067225 14028.048348
13119.566131 14189.474584 13109.436428 14458.707661 13340.734066 14029.601393 13334.683190 14030.449326 13443.762470 14266.725631 13328.067225 14028.048348
13119.566131 14189.474584 13109.436428 14458.707661 13340.734066 14029.601393 13334.683190 14030.449326 13443.762470 14266.725631 13328.067225 14028.048348
13119.566131 14189.474584 13109.436428 14458.707661 13340.734066 14029.601393 13334.683190 14030.449326 13443.762470 14266.725631 13328.067225 14028.048348
13119.566131 14189.474584 13109.436428 14458.707661 13340.734066 14029.601393 13334.683190 14030.449326 13443.762470 14266.725631 13328.067225 14028.048348
13124.643345 14195.949994 13124.971395 14468.557114 13332.960027 14030.690800 13327.424118 14031.466569 13457.155344 14263.612206 13320.560705 14029.101229
13124.643345 14195.949994 13124.971395 14468.557114 13332.960027 14030.690800 13327.424118 14031.466569 13457.155344 14263.612206 13320.560705 14029.101229
13124.643345 14195.949994 13124.971395 14468.557114 13332.960027 14030.690800 13327.424118 14031.466569 13457.155344 14263.612206 13320.560705 14029.101229
13124.643345 14195.949994 13124.971395 14468.557114 13332.960027 14030.690800 13327.424118 14031.466569 13457.155344 14263.612206 13320.560705 14029.101229
13124.643345 14195.949994 13124.971395 14468.557114 13332.960027 14030.690800 13327.424118 14031.466569 13457.155344 14263.612206 13320.560705 14029.101229
13124.643345 14195.949994 13124.971395 14468.557114 13332.960027 14030.690800 13327.424118 14031.466569 13457.155344 14263.612206 13320.560705 14029.101229
13124.643345 14195.949994 13124.971395 14468.557114 13332.960027 14030.690800 13327.424118 14031.466569 13457.155344 14263.612206 13320.560705 14029.101229
13124.643345 14195.949994 13124.971395 14468.557114 13332.960027 14030.690800 13327.424118 14031.466569 13457.155344 14263.612206 13320.560705 14029.101229
13124.643345 14195.949994 13124.971395 14468.557114 13332.960027 14030.690800 13327.424118 14031.466569 13457.155344 14263.612206 13320.560705 14029.101229
13124.643345 14195.949994 13124.971395 14468.557114 13332.960027 14030.690800 13327.424118 14031.466569 13457.155344 14263.612206 13320.560705 14029.101229
13124.630452 14202.749981 13135.749729 14476.142621 13324.750245 14031.841269 13319.412401 14032.589282 13470.051465 14260.614261 13313.143312 14030.141608
13124.630452 14202.749981 13135.749729 14476.142621 13324.750245 14031.841269 13319.412401 14032.589282 13470.051465 14260.614261 13313.143312 14030.141608
13124.630452 14202.749981 13135.749729 14476.142621 13324.750245 14031.841269 13319.412401 14032.589282 13470.051465 14260.614261 13313.143312 14030.141608
13124.630452 14202.749981 13135.749729 14476.142621 13324.750245 14031.841269 13319.412401 14032.589282 13470.051465 14260.614261 13313.143312 14030.141608
13124.630452 14202.749981 13135.749729 14476.142621 13324.750245 14031.841269 13319.412401 14032.589282 13470.051465 14260.614261 13313.143312 14030.141608
13124.630452 14202.749981 13135.749729 14476.142621 13324.750245 14031.841269 13319.412401 14032.589282 13470.051465 14260.614261 13313.143312 14030.141608
13124.630452 14202.749981 13135.749729 14476.142621 13324.750245 14031.841269 13319.412401 14032.589282 13470.051465 14260.614261 13313.143312 14030.141608
13124.630452 14202.749981 13135.749729 14476.142621 13324.750245 14031.841269 13319.412401 14032.589282 13470.051465 14260.614261 13313.143312 14030.141608
13124.630452 14202.749981 13135.749729 14476.142621 13324.750245 14031.841269 13319.412401 14032.589282 13470.051465 14260.614261 13313.143312 14030.141608
13124.630452 14202.749981 13135.749729 14476.142621 13324.750245 14031.841269 13319.412401 14032.589282 13470.051465 14260.614261 13313.143312 14030.141608
13124.613862 14211.499966 13145.767529 14483.192883 13317.332722 14032.880716 13312.291975 14033.587096 13480.726803 14258.132578 13305.785338 14031.173652
13124.613862 14211.499966 13145.767529 14483.192883 13317.332722 14032.880716 13312.291975 14033.587096 13480.726803 14258.132578 13305.785338 14031.173652
13124.613862 14211.499966 13145.767529 14483.192883 13317.332722 14032.880716 13312.291975 14033.587096 13480.726803 14258.132578 13305.785338 14031.173652
13124.613862 14211.499966 13145.767529 14483.192883 13317.332722 14032.880716 13312.291975 14033.587096 13480.726803 14258.132578 13305.785338 14031.173652
13124.613862 14211.499966 13145.767529 14483.192883 13317.332722 14032.880716 13312.291975 14033.587096 13480.726803 14258.132578 13305.785338 14031.173652
13124.613862 14211.499966 13145.767529 14483.192883 13317.332722 14032.880716 13312.291975 14033.587096 13480.726803 14258.132578 13305.785338 14031.173652
13124.613862 14211.499966 13145.767529 14483.192883 13317.332722 14032.880716 13312.291975 14033.587096 13480.726803 14258.132578 13305.785338 14031.173652
13124.613862 14211.499966 13145.767529 14483.192883 13317.332722 14032.880716 13312.291975 14033.587096 13480.726803 14258.132578 13305.785338 14031.173652
13124.613862 14211.499966 13145.767529 14483.192883 13317.332722 14032.880716 13312.291975 14033.587096 13480.726803 14258.132578 13305.785338 14031.173652
13124.613862 14211.499966 13145.767529 14483.192883 13317.332722 14032.880716 13312.291975 14033.587096 13480.726803 14258.132578 13305.785338 14031.173652
13124.594276 14221.829947 13154.100702 14489.057551 13309.994424 14033.909061 13297.361835 14039.519774 13487.629346 14256.470459 13289.418385 14036.618549
13124.594276 14221.829947 13154.100702 14489.057551 13309.994424 14033.909061 13297.361835 14039.519774 13487.629346 14256.470459 13289.418385 14036.618549
13124.594276 14221.829947 13154.100702 14489.057551 13309.994424 14033.909061 13297.361835 14039.519774 13487.629346 14256.470459 13289.418385 14036.618549
13124.594276 14221.829947 13154.100702 14489.057551 13309.994424 14033.909061 13297.361835 14039.519774 13487.629346 14256.470459 13289.418385 14036.618549
13124.594276 14221.829947 13154.100702 14489.057551 13309.994424 14033.909061 13297.361835 14039.519774 13487.629346 14256.470459 13289.418385 14036.618549
13124.594276 14221.829947 13154.100702 14489.057551 13309.994424 14033.909061 13297.361835 14039.519774 13487.629346 14256.470459 13289.418385 14036.618549
13124.594276 14221.829947 13154.100702 14489.057551 13309.994424 14033.909061 13297.361835 14039.519774 13487.629346 14256.470459 13289.418385 14036.618549
13124.594276 14221.829947 13154.100702 14489.057551 13309.994424 14033.909061 13297.361835 14039.519774 13487.629346 14256.470459 13289.418385 14036.618549
13124.594276 14221.829947 13154.100702 14489.057551 13309.994424 14033.909061 13297.361835 14039.519774 13487.629346 14256.470459 13289.418385 14036.618549
13124.594276 14221.829947 13154.100702 14489.057551 13309.994424 14033.909061 13297.361835 14039.519774 13487.629346 14256.470459 13289.418385 14036.618549
13124.571353 14233.919925 13161.681518 14494.392729 13294.183694 14042.577645 13297.637471 14046.734511 13492.192422 14255.344253 13281.667934 14037.496336
13124.571353 14233.919925 13161.681518 14494.392729 13294.183694 14042.577645 13297.637471 14046.734511 13492.192422 14255.344253 13281.667934 14037.496336
13124.571353 14233.919925 13161.681518 14494.392729 13294.183694 14042.577645 13297.637471 14046.734511 13492.192422 14255.344253 13281.667934 14037.496336
13124.571353 14233.919925 13161.681518 14494.392729 13294.183694 14042.577645 13297.637471 14046.734511 13492.192422 14255.344253 13281.667934 14037.496336
13124.571353 14233.919925 13161.681518 14494.392729 13294.183694 14042.577645 13297.637471 14046.734511 13492.192422 14255.344253 13281.667934 14037.496336
13124.571353 14233.919925 13161.681518 14494.392729 13294.183694 14042.577645 13297.637471 14046.734511 13492.192422 14255.344253 13281.667934 14037.496336
13124.571353 14233.919925 13161.681518 14494.392729 13294.183694 14042.577645 13297.637471 14046.734511 13492.192422 14255.344253 13281.667934 14037.496336
13124.571353 14233.919925 13161.681518 14494.392729 13294.183694 14042.577645 13297.637471 14046.734511 13492.192422 14255.344253 13281.667934 14037.496336
13124.571353 14233.919925 13161.681518 14494.392729 13294.183694 14042.577645 13297.637471 14046.734511 13492.192422 14255.344253 13281.667934 14037.496336
13124.571353 14233.919925 13161.681518 14494.392729 13294.183694 14042.577645 13297.637471 14046.734511 13492.192422 14255.344253 13281.667934 14037.496336
13124.545548 14247.529901 13167.831525 14499.347728 13294.468382 14050.052226 13297.926469 14054.298992 13493.823479 14254.941695 13273.579643 14038.412387
13124.545548 14247.529901 13167.831525 14499.347728 13294.468382 14050.052226 13297.926469 14054.298992 13493.823479 14254.941695 13273.579643 14038.412387
13124.545548 14247.529901 13167.831525 14499.347728 13294.468382 14050.052226 13297.926469 14054.298992 13493.823479 14254.941695 13273.579643 14038.412387
13124.545548 14247.529901 13167.831525 14499.347728 13294.468382 14050.052226 13297.926469 14054.298992 13493.823479 14254.941695 13273.579643 14038.412387
13124.545548 14247.529901 13167.831525 14499.347728 13294.468382 14050.052226 13297.926469 14054.298992 13493.823479 14254.941695 13273.579643 14038.412387
13124.545548 14247.529901 13167.831525 14499.347728 13294.468382 14050.052226 13297.926469 14054.298992 13493.823479 14254.941695 13273.579643 14038.412387
13124.545548 14247.529901 13167.831525 14499.347728 13294.468382 14050.052226 13297.926469 14054.298992 13493.823479 14254.941695 13273.579643 14038.412387
13124.545548 14247.529901 13167.831525 14499.347728 13294.468382 14050.052226 13297.926469 14054.298992 13493.823479 14254.941695 13273.579643 14038.412387
13124.545548 14247.529901 13167.831525 14499.347728 13294.468382 14050.052226 13297.926469 14054.298992 13493.823479 14254.941695 13273.579643 14038.412387
13124.545548 14247.529901 13167.831525 14499.347728 13294.468382 14050.052226 13297.926469 14054.298992 13493.823479 14254.941695 13273.579643 14038.412387
