130.418663 103.356115 191.108827 180.046279 136.758300 121.786100 235.583547 53.258218 175.579800 165.849000 171.738595 109.561821
130.430877 103.559693 191.052762 180.262840 136.747159 121.771456 235.583547 53.258218 175.564487 165.866957 171.738595 109.561821
130.427905 103.688959 190.986925 180.493059 136.723908 121.740896 235.583547 53.258218 175.539506 165.896252 171.738595 109.561821
130.424945 103.817725 190.904376 180.735068 136.688849 121.694816 235.583547 53.258218 175.499471 165.943200 171.724541 109.575768
130.388950 103.947190 190.816377 180.990007 136.643255 121.634889 235.583547 53.258218 175.446913 166.004833 171.693593 109.606480
130.385866 104.081355 190.726626 181.248997 136.598933 121.576633 235.583547 53.258218 175.383194 166.079554 171.660303 109.639516
130.382904 104.210221 190.635795 181.511104 136.549222 121.511294 235.583547 53.258218 175.307991 166.167743 171.646888 109.652829
130.379893 104.341186 190.530917 181.763315 136.511317 121.461474 235.583547 53.258218 175.221108 166.269628 171.643055 109.656632
130.376765 104.477250 190.420630 182.015340 136.490730 121.434415 235.583547 53.258218 175.101208 166.359349 171.634821 109.664803
130.373653 104.612614 190.310303 182.267457 136.404483 121.426772 235.583547 53.258218 174.996295 166.482394 171.614591 109.684878
130.371366 104.712088 190.186637 182.510917 136.341845 121.465418 235.583547 53.258218 174.880546 166.618147 171.580165 109.719041
130.369392 104.797965 190.055119 182.751859 136.272365 121.508770 235.583547 53.258218 174.752151 166.764838 171.536299 109.762573
130.367606 104.875645 189.916999 182.988583 136.211696 121.548097 235.583547 53.258218 174.604748 166.919288 171.481004 109.817445
130.366458 104.913213 189.770495 183.221782 136.149349 121.588511 235.583547 53.258218 174.510906 167.122086 171.422013 109.875973
130.243784 105.113540 189.625268 183.452949 136.087421 121.628654 235.583547 53.258218 174.441329 167.348593 171.366352 109.927427
130.172559 105.137838 189.479243 183.685386 136.025296 121.669226 235.583547 53.258218 174.463839 167.604042 171.316346 109.973655
130.075367 105.153837 189.324613 183.906902 135.956512 121.714232 235.583547 53.258218 174.552395 167.863971 171.256353 110.029114
129.962486 105.172420 189.153696 184.119009 135.901618 121.750150 235.583547 53.258218 174.629503 168.090296 171.207301 110.074459
129.831647 105.193958 188.986924 184.335005 135.874255 121.768054 235.583547 53.258218 174.692454 168.275067 171.160819 110.117428
129.702486 105.215220 188.820776 184.552254 135.874254 121.851489 235.583547 53.258218 174.744988 168.429264 171.111914 110.162637
129.482785 105.287374 188.647258 184.768171 135.917105 121.915584 235.583547 53.258218 174.785364 168.547775 171.073289 110.198343
129.351764 105.314990 188.493572 184.959359 135.958289 121.977185 235.583547 53.258218 174.810389 168.621229 171.036574 110.232283
129.219513 105.343999 188.359622 185.125996 136.002530 122.043358 235.583547 53.258218 174.826869 168.669598 170.995893 110.269890
129.086557 105.374455 188.193751 185.300974 136.046771 122.109531 235.583547 53.258218 174.839349 168.706231 170.926561 110.339103
128.954673 105.404666 188.038560 185.459858 136.081953 122.162154 235.583547 53.258218 174.843413 168.718158 170.887732 110.380831
128.832341 105.432688 187.887351 185.616336 136.108075 122.201226 235.583547 53.258218 174.848701 168.733681 170.851218 110.420070
128.716248 105.459282 187.733034 185.776070 136.172980 122.175392 235.583547 53.258218 174.852894 168.745987 170.808232 110.466264
128.504339 105.516889 187.579691 185.934797 136.233917 122.122996 235.583547 53.258218 174.855022 168.752234 170.775942 110.500964
128.380269 105.553642 187.430794 186.088921 136.313382 122.069848 235.583547 53.258218 174.859473 168.765297 170.735477 110.544449
128.254759 105.590821 187.281689 186.243261 136.402571 122.010194 235.583547 53.258218 174.861246 168.770503 170.698487 110.584201
128.131481 105.779001 187.131055 186.399183 136.504062 121.942313 235.583547 53.258218 174.862601 168.774479 170.659384 110.626222
128.100688 105.906125 186.982714 186.552732 136.611372 121.870540 235.583547 53.258218 174.863149 168.776088 170.627844 110.660117
128.080309 106.042733 186.832349 186.708774 136.738429 121.827126 235.583547 53.258218 174.863601 168.777413 170.594842 110.694823
128.062108 106.176501 186.683473 186.863613 136.731930 121.965353 235.583547 53.258218 174.863633 168.777508 170.567469 110.721753
128.043449 106.313637 186.530439 187.022778 136.626752 122.045111 235.583547 53.258218 174.863633 168.777508 170.535105 110.753593
128.024938 106.449684 186.378653 187.180644 136.606390 122.181052 235.583547 53.258218 174.863633 168.777508 170.493689 110.794339
128.007546 106.577506 186.229015 187.336276 136.690809 122.290976 235.583547 53.258218 174.863633 168.777508 170.458988 110.815173
127.989885 106.707310 186.080417 187.490827 136.772975 122.397966 235.583547 53.258218 174.863633 168.777508 170.436130 110.816557
127.971549 106.842068 185.933477 187.645989 136.852582 122.501625 235.583547 53.258218 174.863633 168.777508 170.422555 110.817379
127.953901 106.971773 185.786909 187.801917 136.931336 122.604174 235.583547 53.258218 174.863633 168.777508 170.419860 110.817542
127.936294 107.101181 185.639107 187.959157 137.014842 122.712909 235.583547 53.258218 174.863633 168.777508 170.370854 110.703693
127.918093 107.234948 185.488019 188.119894 137.093779 122.815695 235.583547 53.258218 174.863633 168.777508 170.391853 110.680901
127.900755 107.362374 185.341333 188.277901 137.175884 122.922606 235.583547 53.258218 174.863633 168.777508 170.403754 110.669763
127.883080 107.492277 185.196015 188.434860 137.321676 123.105059 235.583547 53.258218 174.863633 168.777508 170.426242 110.648717
127.865109 107.624360 185.049882 188.592699 137.406812 123.208278 235.583547 53.258218 174.863633 168.777508 170.460266 110.616875
127.847784 107.751687 184.899129 188.755528 137.491184 123.310572 235.583547 53.258218 174.863633 168.777508 170.579261 110.505114
127.829341 107.887238 184.752562 188.913836 137.574093 123.411092 235.583547 53.258218 174.863633 168.777508 170.640453 110.446551
127.811342 108.019519 184.599959 189.087273 137.634350 123.484148 235.583547 53.258218 174.863633 168.777508 170.714504 110.375680
127.793465 108.150909 184.445606 189.273267 137.678191 123.537301 235.583547 53.258218 174.863633 168.777508 170.800259 110.293609
127.774887 108.287451 184.284739 189.467111 137.701352 123.565382 235.583547 53.258218 174.863633 168.777508 170.899050 110.196178
127.752528 108.479522 184.113462 189.673498 137.782371 123.693294 235.583547 53.258218 174.863633 168.777508 171.002074 110.084963
127.737989 108.609612 183.937652 189.885349 137.825589 123.749373 235.583547 53.258218 174.863633 168.777508 171.115359 109.962671
127.715674 108.852507 183.789684 190.063648 137.882847 123.823669 235.583547 53.258218 174.863633 168.777508 171.237818 109.830475
127.708021 108.989193 183.621897 190.244355 137.948285 123.908580 235.583547 53.258218 174.863633 168.777508 171.370311 109.694954
127.700647 109.120887 183.531986 190.446130 138.022818 124.005292 235.583547 53.258218 174.863633 168.777508 171.525591 109.546314
127.693005 109.257373 183.442460 190.643252 138.103455 124.109925 235.583547 53.258218 174.863633 168.777508 171.645009 109.384073
127.681217 109.486248 183.332749 190.829388 138.186167 124.217251 235.583547 53.258218 174.863633 168.777508 171.678531 109.178568
127.675305 109.616114 183.217401 191.016137 138.244951 124.293527 235.583547 53.258218 174.863633 168.777508 171.568491 108.988966
127.669366 109.746578 183.103472 191.200588 138.286827 124.347864 235.583547 53.258218 174.863633 168.777508 171.462815 108.794779
127.663446 109.876644 182.987599 191.388188 138.306788 124.373764 235.583547 53.258218 174.863633 168.777508 171.323325 108.590289
127.657452 110.008307 182.874931 191.570598 138.399181 124.432711 235.583547 53.258218 174.863633 168.777508 171.181517 108.420004
127.651249 110.144566 182.767566 191.762946 138.451357 124.401302 235.583547 53.258218 174.863633 168.777508 171.044664 108.256264
127.655150 110.367840 182.662620 191.952424 138.523923 124.357619 235.583547 53.258218 174.863633 168.777508 170.905695 108.089992
127.677826 110.503660 182.557578 192.142077 138.567874 124.331161 235.583547 53.258218 174.863633 168.777508 170.764930 107.921571
127.566444 110.649177 182.451663 192.333304 138.700974 124.269225 235.583547 53.258218 174.863633 168.777508 170.623550 107.754322
127.436441 110.674779 182.359629 192.527908 138.782827 124.271455 235.583547 53.258218 174.863633 168.777508 170.479744 107.588337
127.309283 110.699821 182.304878 192.733871 138.828487 124.305893 235.583547 53.258218 174.863633 168.777508 170.324542 107.434821
127.180752 110.725133 182.285945 192.946885 138.838888 124.333285 235.583547 53.258218 174.863633 168.777508 170.122520 107.350677
127.049866 110.750909 182.346885 193.156087 138.843326 124.478632 235.583547 53.258218 174.863633 168.777508 169.913162 107.331547
126.921040 110.776279 182.483703 193.317927 138.793031 124.532640 235.583547 53.258218 174.863633 168.777508 169.733258 107.435497
126.787309 110.802615 182.670226 193.432033 138.732719 124.597407 235.583547 53.258218 174.863633 168.777508 169.625136 107.616523
126.654558 110.828758 182.882841 193.463052 138.660071 124.675419 235.583547 53.258218 174.863633 168.777508 169.630564 107.827674
126.519159 110.855423 183.085121 193.397297 138.644311 124.816104 235.583547 53.258218 174.863633 168.777508 169.723446 108.017575
126.389254 110.881006 183.258122 193.268960 138.714787 124.916790 235.583547 53.258218 174.863633 168.777508 169.862957 108.179453
126.260232 110.906415 183.412788 193.115537 138.762842 124.985443 235.583547 53.258218 174.863633 168.777508 170.005079 108.344361
126.125520 110.932944 183.527853 192.934068 138.853755 125.024193 235.583547 53.258218 174.863633 168.777508 170.145308 108.507072
125.996988 110.958256 183.604921 192.729569 138.913938 124.983946 235.583547 53.258218 174.863633 168.777508 170.286190 108.670540
125.864532 110.984341 183.639565 192.516118 138.979275 124.940254 235.583547 53.258218 174.863633 168.777508 170.418389 108.823934
125.807838 111.096066 183.614915 192.303559 139.043531 124.897283 235.583547 53.258218 174.863633 168.777508 170.535050 108.959300
125.869838 111.217785 183.552674 192.095897 139.086008 124.868878 235.583547 53.258218 174.863633 168.777508 170.628275 109.067471
125.931113 111.338079 183.445349 191.907693 139.108702 124.853702 235.583547 53.258218 174.863633 168.777508 170.703351 109.154583
125.990889 111.455431 183.296264 191.747995 139.174503 124.875945 235.583547 53.258218 174.863633 168.777508 170.760931 109.221395
126.049939 111.571358 183.122501 191.613227 139.193584 124.931351 235.583547 53.258218 174.863633 168.777508 170.797228 109.263512
126.112303 111.693790 182.947745 191.491032 139.220155 125.008504 235.583547 53.258218 174.863633 168.777508 170.817662 109.287222
126.173078 111.813103 182.759607 191.372806 139.252847 125.103432 235.583547 53.258218 174.863633 168.777508 170.832416 109.304341
126.233490 111.931703 182.578667 191.259103 139.291269 125.215002 235.583547 53.258218 174.863633 168.777508 170.838683 109.311613
126.295717 112.053868 182.389739 191.142729 139.333697 125.338200 235.583547 53.258218 174.863633 168.777508 170.840511 109.313734
126.355721 112.171666 182.199831 191.027370 139.377851 125.466410 235.583547 53.258218 174.863633 168.777508 170.844559 109.318431
126.397796 112.254268 182.011803 190.913154 139.422819 125.596984 235.583547 53.258218 174.863633 168.777508 170.855135 109.330702
126.435105 112.327513 181.824287 190.799249 139.464661 125.718481 235.583547 53.258218 174.863633 168.777508 170.864993 109.342140
126.467058 112.390244 181.638634 190.683472 139.509596 125.848960 235.583547 53.258218 174.863633 168.777508 170.872435 109.350776
126.491750 112.438717 181.452310 190.566308 139.657973 125.876970 235.583547 53.258218 174.863633 168.777508 170.883468 109.363578
126.509587 112.473736 181.194788 190.410050 139.785259 125.848186 235.583547 53.258218 174.863633 168.777508 170.888429 109.369335
126.520934 112.496012 181.013871 190.294569 139.918495 125.818057 235.583547 53.258218 174.863633 168.777508 170.889278 109.370319
126.525655 112.505279 180.834545 190.165234 140.047634 125.788854 235.583547 53.258218 174.863633 168.777508 170.889604 109.370698
126.530647 112.515081 180.662930 190.031753 140.181163 125.758659 235.583547 53.258218 174.863633 168.777508 170.889604 109.370698
126.535822 112.525239 180.489778 189.893755 140.313813 125.728662 235.583547 53.258218 174.863633 168.777508 170.889604 109.370698
126.543265 112.539853 180.310768 189.762811 140.489800 125.669475 235.583547 53.258218 174.863633 168.777508 170.889604 109.370698
126.557926 112.568634 180.148683 189.623695 140.614305 125.711792 235.583547 53.258218 174.863633 168.777508 170.889604 109.370698
126.512488 112.684090 179.973926 189.487819 140.736822 125.753434 235.583547 53.258218 174.863633 168.777508 170.889604 109.370698
126.452536 112.715967 179.748203 189.320707 140.755458 125.876388 235.583547 53.258218 174.863633 168.777508 170.889604 109.370698
126.374748 112.757327 179.590609 189.148700 140.752202 126.013749 235.583547 53.258218 174.863633 168.777508 170.889604 109.370698
126.283804 112.805682 179.423036 188.971207 140.748936 126.151511 235.583547 53.258218 174.863633 168.777508 170.889604 109.370698
126.226204 112.915356 179.244067 188.781643 140.754203 126.280055 235.583547 53.258218 174.863633 168.777508 170.889604 109.370698
126.298738 113.021063 179.054045 188.580372 140.792914 126.409490 235.583547 53.258218 174.863633 168.777508 170.889604 109.370698
126.373591 113.130151 178.864572 188.379683 140.830795 126.536146 235.583547 53.258218 174.863633 168.777508 170.889604 109.370698
126.449237 113.240394 178.675786 188.179721 140.870022 126.667306 235.583547 53.258218 174.863633 168.777508 170.889604 109.370698
126.524826 113.350554 178.489427 187.977839 140.907129 126.791376 235.583547 53.258218 174.863633 168.777508 170.889604 109.370698
126.600528 113.460879 178.311051 187.770645 140.944408 126.916020 235.583547 53.258218 174.863633 168.777508 170.889604 109.370698
126.676570 113.571699 178.131631 187.562238 141.024781 127.125214 235.583547 53.258218 174.863633 168.777508 170.889604 109.370698
126.749500 113.677983 177.955277 187.357393 141.076032 127.250216 235.583547 53.258218 174.863633 168.777508 170.889604 109.370698
126.797422 113.747823 177.802476 187.179907 141.125045 127.369758 235.583547 53.258218 174.863633 168.777508 170.889604 109.370698
126.828314 113.792844 177.696310 187.005962 141.174323 127.489948 235.583547 53.258218 174.863633 168.777508 170.889604 109.370698
126.845967 113.818570 177.592582 186.885458 141.226864 127.618095 235.583547 53.258218 174.863633 168.777508 170.889604 109.370698
126.936924 113.860789 177.519171 186.798787 141.277622 127.741894 235.583547 53.258218 174.863633 168.777508 170.902857 109.386075
127.002882 113.856460 177.466287 186.731096 141.326635 127.861436 235.583547 53.258218 174.863633 168.777508 170.920027 109.405998
127.085704 113.851026 177.436983 186.693586 141.376065 127.981996 235.583547 53.258218 174.863633 168.777508 170.966342 109.462274
127.185689 113.844465 177.373600 186.611601 141.426747 128.105610 235.583547 53.258218 174.863633 168.777508 171.007037 109.511020
127.259331 113.839632 177.321677 186.543547 141.472118 128.216270 235.583547 53.258218 174.863633 168.777508 171.060549 109.575119
127.296950 113.837164 177.259140 186.461579 141.501177 128.287144 235.583547 53.258218 174.863633 168.777508 171.124444 109.651654
127.404386 113.888174 177.189506 186.370309 141.518134 128.328503 235.583547 53.258218 174.863633 168.777508 171.201348 109.743772
127.407734 113.957493 177.109803 186.265842 141.573064 128.444044 235.583547 53.258218 174.863633 168.777508 171.299787 109.838949
127.411979 114.045391 177.017907 186.145395 141.611161 128.513022 235.583547 53.258218 174.863633 168.777508 171.409633 109.940211
127.417272 114.154963 176.919279 186.016123 141.655253 128.592856 235.583547 53.258218 174.863633 168.777508 171.535789 110.053404
127.423390 114.281615 176.819806 185.873496 141.706887 128.686345 235.583547 53.258218 174.863633 168.777508 171.673766 110.175587
127.436299 114.513253 176.711959 185.717921 141.766063 128.793489 235.583547 53.258218 174.863633 168.777508 171.824245 110.308843
127.444325 114.644308 176.597675 185.553059 141.922932 128.997248 235.583547 53.258218 174.863633 168.777508 171.983933 110.450253
127.452106 114.782278 176.472350 185.380147 142.024345 129.085751 235.583547 53.258218 174.863633 168.777508 172.153278 110.600214
127.455710 114.918931 176.333536 185.196887 142.120182 129.169387 235.583547 53.258218 174.863633 168.777508 172.331832 110.758331
127.461651 115.049469 176.185965 185.002068 142.185128 129.226065 235.583547 53.258218 174.863633 168.777508 172.524527 110.917399
127.470078 115.185809 176.028191 184.793777 142.223930 129.259928 235.583547 53.258218 174.863633 168.777508 172.738178 111.075354
127.483469 115.317648 175.843775 184.595272 142.243218 129.276760 235.583547 53.258218 174.863633 168.777508 172.958905 111.238540
127.501585 115.453546 175.672865 184.412680 142.292919 129.362869 235.583547 53.258218 174.863633 168.777508 173.190086 111.409455
127.518610 115.581418 175.458203 184.260930 142.285892 129.415602 235.583547 53.258218 174.863633 168.777508 173.428343 111.585601
127.535727 115.709983 175.287323 184.171412 142.276488 129.486179 235.583547 53.258218 174.863633 168.777508 173.674109 111.775891
127.561589 115.935106 175.121920 184.121395 142.258157 129.643465 235.583547 53.258218 174.863633 168.777508 173.944327 111.953570
127.573817 116.070254 174.917989 184.060215 142.230133 129.747144 235.583547 53.258218 174.863633 168.777508 174.218555 112.133887
127.585576 116.200223 174.805633 184.026870 142.196995 129.869745 235.583547 53.258218 174.863633 168.777508 174.500881 112.302710
127.597182 116.328500 174.699987 183.995517 142.161048 130.002255 235.583547 53.258218 174.863633 168.777508 174.783549 112.469091
127.609418 116.463747 174.612477 183.968458 142.126821 130.127669 235.583547 53.258218 174.863633 168.777508 175.066476 112.635624
127.621808 116.600688 174.541192 183.946130 142.092199 130.254529 235.583547 53.258218 174.863633 168.777508 175.352621 112.800496
127.633928 116.734641 174.495959 183.931962 142.057603 130.381293 235.583547 53.258218 174.863633 168.777508 175.644666 112.955006
127.645506 116.862618 174.465899 183.922547 142.021769 130.512591 235.583547 53.258218 174.863633 168.777508 175.936712 113.109517
127.657103 116.990794 174.451871 183.918153 141.981366 130.702037 235.583547 53.258218 174.863633 168.777508 176.227874 113.263560
127.669547 117.128333 174.439656 183.914328 141.955540 130.835562 235.583547 53.258218 174.863633 168.777508 176.522066 113.406432
127.722289 117.342695 174.425246 183.909814 141.931575 130.959466 235.583547 53.258218 174.863633 168.777508 176.819104 113.547421
127.760352 117.466684 174.398335 183.901385 141.915586 131.042134 235.583547 53.258218 174.863633 168.777508 177.114425 113.687596
127.799736 117.594975 174.355297 183.887905 141.904515 131.099373 235.583547 53.258218 174.863633 168.777508 177.423198 113.812008
127.837917 117.719346 174.316416 183.875879 141.899236 131.126667 235.583547 53.258218 174.863633 168.777508 177.730804 113.928711
127.876362 117.844578 174.178616 183.838835 141.810278 131.202413 235.582610 53.262517 174.863633 168.777508 178.039678 114.046018
127.914236 117.967998 174.148115 183.816005 141.753105 131.223964 235.580352 53.272874 174.863633 168.777508 178.344795 114.167466
127.954721 118.099926 174.120876 183.783905 141.678996 131.251900 235.577690 53.285087 174.863633 168.777508 178.651960 114.283050
127.993914 118.227647 174.086519 183.743417 141.587398 131.285453 235.574687 53.298864 174.863633 168.777508 178.964874 114.388488
128.024688 118.327932 174.061296 183.700487 141.480123 131.311955 235.572664 53.308146 174.863633 168.777508 179.277440 114.490816
128.042528 118.400570 174.042160 183.523545 141.351781 131.343660 235.570598 53.317623 174.863633 168.777508 179.590718 114.590976
128.051185 118.436029 174.062996 183.436401 141.217408 131.364332 235.569129 53.324365 174.863633 168.777508 179.906473 114.691927
128.056308 118.457012 174.087972 183.331945 141.084967 131.382370 235.568107 53.329055 174.863633 168.777508 180.232659 114.790048
128.057921 118.463618 174.136221 183.181753 140.951189 131.393013 235.567617 53.331302 174.863633 168.777508 180.551430 114.868992
128.058751 118.467018 174.176813 183.057113 140.814920 131.403855 235.567574 53.331498 174.863633 168.777508 180.850204 114.942984
128.059439 118.469836 174.220139 182.931579 140.685429 131.414157 235.567553 53.331595 174.863633 168.777508 181.132865 115.012985
128.059605 118.470516 174.264151 182.804061 140.555340 131.424506 235.567553 53.331595 174.863633 168.777508 181.408052 115.081135
128.059629 118.470613 174.308163 182.676542 140.417524 131.431047 235.567553 53.331595 174.863633 168.777508 181.684015 115.149478
128.059629 118.470613 174.350869 182.552805 140.288100 131.435482 235.567553 53.331595 174.863633 168.777508 181.968520 115.219936
128.059629 118.470613 174.395664 182.423017 140.088604 131.440294 235.567553 53.331595 174.863633 168.777508 182.255841 115.291091
128.059629 118.470613 174.440459 182.293230 139.954916 131.441649 235.567553 53.331595 174.863633 168.777508 182.546947 115.363184
128.059629 118.470613 174.523574 182.052531 139.827636 131.436122 235.567553 53.331595 174.863633 168.777508 182.839800 115.435709
128.059629 118.470613 174.567758 181.925178 139.743116 131.432452 235.567553 53.331595 174.863633 168.777508 183.140613 115.510206
128.059629 118.470613 174.611620 181.799195 139.693063 131.430278 235.567553 53.331595 174.863633 168.777508 183.441134 115.584630
128.059629 118.470613 174.625297 181.659589 139.658395 131.428773 235.567553 53.331595 174.863633 168.777508 183.747382 115.660473
128.059629 118.470613 174.670486 181.529833 139.598056 131.491871 235.567553 53.331595 174.863633 168.777508 184.054796 115.736604
128.060103 118.472556 174.714951 181.402154 139.585483 131.565505 235.567553 53.331595 174.863633 168.777508 184.356773 115.811389
128.062760 118.483436 174.758889 181.275986 139.569040 131.661811 235.567553 53.331595 174.863633 168.777508 184.662787 115.921155
128.067575 118.503157 174.801973 181.152273 139.557493 131.780120 235.567553 53.331595 174.863633 168.777508 184.985731 116.001132
128.072369 118.525236 174.845090 181.028466 139.591448 132.018686 235.567553 53.331595 174.863633 168.777508 185.304793 116.080148
128.079562 118.562447 174.888476 180.903272 139.588755 132.170062 235.567553 53.331595 174.863633 168.777508 185.625213 116.159500
128.089831 118.615563 174.932856 180.772391 139.583223 132.338660 235.567553 53.331595 174.863633 168.777508 185.943304 116.238276
128.103079 118.684095 174.975233 180.646853 139.546882 132.518729 235.567553 53.331595 174.863633 168.777508 186.265568 116.318085
128.148769 118.912082 175.016369 180.517121 139.486415 132.674421 235.567553 53.331595 174.863633 168.777508 186.611898 116.403926
128.170246 119.011284 175.058458 180.387482 139.466305 132.811453 235.567553 53.331595 174.863633 168.777508 186.934839 116.483918
128.196230 119.131303 175.100084 180.259270 139.451249 132.914054 235.567553 53.331595 174.863633 168.777508 187.256809 116.563669
128.164902 119.259369 175.141185 180.132675 139.440519 132.987171 235.567553 53.331595 174.863633 168.777508 187.579205 116.641664
128.128481 119.382495 175.180996 180.004225 139.545962 133.024350 235.567553 53.331595 174.863633 168.777508 187.901975 116.718547
128.092009 119.503193 175.202239 179.876783 139.622755 133.034027 235.567553 53.331595 174.863826 168.778076 188.221826 116.794735
128.050550 119.625666 175.224287 179.744508 139.700440 133.043816 235.567553 53.331595 174.864310 168.779495 188.543428 116.871340
128.007905 119.751644 175.246549 179.610951 139.773860 133.053068 235.567553 53.331595 174.864729 168.780726 188.866376 116.952131
127.965292 119.877527 175.267463 179.485482 139.853987 133.065047 235.567553 53.331595 174.865439 168.782808 189.186599 117.032274
127.926544 119.999507 175.288525 179.359125 139.931471 133.083710 235.567553 53.331595 174.865600 168.783282 189.504786 117.111908
127.888778 120.123169 175.309866 179.231091 140.005419 133.094515 235.567553 53.331595 174.865664 168.783471 189.827628 117.192706
127.850428 120.248743 175.331370 179.101970 140.076952 133.103544 235.567553 53.331595 174.865729 168.783660 190.145354 117.270446
127.813057 120.376880 175.351616 178.974366 140.151659 133.112973 235.567553 53.331595 174.865761 168.783755 190.463938 117.347629
127.780017 120.503852 175.372834 178.840639 140.228549 133.122679 235.567553 53.331595 174.865761 168.783755 190.783105 117.424954
127.746599 120.632275 175.393238 178.712048 140.305836 133.132434 235.567553 53.331595 174.865761 168.783755 191.106159 117.503221
127.712652 120.762731 175.414414 178.578516 140.386892 133.142665 235.567553 53.331595 174.865761 168.783755 191.423868 117.580193
127.678932 120.892315 175.435320 178.446663 140.463187 133.152295 235.567553 53.331595 174.865761 168.783755 191.868358 117.685215
127.628901 121.113762 175.454239 178.317705 140.534804 133.160597 235.567553 53.331595 174.865761 168.783755 192.191577 117.757026
127.608187 121.243721 175.462627 178.186974 140.611025 133.171151 235.567553 53.331595 174.865761 168.783755 192.514405 117.828750
127.586498 121.379804 175.471117 178.054646 140.674186 133.223813 235.567553 53.331595 174.865761 168.783755 192.838308 117.900713
127.565832 121.509467 175.479614 177.922219 140.723540 133.296671 235.567553 53.331595 174.865761 168.783755 193.155375 117.979030
127.546158 121.632909 175.487810 177.794481 140.781424 133.388986 235.567553 53.331595 174.865761 168.783755 193.474502 118.058194
127.525963 121.759103 175.494046 177.697281 140.820683 133.476064 235.567553 53.331595 174.865761 168.783755 193.797901 118.138417
127.504091 121.891914 175.499130 177.618044 140.853368 133.540778 235.567553 53.331595 174.865761 168.783755 194.115184 118.217124
127.481797 122.027291 175.502383 177.567348 140.872934 133.579517 235.567553 53.331595 174.865761 168.783755 194.433244 118.296023
127.471316 122.152864 175.507868 177.465409 140.885107 133.603618 235.567553 53.331595 174.865761 168.783755 194.755866 118.376053
127.470543 122.282261 175.509137 177.438539 140.889164 133.611651 235.567553 53.331595 174.865761 168.783755 195.077323 118.455795
127.469739 122.416859 175.509685 177.426952 140.892861 133.618971 235.567553 53.331595 174.865761 168.783755 195.397422 118.535198
127.468939 122.550857 175.510142 177.417262 140.895521 133.624237 235.567553 53.331595 174.865761 168.783755 195.715240 118.613827
127.489705 122.686680 175.510227 177.415464 140.899623 133.632360 235.567553 53.331595 174.865761 168.783755 196.036164 118.693224
127.518430 122.817667 175.510279 177.414366 140.904492 133.642000 235.567553 53.331595 174.865761 168.783755 196.358642 118.773006
127.560694 122.948731 175.510293 177.414066 140.914050 133.660923 235.567553 53.331595 174.865761 168.783755 196.680634 118.852668
127.601441 123.069439 175.510293 177.414066 140.923517 133.679668 235.567553 53.331595 174.865761 168.783755 197.009701 118.900121
127.660564 123.187890 175.510293 177.414066 140.932398 133.697253 235.567553 53.331595 174.865761 168.783755 197.332531 118.980142
127.721472 123.298907 175.510293 177.414066 140.941911 133.716087 235.567553 53.331595 174.865761 168.783755 197.655328 119.061939
127.789579 123.408962 175.510293 177.414066 140.948358 133.728851 235.567553 53.331595 174.865761 168.783755 197.973279 119.142508
127.870318 123.510723 175.510303 177.413866 140.952550 133.737152 235.567553 53.331595 174.865761 168.783755 198.290067 119.222782
127.953482 123.615538 175.510322 177.413467 140.956608 133.745186 235.567553 53.331595 174.865761 168.783755 198.608114 119.303376
128.040961 123.719496 175.510373 177.412368 140.959268 133.750452 235.567553 53.331595 174.865761 168.783755 198.924805 119.383625
128.126073 123.807739 175.510425 177.411269 140.965177 133.763582 235.567553 53.331595 174.865761 168.783755 199.243434 119.464366
128.215697 123.900659 175.510562 177.408372 140.970029 133.774557 235.567553 53.331595 174.865761 168.783755 199.564874 119.545820
128.294908 123.982784 175.510685 177.405775 140.980139 133.797421 235.567553 53.331595 174.865761 168.783755 199.883407 119.626536
128.362186 124.053322 175.510954 177.400082 140.990451 133.820743 235.567553 53.331595 174.865761 168.783755 200.196026 119.705754
128.410847 124.113127 175.511232 177.394188 140.998821 133.839675 235.567553 53.331595 174.865761 168.783755 200.467447 119.774532
128.459949 124.173474 175.511586 177.386696 141.006262 133.856504 235.567553 53.331595 174.865761 168.783755 200.758347 119.865934
128.520728 124.248171 175.511945 177.379105 141.012813 133.871320 235.567553 53.331595 174.865761 168.783755 201.023393 119.934617
128.567937 124.306192 175.512775 177.361525 141.016776 133.880283 235.567553 53.331595 174.865761 168.783755 201.285631 120.002573
128.590342 124.333728 175.513606 177.343944 141.019162 133.885679 235.567553 53.331595 174.865761 168.783755 201.551838 120.071557
128.599241 124.344665 175.514861 177.317374 141.020577 133.888880 235.567553 53.331595 174.865761 168.783755 201.819303 120.140868
128.608961 124.356610 175.515908 177.295198 141.021184 133.890252 235.567553 53.331595 174.865761 168.783755 202.087446 120.210354
128.611296 124.359480 175.517527 177.260937 141.021346 133.890618 235.567553 53.331595 174.865761 168.783755 202.351911 120.278886
128.611738 124.360023 175.519636 177.216286 141.021426 133.890801 235.567553 53.331595 174.865761 168.783755 202.616085 120.347344
128.611738 124.360023 175.522056 177.165044 141.021426 133.890801 235.567553 53.331595 174.865761 168.783755 202.883454 120.416629
128.611738 124.360023 175.520980 177.108861 141.021426 133.890801 235.567553 53.331595 174.865761 168.783755 203.148693 120.485362
128.611738 124.360023 175.519679 177.052176 141.021426 133.890801 235.567553 53.331595 174.865761 168.783755 203.411899 120.553569
128.611738 124.360023 175.518506 177.001089 141.022963 133.894276 235.567553 53.331595 174.865761 168.783755 203.673943 120.621475
128.587197 124.464301 175.517629 176.962899 141.028867 133.907629 235.567553 53.331595 174.865761 168.783755 203.939569 120.690308
128.557242 124.490507 175.516388 176.908814 141.040675 133.934335 235.567553 53.331595 174.865761 168.783755 204.207906 120.759845
128.516675 124.525997 175.514917 176.844731 141.052200 133.960401 235.567553 53.331595 174.865761 168.783755 204.471403 120.828126
128.462335 124.573536 175.513790 176.795644 141.063240 133.985370 235.567553 53.331595 174.865761 168.783755 204.739159 120.897512
128.398489 124.637414 175.512551 176.741658 141.069791 134.000186 235.567553 53.331595 174.865761 168.783755 205.007689 120.967098
128.323706 124.721995 175.511256 176.685273 141.077959 134.018661 235.567553 53.331595 174.865761 168.783755 205.270411 121.035180
128.239054 124.817739 175.509583 176.612392 141.080705 134.024882 235.567553 53.331595 174.865761 168.783755 205.538759 121.100540
128.151951 124.916255 175.507756 176.532813 141.081754 134.027260 235.567553 53.331595 174.865761 168.783755 205.808606 121.165261
128.064716 125.014920 175.506347 176.471429 141.086478 134.037964 235.567553 53.331595 174.865761 168.783755 206.078550 121.230006
127.973319 125.118182 175.505301 176.425841 141.095765 134.059006 235.567553 53.331595 174.865761 168.783755 206.343438 121.293537
127.885364 125.217546 175.504277 176.381253 141.109533 134.090203 235.567553 53.331595 174.865761 168.783755 206.612799 121.358142
127.806091 125.307100 175.503536 176.348961 141.150652 134.198124 235.567553 53.331595 174.865761 168.783755 206.880992 121.422466
127.725170 125.398535 175.503010 176.326067 141.139789 134.250714 235.567553 53.331595 174.865761 168.783755 207.148214 121.486558
127.665408 125.466096 175.501697 176.307232 141.077821 134.417209 235.567553 53.331595 174.865761 168.783755 207.413004 121.550066
127.608428 125.530511 175.500870 176.299979 141.064212 134.515471 235.567553 53.331595 174.865761 168.783755 207.678378 121.613714
127.541576 125.606086 175.500270 176.294713 141.080505 134.638440 235.567553 53.331595 174.865761 168.783755 207.943849 121.678235
127.372174 125.796108 175.499726 176.289944 141.065660 134.769250 235.567553 53.331595 174.865761 168.783755 208.210426 121.744125
127.281640 125.897058 175.499635 176.289150 141.054626 134.903898 235.567553 53.331595 174.865761 168.783755 208.474674 121.809440
127.192040 125.996966 175.499612 176.288951 141.043756 135.036554 235.567553 53.331595 174.865761 168.783755 208.736786 121.874227
127.100571 126.098958 175.499612 176.288951 141.036969 135.165170 235.567553 53.331595 174.865761 168.783755 209.002878 121.939997
127.013509 126.196037 175.499612 176.288951 141.030183 135.300400 235.567553 53.331595 174.865761 168.783755 209.267805 122.005480
126.925576 126.294081 175.499612 176.288951 141.023481 135.433932 235.567553 53.331595 174.865761 168.783755 209.530014 122.070291
126.835439 126.394582 175.499612 176.288951 141.021565 135.647135 235.567553 53.331595 174.865761 168.783755 209.797660 122.136445
126.747372 126.492775 175.499612 176.288951 141.031885 135.780035 235.567553 53.331595 174.865761 168.783755 210.064280 122.191911
126.656702 126.593871 175.499612 176.288951 141.041842 135.908249 235.567553 53.331595 174.865761 168.783755 210.329130 122.246908
126.568034 126.692734 175.499612 176.288951 141.052201 136.041648 235.567553 53.331595 174.865761 168.783755 210.595351 122.302188
126.477901 126.793506 175.499612 176.288951 141.062924 136.179732 235.567553 53.331595 174.865761 168.783755 210.867496 122.351272
126.390698 126.891264 175.499612 176.288951 141.070478 136.316281 235.567553 53.331595 174.865761 168.783755 211.136981 122.379885
126.301032 126.991784 175.499612 176.288951 141.074219 136.452030 235.567553 53.331595 174.865761 168.783755 211.411986 122.399180
126.211393 127.092193 175.499612 176.288951 141.077184 136.561588 235.567553 53.331595 174.865761 168.783755 211.685955 122.395095
126.122658 127.190860 175.499612 176.288951 141.076328 136.636683 235.567553 53.331595 174.865761 168.783755 211.956816 122.381331
126.029776 127.294138 175.499612 176.288951 141.075699 136.691780 235.567553 53.331595 174.865761 168.783755 212.227089 122.345789
125.937697 127.396523 175.499612 176.288951 141.075189 136.736477 235.567553 53.331595 174.865761 168.783755 212.497623 122.306000
125.847915 127.500795 175.499612 176.288951 141.074620 136.786374 235.567553 53.331595 174.865761 168.783755 212.762262 122.246707
125.771430 127.589730 175.499612 176.288951 141.074253 136.818572 235.567553 53.331595 174.865761 168.783755 213.030217 122.182137
125.658715 127.717965 175.499612 176.288951 141.137096 136.899685 235.567553 53.331595 174.865761 168.783755 213.289746 122.097437
125.621731 127.758809 175.499612 176.288951 141.205612 136.931488 235.567553 53.331595 174.865761 168.783755 213.551651 122.011962
125.603676 127.778749 175.499612 176.288951 141.293217 137.072740 235.567553 53.331595 174.865761 168.783755 213.810386 121.931435
125.599581 127.783271 175.499612 176.288951 141.335251 137.181676 235.567553 53.331595 174.865761 168.783755 214.072520 121.853411
125.597702 127.785346 175.499612 176.288951 141.370659 137.294927 235.567553 53.331595 174.865761 168.783755 214.331492 121.776328
125.592534 127.791054 175.499612 176.288951 141.391349 137.381694 235.567553 53.331595 174.865761 168.783755 214.591901 121.698817
125.582667 127.801950 175.499612 176.288951 141.412156 137.468948 235.567553 53.331595 174.865761 168.783755 214.853748 121.620879
125.569578 127.816405 175.499612 176.288951 141.428880 137.539081 235.567553 53.331595 174.865761 168.783755 215.118331 121.539352
125.554879 127.832639 175.499612 176.288951 141.437254 137.574197 235.567553 53.331595 174.865761 168.783755 215.374704 121.451525
125.548972 127.839162 175.499612 176.288951 141.331667 137.682986 235.567553 53.331595 174.865761 168.783755 215.633727 121.362790
125.547294 127.841015 175.499612 176.288951 141.261907 137.694479 235.567553 53.331595 174.865761 168.783755 215.895019 121.273277
125.547093 127.841238 175.499612 176.288951 141.172532 137.693270 235.567553 53.331595 174.865761 168.783755 216.151960 121.185255
125.546958 127.841386 175.499612 176.288951 141.067675 137.690262 235.567553 53.331595 174.865761 168.783755 216.407572 121.094554
125.546958 127.841386 175.499612 176.288951 140.944719 137.681043 235.567553 53.331595 174.865761 168.783755 216.663282 120.989366
125.546958 127.841386 175.499612 176.288951 140.821761 137.625794 235.567553 53.331595 174.865761 168.783755 216.914646 120.885965
125.538165 127.851096 175.499612 176.288951 140.697161 137.569808 235.567553 53.331595 174.865761 168.783755 217.166010 120.782565
125.522526 127.868368 175.499612 176.288951 140.573656 137.514314 235.567553 53.331595 174.865761 168.783755 217.422737 120.676959
125.499437 127.893867 175.499612 176.288951 140.454425 137.461025 235.567553 53.331595 174.865761 168.783755 217.676135 120.572722
125.548837 128.032456 175.499612 176.288951 140.330298 137.413265 235.567553 53.331595 174.865761 168.783755 217.931875 120.469471
125.585942 128.088962 175.499612 176.288951 140.198698 137.409982 235.567553 53.331595 174.865761 168.783755 218.186646 120.367822
125.630293 128.156502 175.499612 176.288951 140.065479 137.421310 235.567553 53.331595 174.865761 168.783755 218.438630 120.267285
125.686335 128.241846 175.499612 176.288951 139.942651 137.458657 235.567553 53.331595 174.865761 168.783755 218.691954 120.164726
125.750501 128.339562 175.499612 176.288951 139.815369 137.502742 235.567553 53.331595 174.865761 168.783755 218.947714 120.060187
125.794751 128.467080 175.499612 176.288951 139.692434 137.545321 235.567553 53.331595 174.865761 168.783755 219.201067 119.956631
125.866327 128.576081 175.499612 176.288951 139.655520 137.710691 235.567553 53.331595 174.865761 168.783755 219.456920 119.852053
125.938836 128.686502 175.499612 176.288951 139.653966 137.843882 235.567553 53.331595 174.865761 168.783755 219.707033 119.749821
126.013596 128.800350 175.499612 176.288951 139.652427 137.975873 235.567553 53.331595 174.865761 168.783755 219.960016 119.646417
126.088669 128.915426 175.499612 176.288951 139.650815 138.114064 235.567553 53.331595 174.865761 168.783755 220.214110 119.542558
126.160140 129.026403 175.499612 176.288951 139.645735 138.247760 235.567553 53.331595 174.865761 168.783755 220.478960 119.471802
126.230745 129.136035 175.499612 176.288951 139.645400 138.360553 235.567553 53.331595 174.865761 168.783755 220.762441 119.381420
126.302758 129.247852 175.499612 176.288951 139.645400 138.474853 235.567553 53.331595 174.865761 168.783755 221.027552 119.271750
126.375257 129.360427 175.499612 176.288951 139.645400 138.549253 235.567553 53.331595 174.865761 168.783755 221.306247 119.156460
126.502791 129.539266 175.499612 176.288951 139.645400 138.589953 235.567553 53.331595 174.865761 168.783755 221.599765 119.042833
126.581967 129.641489 175.499612 176.288951 139.701528 138.689560 235.567553 53.331595 174.865761 168.783755 221.908310 118.928925
126.663164 129.746322 175.499612 176.288951 139.784548 138.682724 235.567553 53.331595 174.865761 168.783755 222.232304 118.827716
126.739523 129.844909 175.499612 176.288951 139.843838 138.688323 235.567553 53.331595 174.865761 168.783755 222.568613 118.729704
126.790163 129.910291 175.499612 176.288951 139.875413 138.694635 235.567553 53.331595 174.865761 168.783755 222.919814 118.639823
126.820291 129.949188 175.499612 176.288951 139.889240 138.697399 235.567553 53.331595 174.865761 168.783755 223.280178 118.559078
126.832924 129.968982 175.499125 176.284679 139.903655 138.700280 235.567553 53.331595 174.865761 168.783755 223.649119 118.486939
126.838230 129.979745 175.498162 176.276233 139.906498 138.700848 235.567553 53.331595 174.865761 168.783755 224.030124 118.425672
126.796606 130.125546 175.495850 176.255965 139.907773 138.701103 235.567553 53.331595 174.865761 168.783755 224.421791 118.375753
126.759015 130.157750 175.492303 176.224866 139.908361 138.701221 235.567553 53.331595 174.865761 168.783755 224.823389 118.353757
126.708285 130.201210 175.487057 176.178865 139.908361 138.701221 235.567553 53.331595 174.865761 168.783755 225.231078 118.331427
126.641304 130.258593 175.481878 176.133459 139.908361 138.701221 235.567553 53.331595 174.865761 168.783755 225.647518 118.310559
126.561792 130.326710 175.475782 176.080005 139.908361 138.701221 235.567553 53.331595 174.865761 168.783755 226.072699 118.315605
126.467168 130.407774 175.475961 176.029735 139.908361 138.701221 235.567553 53.331595 174.865761 168.783755 226.507410 118.328425
126.366317 130.494173 175.433830 175.671604 139.908361 138.701221 235.567553 53.331595 174.865761 168.783755 226.949283 118.346948
126.262352 130.583240 175.412355 175.592992 139.908361 138.701221 235.567553 53.331595 174.865761 168.783755 227.390777 118.366994
126.158766 130.671981 175.399243 175.497790 139.908361 138.701221 235.567553 53.331595 174.865761 168.783755 227.833848 118.377691
126.055484 130.760462 175.384302 175.389314 139.908361 138.701221 235.567553 53.331595 174.865761 168.783755 228.274262 118.385487
125.953266 130.848033 175.367980 175.264182 139.908361 138.701221 235.567553 53.331595 174.865761 168.783755 228.715355 118.388024
125.849453 130.936969 175.351418 175.119124 139.908361 138.701221 235.567553 53.331595 174.865761 168.783755 229.159548 118.390579
125.747006 131.024734 175.333247 174.959958 139.908361 138.701221 235.567553 53.331595 174.865761 168.783755 229.601740 118.393122
125.648175 131.109029 175.313543 174.787379 139.908361 138.701221 235.567553 53.331595 174.865761 168.783755 230.042830 118.376457
125.547379 131.191285 175.292468 174.602778 139.908361 138.701221 235.567553 53.331595 174.865761 168.783755 230.481574 118.337158
125.444413 131.275312 175.273139 174.433478 139.908361 138.701221 235.567553 53.331595 174.865761 168.783755 230.919710 118.295382
125.344160 131.357127 175.255332 174.272359 139.908361 138.701221 235.567553 53.331595 174.865761 168.783755 231.355802 118.227129
125.242434 131.440142 175.240371 174.136581 139.908361 138.701221 235.567553 53.331595 174.865761 168.783755 231.789414 118.145450
125.142878 131.521387 175.199744 173.977190 139.908361 138.701221 235.567553 53.331595 174.865761 168.783755 232.216453 118.027984
125.061838 131.587522 175.145160 173.851885 139.908361 138.701221 235.567553 53.331595 174.865761 168.783755 232.639336 117.905191
125.003576 131.635067 175.109346 173.720064 139.908361 138.701221 235.567553 53.331595 174.865761 168.783755 233.055320 117.763537
124.959570 131.670980 175.075262 173.594611 139.908361 138.701221 235.567553 53.331595 174.865761 168.783755 233.465946 117.598099
124.917656 131.705185 175.044744 173.482283 139.908361 138.701221 235.567553 53.331595 174.865761 168.783755 233.874253 117.433595
124.874811 131.740149 175.020361 173.392537 139.908361 138.701221 235.567553 53.331595 174.865761 168.783755 234.285899 117.267747
124.855597 131.755829 175.001275 173.322283 139.908361 138.701221 235.567553 53.331595 174.865761 168.783755 234.698102 117.101674
