122.495400 176.981100 224.100300 93.185300 172.581200 265.314000 226.332523 114.506765 49.513958 175.586614 181.501599 104.719960
122.491925 177.005958 224.118790 93.185895 172.596922 265.296534 226.325913 114.637998 49.430729 175.514081 181.352670 104.832884
122.485433 177.052407 224.155671 93.187081 172.623148 265.267399 226.318330 114.770281 49.331668 175.427751 181.195773 104.951850
122.476878 177.113612 224.216340 93.189033 172.662420 265.223771 226.310543 114.908761 49.240976 175.348713 181.025967 105.080604
122.466329 177.189078 224.293500 93.191516 172.713935 265.166541 226.303824 115.040289 49.180288 175.295825 180.869150 105.199510
122.456237 177.261276 224.390603 93.187821 172.777225 265.096231 226.299043 115.170101 49.142593 175.262975 180.719160 105.305817
122.445232 177.340011 224.499693 93.179599 172.849613 265.015812 226.294724 115.302921 49.121459 175.127732 180.569613 105.400312
122.434129 177.419439 224.629525 93.169813 172.932639 264.923576 226.296611 115.432707 49.175989 175.065556 180.421926 105.493632
122.423954 177.492231 224.772020 93.159056 173.029447 264.816030 226.299499 115.562646 49.245092 174.986766 180.266715 105.591706
122.412755 177.572352 224.932507 93.135181 173.136759 264.696814 226.309617 115.693956 49.325707 174.889501 180.110580 105.679235
122.401708 177.651384 225.111801 93.103913 173.253103 264.567565 226.319555 115.824880 49.405027 174.772565 179.940422 105.746851
122.390495 177.731604 225.284002 93.073882 173.381221 264.425235 226.378495 115.979414 49.491082 174.645697 179.760413 105.818381
122.380209 177.805188 225.411774 93.051599 173.517368 264.273985 226.434863 116.105158 49.587467 174.503603 179.575830 105.862494
122.369051 177.885012 225.506346 93.035106 173.661744 264.113594 226.488244 116.224240 49.692440 174.348846 179.392606 105.904599
122.360607 177.945425 225.568114 93.024334 173.808591 263.941154 226.544080 116.348798 49.805048 174.182834 179.204509 105.947824
122.356080 177.977810 225.605155 93.017875 173.963540 263.758532 226.598689 116.470618 49.926861 174.003250 179.016449 105.980622
122.252144 178.017040 225.708154 93.099898 174.126511 263.566454 226.652724 116.591161 50.158306 173.893819 178.832613 106.008912
122.183551 178.010551 225.709126 93.174791 174.298735 263.363472 226.708601 116.715810 50.354069 173.993102 178.647591 106.037385
122.091959 178.001888 225.710128 93.252085 174.478916 263.151111 226.903495 116.773073 50.647243 174.096308 178.462313 106.068051
122.035241 178.054373 225.711185 93.333578 174.656197 262.919958 227.036553 116.790542 50.916638 174.010842 178.271942 106.099802
122.019486 178.180190 225.712183 93.410472 174.838165 262.676310 227.164158 116.807295 51.103004 173.894688 178.082460 106.131405
122.122644 178.265911 225.713236 93.491665 175.026535 262.424088 227.293348 116.829825 51.271871 173.701084 177.898389 106.190624
122.204408 178.274365 225.714292 93.573058 175.219753 262.165377 227.422630 116.860191 51.379316 173.452196 177.718378 106.250475
122.286520 178.206502 225.715325 93.652751 175.420151 261.897052 227.551230 116.890398 51.395295 173.236286 177.541018 106.325630
122.299119 178.129425 225.716324 93.729745 175.627131 261.619913 227.681679 116.921039 51.411347 173.019380 177.369982 106.402706
122.306652 178.083337 225.717338 93.807938 175.840574 261.334121 227.806744 116.915807 51.431327 172.799901 177.199415 106.479843
122.325113 177.961507 225.718337 93.884932 176.032532 261.020314 227.923302 116.855576 51.452941 172.580966 176.859860 106.578877
122.336263 177.881682 225.719280 93.957626 176.222643 260.695221 228.041015 116.794748 51.483830 172.231522 176.692736 106.661651
122.347427 177.801758 225.720325 94.038219 176.416843 260.363136 228.162103 116.732176 51.505483 172.014704 176.519607 106.747400
122.357484 177.729757 225.721087 94.096914 176.608605 260.020036 228.426229 116.597121 51.527124 171.801399 176.351945 106.830441
122.368219 177.652903 225.621589 94.208458 176.790607 259.659032 228.550104 116.542463 51.549458 171.581330 176.185448 106.912905
122.378525 177.579119 225.542082 94.213997 176.970035 259.290378 228.667847 116.473407 51.570888 171.370315 176.017248 106.996212
122.389288 177.502067 225.461776 94.219592 177.153812 258.912386 228.784814 116.404806 51.588368 171.198200 175.843492 107.082271
122.400507 177.421747 225.386658 94.224825 177.309453 258.515331 228.903248 116.335345 51.601715 171.066776 175.674038 107.166199
122.411948 177.339842 225.305356 94.230489 177.460498 258.106650 229.017109 116.268566 51.592502 170.904779 175.506376 107.249240
122.421950 177.268237 225.227943 94.235882 177.611859 257.689588 229.134076 116.199965 51.527755 170.855264 175.338534 107.332370
122.432533 177.192473 225.150132 94.241303 177.756450 257.270002 229.250526 116.131667 51.488684 170.740946 175.170156 107.414173
122.442631 177.120175 225.073517 94.246641 177.900552 256.851835 229.364905 116.064584 51.528476 170.628242 175.001239 107.495557
122.453311 177.043717 225.001791 94.251638 178.027441 256.430561 229.479888 115.997147 51.491374 170.545697 174.834123 107.576072
122.458997 177.003012 224.927372 94.256823 178.148575 256.003002 229.593836 115.930317 51.445580 170.443815 174.661152 107.659409
122.403980 176.940174 224.852753 94.262022 178.250552 255.571899 229.705110 115.865055 51.392325 170.325334 174.491965 107.740922
122.333360 176.935122 224.772747 94.267595 178.353802 255.141001 229.822077 115.796454 51.332387 170.191985 174.317372 107.825040
122.243589 176.928701 224.692341 94.273197 178.459529 254.711317 230.021095 115.688971 51.267038 170.046596 174.147104 107.907075
122.038096 176.912828 224.616824 94.278458 178.538160 254.279010 230.137828 115.620169 51.175777 169.900537 173.977196 107.988935
121.909097 176.901442 224.538315 94.283928 178.601417 253.839337 230.255336 115.550910 51.070137 169.742853 173.808369 108.070275
121.672929 176.882874 224.457411 94.289565 178.666308 253.357412 230.368192 115.484392 50.953340 169.578559 173.641524 108.150661
121.513674 176.870969 224.375884 94.289852 178.713727 252.916222 230.485131 115.415751 50.821664 169.409358 173.468733 108.233910
121.340258 176.858006 224.301737 94.282607 178.754444 252.474294 230.598936 115.353747 50.701974 169.230473 173.332553 108.311008
121.065598 176.853196 224.222017 94.274818 178.794262 252.031882 230.719327 115.288154 50.612566 169.034696 173.221248 108.377200
120.868914 176.862407 224.168571 94.269595 178.833350 251.592618 230.908784 115.166696 50.521361 168.776835 173.131173 108.430767
120.561884 176.883374 224.135031 94.266318 178.874920 251.151276 231.013858 115.090488 50.486501 168.591859 173.064819 108.470227
120.345905 176.899765 224.045204 94.172511 178.918113 250.713100 231.207854 114.960141 50.455223 168.349179 173.024938 108.493944
120.009333 176.987500 224.039274 94.103566 178.961501 250.272933 231.319701 114.890795 50.400683 168.129206 172.996317 108.510965
119.877406 177.161927 224.031698 94.015491 179.004684 249.834857 231.443184 114.837762 50.386280 167.885281 172.981018 108.520063
119.757157 177.345266 224.024815 93.949185 179.048566 249.396950 231.567835 114.784381 50.384491 167.624295 172.971220 108.525890
119.642318 177.528090 223.996042 93.921977 179.092696 248.957058 231.686143 114.733717 50.383740 167.367196 172.958671 108.533353
119.528808 177.708798 223.984562 93.911121 179.137372 248.496930 231.812449 114.679628 50.388836 167.140778 172.948357 108.539486
119.412372 177.894162 223.976352 93.903357 179.185524 248.058969 231.937720 114.634682 50.414753 166.949829 172.941653 108.543473
119.295512 178.080204 223.912501 93.919165 179.233654 247.621207 232.068507 114.598877 50.438760 166.772951 172.935637 108.547051
119.120209 178.335442 223.881937 93.962342 179.282156 247.180065 232.197655 114.563521 50.457428 166.635412 172.927557 108.551856
118.994117 178.516454 223.843979 94.015967 179.330713 246.738427 232.325164 114.528614 50.398141 166.426552 172.920166 108.556252
118.867339 178.698450 223.781735 94.074554 179.378963 246.299571 232.417757 114.503266 50.349303 166.374441 172.915094 108.559267
118.744391 178.874948 223.701983 94.147528 179.427017 245.858079 232.477363 114.486948 50.335500 166.337500 172.912860 108.560596
118.620413 179.052924 223.575252 94.194346 179.473863 245.419476 232.506202 114.479053 50.365153 166.166654 172.909594 108.562539
118.487488 179.223868 223.455830 94.264967 179.525108 244.978959 232.517487 114.475964 50.427888 166.117553 172.902632 108.566679
118.344734 179.387255 223.338295 94.328904 179.577850 244.539814 232.523756 114.474247 50.583403 166.115007 172.898592 108.569081
118.198287 179.546301 223.218563 94.394036 179.623460 244.101791 232.527614 114.473191 50.665084 166.192787 172.892662 108.572608
118.052449 179.704685 223.099989 94.458573 179.672161 243.661979 232.531183 114.472214 50.814299 166.286784 172.887762 108.575522
117.907040 179.867227 222.983787 94.521822 179.720564 243.224850 232.531569 114.472109 50.953996 166.287607 172.881660 108.579151
117.760549 180.032834 222.873206 94.582011 179.769297 242.784740 232.531569 114.472109 51.192300 166.280862 172.877792 108.581451
117.617305 180.194771 222.793454 94.625419 179.817689 242.347711 232.613905 114.533454 51.360539 166.265940 172.870658 108.585693
117.475452 180.355135 222.736012 94.656685 179.868436 241.880083 232.623405 114.572309 51.543720 166.249692 172.862665 108.590447
117.333599 180.515499 222.704217 94.673991 179.915856 241.441036 232.637726 114.630884 51.741944 166.229305 172.856047 108.594383
117.188036 180.680057 222.606858 94.560139 179.963125 241.003381 232.655325 114.702864 51.957755 166.202251 172.852867 108.596274
116.978637 180.910031 222.636216 94.494724 180.010437 240.565329 232.673494 114.777175 52.188151 166.173369 172.848569 108.598829
116.803351 181.090425 222.674336 94.409786 180.057760 240.127177 232.693159 114.857606 52.428112 166.123131 172.839888 108.603992
116.706258 181.190312 222.715568 94.317914 180.105395 239.686142 232.711779 114.933762 52.683114 166.066105 172.835075 108.606854
116.633073 181.265604 222.739971 94.263539 180.120102 239.242700 232.730874 115.011862 52.949251 165.997272 172.828629 108.610688
116.585328 181.314723 222.753483 94.233432 180.167821 238.800869 232.749589 115.088407 53.206578 165.911959 172.821925 108.614675
116.556193 181.344696 222.733260 94.135054 180.214963 238.363502 232.766974 115.159513 53.467416 165.825482 172.815307 108.618610
116.538489 181.362910 222.673061 94.095556 180.262479 237.921952 232.784169 115.229841 53.719582 165.710537 172.807829 108.623057
116.532495 181.369077 222.595472 94.044647 180.309909 237.481196 232.802243 115.303764 53.963951 165.595716 172.802758 108.626073
116.530892 181.370726 222.503000 93.983973 180.357040 237.043225 232.819652 115.374966 54.202939 165.465062 172.790983 108.633076
116.530683 181.370941 222.395144 93.913205 180.404470 236.602470 232.834377 115.435193 54.433040 165.318855 172.781270 108.638851
116.530683 181.370941 222.282438 93.839256 180.453799 236.163232 232.843426 115.472202 54.656047 165.157640 172.765370 108.648308
116.530683 181.370941 222.171489 93.766458 180.503803 235.723969 232.870913 115.616471 54.873052 164.989209 172.753767 108.655208
116.530683 181.370941 222.056024 93.690699 180.553525 235.287190 232.874899 115.646105 55.081295 164.815809 172.739929 108.663437
116.530683 181.370941 221.945324 93.618067 180.603642 234.846934 232.897612 115.779352 55.273642 164.624197 172.722309 108.673916
116.530683 181.370941 221.832361 93.543964 180.653375 234.410055 232.910896 115.838068 55.459849 164.427669 172.709932 108.681276
116.530683 181.370941 221.721906 93.471506 180.705540 233.973464 232.928925 115.917754 55.628382 164.212646 172.692312 108.691754
116.530683 181.370941 221.613876 93.400639 180.759013 233.535416 232.945917 115.992856 55.756628 163.976296 172.677271 108.700699
116.530683 181.370941 221.404774 93.297962 180.812631 233.096176 232.958341 116.047768 55.909174 163.746278 172.661714 108.709951
116.530683 181.370941 221.278506 93.248528 180.866455 232.655249 232.990016 116.212320 56.068073 163.525394 172.642006 108.724133
116.530683 181.370941 221.150841 93.198547 180.919904 232.217399 233.002421 116.294185 56.229951 163.300371 172.632155 108.731499
116.530683 181.370941 221.029973 93.151228 180.973437 231.778855 233.013763 116.369031 56.390894 163.076647 172.617339 108.742577
116.530683 181.370941 220.903519 93.101721 181.026728 231.342295 233.025044 116.443481 56.551662 162.853166 172.607568 108.749883
116.530683 181.370941 220.777530 93.052397 181.080213 230.904148 233.036671 116.520205 56.713540 162.628142 172.596997 108.757787
116.530683 181.370941 220.649772 93.002379 181.136878 230.441085 233.048012 116.595051 56.874191 162.404824 172.583061 108.768206
116.530683 181.370941 220.550974 92.963700 181.175936 229.998405 233.059474 116.670687 57.032973 162.184103 172.566883 108.780303
116.530683 181.370941 220.476852 92.934681 181.214863 229.557219 233.071430 116.749587 57.188105 161.956707 172.556472 108.788087
116.530683 181.370941 220.442677 92.921302 181.253710 229.116929 233.077707 116.791014 57.333241 161.725955 172.549985 108.792938
116.530683 181.370941 220.376188 92.804384 181.292434 228.678034 233.100988 116.943903 57.480240 161.492241 172.540214 108.800243
116.530683 181.370941 220.400477 92.736605 181.331291 228.237645 233.111944 117.015469 57.614743 161.216448 172.536049 108.803357
116.530683 181.370941 220.429254 92.656305 181.379292 227.795899 233.118270 117.056788 57.760607 160.984500 172.534287 108.804675
116.530683 181.370941 220.463933 92.559531 181.432064 227.358975 233.132680 117.203894 57.904661 160.755430 172.533006 108.805633
116.530683 181.370941 220.503673 92.448637 181.484835 226.922050 233.134430 117.274572 58.082795 160.549417 172.530523 108.807489
116.530683 181.370941 220.549351 92.321174 181.537703 226.484331 233.136301 117.350149 58.299483 160.376541 172.525638 108.811142
116.530683 181.370941 220.594725 92.194559 181.589575 226.046395 233.138333 117.432224 58.490964 160.183855 172.520752 108.814795
116.530683 181.370941 220.638547 92.072274 181.639514 225.608030 233.140214 117.508201 58.676529 159.978131 172.511222 108.821921
116.530683 181.370941 220.682943 91.948388 181.689544 225.168871 233.141154 117.591193 58.876471 159.795347 172.492882 108.835634
116.530683 181.370941 220.727608 91.823750 181.738986 224.730049 233.138464 117.692057 59.081492 159.611814 172.480468 108.844915
116.530683 181.370941 220.771329 91.701747 181.785334 224.288777 233.135362 117.808416 59.291069 159.432067 172.460606 108.859766
116.530683 181.370941 220.817782 91.572119 181.831411 223.850291 233.131753 117.943767 59.501785 159.251344 172.440504 108.874796
116.528522 181.373164 220.864067 91.442962 181.877387 223.412901 233.129197 118.039633 59.742619 159.131612 172.425287 108.886174
116.520228 181.381697 220.909913 91.315029 181.912952 222.970635 233.127265 118.112108 59.987777 159.017178 172.411592 108.896414
116.506985 181.395321 220.831692 91.189831 181.939863 222.527551 233.125816 118.185492 60.235964 158.896996 172.404304 108.901863
116.496948 181.405647 220.720038 91.121079 181.966515 222.088760 233.124745 118.248383 60.494036 158.798865 172.396776 108.907492
116.491929 181.410810 220.618358 91.038167 181.993402 221.646076 233.124272 118.276179 60.733141 158.664720 172.387405 108.914498
116.485308 181.417622 220.514042 90.953105 182.022215 221.205819 233.178167 118.321565 60.996560 158.626303 172.379476 108.920426
116.480917 181.422139 220.407867 90.866527 182.050923 220.766176 233.240019 118.297970 61.268732 158.612943 172.373069 108.925217
116.479035 181.424075 220.307504 90.784688 182.046304 220.324200 233.318596 118.267995 61.540117 158.598010 172.366342 108.930247
116.474853 181.428378 220.201794 90.698489 182.041684 219.884225 233.408292 118.233780 61.815963 158.582460 172.360175 108.934858
116.465513 181.437987 220.096781 90.612859 182.037038 219.443749 233.512469 118.194039 62.086324 158.573799 172.356731 108.937433
116.454012 181.449818 219.993706 90.528808 182.032377 219.001774 233.627859 118.150022 62.358195 158.590343 172.354169 108.939349
116.427805 181.476780 219.888848 90.443304 182.027708 218.559098 233.751657 118.102797 62.627783 158.613729 172.353448 108.939888
116.404385 181.500873 219.768377 90.393578 182.023053 218.117723 233.874147 118.056071 62.902152 158.637531 172.352967 108.940247
116.367654 181.538663 219.642867 90.346073 182.006798 217.678181 234.091902 117.971521 63.174345 158.661938 172.352887 108.940307
116.339810 181.567381 219.521378 90.300090 181.978433 217.236591 234.214700 117.922557 63.448881 158.697269 172.352727 108.940427
116.197132 181.571876 219.406342 90.256550 181.951628 216.794504 234.343442 117.871221 63.721037 158.732293 172.352567 108.940547
116.145318 181.509356 219.327968 90.226886 181.925129 216.354801 234.470977 117.820368 63.993291 158.767330 172.352567 108.940547
116.090110 181.432826 219.271947 90.205682 181.890341 215.914864 234.594332 117.771180 64.262769 158.802009 172.352567 108.940547
116.027356 181.337533 219.108234 90.141665 181.845864 215.473901 234.719917 117.721104 64.569621 158.797194 172.352567 108.940547
115.953602 181.225537 219.016222 90.107132 181.791956 215.037321 234.843736 117.671732 64.846161 158.821430 172.352567 108.940547
115.884331 181.115910 218.904554 90.067478 181.728808 214.601775 234.969878 117.621434 65.116524 158.845124 172.350965 108.941744
115.771535 180.993931 218.774887 90.021432 181.665474 214.164942 235.097134 117.570691 65.388215 158.878680 172.347521 108.944319
115.699963 180.876293 218.652193 89.977862 181.602097 213.727812 235.321899 117.497914 65.662897 158.915207 172.342396 108.948152
115.629067 180.759765 218.530630 89.934694 181.540346 213.289947 235.454680 117.462978 65.934010 158.951260 172.333506 108.954799
115.558898 180.644434 218.405392 89.890221 181.479694 212.853340 235.587171 117.428119 66.207998 158.987695 172.324696 108.961386
115.489821 180.530896 218.275725 89.844176 181.418960 212.416138 235.712796 117.395066 66.575686 159.027458 172.318609 108.965937
115.422933 180.420943 218.145587 89.797962 181.353901 211.980279 235.846447 117.359901 66.848951 159.054509 172.311401 108.971326
115.352408 180.305009 218.022517 89.754259 181.286289 211.543683 235.978067 117.325270 67.121618 159.081500 172.308627 108.973767
115.285158 180.194457 217.897090 89.709719 181.218952 211.108866 236.102821 117.292446 67.391399 159.108206 172.307682 108.974659
115.217127 180.082624 217.773831 89.665949 181.148018 210.673529 236.228929 117.259266 67.663271 159.135119 172.306736 108.975551
115.137902 179.979656 217.652551 89.622881 181.071406 210.237813 236.355231 117.226035 67.936734 159.162189 172.306663 108.975620
115.047540 179.888153 217.528444 89.578810 180.995123 209.803969 236.482113 117.192652 68.210197 159.189259 172.306445 108.975826
114.950644 179.790033 217.402452 89.534069 180.918649 209.369041 236.612959 117.158225 68.482566 159.216221 172.306445 108.975826
114.859791 179.698032 217.280229 89.490667 180.843303 208.932292 236.746707 117.123034 68.844923 159.258519 172.306445 108.975826
114.787206 179.624531 217.157347 89.447030 180.768239 208.497017 236.878575 117.131934 69.117640 159.291469 172.306445 108.975826
114.737599 179.574297 217.028340 89.401219 180.693226 208.062038 237.014775 117.145756 69.388867 159.324239 172.306445 108.975826
114.688624 179.524703 216.902725 89.356612 180.618383 207.628044 237.146101 117.159083 69.658507 159.356816 172.306445 108.975826
114.643795 179.479308 216.773623 89.310767 180.543132 207.191685 237.283097 117.172985 69.934003 159.390102 172.306445 108.975826
114.622715 179.457962 216.666949 89.272886 180.467728 206.754439 237.415716 117.186443 70.206257 159.422697 172.305572 108.976649
114.571368 179.405587 216.591185 89.245981 180.391569 206.318341 237.551121 117.200184 70.482101 159.452033 172.301281 108.980698
114.522942 179.362228 216.536623 89.226606 180.314833 205.883662 237.680059 117.213268 70.751383 159.480671 172.299317 108.982551
114.461107 179.306862 216.481501 89.093214 180.237859 205.447401 237.766117 117.222001 71.023548 159.509616 172.297499 108.984266
114.387053 179.240557 216.530603 89.006558 180.172082 205.010930 237.824119 117.227887 71.299392 159.538952 172.295971 108.985707
114.299217 179.161910 216.586014 88.908766 180.106216 204.573865 237.975534 117.327955 71.569171 159.567643 172.295316 108.986325
114.197450 179.070790 216.648816 88.796659 180.040409 204.137195 238.004358 117.406855 71.839347 159.596377 172.293498 108.988041
114.099854 178.983406 216.711804 88.683395 180.000630 203.697259 238.037711 117.498154 72.114894 159.625681 172.289061 108.992227
113.996447 178.890818 216.777367 88.565499 179.966575 203.257776 238.091538 117.598696 72.384175 159.654319 172.286443 108.994697
113.895722 178.800632 216.836515 88.459140 179.932489 202.817895 238.161709 117.704669 72.656837 159.683317 172.284915 108.996138
113.794550 178.710045 216.877924 88.384679 179.926153 202.374713 238.222381 117.818293 72.931588 159.712537 172.282733 108.998197
113.694422 178.620393 216.907522 88.331455 179.931628 201.931747 238.276045 117.936481 73.202262 159.741323 172.282224 108.998677
113.592431 178.529527 216.919818 88.309345 179.937637 201.489989 238.331280 118.058128 73.475719 159.770405 172.282006 108.998883
113.487651 178.439721 216.924290 88.301304 179.945845 201.048165 238.385151 118.176770 73.830727 159.817902 172.281933 108.998952
113.385073 178.351802 216.927983 88.294662 179.954050 200.605741 238.440469 118.298600 74.051105 159.849270 172.277496 109.003138
113.185345 178.167014 216.928955 88.292914 179.966157 200.164414 238.497482 118.424162 74.233540 159.871084 172.273786 109.006638
112.908967 177.937280 216.929053 88.292739 179.989798 199.721407 238.551601 118.543351 74.377593 159.883655 172.270659 109.009589
112.817188 177.846203 216.929053 88.292739 180.045463 199.281515 238.606795 118.664907 74.493452 159.893766 172.268258 109.011853
112.721220 177.750970 216.929053 88.292739 180.101179 198.841226 238.663725 118.790287 74.567073 159.900191 172.267385 109.012677
112.580464 177.609526 216.929053 88.292739 180.179406 198.403919 238.720820 118.916032 74.606622 159.903643 172.266731 109.013294
112.489828 177.515636 216.929053 88.292739 180.259506 197.967509 238.773988 119.033126 74.634417 159.906068 172.266294 109.013706
112.399678 177.422249 216.929053 88.292739 180.341020 197.531497 238.961416 119.109416 74.639697 159.906529 172.266003 109.013981
112.307916 177.325734 216.929053 88.292739 180.442560 197.100805 239.108585 119.074736 74.642486 159.906772 172.265058 109.014873
112.208847 177.220678 216.929053 88.292739 180.543847 196.671183 239.270744 119.036523 74.643582 159.906868 172.261639 109.018098
112.102949 177.102617 216.929053 88.292739 180.644744 196.243216 239.449060 118.994503 74.644379 159.906938 172.253929 109.025372
111.988992 176.975122 216.929053 88.292739 180.743258 195.775468 239.638488 118.945559 74.644578 159.906955 172.248692 109.030313
111.867172 176.838830 216.929053 88.292739 180.870639 195.354518 239.833906 118.879756 74.644578 159.906955 172.245564 109.033264
111.669815 176.618188 216.929053 88.292739 181.011168 194.934846 240.039181 118.810634 74.644578 159.906955 172.242000 109.036627
111.529998 176.462037 216.929053 88.292739 181.156196 194.515502 240.258008 118.736949 74.644578 159.906955 172.239818 109.038685
111.380374 176.294934 216.929053 88.292739 181.326914 194.107260 240.489499 118.658277 74.644578 159.906955 172.233053 109.045068
111.222360 176.118431 216.929053 88.292739 181.498096 193.697911 240.727258 118.567066 74.644578 159.906955 172.219233 109.058106
111.053218 175.929476 216.929053 88.292739 181.676519 193.293496 240.967139 118.456897 74.644578 159.906955 172.207159 109.069498
110.876606 175.732177 216.929053 88.292739 181.862220 192.891627 241.212663 118.333920 74.644578 159.906955 172.199012 109.077184
110.702579 175.524143 216.929053 88.292739 182.046789 192.492210 241.456935 118.211571 74.644578 159.906955 172.188975 109.086654
110.530605 175.309216 216.929053 88.292739 182.255522 192.102990 241.701923 118.088863 74.644578 159.906955 172.178646 109.096399
110.359994 175.098533 216.929053 88.292739 182.463594 191.750756 241.949861 117.964678 74.644578 159.906955 172.157334 109.116506
110.191508 174.886159 216.929053 88.292739 182.687988 191.435723 242.195385 117.841702 74.644578 159.906955 172.135658 109.136956
110.023947 174.671900 216.929053 88.292739 182.888732 191.103302 242.428671 117.704697 74.644578 159.906955 172.116965 109.154592
109.857433 174.458979 216.934788 88.282427 183.106803 190.769884 242.660161 117.563219 74.644578 159.906955 172.099872 109.170719
109.686359 174.240866 216.947521 88.259529 183.328159 190.431444 242.889859 117.422837 74.644578 159.906955 172.095478 109.174804
109.425222 173.878850 216.941722 88.183198 183.554420 190.073802 243.103175 117.292466 74.644578 159.906955 172.093905 109.176196
109.271423 173.656936 216.878177 88.160430 183.803338 189.738334 243.312139 117.164755 74.644578 159.906955 172.093156 109.176858
109.114377 173.430337 216.794581 88.130477 184.069533 189.406897 243.504294 117.047318 74.644578 159.906955 172.092407 109.177521
108.838410 173.056901 216.697806 88.095803 184.340361 189.069690 243.674776 116.943126 74.644578 159.906955 172.092407 109.177521
108.666921 172.844099 216.587286 88.056203 184.620369 188.728291 243.821658 116.852302 74.644578 159.906955 172.092407 109.177521
108.498432 172.631846 216.463889 88.014167 184.923649 188.407443 243.957574 116.765816 74.647069 159.907172 172.082296 109.186466
108.328935 172.417455 216.337781 87.976544 185.226105 188.087467 244.069278 116.694737 74.653942 159.907772 172.078851 109.189514
108.160058 172.203848 216.204870 87.936892 185.531150 187.767054 244.168663 116.631497 74.666495 159.908868 172.076904 109.191237
108.010338 171.978726 216.078667 87.899241 185.835573 187.447981 244.255646 116.576148 74.692197 159.911111 172.075256 109.192694
107.861954 171.752733 215.954278 87.863833 186.137674 187.123567 244.330396 116.528583 74.734636 159.914814 172.075181 109.192761
107.697633 171.532724 215.827935 87.839315 186.438962 186.798526 244.382030 116.495728 74.794707 159.920057 172.075181 109.192761
107.546482 171.307772 215.692855 87.813103 186.740862 186.472825 244.418139 116.472751 74.872014 159.926803 172.075181 109.192761
107.394356 171.081724 215.559934 87.787309 187.046465 186.155601 244.447668 116.453961 74.967849 159.935167 172.075181 109.192761
107.236861 170.853612 215.425149 87.761153 187.353680 185.839495 244.466482 116.441990 75.217746 159.829977 172.075181 109.192761
107.081172 170.628020 215.293786 87.741156 187.662917 185.521309 244.473906 116.437265 75.312483 159.749816 172.063572 109.203031
106.924899 170.405647 215.159558 87.721911 187.970948 185.203078 244.480993 116.432756 75.421953 159.657188 172.058928 109.207139
106.765352 170.181907 215.025628 87.702708 188.269747 184.878412 244.483018 116.431467 75.543713 159.554161 172.057580 109.208332
106.608479 169.961909 214.899419 87.684612 188.542348 184.529597 244.483440 116.431199 75.672345 159.445320 172.056906 109.208928
106.450910 169.740934 214.768062 87.665779 188.812929 184.178369 244.483440 116.431199 75.812579 159.326661 172.046720 109.217939
106.293372 169.520060 214.640652 87.645608 189.074037 183.824219 244.483440 116.431199 75.959455 159.202383 172.024516 109.232061
106.135793 169.299091 214.505707 87.623771 189.330025 183.462696 244.483440 116.431199 76.109289 159.074999 171.910938 109.390795
105.976638 169.075932 214.368788 87.601615 189.554193 183.080947 244.483440 116.431199 76.239142 158.923676 171.910938 109.390795
105.815455 168.850182 214.237397 87.580353 189.775397 182.700845 244.483440 116.431199 76.372902 158.767800 171.910938 109.390795
105.656220 168.628686 214.112511 87.559057 189.988356 182.313229 244.483440 116.431199 76.503992 158.615035 171.910938 109.390795
105.493848 168.413033 213.981501 87.533920 190.185865 181.915132 244.483440 116.431199 76.635863 158.461360 171.910938 109.390795
105.325129 168.215341 213.846366 87.507992 190.382396 181.519005 244.483440 116.431199 76.774703 158.299564 171.910938 109.390795
105.188320 168.039744 213.713588 87.482516 190.538667 181.104005 244.483440 116.431199 76.905858 158.146724 171.910938 109.390795
105.073848 167.857752 213.582479 87.457360 190.692195 180.687927 244.484537 116.430501 77.039879 157.990544 171.894186 109.407419
104.982484 167.712497 213.455496 87.432996 190.868022 180.242916 244.487996 116.428300 77.181844 157.825106 171.861606 109.439750
104.911032 167.598900 213.327039 87.408349 190.982489 179.817963 244.493902 116.424542 77.322312 157.661413 171.838111 109.463066
104.860451 167.518485 213.097575 87.353512 191.083201 179.387843 244.505798 116.416973 77.456828 157.502781 171.810783 109.490185
104.825471 167.462871 212.966060 87.318485 191.169202 178.955310 244.529083 116.402156 77.593737 157.334421 171.787288 109.513500
104.808114 167.435276 212.833578 87.283200 191.275274 178.497720 244.559202 116.382990 77.728249 157.169010 171.748462 109.552030
104.796400 167.416654 212.617584 87.211310 191.375229 178.069019 244.609654 116.350887 77.860616 157.006237 171.722341 109.577952
104.794856 167.414199 212.487840 87.164885 191.475775 177.637785 244.674618 116.309550 77.992919 156.843542 171.684863 109.615144
104.794111 167.413014 212.358091 87.099253 191.567357 177.206319 244.743631 116.265636 78.123646 156.682786 171.657677 109.642122
104.793685 167.412337 212.224604 87.029527 191.656999 176.773403 244.825974 116.213239 78.259356 156.515900 171.657677 109.642122
104.793419 167.411913 212.078886 86.953412 191.746600 176.340682 244.921900 116.152200 78.392976 156.351827 171.646959 109.652758
104.793366 167.411829 211.921113 86.871000 191.835795 175.909920 244.895931 115.951608 78.530656 156.185783 171.620695 109.678821
104.793366 167.411829 211.752721 86.784316 191.925741 175.475534 244.859600 115.811854 78.667698 156.020508 171.580591 109.718619
104.793366 167.411829 211.567926 86.691935 192.015382 175.042617 244.819545 115.657775 78.805888 155.853848 171.556528 109.742498
104.793366 167.411829 211.375974 86.595978 192.105267 174.608526 244.778911 115.501470 78.945164 155.685879 171.518412 109.780323
104.793366 167.411829 211.184026 86.500013 192.194929 174.175511 244.739745 115.347680 79.082461 155.520297 171.489593 109.808922
104.793366 167.411829 210.990830 86.403415 192.284874 173.741126 244.702368 115.197461 79.219949 155.354483 171.444307 109.853862
104.793366 167.411829 210.794414 86.305207 192.374232 173.309580 244.664233 115.042175 79.344582 155.176842 171.412173 109.885069
104.793366 167.411829 210.594309 86.210087 192.463731 172.877349 244.626289 114.887666 79.459233 154.996501 171.364443 109.929192
104.793366 167.411829 210.398234 86.120914 192.552967 172.446391 244.559251 114.710205 79.576996 154.811265 171.335878 109.955598
104.793366 167.411829 210.199155 86.030375 192.642345 172.014747 244.434136 114.587014 79.695670 154.624595 171.289617 109.998364
104.793366 167.411829 209.997618 85.938719 192.732068 171.581439 244.270699 114.496192 79.812199 154.441300 171.255986 110.029453
104.793366 167.411829 209.815334 85.858048 192.821567 171.149207 244.071220 114.492125 79.927225 154.260369 171.208182 110.073644
104.793366 167.411829 209.657348 85.799458 192.917258 170.717815 243.852995 114.554642 80.038750 153.967917 171.176900 110.102562
104.793366 167.411829 209.536304 85.754567 192.984279 170.277929 243.632667 114.631657 80.080552 153.753404 171.134531 110.141729
104.793366 167.411829 209.436637 85.717605 193.083094 169.847014 243.404707 114.717817 80.111688 153.542187 171.105819 110.168271
104.793366 167.411829 209.366036 85.691422 193.175483 169.414166 243.147029 114.715882 80.143875 153.323847 171.066681 110.204452
104.787828 167.403025 209.300336 85.669870 193.267400 168.982034 242.889611 114.643874 80.229706 153.027432 171.038116 110.230858
104.769726 167.374245 209.212945 85.645223 193.359359 168.549706 242.623530 114.559204 80.318922 152.831926 170.994204 110.271451
104.684201 167.252791 209.015586 85.584064 193.451463 168.116693 242.348817 114.465608 80.410919 152.630325 170.934259 110.330831
104.642487 167.201388 208.899202 85.548144 193.544770 167.683734 242.048382 114.483804 80.499679 152.435820 170.892909 110.375267
104.590122 167.136862 208.776417 85.510249 193.638132 167.251706 241.747971 114.573313 80.574524 152.230915 170.851558 110.419704
104.523832 167.055176 208.685165 85.482085 193.731176 166.821145 241.449662 114.693741 80.646020 152.023597 170.812115 110.462091
104.446578 166.959979 208.622992 85.455245 193.824939 166.387260 241.141895 114.817988 80.717319 151.816846 170.777782 110.498988
104.388857 166.888852 208.589788 85.438920 194.019498 165.477688 240.825968 114.945529 80.826585 151.526019 170.737044 110.542766
104.349159 166.839934 208.579199 85.433714 194.110581 165.043336 240.511989 115.072283 80.949790 151.252149 170.701348 110.581126
104.322190 166.808000 208.576597 85.432434 194.201377 164.610353 240.226317 115.184975 81.012497 151.047856 170.661837 110.623586
104.299158 166.780986 208.575430 85.431861 194.291782 164.179230 239.964873 115.287149 81.076407 150.839644 170.617012 110.671757
104.291632 166.772158 208.574981 85.431640 194.382209 163.748009 239.726807 115.380188 81.141433 150.627799 170.565544 110.723647
104.286053 166.765614 208.574900 85.431600 194.473189 163.314146 239.514355 115.463216 81.205549 150.418918 170.533751 110.754925
104.282744 166.761733 208.574900 85.431600 194.563903 162.881555 239.289143 115.551231 81.268491 150.213860 170.494117 110.793919
104.281706 166.760516 208.574900 85.431600 194.655088 162.446712 239.087588 115.630000 81.332166 150.006413 170.452600 110.815559
104.281187 166.759907 208.574900 85.431600 194.745945 162.013436 238.904568 115.701526 81.395049 149.801547 170.375418 110.890370
104.281057 166.759755 208.574900 85.431600 194.836987 161.579279 238.750791 115.758132 81.458784 149.593908 170.335662 110.960471
104.280992 166.759678 208.574900 85.431600 194.927844 161.146003 238.599570 115.810096 81.572694 149.312478 170.266163 111.032234
104.280992 166.759678 208.574900 85.431600 195.018271 160.714782 238.482405 115.849133 81.699084 149.137933 170.185093 111.119940
104.280992 166.759678 208.574900 85.431600 195.109169 160.281310 238.373599 115.884791 81.826060 148.962578 170.101054 111.219778
104.280992 166.759678 208.574900 85.431600 195.200211 159.847153 238.291685 115.911636 81.996589 148.707145 169.949602 111.396766
104.280992 166.759678 208.574900 85.431600 195.291089 159.413779 238.239991 115.928577 82.109435 148.520391 169.816293 111.539262
104.280992 166.759678 208.574900 85.431600 195.381782 158.981286 238.143221 115.963708 82.223883 148.330983 169.737045 111.620654
104.280992 166.759678 208.574900 85.431600 195.472557 158.548401 238.057138 115.998637 82.340850 148.152672 169.672796 111.686643
104.280992 166.759678 208.471064 85.373441 195.563311 158.115614 237.956229 116.039582 82.474920 147.983062 169.634358 111.726121
104.280992 166.759678 208.438562 85.353946 195.656136 157.682656 237.843551 116.085302 82.704329 147.788526 169.594804 111.766746
104.280992 166.759678 208.387452 85.323288 195.750118 157.250047 237.711044 116.139068 82.893601 147.683414 169.551902 111.810810
104.280992 166.759678 208.317218 85.281160 195.843634 156.819588 237.562598 116.199301 83.128104 147.492743 169.527486 111.835887
104.280992 166.759678 208.231634 85.229824 195.937680 156.386685 237.396640 116.266641 83.288798 147.344542 169.465583 112.020704
104.280992 166.759678 208.132157 85.170156 196.031535 155.954663 237.213261 116.341049 83.448095 147.197629 169.522093 112.065482
104.280992 166.759678 208.019731 85.102720 196.125369 155.522738 237.013295 116.422187 83.689872 146.924190 169.593808 112.122309
104.280992 166.759678 207.899182 85.025930 196.219309 155.090324 236.798040 116.509529 83.831649 146.823089 169.677984 112.189010
104.280992 166.759678 207.781769 84.914459 196.313039 154.656536 236.573797 116.600518 83.987188 146.749896 169.772428 112.263847
104.280992 166.759678 207.654203 84.793349 196.405108 154.224640 236.338991 116.695793 84.139017 146.678448 169.946003 112.410566
104.280992 166.759678 207.518442 84.664458 196.496864 153.794211 236.090284 116.796708 84.263340 146.619945 170.037618 112.502515
104.280992 166.759678 207.439843 84.524105 196.589204 153.361044 235.830366 116.902173 84.363504 146.572810 170.132248 112.597671
104.280992 166.759678 207.386271 84.413718 196.681483 152.929194 235.561367 117.011322 84.552994 146.485757 170.292233 112.761456
104.280992 166.759678 207.347151 84.333109 196.777242 152.496155 235.305416 117.112073 84.627141 146.452657 170.457857 112.916777
104.280992 166.759678 207.325932 84.289386 196.872547 152.065167 235.042035 117.210583 84.693893 146.422860 170.560425 113.005320
104.280992 166.759678 207.314056 84.264915 196.969203 151.632022 234.769417 117.318168 84.750508 146.397587 170.660269 113.091511
104.280992 166.759678 207.308555 84.253580 197.066811 151.201139 234.487461 117.432088 84.799270 146.375820 170.760566 113.178095
104.280992 166.759678 207.307944 84.252320 197.164949 150.767916 234.198366 117.548892 84.911112 146.393761 170.832705 113.240369
104.280992 166.759678 207.307463 84.251330 197.263389 150.338865 233.898237 117.670153 84.930242 146.412814 170.883156 113.287727
104.280992 166.759678 207.307420 84.251241 197.362681 149.908880 233.589579 117.794862 84.947601 146.430104 170.908605 113.311754
104.280992 166.759678 207.307420 84.251241 197.462018 149.478700 233.270721 117.923691 84.960001 146.442453 170.899420 113.439057
104.280992 166.759678 207.250825 84.255398 197.579677 149.050673 232.944424 118.055996 84.972046 146.454450 170.844476 113.487727
104.280992 166.759678 207.219794 84.283553 197.710614 148.628094 232.611207 118.192517 84.983949 146.466305 170.774937 113.549328
104.280992 166.759678 207.173729 84.325348 197.842084 148.203795 232.258756 118.311889 84.999041 146.481336 170.688140 113.625041
104.280992 166.759678 207.113296 84.380179 197.997732 147.776065 231.893408 118.418911 85.022280 146.504482 170.588010 113.704457
104.280992 166.759678 207.038274 84.448248 198.160001 147.363750 231.553723 118.504099 85.047221 146.529322 170.483571 113.787291
104.271520 166.748568 206.952438 84.526127 198.297239 146.941084 231.216877 118.568246 85.069327 146.551339 170.382188 113.867701
104.258350 166.733120 206.852014 84.617243 198.477863 146.535703 230.897301 118.627420 85.082789 146.564747 170.276652 113.951405
104.158047 166.605222 206.737814 84.720858 198.657103 146.133428 230.580218 118.650191 85.086119 146.568064 170.175896 114.031318
104.121761 166.550812 206.610240 84.838118 198.837076 145.729509 230.286375 118.671294 85.097952 146.579849 170.068871 114.116202
104.073046 166.477766 206.476218 84.971807 199.018744 145.327561 230.002705 118.691666 85.109430 146.591281 169.960985 114.201770
104.013789 166.388913 206.333418 85.114253 199.201362 144.927138 229.735426 118.700294 85.128773 146.610546 169.852785 114.287586
103.944823 166.285500 206.063950 85.380715 199.384810 144.524895 229.465927 118.699717 85.162074 146.643713 169.750932 114.368369
103.869420 166.172437 205.900529 85.540563 199.573287 144.124261 229.234427 118.699221 85.184392 146.665942 169.643124 114.453875
103.785140 166.046063 205.730034 85.707338 199.768458 143.727574 228.997728 118.698714 85.191832 146.673351 169.538764 114.536647
103.717728 165.885474 205.559711 85.874859 199.961276 143.317712 228.768728 118.698223 85.194595 146.676103 169.433071 114.620474
103.613920 165.729814 205.388318 86.043431 200.154488 142.920512 228.540029 118.697733 85.195941 146.677444 169.326752 114.704799
103.477150 165.584242 205.212576 86.216281 200.348312 142.522053 228.316629 118.697254 85.232655 146.786233 169.223253 114.786887
103.357582 165.404955 205.031986 86.393899 200.553856 142.129920 228.060034 118.666456 85.225908 146.830826 169.117715 114.874050
103.231135 165.215352 204.851753 86.571166 200.762923 141.740037 227.845653 118.673591 85.218943 146.899414 169.037261 114.942604
103.097918 165.015599 204.669452 86.750467 200.971800 141.350506 227.625375 118.680922 85.213094 146.987720 168.985274 114.986902
102.815912 164.653761 204.473519 86.918138 201.185132 140.962960 227.410794 118.688064 85.203962 147.092415 168.956807 115.011158
102.698016 164.505273 204.301962 87.125981 201.401465 140.576488 227.192578 118.691173 85.192065 147.218957 168.943577 115.096865
102.546277 164.291294 204.138554 87.323952 201.616871 140.191675 226.976404 118.687794 85.179990 147.347391 168.983981 115.152056
102.476657 164.186274 204.000736 87.490921 201.838792 139.806925 226.758032 118.684311 85.171352 147.483909 169.031710 115.217253
102.428079 164.113017 203.891564 87.623184 202.063700 139.428168 226.540300 118.678863 85.167755 147.618457 169.092257 115.299959
102.394754 164.062763 203.809255 87.722902 202.288964 139.048809 226.320569 118.673366 85.182971 147.751993 169.157287 115.394380
102.366126 164.019592 203.724465 87.825672 202.513514 138.670654 226.106836 118.668019 85.216335 147.879448 169.223418 115.503217
102.346385 163.988954 203.639471 87.928750 202.745781 138.295157 225.893503 118.662681 85.265886 148.004381 169.285359 115.618021
102.326113 163.933760 203.557595 88.028047 202.984311 137.924947 225.672539 118.658876 85.388318 148.166793 169.346568 115.741815
102.323044 163.925405 203.473428 88.130122 203.224790 137.551710 225.423924 118.678495 85.492015 148.251436 169.399508 115.866553
102.319734 163.916394 203.386653 88.235360 203.463753 137.180827 225.186850 118.682041 85.595930 148.329881 169.493294 116.067236
102.319286 163.915174 203.303695 88.335969 203.703854 136.808179 224.940378 118.685727 85.713043 148.390643 169.575706 116.278673
102.319217 163.914986 203.218193 88.439664 203.928681 136.459237 224.680636 118.698032 85.828241 148.449581 169.617062 116.405291
102.319217 163.914986 203.135934 88.539424 204.130001 136.146777 224.408278 118.715234 86.046977 148.552404 169.657611 116.529436
102.319217 163.914986 203.051768 88.641499 204.307816 135.870801 224.127138 118.732990 86.171831 148.606980 169.693842 116.652699
102.319217 163.914986 202.972619 88.750569 204.465861 135.625507 223.836251 118.777715 86.298614 148.649743 169.729655 116.780060
102.319217 163.914986 202.897166 88.856554 204.671634 135.390501 223.534524 118.831022 86.427291 148.693144 169.767119 116.913293
102.319217 163.914986 202.816667 88.969626 204.804174 135.148750 223.222059 118.897884 86.559075 148.736710 169.803473 117.042579
102.319217 163.914986 202.736922 89.081640 204.936715 134.906999 222.898269 118.970808 86.681786 148.776821 169.838312 117.166474
102.319217 163.914986 202.661584 89.187462 205.074227 134.668853 222.580310 119.057890 86.812672 148.819603 169.874395 117.294797
102.319217 163.914986 202.584681 89.295483 205.215742 134.438242 222.265520 119.150038 86.936523 148.860086 169.909180 117.418499
102.088996 163.606675 202.507198 89.404319 205.361726 134.204953 221.946891 119.243309 87.063153 148.904288 169.945994 117.549422
102.063784 163.583125 202.432945 89.514896 205.508134 133.970986 221.640017 119.359246 87.120983 149.017573 169.980712 117.674700
102.021471 163.543603 202.366875 89.626855 205.655239 133.704878 221.334359 119.476285 87.205692 149.114071 170.015561 117.800668
101.969877 163.495411 202.300450 89.739416 205.801211 133.471818 221.052981 119.584028 87.300507 149.209185 170.039132 117.885868
101.945074 163.350788 202.232652 89.854303 205.946161 133.239770 220.787411 119.713174 87.460695 149.216317 170.054863 117.942732
101.891774 163.267956 202.166735 89.966004 206.090577 133.004686 220.538823 119.836279 87.542909 149.185620 170.063822 117.975116
101.830085 163.172088 202.097565 90.083216 206.235569 132.768664 220.301122 119.967502 87.613601 149.157175 170.003205 118.085497
101.761741 163.065877 202.031851 90.194572 206.377420 132.537754 220.070646 120.108912 87.665094 149.124328 169.932415 118.104514
101.685767 162.947809 201.962924 90.311347 206.520842 132.304289 219.835056 120.253461 87.696527 149.098160 169.843082 118.128512
101.600187 162.813688 201.897439 90.422258 206.664944 132.069715 219.612647 120.406662 87.844107 148.981835 169.733275 118.158010
101.505571 162.664218 201.831700 90.533599 206.808366 131.836250 219.390988 120.560830 87.912282 148.949018 169.607050 118.191919
