216.788800 451.289200 228.238313 355.542411 140.390800 305.169400 215.728000 271.389400 295.352436 182.441991 371.814955 350.602110
216.753192 451.270978 228.417212 355.028880 140.340679 305.164107 215.740275 271.340724 295.086792 182.432898 371.833916 350.868124
216.690521 451.238908 228.596439 354.514405 140.263707 305.155978 215.760815 271.259274 294.814551 182.423579 371.884551 351.130483
216.592597 451.188798 228.777969 353.993320 140.140989 305.143018 215.790354 271.142141 294.553704 182.414651 371.936930 351.401874
216.460846 451.121377 228.958446 353.475256 139.985852 305.126635 215.827184 270.996114 294.281264 182.405326 372.034241 351.861998
216.293486 451.035734 229.138594 352.958137 139.803665 305.107395 215.870276 270.825265 294.024399 182.397003 372.107695 352.119701
216.092664 450.938959 229.318216 352.442528 139.583489 305.084143 215.920948 270.624356 293.747326 182.388613 372.216923 352.372514
215.849178 450.851253 229.496522 351.930697 139.328706 305.057236 215.979826 270.391071 293.486046 182.380702 372.323137 352.618351
215.652169 450.780289 229.674368 351.420188 139.060995 305.028964 216.045010 270.132976 293.163705 182.387347 372.390125 352.871800
215.503895 450.726880 229.853924 350.904769 138.802433 305.001659 216.107941 269.883800 292.885316 182.339854 372.400200 353.132144
215.438978 450.703496 230.032822 350.391238 138.348535 304.935828 216.174741 269.619305 292.626693 182.357134 372.318090 353.397044
215.386861 450.684709 230.288721 349.880525 138.079585 304.892614 216.124672 269.319223 292.364478 182.374655 372.275337 353.654781
215.181004 450.592443 230.525273 349.389539 137.808067 304.848989 215.870234 269.250327 292.246141 182.382561 372.318015 353.919007
215.056288 450.522950 230.762781 348.896570 137.545041 304.806728 215.621395 269.182947 292.195255 182.385962 372.402722 354.167993
214.901697 450.431921 230.999854 348.404502 137.288531 304.765513 215.372170 269.115463 292.172705 182.387468 372.490585 354.426256
214.715913 450.322524 231.236060 347.914237 137.016618 304.721824 215.203461 269.196899 292.145167 182.389308 372.574777 354.673727
214.498418 450.194455 231.481081 347.429615 136.568447 304.647255 215.140382 269.464773 292.041255 182.426551 372.664186 354.936534
214.294453 450.055810 231.741054 346.952210 136.307406 304.602796 215.079000 269.725443 291.941822 182.469721 372.751728 355.193851
214.156132 449.957325 232.000549 346.475684 136.043802 304.557901 215.016793 269.989618 291.761420 182.643009 372.841137 355.456658
214.067828 449.894452 232.264348 345.991254 135.786901 304.514148 214.955115 270.253092 291.633512 182.773325 372.925001 355.700417
214.009502 449.852924 232.523843 345.514728 135.525268 304.469589 214.896290 270.521522 291.473315 182.920819 373.025510 355.957465
214.004275 449.583657 232.799885 345.032937 135.266593 304.425533 214.839178 270.782137 290.983528 183.142795 373.120265 356.199799
214.094928 449.463648 233.081334 344.566001 134.799339 304.445700 214.790626 270.985385 290.715353 183.169732 373.219973 356.454798
214.205473 449.317307 233.364228 344.096666 134.545695 304.497097 214.754778 271.124645 290.391195 183.076781 373.318952 356.707935
214.334702 449.146231 233.646399 343.628530 134.289894 304.548932 214.733488 271.207348 290.143009 182.958612 373.419679 356.965543
214.480688 448.952972 233.933113 343.152858 134.030956 304.601403 214.724514 271.242212 289.704902 182.727594 373.520552 357.223523
214.613052 448.777747 234.217762 342.680611 133.768883 304.654509 214.720774 271.256738 289.595908 182.469089 373.616910 357.469954
214.707080 448.653270 234.501792 342.209393 133.502907 304.707465 214.718381 271.266035 289.740528 181.950306 373.716836 357.725512
214.766029 448.575232 234.785718 341.738345 133.248342 304.756264 214.717683 271.268747 289.816013 181.691905 373.811421 357.967483
215.074728 448.307256 235.073022 341.267743 132.788639 304.772055 214.717284 271.270296 289.951796 181.464983 373.904012 358.210865
215.201042 448.183068 235.365415 340.808054 132.524483 304.767263 214.808329 271.348359 290.142105 181.279803 373.998025 358.457986
215.345419 448.036690 235.660062 340.344822 132.327983 304.671893 214.865955 271.354937 290.363121 181.112496 374.094457 358.711463
215.517183 447.862545 235.956534 339.878721 132.192518 304.562055 215.023527 271.556400 290.515723 180.803614 374.198799 358.955640
215.708608 447.668465 236.251503 339.414982 132.112668 304.497310 215.023349 271.680200 290.618522 180.511306 374.317325 359.199123
215.926859 447.447189 236.543037 338.956644 132.004526 304.215640 215.023109 271.846200 290.705341 180.187337 374.414511 359.444487
216.173058 447.197577 236.833927 338.499318 132.070638 304.068401 215.022810 272.054199 290.801219 179.829562 374.422051 359.717343
216.430812 446.923936 237.129111 338.035242 132.152807 303.885402 215.022451 272.303199 290.823703 179.429874 374.345880 359.977239
216.702041 446.625059 237.389971 337.478071 132.247264 303.675035 215.022051 272.580799 290.836774 178.995470 374.212703 360.214298
216.988054 446.309890 237.655833 337.007593 132.359090 303.425332 215.021652 272.858199 290.850681 178.533279 374.066635 360.429095
217.264794 446.004940 237.924648 336.531891 132.484341 303.141543 215.021264 273.127798 290.865471 178.051507 373.865779 360.619555
217.481901 445.761762 238.194052 336.055145 132.621706 302.830309 215.020864 273.404998 290.883023 177.543810 373.660999 360.801299
217.643377 445.578837 238.420416 335.549460 132.770466 302.489789 215.020492 273.663598 290.901356 177.013527 373.451820 360.969781
217.752836 445.454837 238.640773 335.048809 132.931276 302.114382 215.020098 273.937197 290.922474 176.457142 373.245229 361.129475
217.821000 445.377619 238.858633 334.553832 133.089209 301.718016 215.019721 274.198397 290.952693 175.883737 373.025835 361.287532
217.857266 445.336536 239.081729 334.046957 133.239405 301.309504 215.008501 274.668865 290.983797 175.293556 372.807297 361.435564
217.949259 445.204951 239.299508 333.552164 133.302570 300.876083 214.989087 274.933754 291.015817 174.686000 372.590800 361.578452
218.008700 445.093174 239.503788 332.989792 133.322483 300.450668 214.986596 275.137526 291.048878 174.058670 372.363547 361.716105
218.088331 444.943430 239.660469 332.548162 133.302897 300.014707 214.984399 275.353515 291.081305 173.428693 372.125402 361.853627
218.186345 444.757752 239.803329 332.143197 133.283185 299.575950 214.982870 275.503907 291.108858 172.869772 371.888797 361.998390
218.269772 444.535494 239.919521 331.722549 133.263896 299.146583 214.985249 275.577262 291.132599 172.388157 371.641499 362.075348
218.361633 444.290767 240.033795 331.308842 133.245674 298.740992 214.993982 275.884588 291.217888 171.898232 371.367090 362.263350
218.466191 444.006194 240.147804 330.896098 133.230953 298.413323 214.997169 276.036554 291.187084 171.460314 371.414686 362.530341
218.571189 443.696932 240.262931 330.479306 133.217659 298.117421 215.000935 276.216115 291.156266 171.022197 371.462738 362.799891
218.688532 443.351308 240.380134 330.054996 133.214348 297.881249 215.005203 276.419670 291.125645 170.586872 371.510790 363.069441
218.814620 442.979929 240.497710 329.629336 133.212316 297.720262 215.010214 276.658617 291.111963 170.156090 371.557404 363.330919
218.945691 442.572247 240.611516 329.214887 133.211163 297.628870 215.015971 276.933157 291.117771 169.804738 371.605982 363.603423
219.064999 442.129645 240.711918 328.799447 133.391308 297.396775 215.021171 277.181103 291.122505 169.518377 371.652245 363.862932
219.190814 441.662905 240.812931 328.381480 133.541902 297.368636 215.025209 277.373660 291.126205 169.294608 371.699314 364.126969
219.323551 441.170482 240.916763 327.951849 133.737516 297.332084 215.027813 277.497833 291.129653 169.086036 371.745892 364.388250
219.461338 440.659327 241.010682 327.563237 133.968911 297.288846 215.028735 277.541823 291.132089 168.938657 371.791312 364.643033
219.604797 440.130233 241.101547 327.187261 134.231565 297.239767 214.863800 277.722586 291.133676 168.842670 371.874425 365.103222
219.750174 439.602490 241.177611 326.849102 134.524512 297.167546 214.748200 277.722543 291.134638 168.784478 371.921835 365.363946
219.897251 439.068577 241.244279 326.610438 134.846474 297.084900 214.590800 277.722485 291.134959 168.765080 371.969494 365.626049
220.042681 438.540642 241.356736 326.453334 135.191488 296.996337 214.387800 277.722410 291.134985 168.763480 372.016188 365.882838
220.189917 438.006150 241.413826 326.248958 135.745698 296.852883 214.140600 277.722319 291.134995 168.762881 372.063959 366.141463
220.337313 437.471081 241.469086 326.051131 136.140058 296.752277 213.881800 277.722223 291.135000 168.762600 372.111637 366.398885
220.484496 436.936782 241.512293 325.896452 136.570414 296.645519 213.608400 277.722123 291.135000 168.762600 372.159571 366.657683
220.629341 436.410968 241.554805 325.758500 136.992618 296.540784 213.338200 277.722023 291.135000 168.762600 372.208706 366.922971
220.782133 435.877231 241.590552 325.651725 137.419285 296.434941 213.062000 277.721921 291.135000 168.762600 372.259116 367.195142
220.938527 435.348475 241.623823 325.552347 137.849657 296.325795 212.799400 277.721824 291.135000 168.762600 372.304376 367.450111
221.095830 434.816651 241.657666 325.451262 138.278285 296.215467 212.680520 277.983272 291.135000 168.762600 372.337794 367.707954
221.251487 434.290388 241.687382 325.362504 138.702266 296.106336 212.690044 278.248501 291.135000 168.762600 372.373063 367.980078
221.402516 433.757630 241.716970 325.274125 139.128879 295.999593 212.699884 278.522525 291.135000 168.762600 372.408665 368.254781
221.543542 433.229743 241.740336 325.204333 139.562231 295.902022 212.709459 278.789153 291.135000 168.762600 372.385129 368.522084
221.652847 432.633752 241.764401 325.132454 140.178095 295.749990 212.718968 279.053982 291.135000 168.762600 372.349586 368.778432
221.726936 432.096436 241.787386 325.063800 140.592869 295.643604 212.736003 279.517396 291.135000 168.762600 372.320194 369.035702
221.762940 431.547731 241.809292 324.998369 141.175293 295.467812 212.746512 279.786991 291.135000 168.762600 372.258265 369.301926
221.767856 430.995952 241.831832 324.931042 141.581790 295.314633 212.757162 280.060184 291.136736 168.663407 372.134464 369.547696
221.751045 430.443557 241.862166 324.854408 141.994463 295.159127 212.767352 280.321585 291.138202 168.582220 372.002515 369.789657
221.666849 429.901861 241.896956 324.797383 142.402831 295.005242 212.777308 280.576991 291.140224 168.470238 371.860482 370.019578
221.582928 429.361944 241.930495 324.742406 142.818685 294.848537 212.784561 280.763050 291.142823 168.326262 371.699513 370.241310
221.505541 428.819870 241.964868 324.686063 143.232668 294.692537 212.788737 280.870169 291.145928 168.154290 371.572171 370.467137
221.432194 428.272361 241.999241 324.629721 143.634860 294.540980 212.791440 280.939516 291.149707 167.944924 371.455145 370.709347
221.349250 427.729084 242.035802 324.569792 144.228783 294.325573 212.589858 281.089835 291.153906 167.712362 371.380037 370.969857
221.264359 427.184276 242.066529 324.519426 144.917071 294.091324 212.441297 281.105646 291.161631 167.439706 371.300888 371.225616
221.195445 426.645264 242.091423 324.478620 145.337289 293.950460 212.255944 281.125372 291.178222 167.129550 371.220482 371.464655
221.127079 426.095100 242.119443 324.432692 145.748026 293.812774 212.027235 281.149713 291.196105 166.795228 371.124600 371.628027
221.067930 425.554425 242.141212 324.397008 146.343096 293.628181 211.770286 281.177058 291.215207 166.438138 371.054360 371.714750
221.034903 425.084986 242.158294 324.369008 146.752715 293.504790 211.513338 281.204404 291.235772 166.053688 371.012443 371.766504
221.076691 424.583294 242.181418 324.331104 147.171335 293.378689 211.273890 281.229887 291.257555 165.646470 371.026928 371.954323
221.127770 424.152150 242.213083 324.279201 147.674410 293.127087 211.074217 281.251137 291.278449 165.211173 371.123108 372.056880
221.298826 423.750598 242.238081 324.238224 147.873692 292.748764 210.962051 281.263075 291.256190 164.723604 371.246923 372.188905
221.559430 423.415360 242.259226 324.203565 148.080058 292.356992 210.898211 281.269869 291.187595 164.301137 371.398991 372.351741
