174.881055 167.275902 112.860738 236.336682 186.366942 187.082223 159.278200 114.759100 180.098800 105.522900 209.246573 127.702129
174.875399 167.275201 112.991522 236.092841 186.288012 186.983625 159.291910 114.743458 180.117317 105.510655 209.379626 127.464779
174.873414 167.274955 113.120889 235.851644 186.202073 186.876162 159.318869 114.712700 180.149181 105.489584 209.513463 127.226033
174.870734 167.274622 113.249829 235.611240 186.123237 186.776339 159.358813 114.667128 180.200563 105.455607 209.644635 126.985255
174.869643 167.274487 113.379479 235.369514 186.040349 186.676972 159.411346 114.607192 180.269210 105.410211 209.772798 126.746477
174.869147 167.274425 113.509365 235.127347 185.960000 186.580826 159.475151 114.534396 180.350537 105.356432 209.901813 126.506112
174.868948 167.274401 113.637077 234.889235 185.877221 186.480071 159.551084 114.447763 180.447211 105.292503 210.031962 126.263633
174.868750 167.274376 113.766038 234.646008 185.789354 186.372882 159.636047 114.350828 180.561819 105.216715 210.161970 126.021419
174.868551 167.274352 113.895741 234.400912 185.700091 186.273292 159.720812 114.254118 180.689440 105.132323 210.292782 125.777706
174.867757 167.274253 114.022170 234.162002 185.612785 186.179824 159.809137 114.153347 180.832074 105.038002 210.421418 125.538046
174.866864 167.274142 114.148599 233.923092 185.498236 186.105718 159.898846 114.050997 180.978729 104.924621 210.551568 125.295567
174.865078 167.273921 114.278442 233.677731 185.335909 185.931273 159.989189 113.947611 181.131361 104.790632 210.680724 125.054938
174.861704 167.273502 114.406087 233.436523 185.245799 185.832908 160.071584 113.849004 181.262050 104.675907 210.811583 124.811138
174.860116 167.273306 114.583699 233.094558 185.156635 185.735575 160.157825 113.745792 181.369065 104.581963 210.957955 124.576709
174.858131 167.273059 114.701089 232.844435 185.063620 185.634039 160.242592 113.644346 181.446546 104.513946 211.102981 124.346006
174.856345 167.272838 114.816312 232.598929 184.973780 185.535969 160.331637 113.551503 181.493516 104.472714 211.249337 124.113187
174.853169 167.272444 114.931959 232.352518 184.885088 185.439152 160.427138 113.454536 181.521848 104.447843 211.392489 123.880849
174.851084 167.272201 115.047140 232.107103 184.797882 185.343958 160.518781 113.361487 181.532068 104.438871 211.534682 123.648977
174.847884 167.272239 115.206701 231.766125 184.708245 185.246109 160.763801 113.181119 181.537930 104.433725 211.677242 123.416507
174.843385 167.272291 115.323871 231.515458 184.619485 185.149219 160.873885 113.109387 181.538300 104.433400 211.820482 123.182930
174.832185 167.272422 115.479812 231.290202 184.527063 185.047421 160.981777 113.036686 181.538300 104.433400 211.962809 122.950904
174.827186 167.272480 115.652069 231.075580 184.442704 184.950755 161.090000 112.963762 181.550711 104.422376 212.104180 122.718421
174.822786 167.272531 115.821071 230.865014 184.377279 184.825584 161.199468 112.890000 181.575309 104.400528 212.242728 122.483770
174.816086 167.272610 115.990483 230.654007 184.286134 184.721170 161.308748 112.815252 181.611197 104.368652 212.382699 122.246708
174.810087 167.272680 116.202278 230.354406 184.198013 184.620220 161.415778 112.741641 181.661514 104.323959 212.517810 122.010704
174.806687 167.272719 116.356458 230.128022 184.107460 184.516483 161.525774 112.665989 181.722747 104.269571 212.646020 121.769683
174.803687 167.272754 116.511820 229.899902 184.022430 184.419075 161.622068 112.596328 181.797813 104.202897 212.774183 121.528750
174.801387 167.272781 116.667801 229.670873 183.936151 184.320235 161.693063 112.541013 181.881626 104.128454 212.901913 121.287815
174.799388 167.272804 116.821634 229.444979 183.845926 184.216875 161.731478 112.511081 181.980467 104.040663 213.030029 121.041660
174.797088 167.272831 117.026106 229.115828 183.748849 184.126604 161.749464 112.497067 182.093439 103.940321 213.157129 120.797455
174.795988 167.272844 117.164752 228.878337 183.642446 184.042062 161.837070 112.372592 182.219794 103.828092 213.272029 120.549671
174.794988 167.272856 117.301432 228.644213 183.534869 183.956588 161.830966 112.315417 182.358635 103.704773 213.385265 120.297970
174.794588 167.272860 117.441238 228.404736 183.434182 183.876587 161.822867 112.235943 182.509664 103.570629 213.489610 120.047829
174.794288 167.272864 117.581144 228.165085 183.332242 183.795591 161.820244 112.139879 182.672056 103.426392 213.591615 119.790402
174.794188 167.272865 117.719085 227.928803 183.225370 183.710676 161.817299 112.032019 182.844767 103.272990 213.691584 119.536260
174.794188 167.272865 117.857983 227.690879 183.119124 183.626259 161.813797 111.903767 183.025103 103.112814 213.776538 119.278137
174.794188 167.272865 117.995671 227.455029 183.015853 183.544205 161.806451 111.800476 183.217985 102.941465 213.861664 119.015109
174.794188 167.272865 118.159991 227.238465 182.911173 183.461032 161.796925 111.731127 183.422048 102.766992 213.952685 118.760489
174.794188 167.272865 118.330680 227.026945 182.725888 183.310399 161.791155 111.689122 183.628658 102.592865 214.033266 118.497687
174.794188 167.272865 118.501683 226.815036 182.622823 183.222743 161.691052 111.570081 183.832760 102.420882 214.109077 118.232303
174.794188 167.272865 118.673062 226.602660 182.518615 183.134114 161.614740 111.534261 184.008108 102.273127 214.177933 117.966981
174.794188 167.272865 118.824835 226.339051 182.415854 183.046717 161.527566 111.493342 184.149274 102.154176 214.239714 117.699729
174.794188 167.272865 119.127447 226.047050 182.315025 182.963338 161.420296 111.442990 184.265128 102.056554 214.301855 117.430919
174.794188 167.272865 119.223090 225.711532 182.202722 182.900066 161.311277 111.374436 184.348634 101.986188 214.354410 117.162037
174.794188 167.272865 119.363909 225.477303 182.067852 182.861997 161.203759 111.302615 184.411341 101.933350 214.399275 116.892850
174.794188 167.272865 119.504934 225.242732 181.951452 182.796423 161.016003 111.177133 184.447359 101.903000 214.443831 116.621687
174.794188 167.272865 119.647763 225.005162 181.758633 182.683357 160.906703 111.104018 184.466400 101.886955 214.487463 116.355134
174.794188 167.272865 119.790385 224.767934 181.654239 182.608258 160.792499 111.027623 184.471753 101.882444 214.523639 116.089178
174.794188 167.272865 119.930431 224.534991 181.545867 182.530297 160.679535 110.954015 184.475118 101.879609 214.560343 115.816134
174.794188 167.272865 120.072538 224.298620 181.440987 182.454848 160.561887 110.891131 184.475424 101.879352 214.597150 115.542700
174.794188 167.272865 120.212063 224.066648 181.342016 182.377089 160.443533 110.827869 184.475500 101.879287 214.634904 115.273032
174.794188 167.272865 120.403015 223.747166 181.246013 182.293339 160.328354 110.766305 184.475500 101.879287 214.673171 115.004949
174.794188 167.272865 120.544311 223.510310 181.074075 182.145496 160.085500 110.725953 184.475500 101.879287 214.711805 114.734292
174.794188 167.272865 120.686017 223.272766 180.968751 182.055403 159.954923 110.700320 184.475500 101.879287 214.750905 114.460369
174.794088 167.272866 120.827314 223.035910 180.873554 181.973932 159.830314 110.644600 184.475500 101.879287 214.822477 114.192636
174.793788 167.272870 120.967292 222.801528 180.787398 181.900198 159.709264 110.590472 184.475500 101.879287 214.857373 113.919980
174.793488 167.272873 121.110327 222.564198 180.710963 181.834791 159.586298 110.535487 184.475500 101.879287 214.889048 113.651241
174.792988 167.272879 121.253620 222.326440 180.642415 181.776163 159.462190 110.483950 184.475500 101.879287 214.920747 113.382302
174.792088 167.272890 121.396241 222.089795 180.563359 181.708743 159.326648 110.612947 184.475500 101.879287 214.952574 113.112775
174.790088 167.272913 121.536024 221.857861 180.416320 181.563562 159.243658 110.738377 184.475500 101.879287 214.984973 112.838582
174.785489 167.272967 121.675755 221.626012 180.327391 181.469976 159.151452 110.877735 184.475500 101.879287 215.016891 112.568462
174.783989 167.272984 121.893848 221.308215 180.248558 181.387074 159.050970 111.029603 184.475500 101.879287 215.049448 112.300237
174.778689 167.273046 121.996273 221.052032 180.160082 181.292989 158.942377 111.193729 184.475500 101.879287 215.086173 112.031030
174.774189 167.273098 122.098179 220.797149 180.095899 181.202549 158.826113 111.369449 184.483377 101.872650 215.123129 111.760139
174.766590 167.273187 122.198413 220.546444 180.037330 181.120020 158.708084 111.547837 184.494924 101.862920 215.159911 111.488822
174.761990 167.273241 122.299057 220.294718 179.985417 181.046869 158.587075 111.730728 184.512818 101.847842 215.196506 111.214552
174.756690 167.273303 122.399477 220.043548 179.934950 180.975757 158.468769 111.909533 184.522148 101.839980 215.233221 110.939391
174.747091 167.273415 122.505659 219.789460 179.886132 180.906175 158.346601 112.094176 184.535071 101.829090 215.269551 110.667104
174.742991 167.273462 122.614010 219.536052 179.828364 180.823937 158.228572 112.272564 184.561836 101.806537 215.309091 110.396791
174.738892 167.273510 122.732964 219.186394 179.759319 180.725790 158.106073 112.457707 184.689116 101.709531 215.350780 110.123249
174.732392 167.273586 122.847237 218.935602 179.697697 180.638194 157.986278 112.638764 184.746863 101.671219 215.391791 109.854156
174.727792 167.273640 122.962174 218.683353 179.642442 180.559984 157.867973 112.817569 184.821025 101.622017 215.433601 109.579824
174.721593 167.273712 123.074126 218.437656 179.592966 180.490253 157.746522 113.001128 184.911437 101.562033 215.464254 109.276735
174.716693 167.273769 123.187694 218.188411 179.542101 180.418565 157.627058 113.181684 185.019515 101.490330 215.529238 109.013951
174.709494 167.273853 123.299729 217.942532 179.482441 180.334480 157.505994 113.364659 185.137008 101.412380 215.595231 108.747089
174.703794 167.273920 123.414953 217.689865 179.378112 180.191195 157.387633 113.543547 185.266751 101.326303 215.662910 108.478208
174.695395 167.274018 123.569243 217.351528 179.302376 180.088502 157.275479 113.729861 185.407743 101.232762 215.744738 108.214931
174.687295 167.274112 123.684182 217.099390 179.214650 179.969552 157.167371 113.921811 185.559985 101.131759 215.826536 107.951749
174.680496 167.274192 123.796382 216.853258 179.117249 179.837485 157.011072 114.206452 185.723476 101.023292 215.907770 107.690382
174.676896 167.274234 123.910925 216.602038 179.018127 179.703083 156.856887 114.486652 185.900383 100.905924 215.998643 107.431701
174.672296 167.274287 124.023481 216.355188 178.908499 179.554436 156.750806 114.677902 186.097852 100.799182 216.106589 107.177795
174.661550 167.276029 124.137115 216.105972 178.792046 179.396534 156.643464 114.871426 186.307845 100.691702 216.209022 106.886758
174.657219 167.276805 124.249131 215.860305 178.667461 179.227607 156.537140 115.063113 186.501657 100.629528 216.312896 106.636854
174.652100 167.277722 124.361314 215.614274 178.552432 179.071636 156.430962 115.254537 186.681768 100.537411 216.425835 106.389629
174.649738 167.278145 124.475902 215.362966 178.447730 178.929669 156.323281 115.448673 186.836371 100.492780 216.540021 106.139676
174.646785 167.278674 124.589205 215.114478 178.333117 178.774262 156.215744 115.642546 186.960501 100.457667 216.707441 105.879567
174.645505 167.278903 124.702579 214.865803 178.210846 178.608473 156.111021 115.831348 187.146881 100.343021 216.832369 105.639531
174.644521 167.279080 124.815642 214.617756 178.079317 178.430129 156.005086 116.022335 187.262524 100.282548 216.957989 105.398164
174.644423 167.279097 124.928579 214.370091 177.940724 178.242208 155.897501 116.216296 187.384724 100.218646 217.101774 105.166541
174.644423 167.279097 125.068658 214.031167 177.733279 177.968490 155.790499 116.409207 187.501608 100.157524 217.255806 104.942236
174.644127 167.279150 125.167068 213.775020 177.553330 177.788239 155.683835 116.601506 187.617186 100.093831 217.411989 104.714799
174.643734 167.279221 125.264760 213.520741 177.363065 177.597656 155.577380 116.795860 187.730169 100.028123 217.565682 104.490989
174.643045 167.279344 125.361819 213.268147 177.167766 177.406219 155.473789 116.985968 187.849634 99.958645 217.724960 104.263906
174.640781 167.279750 125.460285 213.011915 176.989531 177.236811 155.370247 117.175989 187.965901 99.891027 217.886047 104.043126
174.638320 167.280190 125.557747 212.758297 176.831880 177.086969 155.265651 117.367941 188.081909 99.823560 218.045424 103.824688
174.633989 167.280966 125.655460 212.504026 176.687719 176.949934 155.159668 117.562440 188.198609 99.755690 218.205460 103.603270
174.629461 167.281778 125.752850 212.250594 176.569069 176.837151 155.056173 117.752373 188.318247 99.686112 218.365087 103.381431
174.623161 167.282906 125.851173 211.994736 176.466132 176.739335 154.953731 117.940374 188.433736 99.618946 218.524246 103.160242
174.618929 167.283664 125.948277 211.742052 176.380665 176.658121 154.849997 118.130746 188.548966 99.551931 218.685216 102.936537
174.611152 167.285058 126.046134 211.487407 176.312306 176.593163 154.743727 118.325772 188.668691 99.482302 218.871352 102.740490
174.602490 167.286609 126.143597 211.233790 176.249746 176.533715 154.641046 118.514212 188.780234 99.417701 219.060776 102.542375
174.595009 167.287950 126.241490 210.979052 176.206832 176.492936 154.537694 118.703882 188.941431 99.276475 219.255235 102.350594
174.590678 167.288725 126.340028 210.722634 176.184649 176.471857 154.435539 118.891356 189.039752 99.193894 219.456946 102.168867
174.584182 167.289889 126.436957 210.470418 176.174791 176.462489 154.329726 119.085492 189.138455 99.110991 219.662075 101.984061
174.579654 167.290700 126.535899 210.212977 176.165222 176.453396 154.238647 119.252581 189.239915 99.025773 219.867723 101.798786
174.575520 167.291441 126.633522 209.958885 176.161380 176.449745 154.162051 119.393847 189.339581 98.940201 220.071133 101.619427
174.573256 167.291847 126.731547 209.703662 176.160365 176.448781 154.106727 119.501571 189.432635 98.851148 220.277636 101.439489
174.571090 167.292235 126.829143 209.449774 176.160075 176.448506 154.060009 119.606391 189.527061 98.760781 220.485647 101.258238
174.567743 167.292834 126.927751 209.193169 176.160075 176.448506 154.025855 119.685754 189.623076 98.668893 220.694564 101.076198
174.559967 167.294227 127.043287 208.892673 176.160075 176.448506 154.006367 119.731038 189.721909 98.574308 220.900162 100.897049
174.555735 167.294986 127.159646 208.590320 176.160075 176.448506 153.996010 119.755105 189.817058 98.483249 221.105459 100.718162
174.550911 167.295850 127.257331 208.336466 176.160075 176.448506 153.937899 119.881163 189.916469 98.388112 221.309249 100.540590
174.545498 167.296820 127.419829 207.871363 176.160075 176.448506 153.909397 119.938689 190.005972 98.298613 221.579453 100.378669
174.535654 167.298583 127.508850 207.609268 176.160075 176.448506 153.873037 120.012075 190.095798 98.205331 221.805388 100.225787
174.523350 167.300787 127.643333 207.213269 176.160075 176.448506 153.827455 120.104440 190.211333 98.132945 222.029750 100.073969
174.511440 167.302921 127.732164 206.952272 176.160075 176.448506 153.777093 120.207270 190.300954 98.039882 222.254443 99.921927
174.504254 167.304208 127.819960 206.694197 176.160075 176.448506 153.718814 120.326265 190.382112 97.955607 222.507874 99.746828
174.497462 167.305425 127.908214 206.434693 176.160075 176.448506 153.652794 120.461066 190.437605 97.897983 222.709310 99.561235
174.479843 167.308582 128.007800 206.177434 176.160075 176.448506 153.579516 120.610685 190.471109 97.863192 222.909936 99.376387
174.468818 167.310557 128.131284 205.929928 176.160075 176.448506 153.499553 120.773955 190.486370 97.847346 223.108724 99.193233
174.456022 167.312849 128.253176 205.685874 176.160075 176.448506 153.412905 120.950876 190.494000 97.839423 223.309056 99.008655
174.440568 167.315618 128.375665 205.440777 176.160075 176.448506 153.330554 121.141405 190.500867 97.832292 223.508138 98.825230
174.435253 167.316570 128.497528 205.197045 176.160075 176.448506 153.244647 121.344264 190.502809 97.830275 223.709353 98.639840
174.430823 167.317363 128.623933 204.950072 176.160075 176.448506 153.164602 121.543881 190.503434 97.829626 223.913583 98.451672
174.426197 167.318192 128.758994 204.713168 176.160075 176.448506 153.085978 121.749245 190.503572 97.829482 224.117144 98.272322
174.423933 167.318598 128.893088 204.478014 176.160075 176.448506 153.008176 121.952461 190.503711 97.829338 224.324747 98.089542
174.423441 167.318686 129.028642 204.240585 176.160075 176.448506 152.928945 122.159412 190.503711 97.829338 224.529798 97.909009
174.423047 167.318756 129.162866 204.005390 176.160075 176.448506 152.851357 122.362068 190.503711 97.829338 224.735224 97.728145
174.422850 167.318792 129.300154 203.764805 176.160075 176.448506 152.772805 122.567245 190.503711 97.829338 224.940125 97.547744
174.422850 167.318792 129.436399 203.526043 176.160075 176.448506 152.684799 122.768476 190.503711 97.829338 225.146602 97.365955
174.422850 167.318792 129.571203 203.289798 176.160075 176.448506 152.594489 122.967989 190.503711 97.829338 225.354730 97.182712
174.422850 167.318792 129.754301 202.969530 176.160075 176.448506 152.511522 123.172458 190.503711 97.829338 225.562726 96.998722
174.422850 167.318792 129.890652 202.735100 176.160075 176.448506 152.431124 123.375844 190.503711 97.829338 225.764272 96.814580
174.422850 167.318792 130.031000 202.495824 176.160075 176.448506 152.350873 123.578857 190.503711 97.829338 225.964415 96.631720
174.422850 167.318792 130.167649 202.262841 176.160075 176.448506 152.269959 123.783545 190.503711 97.829338 226.166183 96.447375
174.422850 167.318792 130.307738 202.023992 176.160075 176.448506 152.189782 123.986373 190.503711 97.829338 226.366104 96.264718
174.422850 167.318792 130.444437 201.790922 176.160075 176.448506 152.111831 124.192300 190.503711 97.829338 226.569127 96.079227
174.422850 167.318792 130.584788 201.552460 176.160075 176.448506 152.035175 124.399152 190.503711 97.829338 226.774676 95.893099
174.422850 167.318792 130.773560 201.232759 176.160075 176.448506 151.958427 124.602447 190.503711 97.829338 226.980815 95.707621
174.422850 167.318792 130.911521 200.998807 176.160075 176.448506 151.882527 124.803498 190.503711 97.829338 227.186583 95.522478
174.422850 167.318792 131.049066 200.765539 176.160075 176.448506 151.805179 125.008384 190.503711 97.829338 227.390640 95.338873
174.422850 167.318792 131.182033 200.522898 176.160075 176.448506 151.728997 125.210182 190.503711 97.829338 227.596928 95.153261
174.422850 167.318792 131.311924 200.284030 176.160075 176.448506 151.650801 125.417314 190.503711 97.829338 227.798309 94.972064
174.422850 167.318792 131.441194 200.046304 176.160075 176.448506 151.573931 125.623650 190.503711 97.829338 228.002347 94.785019
174.422850 167.318792 131.569781 199.808576 176.160075 176.448506 151.502706 125.828204 190.503711 97.829338 228.203352 94.600139
174.422850 167.318792 131.680140 199.560517 176.159785 176.448230 151.429805 126.037575 190.503711 97.829338 228.406050 94.413703
174.422850 167.318792 131.787417 199.305590 176.158408 176.446921 151.358877 126.241280 190.503711 97.829338 228.607570 94.228349
174.422850 167.318792 131.892600 199.050418 176.154566 176.443270 151.286666 126.448668 190.503711 97.829338 228.801236 94.036913
174.422850 167.318792 131.995802 198.800055 176.148404 176.437415 151.214290 126.656528 190.503711 97.829338 228.990939 93.834518
174.422850 167.318792 132.119130 198.500946 176.141285 176.430832 151.143888 126.858722 190.503711 97.829338 229.178043 93.634895
174.422850 167.318792 132.245753 198.193898 176.127779 176.419862 151.075778 127.067483 190.503711 97.829338 229.363369 93.437170
174.422850 167.318792 132.348769 197.943999 176.100379 176.397607 151.009374 127.273864 190.503711 97.829338 229.564848 93.247340
174.422850 167.318792 132.451976 197.693637 176.061645 176.366147 150.943063 127.479958 190.503711 97.829338 229.744506 93.025198
174.422850 167.318792 132.556631 197.439762 176.009639 176.323905 150.877180 127.684720 190.503711 97.829338 229.933597 92.791392
174.422850 167.318792 132.662391 197.183206 175.943272 176.270001 150.809888 127.893861 190.503711 97.829338 230.126785 92.548582
174.422850 167.318792 132.766551 196.930533 175.867125 176.208152 150.742028 128.102290 190.503711 97.829338 230.322140 92.297790
174.422752 167.318809 132.913218 196.583094 175.779723 176.137162 150.674373 128.305736 190.503711 97.829338 230.523764 92.038951
174.422358 167.318880 133.024721 196.336863 175.679436 176.055706 150.604730 128.515160 190.503711 97.829338 230.724094 91.780541
174.421472 167.319039 133.138449 196.085823 175.332528 175.711084 150.536255 128.721073 190.503711 97.829338 230.904686 91.501239
174.419208 167.319444 133.251956 195.834247 175.242467 175.635306 150.460557 128.926220 190.503711 97.829338 231.083486 91.224709
174.416846 167.319867 133.315255 195.572194 175.081520 175.498754 150.375982 129.131587 190.503711 97.829338 231.259815 90.944882
174.413007 167.320555 133.404214 195.310934 174.997000 175.426338 150.293006 129.333070 190.503711 97.829338 231.427860 90.662036
174.406510 167.321719 133.509339 195.055955 174.917948 175.358606 150.210640 129.533074 190.503711 97.829338 231.621956 90.399933
174.401490 167.322618 133.613244 194.803934 174.842997 175.294388 150.128921 129.731506 190.503711 97.829338 231.779741 90.111171
174.395880 167.323623 133.739216 194.558969 174.779361 175.239864 150.054724 129.931742 190.503711 97.829338 231.929775 89.820284
174.387808 167.325070 133.893260 194.337785 174.702207 175.173759 150.242501 130.036250 190.503711 97.829338 232.076905 89.528659
174.381213 167.326251 134.019044 193.961564 174.631053 175.112793 150.433510 130.142558 190.503711 97.829338 232.214075 89.225552
174.379441 167.326568 134.097024 193.696970 174.567872 175.058660 150.625743 130.249546 190.503711 97.829338 232.349018 88.927365
174.378063 167.326815 134.193639 193.437701 174.509868 175.008936 150.814830 130.354784 190.503711 97.829338 232.478037 88.623816
174.377079 167.326992 134.412293 192.778857 174.454371 174.961358 151.002782 130.459389 190.503711 97.829338 232.600436 88.320587
174.376882 167.327027 134.431211 192.502704 174.402366 174.916774 151.193102 130.564667 190.503711 97.829338 232.722686 88.017730
174.376882 167.327027 134.449973 192.228846 174.342535 174.871200 151.357312 130.653714 190.597825 97.741584 232.820967 87.702715
174.376882 167.327027 134.462628 191.955761 174.278597 174.826525 151.489550 130.723387 190.629718 97.714256 232.916643 87.386993
174.376882 167.327027 134.473310 191.682370 174.228676 174.791644 151.586012 130.770152 190.678109 97.668792 233.013227 87.069248
174.376882 167.327027 134.483902 191.411277 174.173755 174.753269 151.652600 130.802434 190.737715 97.612625 233.109327 86.754597
174.376685 167.327062 134.494533 191.139184 174.134408 174.725776 151.700920 130.825860 190.811586 97.543017 233.204931 86.441571
174.375799 167.327221 134.509128 190.765211 174.105226 174.705386 151.722876 130.836504 190.900304 97.459418 233.290045 86.145631
174.373732 167.327591 134.520172 190.489532 174.066371 174.678237 151.731875 130.840866 190.997101 97.368208 233.363242 85.864607
174.370681 167.328138 134.539665 190.137458 174.013991 174.641637 151.732774 130.841303 191.096663 97.274391 233.426433 85.622002
174.367432 167.328720 134.565700 189.868414 173.873259 174.553530 151.733314 130.841564 191.192150 97.184414 233.480424 85.414718
174.363987 167.329337 134.592082 189.595788 173.783844 174.497916 151.733494 130.841652 191.288432 97.095153 233.497970 85.147180
174.360542 167.329954 134.618146 189.326446 173.683219 174.435330 151.733494 130.841652 191.385760 97.007321 233.529809 84.935461
174.353455 167.331224 134.644287 189.056308 173.564508 174.361495 151.733494 130.841652 191.486429 96.916475 233.562495 84.718105
174.341938 167.333287 134.701284 188.684822 173.429191 174.290328 151.733494 130.841652 191.585614 96.826969 233.595137 84.501045
174.334851 167.334557 134.746757 188.417055 173.299937 174.222652 151.733494 130.841652 191.681458 96.740477 233.627452 84.286162
174.316050 167.337925 134.793184 188.143669 173.203638 174.172230 151.733494 130.841652 191.780271 96.651306 233.659945 84.070091
174.305813 167.339759 134.839048 187.873738 173.142156 174.140039 151.733494 130.841652 191.880605 96.570260 233.692681 83.827301
174.290950 167.342422 134.885471 187.600554 173.106808 174.121531 151.733494 130.841652 191.984818 96.491878 233.672671 83.613134
174.282190 167.343991 134.931677 187.328652 173.086255 174.110769 151.733494 130.841652 192.087832 96.414396 233.652671 83.399066
174.279138 167.344538 134.981444 186.947310 173.076333 174.105574 151.733494 130.841652 192.198209 96.332775 233.603008 83.190794
174.276382 167.345031 135.038768 186.708391 173.075181 174.104971 151.733494 130.841652 192.305227 96.260031 233.538649 82.987016
174.275595 167.345172 135.090376 186.493296 173.074384 174.104553 151.733494 130.841652 192.419522 96.182341 233.422141 82.807058
174.275299 167.345225 135.133632 186.313012 173.074207 174.104461 151.733494 130.841652 192.617830 96.082056 233.292233 82.630252
174.275299 167.345225 135.170005 186.161415 173.074207 174.104461 151.733494 130.841652 192.737419 96.029320 233.103232 82.520677
174.275299 167.345225 135.170507 185.995916 173.074207 174.104461 151.733494 130.841652 192.859204 95.975617 232.921913 82.402014
174.275299 167.345225 135.034030 186.005302 173.074207 174.104461 151.733494 130.841652 192.978152 95.923164 232.782141 82.244195
174.275299 167.345225 134.899051 186.014616 173.074207 174.104461 151.733494 130.841652 193.101218 95.868896 232.693324 82.044563
174.275299 167.345225 134.767064 186.023723 173.074207 174.104461 151.733494 130.841652 193.227028 95.813417 232.631377 81.837010
174.275299 167.345225 134.638769 186.032575 173.074207 174.104461 151.733494 130.841652 193.352851 95.762328 232.555816 81.629868
174.275201 167.345243 134.442700 186.041861 173.074207 174.104461 151.733494 130.841652 193.467970 95.679991 232.427165 81.468958
174.274610 167.345349 134.313400 186.042047 173.074207 174.104461 151.733494 130.841652 193.589835 95.638204 232.240167 81.367938
174.273626 167.345525 134.180500 186.042238 173.074207 174.104461 151.733494 130.841652 193.721994 95.595783 232.071000 81.333187
174.270673 167.346054 134.046400 186.042430 173.074207 174.104461 151.733494 130.841652 193.852534 95.553882 231.939153 81.306103
174.265456 167.346989 133.915601 186.042618 173.074207 174.104461 151.733494 130.841652 193.984407 95.511553 231.837517 81.297173
174.260633 167.347853 133.716201 186.037680 173.074207 174.104461 151.733494 130.841652 194.108377 95.471760 231.768313 81.291957
174.250297 167.349704 133.577883 186.030573 173.074207 174.104461 151.733494 130.841652 194.319250 95.400752 231.738298 81.289694
174.240060 167.351538 133.445957 186.023795 173.074207 174.104461 151.733494 130.841652 194.427570 95.217332 231.658768 81.289685
174.232678 167.352861 133.338199 186.018259 173.068714 174.101585 151.740243 130.844923 194.471646 95.095989 231.597946 81.294339
174.220275 167.355083 133.266294 186.014564 173.057995 174.095972 151.751761 130.850507 194.518590 94.966751 231.516484 81.300572
174.207676 167.357340 133.214862 186.011922 173.034961 174.083912 151.780735 130.864554 194.564134 94.841366 231.421960 81.307805
174.193305 167.359915 133.060884 185.830625 172.990045 174.060394 151.824377 130.885712 194.699062 94.689078 231.313478 81.316106
174.176571 167.362912 133.078025 185.751357 172.940346 174.034372 151.848223 130.897272 194.809106 94.758104 231.185950 81.325864
174.166728 167.364676 133.099710 185.651075 172.874700 174.000000 151.903110 131.111664 194.918132 94.826492 231.046657 81.336522
174.162298 167.365469 133.125938 185.529778 172.715594 173.926602 151.850295 131.168108 195.033427 94.898812 230.889218 81.348569
174.156688 167.366475 133.155464 185.393234 172.648280 173.897843 151.788530 131.234117 195.118734 94.952321 230.718880 81.359586
174.147927 167.368044 133.188456 185.240660 172.577012 173.867395 151.712212 131.315679 195.176255 94.988402 230.529203 81.370657
174.142809 167.368961 133.223794 185.077237 172.503520 173.835807 151.626055 131.407756 195.467319 95.175179 230.324152 81.382626
174.138773 167.369684 133.251080 184.951054 172.433831 173.799026 151.479554 131.553523 195.555264 95.233454 230.102828 81.395544
174.134836 167.370389 133.272151 184.853606 172.369448 173.765045 151.386822 131.643055 195.657508 95.304559 229.867429 81.409284
174.131194 167.371042 133.285657 184.791149 172.300113 173.728450 151.293015 131.736303 195.838264 95.438296 229.616057 81.423956
174.123713 167.372382 133.291279 184.765150 172.243513 173.698576 151.203683 131.831159 195.948698 95.515072 229.354502 81.439223
174.119578 167.373123 133.293984 184.752640 172.177273 173.663615 151.113271 131.927325 196.055273 95.589166 229.078971 81.455305
174.113869 167.374145 133.296393 184.741497 172.108911 173.627533 151.049646 132.014470 196.242987 95.723317 228.789254 81.470192
174.107471 167.375292 133.296710 184.740031 172.041433 173.591918 150.994807 132.089581 196.349860 95.803153 228.487344 81.485546
174.098022 167.376985 133.296753 184.739835 171.982622 173.560878 150.949285 132.151932 196.455852 95.882330 228.173350 81.501514
174.087391 167.378889 133.296774 184.739738 171.916116 173.525777 150.889835 132.177548 196.564648 95.963602 227.850902 81.518535
174.078335 167.380511 133.296774 184.739738 171.849700 173.490722 150.853128 132.227762 196.673604 96.044993 227.516945 81.539280
174.067311 167.382486 133.296774 184.739738 171.779834 173.453847 150.804985 132.297011 196.777112 96.122315 227.173407 81.560620
174.061601 167.383509 133.296774 184.739738 171.713506 173.418839 150.752326 132.383314 196.883989 96.202145 226.831966 81.581829
174.059239 167.383932 133.296774 184.739738 171.648592 173.384578 150.712323 132.448874 196.987430 96.279390 226.531015 81.591795
174.056385 167.384444 133.296774 184.739738 171.580672 173.348729 150.673467 132.512556 197.092954 96.358191 226.269040 81.595413
174.052349 167.385167 133.296774 184.739738 171.513017 173.313021 150.635861 132.574189 197.200482 96.438487 226.044061 81.598520
174.048313 167.385890 133.296774 184.739738 171.442090 173.275586 150.603515 132.627200 197.311595 96.521502 225.793508 81.568943
174.043785 167.386701 133.296774 184.739738 171.376204 173.240811 150.582402 132.667254 197.419777 96.592712 225.572529 81.571951
174.033154 167.388606 133.296774 184.739738 171.303685 173.202536 150.564367 132.702734 197.533050 96.663739 225.298939 81.491658
174.027150 167.389681 133.296774 184.739738 171.231697 173.164541 150.556075 132.719047 197.649797 96.736944 225.238872 81.219977
174.022524 167.390510 133.296774 184.739738 171.140043 173.025471 150.549233 132.732508 197.761630 96.807069 225.275713 80.992947
174.015633 167.391744 133.296774 184.739738 171.131091 172.947785 150.544520 132.741779 197.877190 96.879530 225.334759 80.625282
174.011499 167.392485 133.296774 184.739738 171.122543 172.873777 150.541439 132.747841 197.994784 96.953267 225.362555 80.369287
174.005101 167.393631 133.296774 184.739738 171.114171 172.801359 150.539717 132.751229 198.104076 97.021797 225.391840 80.099572
173.996242 167.395218 133.296774 184.739738 171.095649 172.628511 150.538992 132.752655 198.213451 97.090381 225.423000 79.827367
173.987875 167.396717 133.297281 184.737392 171.089678 172.559669 150.538901 132.752833 198.330876 97.164011 225.460566 79.553532
173.972717 167.399433 133.298296 184.732700 171.082497 172.476880 150.538811 132.753012 198.440167 97.232542 225.497887 79.281480
173.957164 167.402219 133.299543 184.726934 171.075325 172.404180 150.538811 132.753012 198.552589 97.303046 225.535139 79.009923
173.950766 167.403365 133.303347 184.709340 171.060565 172.333914 150.538811 132.753012 198.668819 97.375945 225.590236 78.745749
173.941907 167.404952 133.307933 184.688130 171.043585 172.253078 150.538811 132.753012 198.779204 97.445178 225.641415 78.517619
173.930194 167.407051 133.314253 184.658906 171.028208 172.179875 150.538811 132.753012 198.889505 97.514357 225.683269 78.331056
173.919858 167.408902 133.320741 184.628899 171.013592 172.110294 150.538811 132.753012 199.007516 97.583474 225.717855 78.176888
173.912574 167.410207 133.331118 184.580909 170.998338 172.037679 150.538811 132.753012 199.119883 97.649811 225.747275 78.045748
173.908834 167.410877 133.340059 184.539564 170.960387 171.865438 150.538811 132.753012 199.240475 97.714583 225.587343 78.016947
173.906373 167.411318 133.351789 184.485318 170.941862 171.790700 150.538811 132.753012 199.366354 97.765577 225.491746 78.021391
173.906077 167.411371 133.362483 184.435861 170.924106 171.719068 150.538811 132.753012 199.496666 97.791673 225.420523 78.024701
173.905881 167.411407 133.376669 184.374454 170.906302 171.647241 150.538811 132.753012 199.630670 97.785610 225.378368 78.026660
173.905881 167.411407 133.391704 184.338686 170.886766 171.568427 150.538811 132.753012 199.759247 97.756325 225.226538 78.037554
173.905881 167.411407 133.412263 184.142706 170.860261 171.493120 150.538811 132.753012 199.885625 97.707174 225.151646 78.044349
173.905881 167.411407 133.410625 184.067124 170.824263 171.409542 150.537904 132.754794 199.991158 97.624845 225.074164 78.051378
173.905881 167.411407 133.408559 183.971746 170.780156 171.307137 150.535367 132.759787 200.099952 97.539141 224.997379 78.058344
173.905881 167.411407 133.406090 183.857773 170.724826 171.189751 150.528615 132.773069 200.202375 97.461045 224.919001 78.065455
173.905881 167.411407 133.403268 183.727503 170.660994 171.058555 150.516018 132.797851 200.309141 97.379905 224.836241 78.072963
173.905881 167.411407 133.400463 183.598034 170.592087 170.916929 150.498074 132.833152 200.416048 97.299781 224.760452 78.079839
173.905881 167.411407 133.397481 183.460366 170.402999 170.651898 150.469301 132.889759 200.527504 97.217743 224.709263 78.084483
173.904503 167.411653 133.394594 183.327097 170.283956 170.507037 150.438488 132.950378 200.638447 97.137876 224.601203 77.995500
173.901648 167.412165 133.391615 183.189629 170.125229 170.262038 150.406612 133.032367 200.747198 97.059588 224.601494 77.911201
173.898301 167.412764 133.380394 183.061432 169.969411 169.992067 150.448060 133.221566 200.863578 96.986810 224.605341 77.744132
173.892297 167.413840 133.368745 182.932557 169.881802 169.827652 150.553804 133.284978 200.991556 96.963207 224.608571 77.626177
173.883832 167.415357 133.356466 182.796711 169.753233 169.590306 150.770637 133.486434 201.214174 97.017387 224.612349 77.495731
173.876252 167.416714 133.344394 182.663155 169.682607 169.458091 150.908840 133.693151 201.308305 97.103184 224.622232 77.266163
173.863161 167.419060 133.332142 182.527608 169.619670 169.339112 151.012358 133.839304 201.390063 97.206944 224.631214 77.143090
173.853416 167.420806 133.319288 182.398383 169.569219 169.243733 151.097092 134.016210 201.471883 97.310782 224.637386 77.059217
173.846033 167.422128 133.264703 182.268751 169.522275 169.154984 151.217575 134.186375 201.557850 97.419882 224.641090 77.010357
173.838356 167.423504 133.243683 182.140766 169.482579 169.079936 151.375428 134.338661 201.640038 97.520949 224.643607 76.977153
173.835501 167.424015 133.226974 182.039029 169.444320 169.007709 151.570245 134.472568 201.727750 97.621724 224.703380 76.831609
173.833532 167.424368 133.216164 181.973211 169.409225 168.941653 151.774017 134.611452 201.817365 97.724686 224.749140 76.789185
173.832647 167.424526 133.209762 181.934233 169.373933 168.875249 151.989426 134.758297 201.905800 97.826291 224.774513 76.765662
173.832351 167.424579 133.207931 181.923082 169.337653 168.806992 152.218725 134.912417 201.990360 97.923445 224.769458 76.693823
173.832056 167.424632 133.207267 181.919037 169.300669 168.737410 152.452209 135.062575 202.075971 98.021806 224.702713 76.665261
173.831859 167.424667 133.206975 181.917260 169.234856 168.613584 152.700874 135.268088 202.165062 98.124165 224.620246 76.629971
173.831859 167.424667 133.206926 181.916964 169.202948 168.553535 152.854682 135.422719 202.252905 98.225091 224.438002 76.558276
173.831859 167.424667 133.206926 181.916964 169.177984 168.506555 152.989093 135.550896 202.338320 98.323226 224.248754 76.524214
173.831859 167.424667 133.206926 181.916964 169.148610 168.451275 153.086452 135.659167 202.426688 98.424755 224.106006 76.514187
173.831859 167.424667 133.206926 181.916964 169.122614 168.402353 153.148961 135.752461 202.512371 98.523318 223.951087 76.503305
173.831859 167.424667 133.206926 181.916964 169.108631 168.376037 153.190986 135.815184 202.600972 98.625308 223.779310 76.491240
173.831859 167.424667 133.206926 181.916964 169.055146 168.276283 153.207253 135.863268 202.691081 98.729035 223.593369 76.478179
173.831859 167.424667 133.206926 181.916964 169.023040 168.216907 153.208961 136.090461 202.776140 98.826948 223.395356 76.464271
173.831859 167.424667 133.206926 181.916964 168.987748 168.151638 153.146181 136.151261 202.867035 98.931580 223.089231 76.457231
173.831859 167.424667 133.206926 181.916964 168.948650 168.079331 153.070971 136.215793 202.954193 99.031909 222.868897 76.462630
173.831859 167.424667 133.206926 181.916964 168.910837 168.009400 152.982633 136.291590 203.039590 99.130191 222.639066 76.468263
173.831859 167.424667 133.206926 181.916964 168.875165 167.943427 152.877901 136.381453 203.130821 99.234532 222.423231 76.473552
173.831859 167.424667 133.206926 181.916964 168.841870 167.881852 152.779621 136.465781 203.221328 99.338044 222.246284 76.477885
173.831859 167.424667 133.206926 181.916964 168.806673 167.816758 152.648475 136.621030 203.310914 99.440502 222.108225 76.481259
173.831859 167.424667 133.206926 181.916964 168.778372 167.764419 152.603321 136.681789 203.400499 99.542960 221.997958 76.483954
173.831859 167.424667 133.206926 181.916964 168.764341 167.738470 152.576896 136.717345 203.486596 99.641428 221.917982 76.485909
173.831859 167.424667 133.206926 181.916964 168.714683 167.637686 152.530838 136.835702 203.574530 99.740809 221.864155 76.577795
173.831859 167.424667 133.206926 181.916964 168.689415 167.581726 152.524146 136.912913 203.666612 99.844265 221.865188 76.658589
173.831859 167.424667 133.206926 181.916964 168.656698 167.509270 152.525662 136.998969 203.753110 99.941446 221.866164 76.734882
173.831859 167.424667 133.206926 181.916964 168.625011 167.439092 152.563827 137.042776 203.840405 100.039523 221.867164 76.813976
173.831859 167.424667 133.206926 181.916964 168.591060 167.363902 152.580577 137.062003 203.928233 100.138199 221.868084 76.886970
173.831859 167.424667 133.206926 181.916964 168.558631 167.292084 152.591941 137.075047 204.014198 100.234782 221.869078 76.965864
173.831859 167.424667 133.206926 181.916964 168.525215 167.218079 152.612895 137.099099 204.105948 100.337864 221.870015 77.040258
173.830973 167.424826 133.206926 181.916964 168.491923 167.143362 152.593402 137.223970 204.193775 100.436540 221.870921 77.112152
173.826741 167.425584 133.206926 181.916964 168.460973 167.070356 152.527325 137.225723 204.284794 100.538800 221.871936 77.192746
173.821228 167.426572 133.206926 181.916964 168.430099 166.994283 152.448053 137.227826 204.379899 100.636565 221.872661 77.250241
173.814141 167.427842 133.206926 181.916964 168.366445 166.816689 152.347089 137.230504 204.472944 100.731739 221.872968 77.274639
173.804987 167.429482 133.206926 181.916964 168.341592 166.740858 152.223932 137.233771 204.563473 100.824339 221.875503 77.407296
173.791994 167.431809 133.206051 181.911636 168.317200 166.664774 152.100276 137.237052 204.657078 100.920086 221.876636 77.451382
173.780083 167.433943 133.204803 181.904037 168.295025 166.594279 151.967622 137.240571 204.748935 101.014044 221.879450 77.607199
173.771224 167.435530 133.201286 181.882624 168.272489 166.522640 151.836069 137.244061 204.845406 101.112722 221.880002 77.679697
173.765515 167.436553 133.195371 181.846607 168.248183 166.445373 151.643523 137.250597 204.938521 101.207968 221.880559 77.752895
173.762661 167.437064 133.185550 181.786808 168.225317 166.372685 151.507351 137.258478 205.029540 101.301069 221.881154 77.830993
173.759019 167.437717 133.178322 181.742798 168.201032 166.294783 151.374773 137.266151 205.127372 101.397811 221.881782 77.913491
173.758428 167.437823 133.150727 181.577759 168.176848 166.216535 151.243492 137.273749 205.225919 101.493126 221.882384 77.992588
173.758231 167.437858 133.143051 181.532911 168.154731 166.144975 151.110215 137.281462 205.320513 101.584616 221.882940 78.065686
173.758231 167.437858 133.140976 181.520788 168.134593 166.079816 150.980732 137.288956 205.417695 101.678610 221.883567 78.147984
173.758231 167.437858 133.139036 181.509452 168.123342 166.043415 150.844460 137.296842 205.512576 101.770379 221.884141 78.223482
173.758231 167.437858 133.139036 181.509452 168.040113 166.017944 150.602402 137.300574 205.601319 101.863818 221.884514 78.272480
173.758231 167.437858 133.135882 181.491020 167.962570 166.040656 150.468605 137.299710 205.691536 101.961269 221.944064 78.338626
173.758231 167.437858 133.135882 181.491020 167.890594 166.061737 150.338308 137.298869 205.780259 102.057106 222.024154 78.334420
173.758231 167.437858 133.135882 181.491020 167.816219 166.083522 150.199911 137.297975 205.935985 102.225647 222.104743 78.330188
173.758231 167.437858 133.135882 181.491020 167.739114 166.101974 149.974903 137.298454 206.027950 102.325295 222.180338 78.326218
173.758231 167.437858 133.163607 181.457526 167.676889 166.075597 149.840253 137.302094 206.116184 102.420902 222.257732 78.322153
173.758231 167.437858 133.145887 181.350494 167.625851 166.012568 149.705302 137.305742 206.209980 102.522535 222.334027 78.318146
173.758231 167.437858 133.103068 181.274847 167.580478 165.946073 149.597141 137.308665 206.301810 102.622036 222.409223 78.314197
173.758231 167.437858 133.092385 181.190722 167.535217 165.879744 149.522669 137.310678 206.395131 102.723154 222.490711 78.309918
173.758231 167.437858 133.082849 181.115626 167.491534 165.815728 149.461491 137.312332 206.482529 102.824702 222.562612 78.306142
173.758231 167.437858 133.074585 181.050548 167.447964 165.751877 149.411309 137.313689 206.571597 102.930110 222.642601 78.301941
173.758231 167.437858 133.068009 180.998764 167.407213 165.692156 149.361028 137.315048 206.656340 103.030401 222.717099 78.298029
173.758231 167.437858 133.058800 180.926246 167.362459 165.626571 149.331838 137.315837 206.740244 103.129699 222.793693 78.294006
173.758231 167.437858 133.047790 180.839543 167.284416 165.536786 149.280127 137.378591 206.826343 103.231594 222.870587 78.289968
173.758231 167.437858 133.034751 180.736867 167.161891 165.508554 149.281890 137.452070 206.909602 103.330128 222.953573 78.285610
173.758231 167.437858 133.031638 180.629824 167.083647 165.425807 149.251064 137.543444 207.060217 103.503681 223.032864 78.281446
173.758231 167.437858 133.035116 180.516377 167.002680 165.318922 149.253672 137.652113 207.147898 103.602753 223.093680 78.278252
173.758231 167.437858 133.038799 180.396234 166.922293 165.212337 149.256775 137.781376 207.237502 103.703996 223.135023 78.276080
173.758231 167.437858 133.042320 180.281388 166.840522 165.103916 149.260107 137.920236 207.328829 103.807186 223.188481 78.197504
173.758231 167.437858 133.052281 180.087024 166.758600 164.993254 149.263310 138.053697 207.413204 103.907395 223.189568 78.118011
173.758231 167.437858 133.062730 179.961257 166.675884 164.887643 149.266307 138.178561 207.502609 104.013696 223.190678 78.036819
173.758231 167.437858 133.031297 179.794887 166.588855 164.791746 149.268406 138.266036 207.586672 104.113645 223.191770 77.956926
173.758231 167.437858 132.963732 179.691627 166.499663 164.692145 149.257621 138.415353 207.672175 104.214729 223.192770 77.883733
173.758231 167.437858 132.897755 179.590794 166.407069 164.588744 149.254362 138.441955 207.757069 104.311326 223.193828 77.806341
173.758231 167.437858 132.831121 179.488957 166.319011 164.490409 149.252113 138.460317 207.843349 104.409500 223.194877 77.729648
173.758231 167.437858 132.752100 179.393856 166.228818 164.389689 149.251541 138.464982 207.931478 104.509777 223.195877 77.656455
173.758231 167.437858 132.629407 179.341494 166.142562 164.293366 149.251346 138.466571 208.053851 104.651561 223.196863 77.584361
173.758231 167.437858 132.508000 179.289682 166.053503 164.193913 149.251322 138.466769 208.139934 104.752814 223.197908 77.507868
173.758231 167.437858 132.388618 179.238733 165.962110 164.091853 149.251298 138.466968 208.223032 104.851221 223.198908 77.434775
173.758231 167.437858 132.258065 179.256457 165.877054 163.989043 149.251298 138.466968 208.310286 104.955281 223.199937 77.359482
173.758231 167.437858 132.077207 179.258676 165.797624 163.879512 149.251298 138.466968 208.398374 105.060337 223.200984 77.282889
173.758231 167.437858 131.920405 179.172043 165.719016 163.771114 149.251298 138.466968 208.538731 105.234843 223.201741 77.227495
173.756656 167.438140 131.811228 179.099846 165.640937 163.663445 149.251298 138.466968 208.624841 105.343321 223.202060 77.204197
