361.108400 152.001400 350.364035 312.018352 296.998000 323.422600 293.144200 311.112800 244.573600 298.115600 345.936033 258.650809
361.139153 151.983072 350.110834 311.922889 296.986931 323.464151 293.143025 311.114164 244.594145 298.156980 345.529933 258.779490
361.193442 151.950717 349.852392 311.825450 296.960678 323.540550 293.130101 311.129164 244.634257 298.237771 345.120210 258.909318
361.283295 151.897167 349.610044 311.734079 296.844410 323.730908 293.097988 311.166439 244.687798 298.345611 344.710106 259.039267
361.404245 151.825084 349.218602 311.590993 296.766863 323.865346 293.043813 311.229320 244.762063 298.495189 344.298286 259.169759
361.547872 151.739486 348.810671 311.445788 296.671529 324.030622 292.971754 311.312960 244.849402 298.671101 343.885704 259.300494
361.712115 151.641601 348.552746 311.352728 296.555609 324.231586 292.871759 311.429025 244.949814 298.873346 343.496666 259.487634
361.678368 151.383031 348.294444 311.259532 296.419203 324.468065 292.743175 311.578274 245.061345 299.097982 343.130805 259.708191
361.539220 151.168627 347.944874 311.133863 296.284696 324.701253 292.596315 311.748736 245.184704 299.346444 342.752611 259.936181
361.391688 150.941305 347.692148 311.037711 296.154087 324.927684 292.431571 311.939956 245.304772 299.588278 342.222915 260.260876
361.203896 150.768001 347.253145 310.887724 296.016881 325.165549 292.253120 312.147086 245.451507 299.739352 341.852910 260.496016
360.991578 150.614491 346.993714 310.807337 295.885772 325.392846 292.078659 312.339803 245.687925 299.617440 341.482399 260.731479
360.777802 150.459926 346.747464 310.731034 295.751376 325.625866 291.853368 312.484951 245.930387 299.492411 340.944925 261.060573
360.555232 150.309441 346.495484 310.652956 295.661778 325.877171 291.625219 312.631940 246.171426 299.368115 340.565363 261.287060
360.302042 150.195613 346.235862 310.572509 295.570030 326.134505 291.405476 312.773514 246.406777 299.246753 340.208299 261.500122
360.053960 150.084082 345.989803 310.496266 295.480431 326.385810 291.182875 312.916928 246.639284 299.126857 339.921309 261.671371
359.816823 149.977471 345.736294 310.417714 295.392847 326.631464 290.950354 313.066734 246.874280 299.005678 339.701815 261.802344
359.575673 149.869056 345.487180 310.340523 295.356291 326.905567 290.730540 313.211810 247.105899 298.886241 339.543635 261.896731
359.329414 149.758345 345.239593 310.263806 295.332423 327.122457 290.574251 313.319151 247.280819 298.645629 339.439385 261.958938
359.083704 149.647879 344.978825 310.183005 295.314375 327.286467 290.442526 313.409620 247.167545 298.411157 339.368109 262.001468
358.847843 149.541843 344.723214 310.103802 295.303918 327.381494 290.321683 313.492616 247.054184 298.176505 339.345610 262.014893
358.686772 149.469429 344.458052 310.021639 295.283853 327.554439 290.224085 313.559647 246.907494 297.879115 339.334103 262.021760
358.580608 149.421700 343.969406 309.866726 295.271879 327.715394 290.130938 313.623621 246.786737 297.637178 339.331870 262.023092
358.528255 149.398164 343.720497 309.786887 295.256582 327.921026 290.054772 313.675933 246.669538 297.409363 339.330840 262.023707
358.379231 149.458461 343.457304 309.702466 295.250345 328.153036 290.006117 313.703623 246.587157 297.250898 339.330496 262.023912
358.331702 149.581392 343.199254 309.619695 295.252939 328.417965 289.909595 313.739893 246.532358 297.145491 339.330325 262.024014
358.271407 149.737342 342.999860 309.555738 295.284403 328.675853 289.751284 313.876866 246.462853 297.016455 339.330325 262.024014
358.199066 149.924444 342.850934 309.507969 295.315915 328.934138 289.631453 314.118006 246.453964 297.000117 339.330325 262.024014
358.111653 150.150534 342.756855 309.477792 295.347330 329.191629 289.606205 314.279241 246.445648 296.984832 339.330325 262.024014
358.014358 150.402180 342.706007 309.461482 295.393805 329.449473 289.575078 314.478019 246.443163 296.980265 339.330325 262.024014
357.903576 150.688710 342.677631 309.452381 295.440027 329.705738 289.538839 314.703525 246.426913 296.950399 339.330325 262.024014
357.779307 151.010123 342.668490 309.449448 295.487031 329.966332 289.497304 314.961402 246.398716 296.898573 339.330325 262.024014
357.641478 151.366606 342.662776 309.447616 295.533787 330.225549 289.454020 315.230138 246.383900 296.871343 339.330325 262.024014
357.494923 151.745661 342.660301 309.446822 295.572099 330.481487 289.410067 315.503021 246.377401 296.859396 339.307654 262.037542
357.339208 152.148406 342.649065 309.443218 295.609797 330.738335 289.368469 315.761292 246.371761 296.849031 339.263515 262.063880
357.183853 152.550219 342.618975 309.433566 295.648657 331.003098 289.326933 316.019169 246.371474 296.848504 339.185370 262.110510
357.027056 152.955763 342.580315 309.421166 295.686907 331.263706 289.284006 316.291396 246.371283 296.848153 338.848736 262.309904
356.868961 153.364664 342.518611 309.401374 295.725883 331.529261 289.248615 316.548573 246.371283 296.848153 338.697584 262.398097
356.714472 153.764239 342.470619 309.385980 295.765149 331.796795 289.212734 316.809315 246.371283 296.848153 338.510501 262.507255
356.590131 154.085838 342.393490 309.361241 295.802499 332.051269 289.177425 317.065897 246.371283 296.848153 338.287314 262.637479
356.491105 154.341962 342.297507 309.330453 295.841300 332.315636 289.142034 317.323073 246.371283 296.848153 338.063782 262.767904
356.422804 154.518617 341.951242 309.214182 295.879144 332.573474 289.112887 317.534877 246.371283 296.848153 337.905547 262.860230
356.373832 154.645280 341.798582 309.160572 295.915498 332.835149 289.092466 317.683279 246.371283 296.848153 337.501508 263.105198
356.348733 154.710197 341.618559 309.097354 295.949494 333.101992 289.071962 317.832275 246.320758 296.631535 337.369466 263.178451
356.336688 154.741349 341.405136 309.022408 295.982833 333.363677 289.053858 317.963835 246.378946 296.578992 337.236026 263.252481
356.331567 154.754594 341.166049 308.938448 296.016020 333.624172 289.045167 318.027444 246.457470 296.508086 337.102935 263.326317
356.330486 154.757392 340.915296 308.822895 296.050623 333.895776 289.081055 318.306962 246.562047 296.414716 336.973167 263.398309
356.329909 154.758884 340.634440 308.674606 296.085665 334.160057 289.205710 318.396020 246.696681 296.298279 336.846373 263.468652
356.329404 154.760190 340.363000 308.472934 296.122318 334.419279 289.355590 318.503099 246.850386 296.165370 336.706461 263.546272
356.305837 154.927780 340.096766 308.218301 296.160006 334.685828 289.461337 318.597258 247.021792 296.017155 336.573021 263.620301
356.256902 154.965196 339.811888 307.945835 296.140266 334.940972 289.522047 318.660686 247.212260 295.852457 336.435033 263.696854
356.183977 155.020955 339.500521 307.661735 296.192843 335.205599 289.555791 318.695940 247.426703 295.667175 336.301243 263.771078
356.090714 155.092264 339.133407 307.440932 296.245576 335.471011 289.561400 318.701800 247.666663 295.461566 336.162906 263.847824
355.970601 155.184102 338.767248 307.196125 296.299206 335.740935 289.561400 318.701800 247.921421 295.239133 336.020721 263.926705
355.824750 155.295620 338.418457 306.925608 296.351354 336.003405 289.561400 318.701800 248.199408 294.995865 335.716426 264.099969
355.650618 155.428762 337.979745 306.868824 296.405412 336.275487 289.561400 318.701800 248.502380 294.730733 335.581820 264.181939
355.453289 155.579639 337.553124 306.807540 296.458847 336.544430 289.561400 318.701800 248.736771 294.525718 335.443968 264.265885
355.229587 155.750682 337.169302 306.804537 296.510099 336.802388 289.561400 318.701800 248.914921 294.370020 335.305092 264.350455
354.986818 155.936303 336.843630 306.831670 296.564235 337.074862 289.561400 318.701800 249.040214 294.260518 335.178686 264.427432
354.717359 156.142332 336.569949 306.855600 296.617825 337.344589 289.561400 318.701800 249.115661 294.194580 335.050400 264.505553
354.425179 156.365733 336.362079 306.902064 296.668570 337.599997 289.627704 318.996045 249.155568 294.159703 334.916478 264.587107
354.107579 156.608570 336.217838 306.934305 296.719121 337.854424 289.601978 319.021228 249.167464 294.149305 334.618226 264.768982
353.622199 156.987781 336.123370 306.955421 296.772127 338.121209 289.546952 319.075090 249.433354 294.232156 334.448156 264.872697
353.328638 157.240876 336.062863 306.968946 296.635181 338.504970 289.481206 319.139445 249.494178 294.300913 334.089470 265.091218
353.097780 157.453421 336.031828 306.975883 296.389109 338.227767 289.402546 319.217477 249.582964 294.401278 333.930624 265.187985
352.917244 157.619636 336.022069 306.978064 296.347867 337.957091 289.333128 319.286369 249.689375 294.521565 333.812770 265.259780
352.748625 157.774879 336.016604 306.979286 296.307257 337.690567 289.061051 319.318546 249.825378 294.674680 333.739496 265.304417
352.588246 157.922536 336.011725 306.980377 296.268425 337.435708 288.917359 319.251416 249.987970 294.848483 333.712509 265.320857
352.426396 158.071548 336.007431 306.981337 296.227967 337.170173 288.817879 319.204941 250.165182 295.037915 333.689450 265.334904
352.120418 158.352952 336.003722 306.982166 296.187146 336.902265 288.753372 319.174805 250.345400 295.230559 333.685864 265.337089
351.923390 158.534032 336.000209 306.982951 296.142894 336.638221 288.677630 319.139420 250.525634 295.423189 333.684839 265.337713
351.701920 158.737579 335.994548 306.984216 296.089741 336.379831 288.595365 319.100987 250.714888 295.625456 333.684497 265.337922
351.466408 158.954517 335.991816 306.984827 296.037273 336.124772 288.542635 319.076353 250.897447 295.820566 333.684326 265.338026
351.203716 159.165256 335.986741 306.985961 295.983677 335.864227 288.344524 319.039916 251.075360 296.010712 333.684326 265.338026
350.899450 159.360276 335.980300 306.987401 295.929355 335.600157 288.198387 319.048700 251.258465 296.206406 333.684326 265.338026
350.414668 159.670962 335.976201 306.988317 295.874107 335.331580 288.125718 319.053067 251.438155 296.398450 333.684326 265.338026
350.082209 159.883890 335.970346 306.989626 295.821438 335.075541 287.820937 319.073917 251.615657 296.588157 333.684326 265.338026
349.762382 160.088728 335.967418 306.990280 295.769252 334.821853 287.687897 319.083717 251.793980 296.778740 333.684326 265.338026
349.448449 160.289790 335.964685 306.990891 295.731759 334.552335 287.539300 319.094662 251.957135 296.953113 333.684326 265.338026
348.965293 160.599701 335.962734 306.991328 295.698294 334.293086 287.373349 319.106886 252.110999 297.117555 333.684326 265.338026
348.638087 160.809706 335.959415 306.992069 295.664708 334.033046 287.218569 319.118287 252.257210 297.273819 333.684326 265.338026
348.308188 161.021438 335.952389 306.993640 295.631601 333.776776 287.072963 319.129012 252.496513 297.507663 333.684326 265.338026
347.963814 161.242462 335.943606 306.995603 295.597006 333.509001 286.918980 319.140354 252.675229 297.675251 333.684326 265.338026
347.601507 161.469125 335.939116 306.996607 295.560414 333.245131 286.762005 319.151917 252.859781 297.848311 333.684326 265.338026
347.234710 161.691999 335.925844 306.999573 295.522067 332.976454 286.603834 319.163567 253.137744 298.114744 333.684326 265.338026
346.869622 161.913834 335.907301 307.003718 295.484143 332.710747 286.448255 319.175027 253.328521 298.305521 333.684326 265.338026
346.508295 162.133385 335.895981 307.006248 295.447237 332.452167 286.354310 319.181947 253.514207 298.491207 333.684326 265.338026
346.132269 162.361867 335.879390 307.009957 295.409963 332.191014 286.106995 319.290272 253.697772 298.674772 333.684326 265.338026
345.755175 162.590517 335.865727 307.013011 295.371050 331.918377 285.956262 319.331167 253.888408 298.865408 333.684326 265.338026
345.385460 162.813591 335.852455 307.015978 295.332646 331.649304 285.808887 319.344753 254.084277 299.061277 333.684326 265.338026
345.014884 163.037175 335.828838 307.021257 295.294271 331.380429 285.654143 319.359019 254.264165 299.241165 333.684326 265.338026
344.648756 163.258063 335.806977 307.026143 295.254782 331.109088 285.507764 319.372513 254.542912 299.513043 333.684326 265.338026
344.268928 163.487217 335.782384 307.031640 295.215495 330.845197 285.346846 319.387347 254.742361 299.703241 333.684326 265.338026
343.728389 163.852040 335.762866 307.036003 295.175471 330.576360 285.199670 319.400915 254.927482 299.879774 333.684326 265.338026
343.367127 164.101462 335.736711 307.041849 295.134888 330.303764 285.041142 319.415529 255.117089 300.060586 333.684326 265.338026
343.010309 164.347815 335.727538 307.043900 295.096867 330.048379 284.887195 319.429721 255.314223 300.248576 333.684326 265.338026
342.657112 164.591669 335.713289 307.047085 295.058190 329.784803 284.728269 319.444372 255.495435 300.421382 333.684326 265.338026
342.205940 164.961444 335.705091 307.048917 295.020420 329.517862 284.569542 319.459004 255.643648 300.562719 333.684326 265.338026
341.953485 165.310275 335.695918 307.050968 294.982117 329.247158 284.417785 319.472994 255.769715 300.682939 333.684326 265.338026
341.693056 165.670122 335.689086 307.052495 294.944599 328.981999 284.266825 319.486911 255.867558 300.776243 333.684326 265.338026
341.436379 166.024785 335.678937 307.054763 294.906184 328.710503 284.102721 319.502039 255.937467 300.842909 333.684326 265.338026
341.180640 166.378152 335.675619 307.055505 294.868385 328.443364 283.937820 319.517240 255.996954 300.899637 333.684326 265.338026
340.923846 166.732977 335.673667 307.055941 294.827515 328.168760 283.775509 319.532203 256.043850 300.944357 333.684326 265.338026
340.673736 167.078567 335.672301 307.056247 294.780869 327.856222 283.627934 319.545808 256.071205 300.970444 333.684326 265.338026
340.420694 167.428208 335.671325 307.056465 294.776686 327.514625 283.482551 319.559210 256.087561 300.986041 333.684326 265.338026
340.170500 167.774477 335.670739 307.056596 294.808192 327.142237 283.318845 319.574302 256.097403 300.995426 333.684326 265.338026
339.915397 168.127564 335.670739 307.056596 294.905275 326.752567 283.160715 319.588879 256.099429 300.997359 333.684326 265.338026
339.561224 168.632266 335.670739 307.056596 295.008199 326.380749 282.994819 319.604172 256.100153 300.998049 333.684326 265.338026
339.315520 168.984422 335.670739 307.056596 295.148399 325.942326 282.845651 319.617924 256.100442 300.998325 333.684326 265.338026
339.061919 169.347895 335.670739 307.056596 295.270233 325.584287 282.693895 319.631914 256.100442 300.998325 333.684326 265.338026
338.817131 169.698739 335.670739 307.056596 295.456127 325.261764 282.542736 319.645848 256.100442 300.998325 333.684326 265.338026
338.563301 170.062540 335.670544 307.056639 295.678067 324.964470 282.378831 319.660958 256.100442 300.998325 333.684326 265.338026
338.316681 170.416008 335.670349 307.056683 295.893829 324.655303 282.225680 319.675077 256.100442 300.998325 333.684326 265.338026
338.065713 170.775709 335.669568 307.056857 296.105467 324.330822 282.080496 319.688461 256.100442 300.998325 333.684326 265.338026
337.846101 171.090468 335.665079 307.057861 296.309129 324.018569 281.935511 319.701826 256.100442 300.998325 333.684326 265.338026
337.653268 171.366846 335.660004 307.058995 296.468104 323.774832 281.779970 319.716165 256.100442 300.998325 333.684326 265.338026
337.488359 171.603202 335.649464 307.061351 296.583264 323.598268 281.620446 319.730871 256.100442 300.998325 333.684326 265.338026
337.353548 171.796420 335.638534 307.063794 296.666883 323.354551 281.477652 319.744035 256.100442 300.998325 333.684326 265.338026
337.246203 171.950273 335.622334 307.067415 296.728217 323.305078 281.394803 319.751672 256.100442 300.998325 333.684326 265.338026
