292.668026 372.946002 217.233871 486.765352 129.398917 256.927854 342.989404 336.818738 471.230982 106.223318 245.209600 150.246800
292.709804 372.696069 217.439351 486.440954 129.973799 256.611870 342.541987 337.021458 471.230982 106.223318 245.227044 150.294937
292.754681 372.427594 217.644617 486.116895 130.546930 256.296849 342.068884 337.235817 471.230982 106.223318 245.254845 150.371655
292.800086 372.155963 217.847636 485.796383 131.116775 255.968786 341.576834 337.458759 471.230982 106.223318 245.296684 150.487108
292.843480 371.896365 218.045946 485.483305 131.688082 255.631974 341.081477 337.692714 471.230982 106.223318 245.352628 150.641484
292.887533 371.632821 218.245326 485.168538 132.253531 255.298615 340.598195 337.945067 471.230982 106.223318 245.417429 150.820304
292.932477 371.363952 218.452411 484.841606 132.826044 254.961092 340.116154 338.196771 471.230982 106.223318 245.497290 151.040680
292.973332 371.119543 218.650828 484.528359 133.399074 254.623264 339.633936 338.448568 471.230982 106.223318 245.585465 151.283996
293.000964 370.954236 218.824202 484.254649 133.962801 254.290921 339.154909 338.698699 471.230982 106.223318 245.684746 151.557962
293.019561 370.842980 218.959369 484.041256 134.530145 253.956445 338.667727 338.953088 471.230982 106.223318 245.796769 151.867090
293.027310 370.796623 219.060611 483.881422 135.101280 253.619735 338.181786 339.206829 471.230982 106.223318 245.908861 152.176406
293.235285 370.665899 219.335350 483.450262 135.655131 253.269604 337.693540 339.461774 471.230982 106.223318 246.017750 152.476885
293.362395 370.695890 219.484193 483.218787 136.200408 252.897399 337.214159 339.712090 471.230982 106.223318 246.128002 152.781124
293.524542 370.734149 219.652182 482.957536 136.749980 252.522262 336.729991 339.964905 471.230982 106.223318 246.238185 153.085175
293.722896 370.780951 219.839343 482.666288 137.295257 252.150057 336.244227 340.218554 471.230982 106.223318 246.350890 153.396183
294.073579 370.863791 220.012229 482.397248 137.844829 251.774920 335.752613 340.475257 471.230982 106.223318 246.457871 153.691397
294.335759 370.925741 220.228853 482.050663 138.388455 251.403842 335.270572 340.726961 471.230982 106.223318 246.567306 153.993380
294.726406 371.018023 220.362299 481.826823 138.931089 251.033441 334.781794 340.982184 471.230982 106.223318 246.678511 154.300252
294.980829 371.078017 220.612955 481.405992 139.475541 250.661799 334.289471 341.239257 471.230982 106.223318 246.785561 154.595653
295.432365 371.184621 220.749691 481.174801 140.025773 250.286212 333.810090 341.489573 471.230982 106.223318 246.892542 154.890867
295.692619 371.246024 220.893758 480.931215 140.573999 249.911941 333.321844 341.744518 471.230982 106.223318 247.002385 155.193978
295.954249 371.305013 221.044035 480.677129 141.115946 249.538768 332.832180 342.000203 471.230982 106.223318 247.112841 155.498781
296.208972 371.361907 221.206835 480.401869 141.654782 249.167089 332.352798 342.250519 471.230982 106.223318 247.220571 155.796063
296.461549 371.418322 221.382260 480.105263 142.186908 248.773279 331.873771 342.500650 471.230982 106.223318 247.392708 156.077531
296.843032 371.487685 221.572652 479.783351 142.713568 248.383515 331.389426 342.753558 471.230982 106.223318 247.504798 156.386848
297.100382 371.528718 221.781574 479.430109 143.238459 247.995059 330.901535 343.008317 471.230982 106.223318 247.614434 156.689396
297.324748 371.564492 222.006277 479.050185 143.773479 247.599108 330.417898 343.260855 471.230982 106.223318 247.726046 156.997397
297.510600 371.594125 222.241772 478.652013 144.298532 247.210534 329.928412 343.516447 471.230982 106.223318 247.837999 157.306338
297.629893 371.613145 222.493354 478.226643 144.826960 246.819461 329.446194 343.768244 471.230982 106.223318 247.946885 157.606817
297.686380 371.622152 222.756135 477.782336 145.355228 246.428507 328.965216 344.019393 471.230982 106.223318 248.054682 157.904288
297.736744 371.630182 223.030523 477.318405 145.887836 246.034340 328.478744 344.273412 471.230982 106.223318 248.165885 158.211160
297.752742 371.632733 223.308679 476.848104 146.414014 245.644933 327.993515 344.524098 471.230982 106.223318 248.303104 158.513331
297.762814 371.634339 223.589277 476.373672 146.947587 245.250053 327.500705 344.757763 471.230982 106.223318 248.437513 158.801530
297.764394 371.634591 223.865498 475.906642 147.477048 244.856012 327.080032 345.094231 471.230982 106.223318 248.577163 159.100966
297.764592 371.634622 224.142635 475.438063 148.007589 244.458735 326.701249 345.606232 471.230982 106.223318 248.717458 159.401422
297.764789 371.634654 224.419874 474.969312 148.537490 244.061936 326.299053 345.973345 471.230982 106.223318 248.864134 159.687401
297.764789 371.634654 224.700167 474.495396 149.063069 243.668375 325.853591 346.273276 471.230982 106.223318 249.008073 159.968041
297.764789 371.634654 224.979748 474.022686 149.590888 243.273135 325.315174 346.374325 471.230982 106.223318 249.153654 160.251885
297.797970 371.639944 225.254492 473.544036 150.120149 242.876816 324.779412 346.279034 471.230982 106.223318 249.300605 160.538397
297.847742 371.647880 225.515115 473.058116 150.646848 242.482415 324.317390 345.991112 471.230982 106.223318 249.445273 160.820461
297.984124 371.570681 225.776305 472.571140 151.173227 242.088254 324.057599 345.520507 471.230982 106.223318 249.601842 161.095778
297.993758 371.433419 226.038440 472.082400 151.696244 241.696611 323.899851 344.994104 471.230982 106.223318 249.768524 161.381284
298.004455 371.280994 226.298874 471.596833 152.220382 241.304128 323.759995 344.468803 471.230982 106.223318 249.932080 161.661435
298.017379 371.096847 226.559403 471.111090 152.746121 240.910446 323.617928 343.935191 471.230982 106.223318 250.096141 161.942449
298.033090 370.872998 226.818608 470.627815 153.268526 240.512731 323.368527 343.449155 471.230982 106.223318 250.262084 162.226765
298.050578 370.623811 227.077246 470.145597 153.794059 240.103295 323.032595 343.027307 471.230982 106.223318 250.422764 162.502111
298.069005 370.361256 227.339462 469.655994 154.316910 239.695949 322.586195 342.710835 471.230982 106.223318 250.589693 162.788167
298.087236 370.101495 227.592413 469.177998 154.832661 239.294134 322.129961 342.420574 471.230982 106.223318 250.749969 163.062823
298.106265 369.830362 227.851165 468.689042 155.348728 238.892074 321.663777 342.126852 471.230982 106.223318 250.912262 163.340933
298.124000 369.563354 228.108981 468.201854 155.874261 238.482638 321.202161 341.836008 471.230982 106.223318 251.072639 163.615761
298.140603 369.288455 228.363054 467.721736 156.396165 238.076030 320.740545 341.545164 471.230982 106.223318 251.233923 163.892143
298.166621 368.888725 228.622648 467.231189 156.920910 237.667209 320.283667 341.257306 471.230982 106.223318 251.396821 164.171290
298.184796 368.631165 228.880744 466.743471 157.441867 237.261338 319.825097 340.968381 471.230982 106.223318 251.556694 164.445254
298.203253 368.369616 229.229938 466.055862 157.967109 236.855771 319.368050 340.680416 471.230982 106.223318 251.720297 164.725609
298.221963 368.104475 229.464122 465.556884 158.487033 236.455097 318.909479 340.391491 471.230982 106.223318 251.884605 165.007174
298.241377 367.829359 229.693803 465.067502 159.014403 236.048685 318.442449 340.097236 471.230982 106.223318 252.044881 165.281829
298.260157 367.563221 229.926798 464.571059 159.535754 235.646913 318.002154 339.819825 471.230982 106.223318 252.209593 165.564085
298.295083 367.002002 230.155715 464.083306 160.057896 235.244530 317.627852 339.583994 471.230982 106.223318 252.372893 165.843923
298.286887 366.735328 230.477713 463.394526 160.584474 234.838728 317.010457 339.399981 471.230982 106.223318 252.535085 166.121860
298.278494 366.462257 230.712980 462.891637 161.111369 234.432683 316.586462 339.381830 471.230982 106.223318 252.695664 166.397033
298.270199 366.192384 231.053889 462.462955 161.631135 234.032131 316.241354 339.650287 471.230982 106.223318 252.862392 166.682744
298.262094 365.928709 231.400907 462.030592 162.158029 233.626086 315.996090 340.003724 471.230982 106.223318 253.119039 167.117816
298.253855 365.660635 231.743042 461.604312 162.675419 233.227365 315.753254 340.355600 471.230982 106.223318 253.293624 167.398087
298.276900 365.341464 232.173989 461.047354 163.201363 232.822052 315.546089 340.746497 471.230982 106.223318 253.464297 167.672077
298.268631 365.087598 232.444972 460.649467 163.725090 232.418448 315.251846 341.301623 471.230982 106.223318 253.637614 167.950311
298.260017 364.823138 232.717869 460.248770 164.248816 232.014844 315.035386 341.681246 471.230982 106.223318 253.809027 168.225490
298.251188 364.552082 232.951700 459.905434 164.775870 231.608677 314.822888 342.053920 471.230982 106.223318 253.975840 168.503912
298.267991 364.048613 233.165943 459.590860 165.300863 231.204096 314.618391 342.395256 471.230982 106.223318 254.141768 168.787773
298.255985 363.776678 233.390880 459.260582 165.827026 230.807621 314.449012 342.664393 471.230982 106.223318 254.302448 169.062656
298.244190 363.509539 233.626513 458.914601 166.378104 230.435056 314.289481 342.866903 471.230982 106.223318 254.461311 169.334431
298.232819 363.251990 233.939681 458.424413 166.916166 230.054861 313.993977 342.650415 471.230982 106.223318 254.622293 169.609832
298.220998 362.984250 234.111502 458.130097 167.446427 229.660216 314.089414 342.402768 471.230982 106.223318 254.782267 169.883506
298.209574 362.725502 234.271726 457.855643 167.980057 229.263064 314.184722 342.161163 471.230982 106.223318 254.941433 170.155799
298.199737 362.502719 234.428825 457.586543 168.511280 228.867702 314.303349 341.915284 471.230982 106.223318 255.107159 170.439315
298.191992 362.327290 234.598730 457.295508 169.045712 228.469953 314.422585 341.668144 471.230982 106.223318 255.268949 170.716097
298.184493 362.157456 234.780835 456.983574 169.578219 228.073636 314.541743 341.421188 471.230982 106.223318 255.437097 171.003757
298.175178 361.946461 234.981595 456.639686 170.109282 227.678394 314.656557 341.183240 471.230982 106.223318 255.595456 171.274668
298.154217 361.435158 235.195564 456.273172 170.643072 227.281122 314.771284 340.945472 471.230982 106.223318 255.756842 171.550760
298.143704 361.172768 235.419919 455.888868 171.177665 226.883253 314.889314 340.700859 471.230982 106.223318 255.923578 171.836003
298.063990 360.808711 235.649013 455.496445 171.709851 226.487175 315.004128 340.462911 471.230982 106.223318 256.187941 172.287184
298.080245 360.552718 235.894442 455.076042 172.239470 226.093008 315.116074 340.230907 471.230982 106.223318 256.355421 172.572455
298.099865 360.276815 236.163612 454.670706 172.772137 225.696572 315.232975 339.988635 471.230982 106.223318 256.515307 172.844789
298.117981 360.022059 236.447340 454.319107 173.303681 225.300971 315.283651 339.731497 471.230982 106.223318 256.677319 173.120746
298.135756 359.772090 236.724913 453.975134 173.832602 224.900261 315.387540 339.483046 471.230982 106.223318 256.842268 173.401704
298.154965 359.501972 236.993820 453.641901 174.359166 224.492806 315.484246 339.242130 471.230982 106.223318 257.009444 173.686457
298.173563 359.240432 237.253935 453.319563 174.880669 224.089267 315.583261 338.995461 471.230982 106.223318 257.176823 173.971555
298.156992 358.771707 237.511600 452.992113 175.407708 223.681445 315.656938 338.737564 471.230982 106.223318 257.337823 174.245787
298.131508 358.502511 237.854046 452.480114 175.925889 223.280477 315.722358 338.482004 471.230982 106.223318 257.499328 174.520881
298.107606 358.250040 238.258117 452.064633 176.445494 222.878407 315.786886 338.229932 471.230982 106.223318 257.664986 174.803046
298.083083 357.990998 238.399703 451.500368 176.963359 222.477684 315.852802 337.972435 471.230982 106.223318 257.823859 175.073656
298.059196 357.731296 238.636514 451.106474 177.485811 222.073411 315.916635 337.723076 471.230982 106.223318 257.983644 175.345819
298.035925 357.462903 238.887649 450.688754 178.003201 221.673055 315.984089 337.459573 471.230982 106.223318 258.150415 175.629882
298.012136 357.188532 239.135693 450.276176 178.527709 221.267192 316.012562 337.189701 471.230982 106.223318 258.315435 175.907309
297.988278 356.913365 239.381985 449.866512 179.051743 220.861695 315.975882 336.924810 471.230982 106.223318 258.482503 176.185613
297.972654 356.653661 239.637963 449.440736 179.572771 220.458524 315.898920 336.660694 471.230982 106.223318 258.645776 176.459886
298.024695 356.385432 239.909399 448.989249 180.098861 220.051436 315.816695 336.396389 471.230982 106.223318 258.804875 176.735456
298.010311 356.111610 240.165275 448.563645 180.625742 219.643736 315.734768 336.133038 471.230982 106.223318 258.967743 177.017626
297.993106 355.852988 240.388240 448.192930 181.148035 219.239586 315.652305 335.867969 471.230982 106.223318 259.128610 177.296331
