211.800900 137.771400 70.759574 237.606050 174.001200 183.553000 165.783202 127.982070 206.309055 133.304096 159.859000 211.467000
211.823054 137.761416 71.161941 237.174950 174.006709 183.529949 165.638182 128.080198 206.288806 133.331035 159.880344 211.473105
211.859066 137.745187 71.568392 236.743613 174.015682 183.492407 165.497469 128.175413 206.268377 133.358213 159.918321 211.483968
211.907022 137.723576 71.986670 236.320027 174.028025 183.440761 165.357898 128.256646 206.251553 133.380595 159.969277 211.498544
211.895733 137.664907 72.406353 235.895017 174.045784 183.366454 165.197935 128.363886 206.242420 133.392745 160.043020 211.519637
211.870605 137.594772 72.828074 235.467944 174.079431 183.253533 165.069935 128.456856 206.230583 133.408492 160.137337 211.546616
211.845714 137.525297 73.251622 235.039020 174.112245 183.147494 164.939347 128.551706 206.226858 133.413448 160.245307 211.577500
211.819608 137.452432 73.677137 234.608105 174.153347 183.023758 164.774462 128.649083 206.224935 133.416006 160.365872 211.611986
211.871641 137.413983 74.104900 234.174912 174.195310 182.902197 164.642624 128.736704 206.224274 133.416886 160.501435 211.650763
211.948503 137.384009 74.534210 233.740154 174.239948 182.772884 164.507455 128.826540 206.224274 133.416886 160.656804 211.695204
212.020055 137.356105 74.965416 233.303475 174.282107 182.650756 164.370953 128.917262 206.224274 133.416886 160.824575 211.743194
212.095986 137.326495 75.398098 232.865301 174.326354 182.522578 164.233368 129.008703 206.224274 133.416886 161.013955 211.774294
212.169680 137.297756 75.820350 232.414174 174.371090 182.392982 164.102215 129.096980 206.224274 133.416886 161.221605 211.787959
212.245238 137.268290 76.239260 231.956696 174.415989 182.262914 163.973194 129.186086 206.224274 133.416886 161.435606 211.745102
212.315116 137.266401 76.659453 231.497816 174.506837 181.999753 163.840389 129.277806 206.224274 133.416886 161.642057 211.677620
212.342749 137.336124 77.081199 231.037240 174.550082 181.875567 163.706431 129.370322 206.224274 133.416886 161.851403 211.609663
212.372446 137.411054 77.504769 230.574673 174.592541 181.753649 163.576505 129.460054 206.221751 133.420243 162.053592 211.534901
212.400411 137.481614 77.929689 230.110630 174.636644 181.627008 163.443042 129.552229 206.217725 133.425599 162.253331 211.454539
212.410985 137.542160 78.344957 229.650408 174.679070 181.505185 163.307521 129.645824 206.210515 133.435191 162.455766 211.370747
212.341638 137.569386 78.746469 229.197579 174.724159 181.375711 163.143032 129.738293 206.204206 133.443584 162.651578 211.283822
212.271361 137.596977 79.121710 228.774379 174.767605 181.250960 163.006886 129.830976 206.189184 133.463568 162.935551 211.139501
212.202479 137.624020 79.480962 228.369212 174.812892 181.120920 162.873054 129.922084 206.174583 133.482992 163.121508 211.031389
212.132108 137.651647 79.839906 228.014128 174.856535 180.995602 162.735833 130.015500 206.152111 133.512888 163.313772 210.924837
212.061458 137.679385 80.178727 227.632009 174.899009 180.872209 162.599687 130.108183 206.131862 133.539827 163.497560 210.803417
211.990156 137.707378 80.488887 227.282214 174.941141 180.747958 162.468997 130.197153 206.099536 133.582832 163.675497 210.677125
211.918109 137.736692 80.771249 226.963769 174.983257 180.621178 162.334007 130.289049 206.067150 133.625917 163.850906 210.552627
211.861657 137.762085 81.025212 226.677345 175.022669 180.497718 162.201581 130.379200 206.002090 133.720832 164.106858 210.371006
211.826363 137.777960 81.248398 226.422216 175.064665 180.368364 162.066757 130.470984 205.951479 133.803816 164.287892 210.242686
211.802830 137.857599 81.441238 226.191101 175.106785 180.238630 161.935903 130.562529 205.891338 133.902423 164.465918 210.116519
211.827893 137.922637 81.618765 225.978338 175.149584 180.106804 161.801869 130.656685 205.824377 134.012214 164.642479 209.991399
211.855222 137.993554 81.792446 225.770173 175.185748 179.975718 161.671680 130.748138 205.746532 134.139849 164.818305 209.866798
211.882730 138.064937 81.965802 225.562395 175.207730 179.843837 161.536419 130.843156 205.661915 134.278696 164.993561 209.742602
211.911631 138.139963 82.138775 225.355078 175.230272 179.708603 161.403857 130.936277 205.570378 134.428902 165.169469 209.617944
211.937826 138.207994 82.313413 225.145764 175.251547 179.580964 161.272933 131.028249 205.470412 134.592942 165.346356 209.492592
211.964092 138.276212 82.490486 224.933532 175.273267 179.450662 161.141271 131.120737 205.361093 134.770013 165.531798 209.380901
211.993305 138.352082 82.667943 224.720840 175.295134 179.319472 161.008628 131.213916 205.243248 134.959214 165.830923 209.239694
212.020721 138.423287 82.845592 224.507917 175.317922 179.182758 160.879586 131.304565 205.117579 135.160978 166.125796 209.139558
212.049122 138.496790 83.019717 224.299218 175.338939 179.054267 160.743342 131.400272 204.986941 135.370720 166.339669 209.081549
212.078813 138.571722 83.195893 224.088061 175.360690 178.917181 160.610781 131.493393 204.850064 135.590479 166.551321 209.024142
212.106477 138.641541 83.370723 223.878517 175.382033 178.782664 160.476747 131.587549 204.707054 135.820084 166.764808 208.966237
212.136258 138.716868 83.544721 223.669971 175.402465 178.653875 160.342303 131.681992 204.556959 136.061063 166.974820 208.909275
212.163922 138.786902 83.718334 223.461886 175.423575 178.520738 160.223492 131.797955 204.401472 136.310700 167.186053 208.852233
212.190851 138.855076 83.896047 223.248886 175.444857 178.386515 160.108012 131.913698 204.241545 136.567467 167.399176 208.794900
212.215774 138.925701 84.069212 223.041338 175.458151 178.256731 159.992038 132.029938 204.076700 136.832128 167.611527 208.737774
212.244918 139.003724 84.242925 222.832948 175.466834 178.121409 159.883611 132.143485 203.906516 137.105362 167.823201 208.680830
212.271951 139.073683 84.409344 222.619700 175.475305 177.989381 159.794494 132.276730 203.730093 137.388612 168.031302 208.624847
212.300930 139.148679 84.579919 222.400942 175.484070 177.852761 159.706599 132.408146 203.548806 137.679672 168.241723 208.568247
212.328647 139.220410 84.752159 222.183899 175.492407 177.722829 159.621354 132.550701 203.362444 137.978879 168.450223 208.512208
212.356941 139.293634 84.924467 221.973696 175.501077 177.587706 159.543915 132.690351 203.171535 138.285387 168.855103 208.422055
212.386387 139.369736 85.097853 221.762179 175.511690 177.384499 159.468863 132.833691 202.974387 138.601911 169.065604 208.381351
212.416053 139.446503 85.266818 221.547016 175.517852 177.254044 159.395064 132.974640 202.773766 138.928630 169.264030 208.352017
212.442893 139.516001 85.434294 221.330157 175.521701 177.140253 159.354365 133.130302 202.568090 139.264686 169.344302 208.345960
212.470262 139.586472 85.601718 221.113510 175.519713 177.053676 159.311964 133.290450 202.358290 139.607479 169.392066 208.342355
212.500148 139.663262 85.771504 220.893761 175.518559 177.003389 159.264197 133.442315 202.144888 139.956159 169.410912 208.340933
212.517551 139.708744 85.937254 220.679232 175.517983 176.978295 159.218899 133.598279 201.929698 140.313900 169.422779 208.340037
212.573230 139.855607 86.103431 220.464150 175.517769 176.968998 159.182556 133.752248 201.715741 140.682388 169.428562 208.339601
212.599704 139.922670 86.268875 220.250018 175.517682 176.965199 159.144905 133.911765 201.497215 141.058746 169.429360 208.339541
212.626179 139.989734 86.412606 220.010053 175.517662 176.964299 159.106610 134.074006 201.277230 141.443911 169.429759 208.339511
212.653939 140.060052 86.578717 219.795046 175.517662 176.964299 159.069831 134.229825 201.068373 141.832091 169.429759 208.339511
212.682983 140.133627 86.743850 219.581306 175.517662 176.964299 159.032317 134.388757 200.858521 142.222119 169.429759 208.339511
212.706263 140.192598 86.910328 219.365824 175.517662 176.964299 158.994870 134.546678 200.648764 142.611972 169.429759 208.339511
212.720290 140.228130 87.078396 219.148285 175.517662 176.964299 158.956182 134.708004 200.442175 143.002473 169.429759 208.339511
212.777113 140.374028 87.245070 218.933715 175.517662 176.964299 158.917751 134.868260 200.240529 143.397251 169.429759 208.339511
212.805465 140.447658 87.413075 218.718660 175.517662 176.964299 158.879459 135.027933 200.045131 143.791485 169.429759 208.339511
212.834600 140.521839 87.581757 218.502738 175.517662 176.964299 158.840655 135.189745 199.849556 144.186076 169.429759 208.339511
212.862233 140.590594 87.749947 218.287446 175.517662 176.964299 158.803739 135.343681 199.664430 144.572576 169.429759 208.339511
212.889717 140.658978 87.919060 218.070973 175.517662 176.964299 158.765310 135.500840 199.471712 144.914802 169.429759 208.339511
212.919811 140.733857 88.087928 217.854815 175.517662 176.964299 158.721246 135.660677 199.307321 145.274409 169.429759 208.339511
212.947593 140.802983 88.256514 217.638945 175.517662 176.964299 158.678537 135.815598 199.140602 145.639108 169.429759 208.339511
212.974950 140.870879 88.430237 217.389768 175.517662 176.964299 158.634447 135.975532 198.965856 146.007666 169.429759 208.339511
213.002782 140.939877 88.600023 217.172424 175.517662 176.964299 158.590835 136.133731 198.787647 146.378797 169.429759 208.339511
213.030427 141.008411 88.770793 216.953818 175.517662 176.964299 158.547488 136.290965 198.607296 146.784421 169.429759 208.339511
213.060915 141.083994 88.937746 216.740099 175.517662 176.964299 158.498562 136.449785 198.452538 147.170994 169.429759 208.339511
213.091028 141.158649 89.114748 216.516763 175.517662 176.964299 158.443235 136.603639 198.302362 147.561294 169.429759 208.339511
213.118407 141.226536 89.280128 216.298929 175.517662 176.964299 158.387943 136.757400 198.152289 147.953567 169.429759 208.339511
213.148890 141.302121 89.443936 216.083166 175.517662 176.964299 158.334173 136.906926 198.000750 148.349669 169.429759 208.339511
213.176831 141.371399 89.611675 215.862226 175.517662 176.964299 158.251787 137.087836 197.859869 148.752463 169.429759 208.339511
213.214555 141.442094 89.778688 215.642242 175.517662 176.964299 158.191964 137.233640 197.731640 149.156398 169.429759 208.339511
213.267964 141.491271 89.944976 215.423214 175.517662 176.964299 158.131382 137.381295 197.617542 149.564885 169.429759 208.339511
213.332211 141.528180 90.110477 215.205221 175.517662 176.964299 158.069206 137.532836 197.529434 149.982083 169.429759 208.339511
213.403797 141.541518 90.276523 214.986511 175.517662 176.964299 158.006499 137.685672 197.434983 150.429378 169.429759 208.339511
213.476506 141.535355 90.445386 214.766182 175.517662 176.964299 157.945234 137.834992 197.344397 150.855145 169.429759 208.339511
213.555188 141.516117 90.611502 214.552317 175.517662 176.964299 157.885297 137.981074 197.249919 151.278019 169.429759 208.339511
213.633840 141.492607 90.780010 214.335372 175.517662 176.964299 157.824563 138.129099 197.155267 151.701674 169.429759 208.339511
213.686004 141.476822 90.947291 214.120007 175.517662 176.964299 157.761325 138.283231 197.060484 152.125915 169.429759 208.339511
213.838727 141.420218 91.113652 213.905826 175.517662 176.964299 157.699718 138.433384 196.965439 152.551327 169.429759 208.339511
213.908764 141.389693 91.282896 213.687933 175.517657 176.964099 157.638301 138.583074 196.870395 152.976739 169.429759 208.339511
213.982651 141.357490 91.451834 213.470435 175.517629 176.962899 157.577871 138.730359 196.783099 153.407868 169.429759 208.339511
214.050671 141.327844 91.620955 213.252701 175.517590 176.961200 157.517289 138.878014 196.698438 153.837098 169.429759 208.339511
214.121991 141.296759 91.789525 213.035677 175.517531 176.958601 157.454733 139.030480 196.614146 154.264465 169.429759 208.339511
214.190561 141.266873 91.958707 212.817863 175.517407 176.953202 157.391855 139.181063 196.529543 154.693401 169.429759 208.339511
214.262248 141.235628 92.126050 212.602419 175.517196 176.944004 157.323682 139.330441 196.441371 155.120993 169.429759 208.339511
214.330452 141.205902 92.324592 212.368796 175.516989 176.935007 157.258166 139.473998 196.350617 155.547648 169.429759 208.339511
214.401772 141.174818 92.489448 212.150690 175.516840 176.928509 157.189868 139.623650 196.258969 155.978508 169.429759 208.339511
214.449533 141.154001 92.655267 211.931307 175.516666 176.920911 157.126487 139.777553 196.167882 156.406728 169.429759 208.339511
214.478685 141.141296 92.821570 211.711286 175.516496 176.913512 157.067055 139.929654 196.075963 156.838860 169.429759 208.339511
214.609999 141.092617 92.987571 211.491664 175.516301 176.905015 157.007624 140.081755 195.984710 157.267862 169.429759 208.339511
214.663942 141.061250 93.151401 211.274914 175.516142 176.898117 156.970927 140.222900 195.893416 157.697060 169.429759 208.339511
214.728345 141.023800 93.316678 211.056250 175.516009 176.892318 156.943796 140.356167 195.801969 158.126430 169.429759 208.339511
214.769321 140.999973 93.483885 210.835032 175.515881 176.886720 156.894631 140.478627 195.709882 158.556992 169.429759 208.339511
214.791970 140.986803 93.649584 210.615809 175.515826 176.884320 156.677656 140.682689 195.617208 158.990293 169.429759 208.339511
214.917165 140.924478 93.817302 210.397247 175.515690 176.878422 156.639062 140.694634 195.524452 159.423984 169.429759 208.339511
214.975161 140.899871 93.983807 210.181533 175.515516 176.870824 156.538208 140.720286 195.433117 159.851026 169.429759 208.339511
215.041994 140.871515 94.152206 209.963366 175.515312 176.861926 156.457642 140.710159 195.340966 160.281882 169.429759 208.339511
215.112326 140.841675 94.320055 209.745910 175.514981 176.847530 156.360506 140.697949 195.248230 160.715476 169.429759 208.339511
215.182197 140.812030 94.486070 209.530829 175.514513 176.827135 156.151168 140.673977 195.156184 161.145842 169.429759 208.339511
215.249030 140.783673 94.653064 209.314482 175.513792 176.795743 156.021418 140.660010 195.063511 161.579143 169.429759 208.339511
215.308131 140.758598 94.822196 209.095364 175.512773 176.751355 155.884841 140.647275 194.971361 162.009999 169.429759 208.339511
215.350201 140.740749 94.988211 208.880284 175.511644 176.702168 155.747301 140.638813 194.879545 162.439290 169.429759 208.339511
215.546241 140.687371 95.155083 208.664095 175.510669 176.659679 155.614852 140.630664 194.786683 162.873470 169.429759 208.339511
215.648920 140.901667 95.320732 208.449489 175.509760 176.620090 155.483700 140.622594 194.693989 163.306869 169.429759 208.339511
215.680938 140.970814 95.487640 208.235613 175.508787 176.577701 155.350152 140.614377 194.601922 163.737333 169.429759 208.339511
215.712284 141.038509 95.659225 208.018411 175.507561 176.524315 155.213793 140.607257 194.509312 164.170340 169.429759 208.339511
215.742579 141.103935 95.828455 207.804191 175.505980 176.455433 155.087868 140.611618 194.420445 164.585843 169.429759 208.339511
215.777454 141.179253 95.996506 207.591461 175.504495 176.390750 155.005518 140.614470 194.329675 165.010245 169.429759 208.339511
215.809589 141.245572 96.167595 207.374887 175.502857 176.319369 154.945454 140.616550 194.237629 165.440612 169.429759 208.339511
215.872600 141.472208 96.336949 207.160509 175.497108 176.266993 154.923467 140.617311 194.145416 165.871761 169.429759 208.339511
215.840059 141.545509 96.505806 206.946760 175.491544 176.218209 154.905078 140.617948 194.053245 166.302714 169.429759 208.339511
215.807681 141.618446 96.676957 206.730107 175.487419 176.182044 154.901180 140.618083 193.955889 166.757955 169.429759 208.339511
215.774978 141.692113 96.848232 206.513297 175.485323 176.163663 154.899981 140.618124 193.858086 167.190434 169.429759 208.339511
215.743411 141.763221 97.014440 206.298517 175.484088 176.152833 154.899981 140.618124 193.760371 167.622523 169.429759 208.339511
215.713873 141.829759 97.177423 206.081129 175.483363 176.146474 154.899981 140.618124 193.662987 168.053149 169.429759 208.339511
215.680723 141.904432 97.340287 205.863902 175.482819 176.141705 154.899981 140.618124 193.571469 168.486172 169.474645 208.281705
215.647817 141.978556 97.504530 205.644834 175.482717 176.140811 154.899981 140.618124 193.481563 168.919544 169.473736 208.237514
215.617589 142.046648 97.670453 205.423526 175.482660 176.140314 154.899981 140.618124 193.391475 169.353798 169.472486 208.176827
215.587361 142.114740 97.836759 205.207425 175.482626 176.140016 154.899981 140.618124 193.301569 169.787170 169.470928 208.101143
215.558359 142.183773 98.004572 204.992981 175.482615 176.139917 154.899981 140.618124 193.210996 170.217542 169.469078 208.011262
215.531433 142.253452 98.173323 204.773956 175.482615 176.139917 154.899981 140.618124 193.119538 170.648443 169.466849 207.902985
215.503210 142.326489 98.338539 204.557128 175.482615 176.139917 154.899981 140.618124 193.028101 171.079246 169.464359 207.782011
215.473833 142.402510 98.504968 204.338709 175.482615 176.139917 154.899981 140.618124 192.938166 171.510876 169.461433 207.639841
215.410802 142.565461 98.669517 204.122756 175.482615 176.139917 154.899981 140.618124 192.848237 171.943222 169.458086 207.477275
215.351590 142.627237 98.834066 203.906803 175.482615 176.139917 154.899981 140.618124 192.758146 172.376352 169.454507 207.303412
215.322538 142.702312 99.002010 203.686395 175.482615 176.139917 154.899981 140.618124 192.667668 172.811342 169.450667 207.116851
215.296373 142.769926 99.169953 203.465988 175.482615 176.139917 154.899981 140.618124 192.578066 173.242122 169.446689 206.923592
215.275715 142.844899 99.337291 203.246376 175.482615 176.139917 154.899981 140.618124 192.480673 173.706181 169.442719 206.730733
215.263367 142.922118 99.505416 203.025730 175.482615 176.139917 154.899981 140.618124 192.389012 174.137346 169.438836 206.542073
215.251408 142.996868 99.672148 202.806914 175.482615 176.139917 154.899981 140.618124 192.297081 174.569782 169.434895 206.350614
215.239167 143.073192 99.839303 202.587540 175.482615 176.139917 154.899981 140.618124 192.181145 175.029299 169.431063 206.164453
215.240099 143.151290 100.007489 202.366815 175.482615 176.139917 154.899981 140.618124 192.085387 175.471142 169.432486 205.972587
215.248034 143.229891 100.175493 202.146328 175.482615 176.139917 154.899981 140.618124 191.990031 175.911128 169.463475 205.787969
215.258439 143.309016 100.340709 201.929500 175.482615 176.139917 154.899981 140.618124 191.901941 176.317591 169.494944 205.600492
215.281161 143.384677 100.505744 201.712911 175.482615 176.139917 154.899981 140.618124 191.821179 176.690240 169.526114 205.414790
215.303567 143.459285 100.671445 201.495446 175.482615 176.139917 154.899981 140.618124 191.747957 177.028097 169.558014 205.224749
215.328174 143.535819 100.836722 201.278539 175.482615 176.139917 154.898382 140.618180 191.676938 177.355789 169.589615 205.036482
215.352544 143.609072 101.002544 201.060915 175.482615 176.139917 154.895484 140.618280 191.607657 177.676286 169.621249 204.848019
215.376787 143.681945 101.170730 200.840190 175.482615 176.139917 154.892186 140.618394 191.541902 177.984961 169.652834 204.659851
215.402420 143.758993 101.345370 200.612353 175.482615 176.139917 154.883091 140.618709 191.478107 178.284441 169.684700 204.470007
215.425653 143.828830 101.509132 200.394674 175.482615 176.139917 154.873797 140.619031 191.421770 178.548907 169.715573 204.286080
215.450729 143.904692 101.674156 200.175318 175.482615 176.139917 154.843515 140.620080 191.359540 178.840761 169.747521 204.095743
215.475663 143.983648 101.840924 199.953644 175.482615 176.139917 154.819729 140.620904 191.300668 179.110400 169.779685 203.904124
215.499422 144.058886 102.004866 199.735726 175.482615 176.139917 154.785749 140.622080 191.238757 179.376698 169.811601 203.713984
215.523422 144.134887 102.168868 199.517728 175.482615 176.139917 154.741376 140.623617 191.176710 179.643580 169.842921 203.527394
215.545706 144.205452 102.333651 199.298691 175.482615 176.139917 154.698502 140.625102 191.110202 179.909367 169.874075 203.341790
215.570399 144.283646 102.497714 199.080613 175.482615 176.139917 154.655927 140.626576 191.040915 180.176838 169.912451 203.153272
215.595302 144.362507 102.664541 198.858859 175.482615 176.139917 154.612753 140.628071 190.968788 180.444084 169.951814 202.964329
215.595024 144.438636 102.830888 198.637745 175.482615 176.139917 154.561372 140.626615 190.880032 180.704051 169.989953 202.781259
215.590117 144.520590 102.993447 198.421665 175.482615 176.139917 154.516360 140.608023 190.790190 180.964595 170.027704 202.600050
215.585185 144.602942 103.157870 198.203107 175.482615 176.139917 154.465526 140.587026 190.700656 181.223025 170.065599 202.418155
215.565606 144.675407 103.321091 197.986148 175.482615 176.139917 154.425228 140.570381 190.612136 181.478525 170.103697 202.235282
215.410483 144.939824 103.486837 197.765832 175.482615 176.139917 154.260184 140.375287 190.508427 181.732587 170.142774 202.047709
215.337275 144.998148 103.649600 197.545068 175.482615 176.139917 154.212597 140.251503 190.399248 181.982042 170.181892 201.859940
215.249911 145.067750 103.810320 197.319707 175.482615 176.139917 154.207270 140.152947 190.289308 182.233236 170.220745 201.673444
215.173497 145.128628 103.970750 197.094754 175.482615 176.139917 154.201269 140.041909 190.167552 182.477297 170.260291 201.483620
215.116715 145.173867 104.128509 196.873546 175.482615 176.139917 154.194425 139.915294 190.036854 182.716637 170.299368 201.296047
215.085977 145.198355 104.289287 196.648104 175.482615 176.139917 154.153575 139.770704 189.901406 182.951567 170.337773 201.111705
215.027217 145.245233 104.449369 196.423640 175.482615 176.139917 154.144727 139.606642 189.755233 183.184148 170.375932 200.928538
214.959868 145.298873 104.606779 196.202920 175.482615 176.139917 154.126542 139.333816 189.611455 183.412919 170.414377 200.744000
214.877657 145.364351 104.764945 195.981142 175.482615 176.139917 154.107884 139.144031 189.467199 183.642451 170.453597 200.555742
214.780677 145.441623 104.924678 195.757166 175.482615 176.139917 154.088228 138.944094 189.314246 183.867372 170.491532 200.373652
214.595663 145.590168 105.084933 195.532457 175.482615 176.139917 154.067310 138.731320 189.141433 184.081675 170.529589 200.190974
214.472551 145.689838 105.243099 195.310679 175.482615 176.139917 154.024025 138.414883 188.975499 184.295659 170.569156 200.001051
214.337859 145.798884 105.403471 195.085807 175.482615 176.139917 153.988927 138.179182 188.814587 184.506085 170.608396 199.812695
214.297677 145.818100 105.557168 194.856520 175.482615 176.139917 153.951531 137.928051 188.658599 184.701440 170.646393 199.630311
214.436866 145.674063 105.705195 194.627732 175.482615 176.139917 153.891622 137.588485 188.511289 184.884666 170.685429 199.442934
214.517322 145.496403 105.852191 194.400539 175.482615 176.139917 153.834349 137.390398 188.372125 185.057760 170.724404 199.255851
214.389911 145.330024 106.001794 194.169316 175.482615 176.139917 153.788325 137.231218 188.225785 185.220944 170.763706 199.067201
214.203757 145.183515 106.150311 193.939772 175.482615 176.139917 153.749745 137.097784 188.070760 185.379711 170.802049 198.883153
213.962450 145.187150 106.298936 193.710061 175.482615 176.139917 153.610310 137.072483 187.917786 185.537403 170.839861 198.701650
213.745434 145.331720 106.446964 193.481273 175.482615 176.139917 153.482077 137.121272 187.766110 185.694404 170.876185 198.527294
213.594559 145.560799 106.596567 193.250050 175.482615 176.139917 153.359547 137.167891 187.612211 185.853706 170.924985 198.226900
213.445993 145.786370 106.744106 193.022017 175.482615 176.139917 153.237390 137.214369 187.462897 186.008261 170.926391 198.060806
213.295943 146.014196 106.893329 192.791382 175.482615 176.139917 153.123458 137.257717 187.310109 186.166413 170.927851 197.888212
213.146112 146.241688 107.042389 192.560999 175.481844 176.133161 153.013544 137.299536 187.159197 186.322622 170.929385 197.706919
212.997327 146.467593 107.193024 192.328180 175.480405 176.120543 152.935876 137.329087 187.010786 186.476242 170.931025 197.513126
212.847446 146.695172 107.342790 192.096706 175.476643 176.087556 152.893444 137.345232 186.857451 186.635117 170.932668 197.318933
212.695586 146.925758 107.493263 191.864139 175.475758 176.032227 152.867835 137.354975 186.704833 186.793848 170.934248 197.132140
212.546641 147.151917 107.640535 191.631441 175.431439 175.664496 152.752380 137.314931 186.552145 186.952652 170.933513 196.941891
212.397091 147.378995 107.784984 191.398139 175.409777 175.574268 152.712911 137.266988 186.400913 187.109941 170.924525 196.750502
212.248311 147.604903 107.930117 191.163731 175.395054 175.467377 152.587984 137.120778 186.264790 187.251517 170.915780 196.564308
212.098046 147.833067 108.075146 190.929494 175.377807 175.342160 152.528020 137.051930 186.119518 187.402607 170.906806 196.373218
211.947671 148.061398 108.221227 190.693557 175.361117 175.204072 152.487345 136.955409 185.986355 187.541614 170.897780 196.181030
211.797185 148.289895 108.366360 190.459149 175.343626 175.050867 152.498306 136.829585 185.864304 187.671456 170.888236 195.988967
211.647192 148.517639 108.508862 190.228993 175.324490 174.883256 152.365450 136.743074 185.751568 187.791389 170.878974 195.803699
211.497308 148.745215 108.652837 189.996457 175.303210 174.696867 152.231390 136.708687 185.651573 187.945896 170.869354 195.611239
211.345279 148.976049 108.797918 189.762134 175.280387 174.496966 152.102657 136.675666 185.530756 188.074427 170.860053 195.425171
211.195725 149.203124 108.944157 189.525942 175.261202 174.325637 151.970244 136.641702 185.407639 188.206283 170.867292 195.236534
211.043806 149.433791 109.087080 189.295105 175.245464 174.182801 151.860400 136.613526 185.276317 188.348125 170.884134 195.048186
210.892052 149.664207 109.232898 189.059593 175.223068 174.023889 151.777872 136.592357 185.142956 188.492169 170.888800 194.418924
210.739638 149.895625 109.377241 188.826461 175.163150 173.903920 151.649201 136.553079 185.012381 188.633204 170.829507 194.239677
210.632633 150.146889 109.519743 188.596305 175.125103 173.778062 151.619160 136.542350 184.877907 188.778451 170.823855 194.052096
210.539024 150.406636 109.662666 188.365469 175.089184 173.645854 151.604373 136.537072 184.735714 188.932034 170.836700 193.866439
210.480783 150.671362 109.806167 188.133697 175.054943 173.519823 151.593824 136.533309 184.590252 189.098970 170.849510 193.681282
210.425280 150.941417 109.947706 187.901323 175.020571 173.393309 151.592412 136.532805 184.442860 189.276576 170.862513 193.493331
210.369959 151.210591 110.085751 187.667653 174.993446 173.295505 151.591281 136.532402 184.288187 189.462956 170.886846 193.307620
210.314477 151.480549 110.223083 187.435188 174.972713 173.225094 151.589869 136.531898 184.123233 189.661724 170.914898 193.119297
210.299177 151.754597 110.362348 187.199452 174.963053 173.192286 151.589209 136.531662 183.971817 189.844179 170.942213 192.935920
210.288676 152.030975 110.501512 186.963888 174.898826 173.147645 151.589021 136.531595 183.831641 190.013090 170.970073 192.748884
210.288766 152.483736 110.642659 186.724966 174.835907 173.167575 151.589021 136.531595 183.698169 190.180718 171.004866 192.559953
210.302914 152.756970 110.783247 186.486991 174.753350 173.193726 151.589021 136.531595 183.559501 190.384382 171.049508 192.377742
210.393811 153.599831 110.917739 186.245724 174.691194 173.213415 151.589021 136.531595 183.469524 190.583715 171.094032 192.196016
210.411017 153.840016 111.040247 185.996396 174.658495 173.223773 151.589021 136.531595 183.367170 190.773661 171.138817 192.013223
210.425278 154.039105 111.162226 185.748144 174.540787 173.164166 151.588833 136.531528 183.252505 190.959304 171.184721 191.825864
210.437004 154.202786 111.281955 185.504470 174.514073 173.102177 151.588456 136.531394 183.136106 191.147754 171.230313 191.642359
210.445892 154.326868 111.403537 185.257027 174.479997 173.023107 151.587797 136.531158 183.023543 191.329994 171.284768 191.462522
210.451887 154.410554 111.525604 185.008596 174.438837 172.927599 151.586761 136.530789 182.908879 191.515636 171.339020 191.283356
210.455502 154.461024 111.647583 184.760345 174.390910 172.816386 151.585442 136.530318 182.799447 191.705385 171.393562 191.103233
210.457153 154.484065 111.762991 184.508393 174.334751 172.686072 151.583558 136.529646 182.693048 191.897487 171.447322 190.925694
210.461597 154.536173 111.865048 184.255294 174.273950 172.542322 151.581204 136.528806 182.586988 192.088977 171.501835 190.745666
210.465496 154.593741 111.967330 184.001640 174.211762 172.377675 151.573480 136.526051 182.481703 192.279068 171.556029 190.566691
210.470739 154.671164 112.070883 183.744832 174.145900 172.203299 151.563591 136.522523 182.381924 192.471989 171.609963 190.388578
210.476846 154.761357 112.173015 183.491548 174.078024 172.023590 151.556338 136.519936 182.319114 192.677026 171.677372 190.208896
210.484258 154.870807 112.275596 183.237151 174.022538 171.877899 151.546543 136.516441 182.284780 192.890874 171.745981 190.033755
210.492467 154.992029 112.378065 182.983033 173.976158 171.757311 151.533263 136.511703 182.321730 193.099092 171.813969 189.860197
210.501905 155.131410 112.481020 182.727709 173.944029 171.673776 151.515839 136.505487 182.441362 193.282355 171.884656 189.679748
210.512506 155.287951 112.584568 182.478149 173.925398 171.625335 151.496813 136.498700 182.620746 193.407218 171.954395 189.501720
210.524384 155.463350 112.690591 182.228206 173.916244 171.601535 151.465072 136.487376 182.829247 193.459675 172.024098 189.323785
210.537369 155.655110 112.804552 181.949993 173.912655 171.592202 151.432861 136.475884 183.037013 193.424366 172.093035 189.147806
210.599965 155.879099 112.893494 181.694639 173.909783 171.584735 151.409032 136.467383 183.214159 193.303266 172.161242 188.973689
210.704288 156.065025 112.983949 181.434941 173.908849 171.582308 151.367873 136.452700 183.375794 193.157311 172.229048 188.800596
210.870433 156.209339 113.073417 181.178077 173.908813 171.582215 151.332553 136.440099 183.508942 192.980963 172.298568 188.623127
211.199213 156.219738 113.163379 180.919796 173.908813 171.582215 151.297893 136.427734 183.587524 192.780901 172.368599 188.444354
211.399419 156.139195 113.252485 180.663970 173.908813 171.582215 151.268789 136.417351 183.633740 192.567288 172.439687 188.264816
211.550288 155.978387 113.342546 180.405405 173.908813 171.582215 151.247880 136.409892 183.623449 192.353637 172.510573 188.085842
211.657480 155.787896 113.432014 180.148541 173.908813 171.582215 151.217552 136.399072 183.572951 192.141448 172.581090 187.907798
211.739184 155.589736 113.507026 179.886369 173.908813 171.582215 151.203707 136.394133 183.473345 191.952813 172.641628 187.754951
211.808262 155.380579 113.582880 179.620165 173.908813 171.582215 151.176110 136.384288 183.336713 191.783336 172.693145 187.624881
211.828042 155.164282 113.658077 179.356270 173.908813 171.582215 151.163772 136.379886 183.164855 191.646077 172.750442 187.480215
211.730027 154.969769 113.733439 179.091798 173.908813 171.582215 151.151434 136.375484 182.991350 191.518434 172.701555 187.251987
211.558737 154.852040 113.808286 178.829154 173.908813 171.582215 151.141921 136.372090 182.803636 191.400474 172.529059 186.990500
211.353531 154.798256 113.882365 178.569204 173.908813 171.582215 151.135140 136.369671 182.616430 191.282834 172.529894 186.802202
211.136125 154.809573 113.956856 178.307811 173.908813 171.582215 151.129018 136.367487 182.431874 191.168324 172.530877 186.602004
210.927511 154.868534 114.031757 178.044975 173.908813 171.582215 151.125439 136.366210 182.244701 191.054627 172.531941 186.385307
210.716800 154.928218 114.114156 177.785559 173.908813 171.582215 151.123555 136.365538 182.060263 190.942591 172.533031 186.163310
210.503208 154.988734 114.205513 177.523317 173.908813 171.582215 151.122990 136.365337 181.870440 190.827284 172.534109 185.943712
210.292405 155.048460 114.296311 177.262680 173.908813 171.582215 151.122801 136.365269 181.688580 190.714879 172.535176 185.726315
210.098921 155.103279 114.385135 177.007709 173.908813 171.582215 151.122801 136.365269 181.500902 190.596863 172.536235 185.510618
209.937284 155.149075 114.474321 176.751699 173.908813 171.582215 151.122801 136.365269 181.247263 190.441543 172.536746 185.292921
209.812953 155.183064 114.563968 176.494367 173.908813 171.582215 151.122801 136.365269 181.063995 190.330720 172.534105 185.073647
209.723429 155.206337 114.654963 176.233163 173.908813 171.582215 151.122801 136.365269 180.886778 190.202906 172.525851 184.859306
209.661391 155.222464 114.745136 175.974320 173.908813 171.582215 151.122707 136.365236 180.709637 190.069733 172.521470 184.449278
209.616677 155.234088 114.834815 175.716893 173.908813 171.582215 151.122519 136.365169 180.541276 189.932826 172.533937 184.235341
209.594320 155.239900 114.924758 175.458712 173.908813 171.582215 151.121765 136.364900 180.360926 189.805862 172.546439 184.020805
209.584061 155.242567 115.014667 175.200624 173.908813 171.582215 151.121106 136.364665 180.198613 189.666550 172.559343 183.799380
209.575641 155.244755 115.143709 174.941614 173.908813 171.582215 151.120070 136.364295 180.032030 189.530677 172.572056 183.581451
209.565962 155.247271 115.262246 174.695580 173.908813 171.582215 151.118657 136.363791 179.856269 189.401036 172.581558 183.364261
209.562865 155.248077 115.381564 174.447925 173.908813 171.582215 151.116585 136.363052 179.650884 189.212679 172.590847 183.143757
209.561510 155.248429 115.501707 174.198558 173.908742 171.582028 151.113571 136.361976 179.492853 189.045156 172.599827 182.931247
209.560736 155.248630 115.619028 173.955046 173.908706 171.581935 151.109239 136.360431 179.325622 188.868026 172.607173 182.757402
209.560736 155.248630 115.741593 173.712875 173.908634 171.581748 151.104906 136.358885 179.151047 188.683116 172.612784 182.624620
209.560736 155.248630 115.872010 173.473383 173.908419 171.581188 151.101892 136.357810 178.966517 188.487662 172.616761 182.530504
209.560736 155.248630 116.002331 173.234066 173.907988 171.580068 151.098596 136.356634 178.778898 188.288937 172.619738 182.460067
209.560736 155.248630 116.133274 172.993607 173.907019 171.577548 151.096335 136.355827 178.589562 188.088393 172.620958 182.431193
209.560736 155.248630 116.263548 172.754378 173.906049 171.575028 151.095299 136.355458 178.406959 187.882048 172.702590 182.358167
209.560736 155.248630 116.400252 172.515955 173.905224 171.572881 151.094734 136.355256 178.228844 187.675157 172.748217 182.309378
209.560736 155.248630 116.543248 172.278718 173.904039 171.569801 151.094357 136.355122 178.054904 187.473116 172.805594 182.248027
209.560736 155.248630 116.683766 172.045592 173.902172 171.564948 151.094263 136.355088 177.935343 187.283653 172.839200 182.212093
209.560736 155.248630 116.823819 171.813237 173.899983 171.559255 151.094263 136.355088 177.787252 187.111612 172.926309 182.122558
209.560736 155.248630 116.966660 171.576258 173.897398 171.552535 151.094263 136.355088 177.664148 186.968598 172.986447 182.063769
209.560736 155.248630 117.109191 171.339792 173.894203 171.544228 151.094263 136.355088 177.572293 186.861887 173.056311 181.995472
209.560736 155.248630 117.250121 171.105981 173.890793 171.535361 151.094263 136.355088 177.505935 186.781845 173.134408 181.918579
209.560736 155.248630 117.393169 170.868659 173.888818 171.530228 151.094263 136.355088 177.458838 186.721561 173.224161 181.828304
209.560736 155.248630 117.537477 170.632353 173.886234 171.523507 151.094263 136.355088 177.432488 186.687833 173.315677 181.736256
209.560736 155.248630 117.683137 170.403352 173.884044 171.517814 151.094263 136.355088 177.370991 186.608183 173.412411 181.638960
209.560736 155.248630 117.829977 170.172495 173.881746 171.511841 151.094263 136.355088 177.325013 186.547919 173.509920 181.540884
209.560736 155.248630 117.977730 169.940204 173.876541 171.498307 151.093980 136.354987 177.268724 186.474140 173.599038 181.451247
209.560736 155.248630 118.123712 169.710698 173.873490 171.490374 151.092756 136.354551 177.202972 186.387959 173.661647 181.388274
209.560736 155.248630 118.270875 169.479335 173.869074 171.478894 151.089930 136.353543 177.124906 186.285639 173.697041 181.352675
209.560736 155.248630 118.416642 169.250165 173.862577 171.462000 151.084844 136.351728 177.039137 186.173221 173.719814 181.329769
209.560736 155.248630 118.563536 169.019224 173.852956 171.436986 151.078346 136.349410 176.942693 186.046812 173.830544 181.328209
209.560736 155.248630 118.722106 168.758119 173.842833 171.410666 151.064500 136.344470 176.843449 185.907602 173.870019 181.374845
209.560736 155.248630 118.856354 168.520522 173.831848 171.382106 151.050655 136.339531 176.734919 185.751041 173.922673 181.437052
209.560736 155.248630 118.991535 168.281271 173.816089 171.341132 151.027391 136.331231 176.619552 185.584618 173.984308 181.509869
209.560736 155.248630 119.125537 168.044110 173.806753 171.313891 150.932966 136.253056 176.493242 185.407728 174.055634 181.594135
209.560543 155.248680 119.238627 167.791666 173.795469 171.280232 150.901267 136.204008 176.355091 185.225344 174.140462 181.694354
209.560252 155.248756 119.347996 167.543279 173.779067 171.231308 150.873748 136.161426 176.210057 185.033873 174.227986 181.797794
209.558800 155.249133 119.458535 167.292238 173.764191 171.186935 150.848238 136.121952 176.059166 184.834670 174.309874 181.894606
209.555413 155.250014 119.568348 167.042844 173.751255 171.148346 150.823650 136.083906 175.885392 184.639734 174.369289 181.964848
209.553671 155.250467 119.680095 166.789057 173.711483 171.030317 150.796294 136.041576 175.698833 184.440423 174.411395 182.014629
209.549703 155.251498 119.784599 166.501372 173.694103 170.979085 150.772466 136.004705 175.447300 184.254035 174.433512 182.040451
209.543122 155.253209 119.862438 166.281971 173.676337 170.926716 150.750754 135.971110 175.218501 184.150601 174.500127 182.019229
209.539541 155.254140 119.934290 166.077410 173.659632 170.877473 150.707976 135.884552 174.964677 184.074070 174.522916 181.953572
209.533830 155.255624 119.992519 165.866605 173.640517 170.821127 150.695717 135.858050 174.794416 184.023542 174.550542 181.874245
209.525120 155.257889 120.051147 165.654353 173.626381 170.779459 150.686229 135.837538 174.658378 183.982835 174.585108 181.774991
209.516893 155.260027 120.109989 165.441330 173.680098 170.666993 150.680058 135.824196 174.549208 183.948641 174.624475 181.661950
209.510602 155.261663 120.167206 165.234187 173.710490 170.666325 150.673970 135.811036 174.477541 183.926194 174.669039 181.533988
209.503537 155.263499 120.224157 165.028008 173.726087 170.665982 150.669898 135.802232 174.408546 183.904583 174.712320 181.409709
209.497053 155.265185 120.250772 164.807728 173.733685 170.665815 150.667715 135.797512 174.343941 183.884348 174.756719 181.282219
209.487181 155.267751 120.308553 164.595877 173.742183 170.665628 150.666959 135.795878 174.309962 183.874081 174.800690 181.155956
209.481471 155.269236 120.359577 164.384755 173.746682 170.665529 150.666791 135.795515 174.194719 183.934551 174.845550 181.027144
209.473922 155.271198 120.411634 164.169356 173.747082 170.665520 150.666665 135.795243 174.169698 184.001850 174.890949 180.895980
209.456113 155.275828 120.458617 163.974953 173.747281 170.665516 150.666623 135.795152 174.136835 184.090238 174.933048 180.771823
209.449919 155.277438 120.499820 163.804461 173.747281 170.665516 150.666623 135.795152 174.097484 184.196165 174.975472 180.646089
209.439080 155.280256 120.564487 163.677482 173.747281 170.665516 150.666623 135.795152 174.053828 184.313721 175.017234 180.514457
209.425336 155.283828 120.601424 163.524683 173.747281 170.665516 150.666623 135.795152 173.973278 184.528756 175.057470 180.390525
209.403851 155.289414 120.635887 163.378745 173.747281 170.665516 150.666623 135.795152 173.925895 184.652066 175.099405 180.261362
209.378590 155.295980 120.673068 163.245641 173.747281 170.665516 150.666623 135.795152 173.878296 184.775935 175.140722 180.134101
209.359814 155.300861 120.702339 163.140852 173.747281 170.665516 150.666623 135.795152 173.830482 184.900365 175.180010 180.010143
209.337941 155.306548 120.726122 163.055711 173.747281 170.665516 150.666623 135.795152 173.784211 185.020780 175.202716 179.873922
209.324585 155.310020 120.744713 162.989159 173.747281 170.665516 150.666623 135.795152 173.735572 185.147357 175.225027 179.740069
209.305422 155.315001 120.758622 162.939365 173.747281 170.665516 150.666623 135.795152 173.689444 185.267399 175.247486 179.605328
209.290904 155.318775 120.768354 162.906276 173.747281 170.665516 150.666623 135.795152 173.641861 185.396281 175.269633 179.472461
209.283646 155.320662 120.780672 162.869483 173.747281 170.665516 150.666539 135.794971 173.597558 185.522851 175.292388 179.335945
209.267580 155.324839 120.792736 162.833449 173.747281 170.665516 150.666413 135.794699 173.552595 185.651309 175.314256 179.204755
209.253449 155.328512 120.804832 162.797320 173.747281 170.665516 150.665952 135.793700 173.507368 185.780523 175.336760 179.067995
209.238932 155.332286 120.821785 162.746682 173.747281 170.665516 150.664482 135.790524 173.463297 185.906433 175.357101 178.939799
209.227511 155.335255 120.839087 162.695002 173.747281 170.665516 150.663601 135.788618 173.420646 186.028284 175.377786 178.809429
209.203219 155.341570 120.860136 162.632132 173.747281 170.665516 150.661586 135.784261 173.374956 186.158819 175.399490 178.672640
209.180765 155.347407 120.876899 162.582063 173.747281 170.665516 150.659570 135.779905 173.331051 186.284257 175.420960 178.537232
209.155021 155.354099 120.896995 162.522038 173.747281 170.665516 150.657555 135.775548 173.286004 186.408863 175.441804 178.405774
209.122405 155.362578 120.916488 162.463814 173.747281 170.665516 150.655246 135.770556 173.238701 186.538822 175.489423 178.282646
209.091918 155.370503 120.948113 162.399289 173.747281 170.665516 150.654658 135.769286 173.191739 186.667841 175.497765 178.152914
209.058334 155.379234 120.987746 162.334324 173.747281 170.665516 150.654029 135.767924 173.144640 186.797235 175.506594 178.015598
209.025815 155.387687 121.025661 162.272176 173.747281 170.665516 150.653945 135.767743 173.099731 186.920616 175.515448 177.877882
209.005588 155.392946 121.059253 162.217114 173.747281 170.665516 150.653903 135.767652 173.052530 187.050293 175.523693 177.749647
208.991844 155.396518 121.097896 162.153771 173.747281 170.665516 150.653903 135.767652 173.011212 187.163807 175.530835 177.638576
208.975682 155.400720 121.125655 162.108270 173.747281 170.665516 150.653903 135.767652 172.979676 187.250446 175.535538 177.565427
208.960874 155.404570 121.152997 162.063452 173.747281 170.665516 150.653903 135.767652 172.946474 187.293429 175.594508 177.486074
