465.636200 231.014600 387.275473 365.642257 463.579200 153.492800 224.716200 311.047600 376.949463 309.248940 139.347200 457.001600
465.627504 230.979048 387.275473 365.642257 463.610948 153.494622 224.698475 311.068231 376.639466 309.117786 139.373009 456.986306
465.610730 230.910470 387.275473 365.642257 463.670250 153.498025 224.660678 311.112225 376.303129 308.975489 139.435295 456.949398
465.584880 230.804785 387.275473 365.642257 463.775477 153.504063 224.594338 311.189440 375.965503 308.832646 139.524250 456.896685
465.552709 230.673263 387.275473 365.642257 463.905663 153.511533 224.506493 311.291686 375.659926 308.703362 139.637465 456.829597
465.517355 230.528723 387.275473 365.642257 464.077580 153.521398 224.401705 311.413654 375.291663 308.542023 139.782132 456.755770
465.479673 230.374665 387.275473 365.642257 464.292626 153.533738 224.296786 311.535773 374.968639 308.423158 139.966565 456.678408
465.440232 230.213419 387.275473 365.642257 464.540419 153.547956 224.202815 311.645149 374.458556 308.295394 140.186961 456.585962
465.404641 230.067908 387.275473 365.642257 464.804984 153.563137 224.099330 311.765600 374.090992 308.145904 140.445904 456.477346
465.368431 229.919872 387.275473 365.642257 465.050180 153.577207 224.006011 311.874217 373.720094 307.995057 140.733987 456.356508
465.333838 229.778442 387.275473 365.642257 465.221698 153.587049 223.938498 311.952798 373.331040 307.836827 141.048813 456.224452
465.297913 229.631571 387.275473 365.642257 465.318339 153.592595 223.906697 311.989813 372.929943 307.673698 141.383373 456.084119
465.259376 229.474016 387.275473 365.642257 465.518496 153.779978 223.898747 311.999067 372.524771 307.508913 141.741355 455.933961
465.221028 229.317238 387.275473 365.642257 465.513461 153.948702 223.897834 312.000129 372.123874 307.351917 142.121839 455.774364
465.189380 229.187852 387.275473 365.642257 465.507059 154.163207 223.897443 312.000584 371.720500 307.203536 142.525192 455.605175
465.169517 229.106646 387.275473 365.642257 465.499666 154.410897 223.897313 312.000736 371.316186 307.054810 143.158135 455.343672
465.011152 229.026799 387.275473 365.642257 465.491534 154.683375 223.897183 312.000887 370.947912 306.919341 143.562620 455.190828
464.859138 229.068385 387.275473 365.642257 465.483378 154.956654 223.897183 312.000887 370.626376 306.801064 143.880671 455.070646
464.664490 229.121635 387.275473 365.642257 465.475144 155.232531 223.897183 312.000887 370.333746 306.693421 144.141494 454.978900
464.439169 229.183275 387.275473 365.642257 465.466982 155.506009 223.897183 312.000887 370.036424 306.584051 144.335987 454.918014
464.187999 229.251988 387.275473 365.642257 465.459040 155.772091 223.897183 312.000887 369.748248 306.482488 144.448980 454.882642
463.923324 229.324395 387.275473 365.642257 465.450765 156.049367 223.897183 312.000887 369.465657 306.390452 144.521318 454.859996
463.670438 229.411200 387.275473 365.642257 465.442627 156.322046 223.897183 312.000887 369.115786 306.270969 144.544603 454.852707
463.423523 229.516932 387.275473 365.642257 465.434733 156.586528 223.897183 312.000887 368.809236 306.159462 144.553002 454.850078
463.184514 229.619278 387.275473 365.642257 465.249653 156.657306 223.897183 312.000887 368.488214 306.042690 144.556437 454.849002
462.945322 229.721703 387.275473 365.642257 464.988231 156.637122 223.897183 312.000887 368.156566 305.921203 144.557201 454.848763
462.708151 229.823263 387.275473 365.642257 464.719830 156.616400 223.897183 312.000887 367.791452 305.786991 144.557201 454.848763
462.478881 229.958556 387.275473 365.642257 464.459604 156.596308 223.897183 312.000887 367.396679 305.641876 144.557201 454.848763
462.101707 230.208852 387.275473 365.642257 464.182828 156.574939 223.897183 312.000887 367.006974 305.498624 144.557201 454.848763
461.893503 230.359859 387.275473 365.642257 463.906052 156.553570 223.897183 312.000887 366.610058 305.365803 144.557201 454.848763
461.524592 230.604506 387.275473 365.642257 463.645228 156.533432 223.897183 312.000887 366.205731 305.234219 144.557201 454.848763
461.294705 230.729770 387.275473 365.642257 463.196890 156.497342 223.897183 312.000887 365.798360 305.101645 144.557201 454.848763
461.068329 230.853119 387.275473 365.642257 462.930782 156.475535 223.897183 312.000887 365.396505 304.970866 144.557201 454.848763
460.843198 230.982312 387.274230 365.629920 462.662082 156.453516 223.897183 312.000887 364.977653 304.836758 144.557201 454.848763
460.605760 231.122236 387.271305 365.600867 462.409928 156.432852 223.897183 312.000887 364.565723 304.705951 144.557201 454.848763
460.367461 231.262668 387.264312 365.531418 462.227340 156.417889 223.897183 312.000887 364.157987 304.576475 144.557201 454.848763
460.156903 231.386751 387.254814 365.437095 462.111129 156.408366 223.892100 312.006804 363.734022 304.486618 144.557201 454.848763
459.964782 231.499970 387.217010 365.068643 462.066280 156.404691 223.877633 312.023642 363.303914 304.412803 144.557201 454.848763
459.605799 231.691871 387.198142 364.891244 461.894420 156.223271 223.846743 312.059596 362.886409 304.354440 144.557201 454.848763
459.404124 231.810148 387.176333 364.686200 461.901926 156.096293 223.826281 312.083413 362.462014 304.297484 144.557201 454.848763
459.165701 231.949975 387.150993 364.447944 461.911947 155.926789 223.812075 312.099948 362.039600 304.240795 144.557201 454.848763
458.939010 232.082922 387.122733 364.182243 461.923833 155.725740 223.804776 312.108443 361.613421 304.183601 144.557201 454.848763
458.714906 232.214351 387.090264 363.876965 461.937300 155.497938 223.793698 312.121338 361.187638 304.126459 144.557201 454.848763
458.480969 232.351548 387.058801 363.553718 461.953163 155.229606 223.771541 312.147127 360.770181 304.070435 144.557201 454.848763
458.247722 232.488340 387.031141 363.205415 461.968991 154.961874 223.747559 312.175040 360.337064 304.012310 144.557201 454.848763
458.010335 232.627560 387.001265 362.829199 461.993931 154.500349 223.725794 312.200374 359.910290 303.955035 144.557201 454.848763
457.771567 232.767589 386.969774 362.432648 462.007408 154.243102 223.711718 312.216757 359.487877 303.898346 144.557201 454.848763
457.535905 232.905798 386.936715 362.016358 462.021879 153.966881 223.706374 312.222977 359.053174 303.840008 144.557201 454.848763
457.341130 233.020027 386.902912 361.590698 462.031537 153.782533 223.702855 312.227073 358.628184 303.782973 144.557201 454.848763
457.181722 233.113515 386.867906 361.149886 462.038307 153.653311 223.702073 312.227983 358.205969 303.726310 144.557201 454.848763
457.028247 233.188789 386.824890 360.713201 462.041698 153.588599 223.701682 312.228438 357.780583 303.669222 144.557201 454.848763
456.716657 233.334481 386.782903 360.288672 461.946155 153.461028 223.701682 312.228438 357.355989 303.612240 144.557201 454.848763
456.332133 233.534736 386.739420 359.849018 461.805487 153.448785 223.701682 312.228438 356.921744 303.577482 144.557201 454.848763
456.093671 233.657921 386.695960 359.407753 461.627560 153.433299 223.701682 312.228438 356.480364 303.575567 144.557201 454.848763
455.849345 233.784135 386.654555 358.968098 461.423332 153.415524 223.701682 312.228438 356.045607 303.569406 144.557201 454.848763
455.614437 233.905485 386.613787 358.535214 461.189814 153.395199 223.701682 312.228438 355.609833 303.579760 144.557201 454.848763
455.356351 233.908139 386.573807 358.110692 460.929000 153.372499 223.701682 312.228438 355.173595 303.616710 144.557201 454.848763
455.091566 233.845904 386.548734 357.679385 460.661213 153.349192 223.701682 312.228438 354.807506 303.647719 144.557201 454.848763
454.838269 233.786369 386.543839 357.236212 460.402590 153.326683 223.701682 312.228438 354.525189 303.669859 144.557201 454.848763
454.584582 233.726742 386.538941 356.792839 460.134205 153.303324 223.701682 312.228438 354.251600 303.687952 144.557201 454.848763
454.313293 233.678998 386.534125 356.356865 459.875184 153.280780 223.701682 312.228438 353.466423 303.738644 144.557201 454.848763
454.051136 233.644632 386.529316 355.921492 459.598630 153.256710 223.684739 312.248160 353.127039 303.738616 144.557201 454.848763
453.834192 233.616193 386.537368 355.488824 459.339808 153.234184 223.643292 312.296400 352.763255 303.714235 144.557201 454.848763
453.690621 233.597372 386.604228 355.052113 458.878024 153.204839 223.620614 312.322796 352.370683 303.681051 144.557201 454.848763
453.607730 233.586506 386.669210 354.627658 458.612052 153.189741 223.610579 312.334477 351.955267 303.642505 144.557201 454.848763
453.544966 233.721899 386.733830 354.205576 458.342287 153.174429 223.605887 312.339938 351.533645 303.571501 144.557201 454.848763
453.605364 233.859639 386.903446 353.582738 458.066930 153.158799 223.604583 312.341455 351.099083 303.485929 144.557201 454.848763
453.731421 234.147293 387.028248 353.167904 457.792545 153.143714 223.603801 312.342366 350.679741 303.395414 144.557201 454.848763
453.822084 234.354092 387.152993 352.753263 457.529508 153.129895 223.603801 312.342366 350.261190 303.300481 144.557201 454.848763
453.878221 234.607515 387.280157 352.330577 457.257483 153.115604 223.284116 312.304207 349.841739 303.201373 144.557201 454.848763
453.922569 234.866546 387.404959 351.915744 456.980265 153.101041 223.195233 312.257090 349.427204 303.097601 144.557201 454.848763
454.009354 235.307976 387.528551 351.504932 456.714273 153.083541 223.079666 312.195827 349.003371 302.977242 144.557201 454.848763
454.001212 235.570643 387.653065 351.091056 456.438066 153.060106 222.923457 312.113020 348.590561 302.869019 144.557201 454.848763
453.992580 235.847309 387.777176 350.678521 456.055291 153.023461 222.739228 312.006168 348.164173 302.791385 144.557201 454.848763
453.983935 236.124374 387.903649 350.258134 455.797139 153.002527 222.592450 311.813761 347.739300 302.725179 144.557201 454.848763
453.975291 236.401439 388.026953 349.848280 455.531012 152.980947 222.426356 311.584760 347.311841 302.658686 144.557201 454.848763
453.971477 236.659807 388.152621 349.423697 455.257510 152.958769 222.314440 311.418282 346.882805 302.594572 144.557201 454.848763
453.968169 236.919986 388.273225 349.001796 455.000952 152.937965 222.227518 311.288983 346.456736 302.530901 144.557201 454.848763
453.964873 237.179165 388.383880 348.614701 454.743438 152.919312 222.174293 311.209810 346.021521 302.483875 144.804342 454.772415
453.961467 237.446943 388.482057 348.271258 454.474756 152.902628 222.118476 311.135593 345.587693 302.449346 144.892673 454.745297
453.956788 237.707500 388.567027 347.972925 454.063325 152.973632 222.051412 311.056005 345.160643 302.415356 145.020772 454.705969
453.951431 237.983248 388.635619 347.715300 453.811186 153.051875 221.955133 310.942027 344.733594 302.381366 145.191124 454.653670
453.946271 238.247398 388.704829 347.455356 453.557772 153.121650 221.853987 310.821703 344.188772 302.338223 145.390921 454.592331
453.941240 238.504948 388.757975 347.264029 453.316346 153.220291 221.742083 310.672131 343.750713 302.303921 145.604604 454.497935
453.935972 238.775497 388.806883 347.104770 453.122132 153.299643 221.614843 310.502061 343.321826 302.270337 145.843472 454.388363
453.930788 239.047048 388.845223 346.979924 452.994939 153.351612 221.463880 310.300284 342.887954 302.236362 146.102700 454.269452
453.923508 239.307318 388.869355 346.901346 452.937730 153.374986 221.239312 310.110259 342.499883 302.206735 146.381831 454.141646
453.910092 239.573180 388.887849 346.841122 452.905700 153.388073 221.062800 309.868002 342.194170 302.183429 146.696063 454.001175
453.896527 239.840435 388.907519 346.777074 452.889778 153.394578 220.880727 309.601451 341.880510 302.102191 147.043030 453.846211
453.913616 240.111051 388.942682 346.639177 452.885149 153.396469 220.732860 309.278714 341.621381 302.138065 147.417338 453.660884
453.930502 240.379520 388.947727 346.620237 452.883853 153.396999 220.602017 308.921311 341.355517 302.174872 147.811539 453.458321
453.894853 240.849625 388.952050 346.604003 452.883483 153.397150 220.090456 308.249459 341.093218 302.211185 148.233135 453.241680
453.913561 241.119979 388.956940 346.585643 452.883483 153.397150 219.791685 307.922644 340.825543 302.225729 148.653714 452.984998
453.930195 241.394034 388.964044 346.558973 452.883483 153.397150 219.538288 307.534617 340.556054 302.217982 149.089902 452.716123
453.937340 241.669742 388.971353 346.531530 452.883483 153.397150 219.274626 307.127069 340.292163 302.210397 149.497488 452.464880
453.922178 241.926256 388.980412 346.497515 452.883483 153.397150 219.001136 306.702546 340.018876 302.202541 149.884984 452.226020
453.871028 242.191977 388.991684 346.455191 452.883483 153.397150 218.720169 306.247968 339.750787 302.194834 150.354884 451.894525
453.820671 242.453575 389.006045 346.401271 452.883483 153.397150 218.434767 305.779325 339.487495 302.187266 150.687634 451.620278
453.436460 242.630177 389.017266 346.359139 452.883483 153.397150 218.177938 305.302493 339.222005 302.179634 151.024088 451.342979
453.169036 242.601100 389.025450 346.328410 452.878299 153.399268 217.942610 304.817552 338.963912 302.172215 151.355448 451.069877
452.927804 242.692617 389.033943 346.296522 452.856637 153.408119 217.766414 304.306895 338.704219 302.164749 151.693084 450.789330
452.694175 242.815382 389.041149 346.269465 452.697461 153.455803 217.600762 303.787883 338.436530 302.157054 152.033042 450.494189
452.534386 243.032278 389.055870 346.214192 452.637498 153.472337 217.466912 303.253387 338.172439 302.149463 152.395051 450.179905
452.375190 243.248368 389.065341 346.178632 452.550158 153.496420 217.369117 302.716103 337.898654 302.134501 152.751622 449.870342
452.216231 243.464137 388.998899 346.105922 452.430619 153.529382 217.281812 302.171572 337.637529 302.104881 153.124959 449.541377
452.061968 243.688367 388.964984 346.110334 452.277725 153.571541 217.241356 301.628577 337.364281 302.073887 153.510582 449.188431
451.858254 243.997355 388.956258 346.111470 451.846941 153.663061 217.129509 300.756815 337.097989 302.043682 153.900699 448.823495
451.718395 244.217719 388.944160 346.113043 451.658320 153.690453 217.119509 300.216307 336.837260 302.014107 154.298119 448.451728
451.572237 244.448062 388.921947 346.115933 451.445449 153.689061 217.109254 299.662002 336.565404 301.983271 154.674775 448.055097
451.329418 244.830963 388.854873 346.112024 451.071533 153.725091 217.111332 299.112577 336.292951 301.952366 155.032795 447.647908
451.187549 245.053365 388.832009 346.104728 450.797653 153.696198 217.128847 298.560255 336.030236 301.922567 155.390946 447.240568
451.039452 245.282227 388.804953 346.096094 450.489960 153.663739 217.144865 298.055109 335.766924 301.892699 155.748041 446.834431
450.891137 245.511425 388.772372 346.085697 450.161347 153.582558 217.171006 297.585151 335.512191 301.839320 156.108438 446.424538
450.750971 245.728029 388.746649 346.077489 449.905139 153.515653 217.224099 296.867642 335.248754 301.781075 156.468174 446.015397
450.607545 245.949671 388.714830 346.067335 449.532519 153.636665 217.217291 296.400091 334.982882 301.705292 156.833939 445.599305
450.428346 246.151854 388.684726 346.057728 449.349432 154.006567 217.276014 295.899344 334.740141 301.612142 157.181456 445.181433
450.240114 246.340086 388.648906 346.046297 449.330203 154.264049 217.205064 295.437321 334.497587 301.519065 157.523389 444.758070
450.011338 246.458136 388.614419 346.035292 449.311242 154.523758 217.117042 294.975434 334.252002 301.396668 157.830265 444.312367
449.767041 246.561336 388.539730 346.011458 449.291169 154.977116 217.025050 294.492721 334.015746 301.255536 158.105777 443.844455
449.679680 246.896017 388.442223 345.914490 449.283623 155.237606 216.833104 294.035719 333.828176 301.075309 158.357949 443.416181
449.712340 247.167459 388.372188 345.894618 449.276305 155.504906 216.626511 293.599353 333.662215 300.862591 158.593986 443.015311
449.745406 247.442277 388.372188 345.894618 449.268936 155.838000 216.411873 293.145996 333.496254 300.649873 158.819775 442.618464
449.776412 247.704649 388.372188 345.894618 449.268398 155.993799 216.186415 292.699618 333.337059 300.445828 159.005130 442.238014
449.806002 247.973626 388.372188 345.894618 449.435578 156.101076 215.911549 292.249742 333.171343 300.233425 159.202349 441.833311
449.834565 248.233260 388.372188 345.894618 449.580582 156.087920 215.642555 291.809638 333.049554 299.986633 159.411647 441.404236
449.863783 248.498857 388.372188 345.894618 449.744708 156.073030 215.412256 291.432844 332.952808 299.745088 159.596912 440.977593
449.894074 248.774196 388.372188 345.894618 449.904651 156.058519 215.215126 291.110317 332.851154 299.491289 159.787710 440.532575
449.936632 249.046846 388.372188 345.894618 450.047863 156.045526 215.050011 290.828108 332.750020 299.238789 159.984463 440.087965
449.998634 249.315792 388.372188 345.894618 450.192868 156.032371 214.920829 290.601319 332.654474 298.980211 160.115848 439.597430
450.126045 249.549696 388.372188 345.894618 450.346039 156.018474 214.809960 290.406681 332.585077 298.723838 160.244086 439.110017
450.314917 249.724546 388.372188 345.894618 450.430492 156.010813 214.721067 290.250623 332.515470 298.466692 160.341198 438.605991
