244.809872 278.696944 268.096173 341.137896 246.756300 267.760286 477.689138 193.335651 118.022018 242.711025 226.502800 330.416600
244.809872 278.696944 268.121870 340.991128 246.615685 267.981592 477.694336 193.335521 118.271672 242.782195 226.529324 330.400554
244.809872 278.696944 268.148946 340.836481 246.404364 268.306967 477.698335 193.335421 118.536136 242.857587 226.588382 330.368089
244.809872 278.696944 268.177575 340.672968 246.260704 268.524154 477.700534 193.335366 118.800984 242.933088 226.690914 330.320415
244.809872 278.696944 268.205065 340.515957 246.112961 268.747512 477.701734 193.335336 119.057562 243.006232 226.851820 330.268819
244.809872 278.696944 268.222518 340.416273 245.968308 268.966200 477.702933 193.335306 119.323564 243.082063 227.034299 330.221957
244.809872 278.696944 268.233901 340.351262 245.818911 269.192061 477.702933 193.335306 119.589952 243.158003 227.246997 330.167334
244.809872 278.696944 268.285240 340.059213 245.676244 269.407746 477.702933 193.335306 119.854608 243.233450 227.500956 330.102114
244.809872 278.696944 268.308174 339.928408 245.524309 269.637443 477.704133 193.335276 120.115032 243.307690 227.760921 330.035352
244.809872 278.696944 268.335494 339.772585 245.381642 269.853128 477.707132 193.335201 120.376034 243.382095 228.017592 329.969436
244.809872 278.696944 268.363851 339.610852 245.232907 270.077988 477.711731 193.335085 120.631962 243.455328 228.270001 329.904615
244.809872 278.696944 268.390481 339.458969 245.087150 270.298344 477.716729 193.334960 120.879146 243.527836 228.465140 329.854795
244.809872 278.696944 268.415556 339.315950 244.939298 270.521870 477.720928 193.334855 121.130169 243.601471 228.617635 329.818307
244.809872 278.696944 268.442877 339.160127 244.748262 270.811041 477.725926 193.334730 121.352021 243.666549 228.895417 329.759003
244.809872 278.696944 268.470508 339.002531 244.666054 270.936029 477.730525 193.334615 121.521865 243.716370 229.053552 329.726704
244.809872 278.696944 268.497345 338.849466 244.479606 271.415097 477.734723 193.334510 121.613599 243.743279 229.210394 329.695085
244.809872 278.696944 268.524286 338.695810 244.481986 271.563678 477.738722 193.334409 121.741506 243.780694 229.351645 329.668128
244.809872 278.696944 268.552608 338.534274 244.484404 271.714659 477.740122 193.334374 122.086687 243.881186 229.505076 329.638847
244.809872 278.696944 268.580481 338.375299 244.486780 271.863040 477.740522 193.334364 122.322562 243.953684 229.628253 329.615340
244.809872 278.696944 268.607111 338.223416 244.489278 272.019020 477.740522 193.334364 122.538499 244.023037 229.704281 329.600831
244.809872 278.696944 268.635226 338.063062 244.491779 272.175200 477.740522 193.334364 122.781665 244.101134 229.933938 329.557228
244.809872 278.696944 268.652875 337.962398 244.494415 272.339779 477.740522 193.334364 123.035304 244.182595 230.021594 329.540707
244.809872 278.696944 268.753689 337.872472 244.496869 272.492959 477.740522 193.334364 123.295799 244.266258 230.094179 329.398472
244.809872 278.696944 268.910875 337.902346 244.499251 272.641740 477.741521 193.334339 123.490813 244.398214 230.031640 329.260373
244.809872 278.696944 269.096551 337.937636 244.501663 272.792321 477.742521 193.334314 123.692282 244.462904 229.958210 329.098224
244.809872 278.696944 269.312486 337.978676 244.504280 272.955700 477.744720 193.334259 123.837195 244.509434 229.868692 328.900549
244.809872 278.696944 269.561626 338.026027 244.506877 273.117879 477.746320 193.334219 123.930122 244.539272 229.767376 328.676820
244.809872 278.696944 269.730994 338.058217 244.509497 273.281458 477.750918 193.334104 124.187590 244.622918 229.656490 328.431958
244.809872 278.696944 269.943449 338.005916 244.511985 273.436838 477.764314 193.333769 124.297388 244.659079 229.547501 328.191286
244.809872 278.696944 269.972835 337.852302 244.514560 273.597618 477.787507 193.333188 124.603466 244.758998 229.435129 327.943144
244.809872 278.696944 269.999854 337.711063 244.516895 273.743399 477.832493 193.332061 124.777496 244.814280 229.324407 327.698646
244.809872 278.696944 270.030517 337.550770 244.519502 273.906178 477.879678 193.330880 124.977227 244.878494 229.213273 327.453237
244.805286 278.720094 270.059114 337.401280 244.522163 274.072357 477.961852 193.328822 125.212250 244.931722 229.274482 327.159784
244.794716 278.773457 270.087786 337.251398 244.524626 274.226137 478.035229 193.326984 125.476254 244.975440 229.495743 327.020596
244.829170 279.279523 270.116233 337.102695 244.527131 274.382517 478.121602 193.324822 125.737102 245.018636 229.730209 326.873101
244.847725 279.399627 270.144379 336.955563 244.530373 274.539267 478.235566 193.321968 126.021731 244.999185 229.963151 326.726565
244.854353 279.555086 270.171623 336.813145 244.540542 274.696739 478.314533 193.319685 126.283387 245.042391 230.172617 326.440039
244.922851 279.609134 270.200897 336.660120 244.550762 274.855010 478.381493 193.317375 126.555132 245.096823 230.056896 326.283087
244.929175 279.757600 270.219723 336.561704 244.560815 275.010686 478.425067 193.315872 126.817562 245.164438 229.966694 326.160745
244.937160 279.945030 270.232462 336.495112 244.570855 275.166162 478.455649 193.314817 127.077667 245.231454 229.906643 325.942615
244.946370 280.161234 270.277752 336.259004 244.581526 275.331418 478.475837 193.314121 127.345520 245.300465 229.824524 325.805762
244.956806 280.406211 270.307029 336.106591 244.591901 275.492083 478.487430 193.313721 127.587420 245.362790 229.747962 325.678171
244.967250 280.651389 270.337024 335.950445 244.605648 275.638818 478.496025 193.313425 127.908392 245.316745 229.665020 325.539946
244.977967 280.902961 270.365924 335.799996 244.636017 275.740375 478.499023 193.313321 128.012014 245.211687 229.597307 325.427103
244.988888 281.159328 270.395352 335.646797 244.655556 275.805716 478.499023 193.313321 128.094548 245.097366 229.558821 325.362964
245.000516 281.432281 270.423724 335.499097 244.737170 276.475460 478.499023 193.313321 128.155736 244.991107 229.603434 325.205421
244.951407 281.909052 270.454058 335.341184 244.757852 276.602791 478.499023 193.313321 128.180942 244.936217 229.719594 325.132034
244.967685 282.180364 270.484392 335.183271 244.768843 276.764952 478.499023 193.313321 128.220648 244.794010 229.861961 325.042090
244.984203 282.455669 270.504199 335.080156 244.775090 276.957051 478.499023 193.313321 128.237309 244.671740 230.033073 324.933985
245.000097 282.720593 270.515027 335.023787 244.782300 277.178733 478.499023 193.313321 128.258937 244.513007 230.234281 324.806866
245.016232 282.989509 270.647587 334.917891 244.790374 277.427002 478.499023 193.313321 128.284049 244.328710 230.457301 324.665967
245.032713 283.264215 270.769952 334.914979 244.798955 277.690863 478.499023 193.313321 128.303383 244.118402 230.674741 324.528593
245.056106 283.670773 270.931906 334.911125 244.807335 277.948527 478.499023 193.313321 128.326463 243.864047 230.900467 324.385985
245.069109 283.933852 271.130850 334.906390 244.815831 278.209788 478.499023 193.313321 128.353320 243.568063 231.279377 324.121903
245.082190 284.198528 271.372781 334.900633 244.890022 278.462431 478.499023 193.313321 128.380792 243.265307 231.662137 323.870697
245.095628 284.470397 271.632708 334.894447 244.869660 278.734890 478.499023 193.313321 128.346930 242.949499 231.895134 323.729579
245.109144 284.743863 271.901232 334.888056 244.912875 279.374947 478.499023 193.313321 128.246983 242.774221 232.126762 323.589290
245.080378 284.991568 272.176554 334.881504 244.921183 279.569970 478.499023 193.313321 128.338694 242.568335 232.358390 323.449001
245.124268 285.525987 272.437080 334.875304 244.929107 279.756001 478.499023 193.313321 128.575235 242.322459 232.583860 323.312441
245.135624 285.792345 272.706004 334.868904 244.934981 279.893876 478.499023 193.313321 128.674657 242.029257 232.820620 323.169044
245.146716 286.052509 272.982526 334.862323 244.939620 280.002777 478.499023 193.313321 128.786089 241.700635 233.046774 323.032070
245.125016 286.321973 273.256477 334.733025 244.942957 280.081106 478.499023 193.313321 128.905714 241.345861 233.270703 322.896443
245.163231 286.919792 273.248855 334.465133 244.946685 280.168627 478.499023 193.313321 128.990091 241.025354 233.501134 322.756879
245.169289 287.189724 273.241216 334.196642 244.952260 280.299508 478.499023 193.313321 129.037533 240.756842 233.720958 322.623739
245.175347 287.459657 273.233605 333.929150 244.959828 280.477147 478.499023 193.313321 129.055873 240.581398 233.945744 322.487594
245.181405 287.729589 273.225728 333.652262 244.968970 280.691753 478.499023 193.313321 129.049096 240.468839 234.174463 322.349066
245.187360 287.994922 273.218362 333.393367 244.979380 280.936131 478.499023 193.313321 129.022424 240.393204 234.401302 322.211678
245.193414 288.264654 273.210592 333.120277 244.990463 281.196295 478.514813 193.312776 129.041146 240.106182 234.623863 322.076880
245.199324 288.527987 273.203118 332.857583 245.001895 281.464652 478.531404 193.312204 129.060307 239.962857 234.801946 321.969021
245.205198 288.789722 273.195229 332.580296 244.954365 281.958363 478.546195 193.311694 129.083311 239.790788 234.914852 321.900638
245.211305 289.061853 273.187698 332.315603 244.970284 282.223686 478.562985 193.311115 129.109523 239.594733 234.993886 321.852769
245.215636 289.254804 273.181436 332.095492 244.986694 282.497194 478.592367 193.310101 129.140822 239.360615 235.220768 321.861129
245.218593 289.386571 273.175782 331.896772 245.002193 282.755530 478.613155 193.309384 129.176150 239.096367 235.301577 321.997133
245.219863 289.443157 273.172563 331.783618 245.017693 283.013865 478.626347 193.308929 129.215321 238.803373 235.498862 322.141542
