235.955600 153.095500 126.845087 209.500217 190.877585 97.526085 190.083040 133.727317 140.471531 197.514868 177.528341 143.500808
235.938123 153.102428 126.855744 209.472495 190.877585 97.526085 189.898505 133.740428 140.603126 197.377679 177.525324 143.520579
235.908004 153.114368 126.864536 209.449626 190.877585 97.526085 189.681396 133.722713 140.733958 197.241283 177.519696 143.557452
235.864962 153.131431 126.870241 209.434785 190.877585 97.526085 189.473419 133.737479 140.865207 197.104454 177.511523 143.611276
235.801283 153.156675 126.879499 209.410704 190.877585 97.526085 189.247687 133.753505 140.994517 196.969647 177.502411 143.671491
235.716316 153.190358 126.883804 209.399502 190.877585 97.526085 189.063919 133.769894 141.124796 196.833828 177.496636 143.709656
235.611455 153.231928 126.888503 209.387274 190.877585 97.526085 188.919464 133.791758 141.258121 196.694835 177.551753 143.767408
235.492557 153.279062 126.892270 209.377473 190.877585 97.526085 188.817130 133.807247 141.392622 196.554614 177.626737 143.771571
235.357577 153.332572 126.895535 209.368979 190.877585 97.526085 188.750785 133.817288 141.524009 196.417641 177.698427 143.775552
235.205027 153.393047 126.896575 209.366272 190.877585 97.526085 188.704710 133.824262 141.656849 196.279153 177.777006 143.779916
235.038532 153.459050 126.897257 209.364499 190.877585 97.526085 188.689286 133.826597 141.787198 196.143262 177.855485 143.784273
234.861719 153.529143 126.897795 209.363098 190.877585 97.526085 188.678607 133.828213 141.920661 196.004124 177.935262 143.788703
234.668823 153.605612 126.898333 209.361698 190.877585 97.526085 188.677619 133.828363 142.053986 195.865131 178.010546 143.792884
234.458039 153.669192 126.899087 209.359738 190.877585 97.526085 188.676828 133.828482 142.183780 195.729818 178.090223 143.797308
234.229834 153.726537 126.900019 209.357311 190.877585 97.526085 188.676729 133.828497 142.317673 195.597293 178.163410 143.801372
233.990766 153.786612 126.900522 209.356004 190.877585 97.526085 188.676729 133.828497 142.450451 195.467183 178.240392 143.805646
233.741709 153.849196 126.901634 209.353111 190.877585 97.526085 188.676729 133.828497 142.584587 195.335743 178.294309 143.808640
233.483438 153.914096 126.904504 209.345643 190.877585 97.526085 188.676729 133.828497 142.723151 195.199963 178.372561 143.751224
233.218339 153.978141 126.907123 209.338829 190.877585 97.526085 188.676729 133.828497 142.859786 195.066074 178.382825 143.679252
232.944946 154.004906 126.910925 209.328935 190.877585 97.526085 188.676729 133.828497 142.996136 194.932464 178.392963 143.608171
232.674340 154.031398 126.914657 209.319227 190.877585 97.526085 188.676729 133.828497 143.134057 194.797314 178.403779 143.532339
232.404331 154.057831 126.921293 209.301959 190.877585 97.526085 188.676729 133.828497 143.255907 194.677912 178.413931 143.461159
232.134719 154.084226 126.924522 209.293558 190.877585 97.526085 188.676729 133.828497 143.387543 194.548922 178.425424 143.380574
231.860729 154.111049 126.925742 209.290384 190.877585 97.526085 188.676729 133.828497 143.503608 194.435189 178.435689 143.308603
231.587830 154.095635 126.928899 209.282170 190.877585 97.526085 188.676729 133.828497 143.654028 194.334025 178.445953 143.236631
231.313476 154.074064 126.936540 209.262288 190.877585 97.526085 188.676729 133.828497 143.776042 194.222711 178.456924 143.159709
231.039821 154.052547 126.948272 209.231765 190.877585 97.526085 188.676729 133.828497 143.903667 194.109351 178.467429 143.086055
230.766165 154.031031 126.967788 209.180986 190.877585 97.526085 188.676729 133.828497 144.056969 194.017440 178.478061 143.011509
230.494304 154.009656 126.981528 209.145235 190.877585 97.526085 188.676729 133.828497 144.199939 193.891543 178.489526 142.931123
230.225311 153.970176 126.991394 209.119566 190.877585 97.526085 188.676729 133.828497 144.340357 193.767894 178.499960 142.857963
229.957071 153.911889 126.996739 209.105658 190.877585 97.526085 188.676729 133.828497 144.479499 193.645368 178.510522 142.783912
229.688049 153.853433 127.003735 209.087456 190.877585 97.526085 188.676729 133.828497 144.619767 193.521851 178.518866 142.725404
229.423522 153.795953 127.011628 209.066920 190.877585 97.526085 188.676729 133.828497 144.766165 193.397098 178.468986 142.638228
229.154520 153.737051 127.026229 209.028930 190.877585 97.526085 188.676729 133.828497 144.917512 193.277497 178.380208 142.618244
228.897707 153.649892 127.058440 208.945276 190.877585 97.526085 188.676729 133.828497 145.068074 193.158515 178.276600 142.594920
228.636065 153.561093 127.076487 208.898325 190.877585 97.526085 188.676729 133.828497 145.217617 193.040340 178.151628 142.566788
228.376790 153.473098 127.092841 208.855758 190.875620 97.527937 188.676729 133.828497 145.368572 192.921049 178.025875 142.538480
228.118084 153.385296 127.108191 208.815806 190.870598 97.532668 188.676729 133.828497 145.519213 192.802006 177.897516 142.507720
227.856038 153.297732 127.127844 208.764651 190.856405 97.546040 188.676729 133.828497 145.666088 192.685939 177.769802 142.475977
227.597808 153.216182 127.144628 208.720964 190.831586 97.569424 188.676729 133.828497 145.819097 192.578800 177.549166 142.421101
227.337767 153.134061 127.167043 208.662622 190.802326 97.596992 188.676729 133.828497 145.976496 192.473272 177.422530 142.389580
227.078299 153.052120 127.211910 208.546305 190.759384 97.637451 188.676729 133.828497 146.131568 192.369304 177.295991 142.358083
226.813585 152.968522 127.243712 208.463609 190.699192 97.694162 188.676729 133.828497 146.288883 192.263832 177.168578 142.326369
226.553067 152.886250 127.266855 208.403511 190.631409 97.756188 188.676729 133.828497 146.445534 192.158805 177.041554 142.294751
226.287294 152.815134 127.282525 208.362824 190.478344 97.903198 188.676729 133.828497 146.604842 192.051997 176.911691 142.261738
226.019146 152.760783 127.487046 208.168770 190.397608 97.987047 188.676729 133.828497 146.764732 191.944799 176.780450 142.225696
225.748826 152.706078 127.550970 208.139756 190.312226 98.075723 188.676729 133.828497 146.919971 191.840719 176.647281 142.189125
225.481433 152.652037 127.622816 208.107147 190.226288 98.164975 188.676729 133.828497 147.075458 191.736472 176.518752 142.153780
225.213657 152.597864 127.654595 208.092722 190.136951 98.257756 188.676729 133.828497 147.236792 191.634451 176.393408 142.119300
224.942533 152.562264 127.678726 208.081770 190.051430 98.346576 188.676729 133.828497 147.400114 191.532557 176.265557 142.084130
224.670022 152.533742 127.684008 208.079373 189.960158 98.437699 188.676729 133.828497 147.562671 191.431139 176.141370 142.049968
224.401389 152.505626 127.686102 208.078422 189.865423 98.528322 188.676729 133.828497 147.721920 191.331786 176.012362 142.014480
224.125695 152.476772 127.686375 208.078298 189.769531 98.620050 188.676729 133.828497 147.880564 191.232974 175.676165 141.921094
223.853518 152.458472 127.686375 208.078298 189.677397 98.708184 188.676729 133.828497 148.042646 191.132117 175.478980 141.847909
223.577907 152.445848 127.686375 208.078298 189.577025 98.804198 188.676729 133.828497 148.162670 191.044354 175.357264 141.791863
223.320035 152.467054 127.686375 208.078298 189.477737 98.899175 188.676729 133.828497 148.260596 190.948115 175.234094 141.735148
223.046321 152.454541 127.686375 208.078298 189.388132 98.984890 188.676729 133.828497 148.345827 190.836772 175.102010 141.703180
222.770908 152.441950 127.686375 208.078298 189.289797 99.070001 188.676729 133.828497 148.450409 190.711232 174.972893 141.690888
222.498682 152.446585 127.686375 208.078298 189.189666 99.154158 188.676729 133.828497 148.584292 190.562146 174.856606 141.643870
222.224743 152.452351 127.686375 208.078298 189.091831 99.236384 188.676729 133.828497 148.688374 190.595839 174.751775 141.567139
221.953203 152.458067 127.686375 208.078298 188.992312 99.320026 188.676729 133.828497 148.753137 190.639837 174.620452 141.560312
221.681963 152.463776 127.686375 208.078298 188.811225 99.437968 188.676729 133.828497 148.785004 190.664339 174.484055 141.550123
221.408224 152.469538 127.688561 208.077306 188.695170 99.505154 188.661799 133.830757 148.879876 190.762899 174.357941 141.513584
221.132796 152.483136 127.694206 208.074744 188.584085 99.569748 188.630159 133.835546 148.901391 190.837872 174.135795 141.449233
220.860255 152.513250 127.703130 208.070693 188.471962 99.634945 188.493676 133.910294 149.067949 190.916641 173.911388 141.390873
220.585229 152.543639 127.714239 208.065651 188.356382 99.702152 188.427630 133.936622 149.177753 190.947739 173.786562 141.359948
220.309904 152.574061 127.725622 208.060485 188.246680 99.765942 188.342356 133.970614 149.307664 190.985183 173.659794 141.328543
220.038754 152.604022 127.733453 208.056930 188.134990 99.830888 188.240547 134.011198 149.396324 191.002544 173.530406 141.296488
219.769096 152.633818 127.744380 208.051971 188.019237 99.898196 188.125361 134.057114 149.461133 191.005975 173.304538 141.240531
219.494338 152.673157 127.749115 208.049822 187.910832 99.961232 188.007389 134.104141 149.494386 191.007736 173.174368 141.208303
219.223179 152.720728 127.752120 208.048458 187.806922 100.021654 187.886537 134.152316 149.612165 190.913502 173.044159 141.175415
218.949854 152.768680 127.753759 208.047714 187.726526 100.068402 187.761901 134.203841 149.647952 190.857928 172.914184 141.141607
218.678793 152.816234 127.754670 208.047300 187.649501 100.113191 187.644289 134.258042 149.688338 190.786875 172.790694 141.109485
218.410081 152.864376 127.754670 208.047300 187.577222 100.155198 187.531128 134.310192 149.732645 190.693006 172.695252 141.050529
218.139370 152.920123 127.754670 208.047300 187.505271 100.192835 187.414061 134.364142 149.782841 190.586657 172.579896 141.020501
217.870729 152.977976 127.754670 208.047300 187.447853 100.222871 187.296359 134.418384 149.837819 190.470180 172.391213 140.977459
217.603956 153.036808 127.754670 208.047300 187.399207 100.248318 187.174479 134.474553 149.899924 190.338600 172.260876 140.950982
217.341482 153.101797 127.754670 208.047300 187.359598 100.269038 187.053609 134.526003 149.970225 190.189658 172.125736 140.923529
217.072602 153.168373 127.754670 208.047300 187.326459 100.286373 186.923826 134.570812 150.046758 190.027512 171.897692 140.877243
216.805760 153.234443 127.757219 208.046143 187.304395 100.297915 186.804370 134.619739 150.127858 189.855690 171.770783 140.851468
216.540568 153.300105 127.772517 208.039200 187.286851 100.307092 186.696769 134.664857 150.214934 189.671208 171.641228 140.825156
216.271493 153.366729 127.785812 208.033165 187.254154 100.324196 186.614958 134.706940 150.320615 189.479864 171.514025 140.799322
216.008922 153.431742 127.801565 208.026015 187.205065 100.349875 186.552355 134.739143 150.435268 189.292570 171.383040 140.773860
215.744992 153.497091 127.807848 208.023163 187.146849 100.380328 186.489040 134.771711 150.549556 189.105874 171.245080 140.762829
215.478053 153.563186 127.814040 208.020353 187.114241 100.397386 186.433107 134.800483 150.661912 188.922333 171.114397 140.752381
215.132457 153.650921 127.818684 208.018245 186.975890 100.442476 186.407230 134.813794 150.773432 188.740157 170.978929 140.741560
214.869659 153.718310 127.820870 208.017253 186.915707 100.485189 186.301178 134.719228 150.888444 188.552262 170.844955 140.730858
214.600566 153.787313 127.821963 208.016757 186.836931 100.541099 186.265285 134.653602 151.000901 188.367378 170.711979 140.720236
214.335443 153.855298 127.822964 208.016303 186.741365 100.606913 186.220371 134.571482 151.112008 188.184715 170.580298 140.709717
214.070031 153.923357 127.822964 208.016303 186.626584 100.673507 186.168740 134.477078 151.223426 188.001539 170.489388 140.702455
213.804230 153.991516 127.822964 208.016303 186.501078 100.746324 186.110966 134.371445 151.338535 187.812298 170.424395 140.697264
213.537365 154.059947 127.822964 208.016303 186.358446 100.829077 186.048826 134.257828 151.449693 187.629549 170.383525 140.693999
213.304886 154.119561 127.822964 208.016303 186.206299 100.917350 185.986110 134.143158 151.563970 187.441675 170.370367 140.692948
213.090844 154.174448 127.822964 208.016303 186.046368 101.010139 185.920371 134.022961 151.676376 187.256876 170.361396 140.692231
212.881714 154.228091 127.822964 208.016303 185.916105 101.097866 185.855543 133.904431 151.787379 187.066612 170.358505 140.692000
212.674038 154.281362 127.822964 208.016303 185.816483 101.166367 185.792923 133.789936 151.895527 186.876523 170.358206 140.691976
212.462874 154.335527 127.825150 208.015311 185.723042 101.230618 185.728096 133.671406 152.007257 186.687379 170.358106 140.691968
212.255003 154.388847 127.832477 208.011650 185.649129 101.281441 185.680111 133.583671 152.119206 186.502770 170.358106 140.691968
212.039771 154.444055 127.850649 208.001126 185.595734 101.318157 185.639036 133.508570 152.231278 186.318238 170.358106 140.691968
211.830545 154.497723 127.863197 207.993860 185.559313 101.343200 185.601944 133.440750 152.347019 186.132085 170.358106 140.691968
211.622674 154.551044 127.876264 207.986292 185.534593 101.360198 185.581262 133.402936 152.453750 185.942382 170.358106 140.691968
211.413157 154.604786 127.881716 207.983135 185.507401 101.378895 185.499502 133.359864 152.555327 185.749380 170.358106 140.691968
211.206255 154.657858 127.886302 207.980479 185.483917 101.395043 185.421256 133.387249 152.656904 185.556379 170.358106 140.691968
210.995382 154.711948 127.887427 207.979828 185.470651 101.404165 185.323000 133.421638 152.757223 185.365766 170.358106 140.691968
210.784896 154.765940 127.901187 207.971860 185.445766 101.421276 185.207472 133.462071 152.860523 185.169490 170.358106 140.691968
210.574603 154.819875 127.923859 207.958730 185.417421 101.440767 185.077974 133.507394 152.961448 184.977727 170.358106 140.691968
210.362565 154.874256 127.964120 207.897243 185.385202 101.462921 184.956310 133.549975 153.061954 184.786760 170.358106 140.691968
210.151400 154.928414 127.973118 207.892028 185.361306 101.479352 184.850597 133.586973 153.162472 184.595800 170.358106 140.691968
209.940331 154.982547 127.979087 207.888567 185.332466 101.499183 184.758005 133.619379 153.265802 184.399540 170.358106 140.691968
209.728588 155.036868 127.982894 207.886361 185.306840 101.516803 184.682118 133.645939 153.427465 184.127675 170.358106 140.691968
209.518979 155.090657 127.983153 207.886210 185.274786 101.538844 184.561900 133.552638 153.549471 183.950403 170.358106 140.691968
209.310146 155.144247 127.983326 207.886110 185.238201 101.564001 184.536479 133.484101 153.671080 183.773707 170.358106 140.691968
209.099278 155.198359 127.983326 207.886110 185.199226 101.590800 184.499431 133.419042 153.793540 183.595775 170.358106 140.691968
208.887926 155.252595 127.993189 207.880393 185.157037 101.619810 184.408032 133.360396 153.915830 183.418091 170.358106 140.691968
208.672893 155.307775 128.021912 207.863742 185.116167 101.647913 184.317282 133.337776 154.038970 183.239171 170.358106 140.691968
208.463188 155.361589 128.033851 207.856821 185.061288 101.685648 184.214181 133.283790 154.160466 183.062640 170.358106 140.691968
208.204668 155.427908 128.042676 207.851706 185.022231 101.712504 184.104729 133.216849 154.282075 182.885944 170.358106 140.691968
207.997868 155.480975 128.045358 207.850151 184.974192 101.745536 183.994679 133.149543 154.403915 182.710642 170.358106 140.691968
207.784288 155.535782 128.047694 207.848797 184.932250 101.774376 183.884544 133.082185 154.531676 182.538217 170.358106 140.691968
207.570417 155.590664 128.048126 207.848546 184.879432 101.810695 183.766028 133.012129 154.663723 182.360007 170.358106 140.691968
207.356740 155.645495 128.048213 207.848496 184.833535 101.842254 183.648701 132.946778 154.795591 182.182038 170.358106 140.691968
207.149057 155.698742 128.257538 207.765302 184.693754 101.949864 183.530014 132.883700 154.924901 182.007525 170.358106 140.691968
206.940211 155.752283 128.294376 207.743908 184.621480 102.011982 183.407573 132.829256 155.056659 181.829723 170.358106 140.691968
206.729151 155.806450 128.344019 207.713531 184.534797 102.086483 183.284904 132.778468 155.185559 181.655777 170.358106 140.691968
206.517126 155.860879 128.409908 207.673108 184.435524 102.171805 183.052354 132.725546 155.319634 181.484547 170.358106 140.691968
206.305101 155.915308 128.494634 207.621129 184.327985 102.264231 182.924611 132.695194 155.463201 181.316530 170.354418 140.691674
206.090848 155.970308 128.595043 207.559528 184.207630 102.367673 182.794338 132.664240 155.601830 181.154292 170.348537 140.691204
205.877951 156.024961 128.706534 207.491128 184.076126 102.480697 182.661340 132.632640 155.742864 180.989240 170.330195 140.689739
205.635041 156.087353 128.835498 207.412009 183.935218 102.601803 182.472315 132.576273 155.884611 180.823352 170.308564 140.688011
205.421068 156.142240 128.976566 207.325463 183.781125 102.731792 182.349656 132.532309 156.024735 180.659365 170.273077 140.685176
205.210483 156.196244 129.127631 207.233415 183.614650 102.871764 182.230265 132.486518 156.174729 180.500398 170.224033 140.681259
204.997638 156.255846 129.294428 207.132403 183.440826 103.017914 182.137731 132.447175 156.338022 180.353417 170.153956 140.675661
204.793813 156.319054 129.475425 207.022791 183.255764 103.174155 182.056847 132.392197 156.497600 180.209782 170.061152 140.668248
204.588079 156.382855 129.670365 206.904736 183.063991 103.341467 182.002681 132.354082 156.662008 180.061798 169.868200 140.652862
204.380912 156.447100 129.876595 206.779843 182.875232 103.506149 181.980502 132.333880 156.822998 179.916891 169.780279 140.645849
204.168303 156.509350 130.095228 206.647438 182.694612 103.663731 181.924359 132.159313 156.982203 179.773590 169.713392 140.640514
203.960457 156.561955 130.321560 206.510372 182.518211 103.817632 181.942164 132.097527 157.140814 179.630824 169.633047 140.634105
203.748345 156.615640 130.553964 206.369628 182.365244 103.951088 181.951908 132.029130 157.304183 179.487104 169.540042 140.626687
203.540499 156.668246 130.795054 206.237174 182.212353 104.084477 181.954857 131.946482 157.467977 179.345681 169.451285 140.616005
203.332703 156.719259 131.042833 206.129784 182.066847 104.211424 181.958458 131.845547 157.635632 179.200926 169.370479 140.606191
203.120645 156.761377 131.294936 206.031455 181.939576 104.322461 181.962223 131.740014 157.798746 179.060092 169.291062 140.596546
202.909863 156.803242 131.548343 205.932618 181.812280 104.431139 181.959838 131.626249 157.965720 178.915925 169.204399 140.586020
202.698982 156.845126 131.805290 205.832400 181.687374 104.533829 181.948328 131.493146 158.173996 178.847236 169.127568 140.576655
202.487996 156.890391 132.058046 205.733818 181.564254 104.631038 181.935611 131.346095 158.300218 178.718362 169.066525 140.569171
202.279620 156.936884 132.309869 205.635599 181.437805 104.726937 181.888172 131.106522 158.341905 178.507108 169.002802 140.561359
202.062245 156.977250 132.563928 205.536507 181.319006 104.817034 181.840452 130.939402 158.443354 178.366135 168.921907 140.551442
201.847932 157.012704 132.789014 205.448717 181.223313 104.889607 181.790496 130.753601 158.525105 178.263518 168.831068 140.539663
201.635295 157.039351 132.992205 205.369465 181.137660 104.954567 181.724895 130.560283 158.586361 178.186638 168.550482 140.538560
201.416507 157.066768 133.229516 205.295947 181.035194 105.032276 181.648275 130.360255 158.641679 178.142253 168.435468 140.522718
201.204167 157.093377 133.427293 205.237262 180.918387 105.120863 181.515398 130.079460 158.674262 178.121557 168.305990 140.504884
200.983946 157.115178 133.593625 205.187907 180.823570 105.192772 181.402444 129.898112 158.683463 178.115713 168.172847 140.486545
200.771512 157.135144 133.719596 205.150529 180.711574 105.271812 181.281304 129.728084 158.761315 178.066335 168.042181 140.468547
200.549493 157.141115 133.808847 205.106677 180.595139 105.345326 181.143055 129.566706 158.803547 178.039570 167.914784 140.451000
200.335080 157.144200 133.914343 204.982730 180.468558 105.425246 181.004763 129.404048 158.862758 178.002045 167.786891 140.433384
200.121704 157.136911 133.938643 204.905775 180.338932 105.507088 180.859914 129.244585 158.941480 177.952154 167.658252 140.417638
199.906447 157.129141 133.963153 204.828153 180.204402 105.592027 180.707215 129.083168 159.034983 177.892895 167.523149 140.401196
199.692008 157.118561 133.985255 204.758160 180.059077 105.664173 180.524457 129.026025 159.145465 177.822877 167.389634 140.384948
199.473496 157.107370 134.007085 204.689024 179.930191 105.715421 180.341885 129.143209 159.277887 177.749915 167.256714 140.368772
199.257883 157.094457 134.031535 204.611593 179.827975 105.756064 180.144520 129.241643 159.424992 177.669187 167.128560 140.353176
199.045379 157.077213 134.056502 204.540749 179.705563 105.799257 179.947759 129.332916 159.589259 177.583324 166.998718 140.337375
198.827866 157.050071 134.095580 204.467184 179.606628 105.821930 179.741741 129.414726 159.769543 177.506168 166.773353 140.312612
198.607772 157.022607 134.129967 204.402451 179.522703 105.841163 179.538819 129.486677 159.963364 177.423587 166.638104 140.301548
198.396694 156.987260 134.166043 204.334538 179.421429 105.864372 179.339668 129.557291 160.169816 177.362855 166.506842 140.290816
198.180716 156.946993 134.201556 204.267686 179.343548 105.882220 179.130807 129.596756 160.379435 177.301192 166.373885 140.279956
197.966017 156.906470 134.244786 204.202355 179.276973 105.897476 178.914162 129.581472 160.591072 177.244926 166.267440 140.271261
197.755701 156.857244 134.301070 204.142997 179.203771 105.914252 178.734739 129.535290 160.803902 177.212410 166.187805 140.264756
197.547916 156.808611 134.356253 204.084801 179.127776 105.930257 178.593600 129.480504 161.020489 177.179319 166.131193 140.260132
197.339840 156.759910 134.409441 204.028708 179.035061 105.944481 178.459776 129.425186 161.240506 177.159859 166.089134 140.256697
197.125045 156.709636 134.461734 203.973559 178.928409 105.960844 178.359808 129.340372 161.454923 177.153910 166.068203 140.254987
196.913034 156.660634 134.534818 203.936840 178.801395 105.980330 178.195303 129.368651 161.667866 177.156472 166.060030 140.254320
196.702173 156.611986 134.608715 203.902946 178.661927 106.001727 178.069936 129.405411 161.851762 177.182295 166.056044 140.253994
196.490825 156.563225 134.677887 203.871219 178.535596 106.022316 177.939181 129.424218 161.994363 177.202319 166.045180 140.253107
196.281621 156.514959 134.747694 203.839201 178.398594 106.045198 177.809219 129.442912 162.104171 177.218729 166.029333 140.251812
196.070760 156.466311 134.820191 203.824316 178.275104 106.065824 177.679771 129.467182 162.171866 177.239464 166.009100 140.250160
195.855709 156.416696 134.893487 203.810975 178.175682 106.082430 177.548893 129.496404 162.212025 177.251765 165.991558 140.248727
195.642412 156.367486 134.973965 203.796327 178.079317 106.098525 177.417528 129.525736 162.287067 177.212065 165.984681 140.248165
195.432721 156.319107 135.125174 203.751209 177.993824 106.124515 177.288131 129.560240 162.296581 177.126996 165.979200 140.247717
195.221080 156.270279 135.209221 203.703387 177.905258 106.153859 177.159063 129.598784 162.308351 177.021752 165.965445 140.246594
195.005737 156.220597 135.263646 203.606889 177.834539 106.177290 176.951152 129.688796 162.321866 176.900905 165.933751 140.244005
194.795929 156.172281 135.325046 203.497090 177.755940 106.203331 176.838218 129.757326 162.354396 176.704860 165.917804 140.242703
194.578678 156.126610 135.401251 203.379998 177.700314 106.221761 176.726396 129.825182 162.384547 176.558126 165.911824 140.242214
194.362209 156.081104 135.492836 203.251249 177.637656 106.246078 176.611581 129.894854 162.417651 176.396991 165.905844 140.241726
194.144860 156.035413 135.592478 203.111174 177.584311 106.270089 176.494373 129.965978 162.453835 176.220870 165.903352 140.241522
193.907229 155.987543 135.703133 202.955616 177.531148 106.294018 176.383577 130.033211 162.493319 176.028684 165.903153 140.241506
193.687853 155.952860 135.812049 202.802503 177.481177 106.316511 176.269703 130.102312 162.535560 175.823078 165.903153 140.241506
193.471836 155.918708 135.927022 202.654868 177.447073 106.331862 176.154461 130.172243 162.578545 175.613848 165.903153 140.241506
193.256313 155.884634 136.044774 202.509469 177.408409 106.349265 176.039219 130.242174 162.623161 175.396684 165.903153 140.241506
193.047475 155.840468 136.165421 202.360495 177.366097 106.368309 175.860835 130.343847 162.666609 175.185201 165.903153 140.241506
192.833667 155.793527 136.286320 202.211210 177.319135 106.389447 175.739659 130.410918 162.709555 174.976167 165.903153 140.241506
192.620641 155.746758 136.403631 202.066355 177.270532 106.411324 175.625133 130.474310 162.767372 174.768973 165.903153 140.241506
192.431544 155.705242 136.521572 201.920723 177.212627 106.437388 175.506056 130.540219 162.829117 174.556329 165.903153 140.241506
192.258564 155.667264 136.643352 201.770351 177.167107 106.453307 175.392405 130.603126 162.884409 174.348043 165.882422 140.239813
192.073110 155.627368 136.763181 201.622387 177.006336 106.367483 175.279453 130.665646 162.940085 174.138307 165.846342 140.236866
191.892109 155.589597 136.884308 201.473683 176.978762 106.279789 175.166326 130.728262 163.028246 173.942322 165.608269 140.253391
191.696522 155.548782 137.006526 201.330568 176.961197 106.174955 175.052849 130.791073 163.134574 173.754920 165.536935 140.246500
191.504965 155.475105 137.131797 201.183878 176.862184 106.038257 174.944129 130.867681 163.237990 173.562443 165.450765 140.236064
191.293228 155.430913 137.254730 201.039927 176.727035 106.025817 174.831244 130.947233 163.340223 173.372168 165.345335 140.223295
191.081295 155.386680 137.378377 200.895139 176.582205 106.095818 174.724162 131.022694 163.465191 173.189441 165.222532 140.208423
190.866360 155.337915 137.500075 200.752632 176.451259 106.223173 174.617938 131.105662 163.596241 173.014979 165.106760 140.176590
190.654904 155.289626 137.625216 200.606095 176.301064 106.348007 174.518797 131.199487 163.726271 172.841876 164.991360 140.131489
190.445787 155.241871 137.750357 200.459558 176.115531 106.438324 174.424739 131.288501 163.823972 172.649040 164.896002 140.046126
190.237078 155.190017 137.874459 200.314238 175.926031 106.332225 174.327268 131.380745 163.759175 172.447680 164.717042 139.725659
190.022877 155.131692 137.995378 200.172644 175.772988 106.180006 174.231831 131.471065 163.686881 172.242441 164.668859 139.609992
189.811087 155.074023 138.118116 200.028921 175.649986 106.005009 174.097071 131.648410 163.586334 172.052410 164.646722 139.476617
189.580635 155.007464 138.240381 199.840883 175.520043 105.824819 174.027110 131.759283 163.461363 171.878937 164.624388 139.342057
189.377011 154.933037 138.372183 199.703477 175.386851 105.652113 173.953361 131.876160 163.331891 171.699217 164.604723 139.223578
189.173309 154.858531 138.504816 199.565205 175.255430 105.481702 173.881693 131.989739 163.167169 171.563696 164.589270 139.138884
188.972428 154.784466 138.635303 199.429170 175.058785 105.240441 173.807093 132.098266 162.973528 171.467017 164.578883 139.085281
188.770421 154.709986 138.766412 199.292486 174.918881 105.071954 173.728169 132.212443 162.779930 171.415639 164.573157 139.055731
188.570462 154.629243 138.898699 199.154574 174.777380 104.901544 173.626086 132.292470 162.624931 171.467571 164.571369 139.046502
188.371445 154.545032 139.026970 199.020849 174.639967 104.736057 173.510248 132.362369 162.516611 171.520323 164.569372 139.036194
188.174915 154.461874 139.156350 198.885969 174.501468 104.569263 173.379390 132.365678 162.459412 171.592635 164.569029 139.034427
187.973595 154.376690 139.284690 198.752171 174.369761 104.392763 173.245532 132.369063 162.425787 171.635144 164.568915 139.033838
187.776236 154.293181 139.417669 198.613538 174.239686 104.213602 173.108076 132.372538 162.403057 171.739633 164.568877 139.033642
187.549025 154.200194 139.550648 198.474906 174.110317 104.035412 172.979018 132.375801 162.417621 171.775703 164.568877 139.033642
187.255857 154.122826 139.680927 198.339087 173.984237 103.861754 172.846960 132.379140 162.493916 171.892108 164.568877 139.033642
187.053633 154.040605 139.809060 198.205506 173.854398 103.682917 172.716901 132.382429 162.565091 171.937466 164.568877 139.033642
186.852705 153.958912 139.938578 198.070482 173.728025 103.508854 172.578146 132.385937 162.652037 171.992874 164.568877 139.033642
186.649184 153.876164 140.069134 197.934375 173.597716 103.329370 172.440490 132.389418 162.749862 172.055215 164.568877 139.033642
186.447238 153.794057 140.199413 197.798557 173.469110 103.152232 172.172368 132.400625 162.863823 172.115020 164.568877 139.033642
186.248441 153.713230 140.333845 197.658408 173.339682 102.973961 172.035096 132.411474 162.996204 172.169622 164.568877 139.033642
186.045205 153.634730 140.468416 197.518116 173.213485 102.800141 171.906397 132.421645 163.143747 172.230477 164.568877 139.033642
185.837800 153.558414 140.599803 197.381143 173.086525 102.625269 171.770222 132.432407 163.312229 172.273611 164.568877 139.033642
185.635181 153.483859 140.733820 197.241427 172.960093 102.451125 171.637137 132.442924 163.646173 172.283534 164.568877 139.033642
185.429840 153.408303 140.867976 197.101568 172.831261 102.276417 171.502457 132.453568 163.835032 172.216210 164.568877 139.033642
185.224594 153.332781 140.997424 196.966616 172.697603 102.107373 171.366481 132.464314 164.033979 172.135136 164.568877 139.033642
185.017940 153.256741 141.128326 196.830148 172.564069 101.938486 171.230405 132.475068 164.236888 172.028335 164.568877 139.033642
184.808943 153.185322 141.260543 196.692309 172.430412 101.769442 171.101114 132.489083 164.451655 171.915293 164.568877 139.033642
184.575872 153.106892 141.393245 196.553965 172.293653 101.596476 170.971999 132.506616 164.678368 171.795963 164.568877 139.033642
184.372240 153.032779 141.527124 196.414394 172.160987 101.428687 170.840704 132.524445 164.916850 171.670438 164.568877 139.033642
184.168268 152.958428 141.657195 196.278792 172.027516 101.259878 170.705049 132.542866 165.157722 171.543656 164.568877 139.033642
183.962992 152.882988 141.791143 196.139149 171.891067 101.087305 170.569096 132.561327 165.398328 171.417014 164.568877 139.033642
183.759968 152.808376 141.919969 196.004846 171.754122 100.914103 170.441240 132.580640 165.639553 171.290045 164.568877 139.033642
183.558540 152.734351 142.049902 195.869389 171.617983 100.741922 170.312837 132.612928 165.882726 171.162052 164.568877 139.033642
183.348763 152.662433 142.183573 195.730034 171.481969 100.569897 170.182883 132.645607 166.122624 171.035782 164.568877 139.033642
183.142411 152.595292 142.315316 195.599603 171.345768 100.397637 170.091236 132.668652 166.366062 170.907649 164.568097 139.029616
182.933397 152.527285 142.452166 195.465503 171.181153 100.517552 170.018598 132.686918 166.607818 170.780401 164.565814 139.017836
182.726189 152.459866 142.590301 195.330144 171.016739 100.655315 169.969622 132.699234 166.850813 170.652501 164.561515 138.995648
182.521281 152.394113 142.726151 195.197024 170.852709 100.792756 169.915992 132.712720 167.093809 170.524601 164.554210 138.957949
182.312839 152.327921 142.864000 195.061944 170.688832 100.930069 169.863234 132.725986 167.338751 170.395676 164.543900 138.904739
182.101156 152.260700 143.001350 194.927355 170.518747 101.072584 169.815212 132.805319 167.582189 170.267543 164.529575 138.830814
181.885528 152.213497 143.133700 194.797664 170.352187 101.212145 169.845955 132.895207 167.822795 170.140901 164.456871 138.584106
181.673026 152.176549 143.269049 194.665034 170.185398 101.351898 169.883721 133.005627 168.065879 170.012954 164.424073 138.481341
181.461188 152.146380 143.426960 194.556512 170.021904 101.488890 169.924496 133.124847 168.310555 169.884169 164.385511 138.360660
181.245125 152.117381 143.561173 194.425007 169.851351 101.627954 169.967742 133.252308 168.550896 169.757667 164.343370 138.231458
181.029955 152.088501 143.698660 194.291444 169.677762 101.762773 170.006382 133.372132 168.792564 169.630465 164.300576 138.107438
180.816965 152.059915 143.842658 194.163541 169.512641 101.899216 170.047783 133.500522 169.038037 169.501261 164.257327 137.983465
180.603479 152.031262 143.982694 194.039157 169.344129 102.038462 170.085409 133.617205 169.283776 169.371917 164.211574 137.852317
180.385930 152.002063 144.125965 193.912696 169.175539 102.177771 170.126043 133.743215 169.526328 169.244250 164.168589 137.729099
180.169371 151.972998 144.268709 193.786997 169.006178 102.317718 170.166678 133.869226 169.782770 169.146528 164.124549 137.602861
179.954003 151.944092 144.412203 193.660636 168.837357 102.457219 170.206514 133.992762 170.028073 169.017429 164.079027 137.472373
179.737841 151.915079 144.555772 193.534210 168.668151 102.597038 170.232202 134.072422 170.271517 168.889308 164.024932 137.350337
179.520391 151.885894 144.697389 193.409502 168.496940 102.738513 170.246657 134.117249 170.510448 168.763562 163.958814 137.237246
179.303337 151.856762 144.844610 193.293069 168.326023 102.870223 170.256447 134.147610 170.758668 168.640926 163.893857 137.126142
179.088067 151.827869 144.993127 193.175693 168.150694 103.003609 170.174053 134.222093 171.008926 168.520560 163.826325 137.010634
178.875573 151.799349 145.139369 193.060115 167.977275 103.135541 170.108959 134.239575 171.258735 168.400411 163.758643 136.894868
178.659609 151.770364 145.288436 192.942305 167.803299 103.267898 170.026772 134.261647 171.506019 168.281476 163.691010 136.779188
178.443382 151.755948 145.436483 192.825301 167.628288 103.401042 169.926620 134.288544 171.752043 168.163148 163.623631 136.663939
178.226793 151.754593 145.608734 192.731262 167.456461 103.531763 169.809085 134.320110 171.998787 168.044473 163.554080 136.544979
178.004915 151.751446 145.757052 192.620398 167.283122 103.663636 169.688363 134.352531 172.246358 167.927583 163.487880 136.432908
177.784996 151.758571 145.913204 192.515706 167.131032 103.779342 169.597387 134.376964 172.500002 167.814526 163.405595 136.327275
177.566972 151.776975 146.071433 192.409622 166.988165 103.888013 169.545042 134.391022 172.747800 167.704073 163.320913 136.218565
177.351040 151.795203 146.231904 192.302033 166.863914 103.982505 169.511529 134.400023 172.999161 167.592034 163.236477 136.110171
177.131881 151.810408 146.392375 192.194445 166.757413 104.063499 169.402363 134.427951 173.560770 167.773730 163.154499 136.004933
176.660919 151.840215 146.553262 192.086579 166.665558 104.133355 169.336592 134.443994 173.678597 168.024642 163.073750 135.901272
176.446594 151.828533 146.707753 191.983000 166.584099 104.199722 169.251973 134.464634 173.781886 168.244597 162.994414 135.799425
176.225293 151.811136 146.861912 191.879644 166.524151 104.256255 169.154529 134.488402 173.868461 168.431076 162.916001 135.697260
176.007726 151.790964 147.020639 191.773226 166.467622 104.309563 169.037365 134.516981 173.935245 168.578779 162.834901 135.585853
175.788978 151.756081 147.179609 191.670128 166.423606 104.351071 168.905044 134.549257 173.992388 168.705161 162.754566 135.475496
175.574317 151.714485 147.341742 191.568975 166.389267 104.383454 168.716449 134.597968 174.048605 168.857189 162.677881 135.370152
175.362293 151.668752 147.502433 191.468721 166.344088 104.426060 168.584429 134.633813 174.110143 168.979030 162.599194 135.262059
175.147890 151.620385 147.665839 191.366774 166.288565 104.478973 168.453760 134.669292 174.171321 169.100157 162.517741 135.150166
174.945945 151.572696 147.829961 191.264462 166.255256 104.511419 168.327337 134.703617 174.228217 169.212804 162.433109 135.050125
174.748041 151.524141 147.988901 191.165560 166.115264 104.613823 168.220698 134.732571 174.268264 169.298158 162.344958 134.948672
174.553232 151.469243 148.128293 191.078139 166.037374 104.658713 168.146967 134.752590 174.293717 169.354363 162.276685 134.869565
174.353284 151.411689 148.225790 190.982321 165.948220 104.710094 168.107206 134.763385 174.302752 169.374312 162.234242 134.817593
174.157341 151.375818 148.321991 190.868894 165.845724 104.769165 167.988795 134.794989 174.393062 169.418830 162.196418 134.771275
173.962593 151.343661 148.399132 190.760262 165.732137 104.834628 167.911583 134.815147 174.450381 169.400433 162.167702 134.715407
173.784442 151.315911 148.502560 190.630752 165.614725 104.899570 167.820244 134.838993 174.524575 169.381200 162.160066 134.690554
173.612462 151.289479 148.635001 190.578561 165.500835 104.959509 167.707716 134.868372 174.618060 169.359371 162.053431 134.556534
173.447497 151.264805 148.713111 190.608231 165.378715 105.023780 167.581738 134.901261 174.731022 169.332993 162.002199 134.532710
173.278675 151.239554 148.762241 190.647026 165.259515 105.086513 167.475693 134.928947 174.857713 169.303410 161.946594 134.478281
173.116555 151.217267 148.790438 190.668426 165.139710 105.150240 167.403803 134.947716 175.154787 169.229911 161.884272 134.406721
172.947988 151.203847 148.808500 190.682010 165.020850 105.213614 167.368680 134.956885 175.308448 169.189442 161.799433 134.325573
172.785104 151.190879 148.812017 190.684655 164.904460 105.275672 167.243539 134.867446 175.478161 169.144746 161.700501 134.230947
172.622319 151.177920 148.814734 190.686698 164.793434 105.352932 167.226800 134.803191 175.739333 169.070600 161.606700 134.141228
172.447970 151.164039 148.880675 190.765686 164.699891 105.438686 167.204917 134.719194 175.926105 168.994183 161.512394 134.052950
172.207049 151.144831 148.885392 190.782123 164.511654 105.512471 167.177312 134.613231 176.123290 168.905788 161.414799 133.967526
172.005267 151.129032 148.892399 190.806537 164.396044 105.585072 167.060665 134.534837 176.314786 168.784828 161.312464 133.877952
171.792019 151.112336 148.980394 190.911601 164.287989 105.667820 166.931206 134.555514 176.516174 168.657619 161.212461 133.790420
171.592928 151.096748 149.032109 190.914578 164.184697 105.746920 166.797698 134.576839 176.728384 168.523575 161.105372 133.713239
171.390441 151.080989 149.098090 190.922103 164.075768 105.830337 166.665976 134.593038 176.949810 168.383710 160.993828 133.635432
171.182245 151.065116 149.178329 190.947905 163.972238 105.909620 166.528491 134.604951 177.296575 168.253423 160.886713 133.560715
170.935231 151.046271 149.273457 190.975324 163.864897 105.991820 166.399475 134.616130 177.569994 168.205743 160.773118 133.481478
170.723036 151.030243 149.339373 190.994323 163.757636 106.073960 166.262588 134.627992 177.842600 168.170300 160.666987 133.407447
170.505456 151.013808 149.412301 191.003390 163.648151 106.157803 166.127010 134.632633 178.110802 168.215912 160.558178 133.335988
170.291209 151.001716 149.464528 191.006155 163.545198 106.236979 165.998342 134.635477 178.372409 168.291471 160.433962 133.274730
170.077478 150.990997 149.496352 191.007334 163.452489 106.336210 165.862775 134.638474 178.638723 168.368389 160.313153 133.215154
169.864745 150.980328 149.611948 190.913838 163.364550 106.430317 165.725408 134.641510 178.899178 168.443614 160.196919 133.157833
169.651513 150.969634 149.648277 190.857423 163.274461 106.526658 165.613336 134.643988 179.164243 168.520171 160.076362 133.099649
169.438681 150.958961 149.689918 190.783529 163.180411 106.627236 165.537727 134.639495 179.426907 168.596034 159.954303 133.050185
169.224350 150.948212 149.733840 190.690474 163.103743 106.730426 165.499643 134.636518 179.810506 168.706905 159.828909 132.999369
169.011018 150.937513 149.784079 190.584035 163.033233 106.838571 165.434008 134.684049 180.071349 168.782226 159.685117 132.934874
168.800217 150.898477 149.843282 190.458604 162.958081 106.953835 165.439352 134.757856 180.331231 168.857270 159.558791 132.895566
168.585303 150.856894 149.908845 190.319700 162.886861 107.063068 165.446277 134.853506 180.787124 168.988902 159.431033 132.855813
168.375396 150.816280 149.980000 190.168949 162.811326 107.178919 165.454697 134.969801 181.052183 169.065482 159.300315 132.815138
168.169710 150.776483 150.059435 190.000654 162.845461 107.309656 165.464533 135.105645 181.314168 169.141173 159.172271 132.775295
167.958394 150.735297 150.146340 189.816533 162.955546 107.377667 165.474318 135.240792 181.577114 169.217143 159.046613 132.736196
167.749512 150.683949 150.238965 189.620294 163.056018 107.439739 165.492319 135.440959 181.838714 169.292723 158.922451 132.731346
167.534028 150.630977 150.349017 189.433467 163.152151 107.499131 165.504843 135.572866 182.095511 169.366916 158.818782 132.728833
167.323884 150.579318 150.462208 189.248561 163.236391 107.548694 165.517396 135.705071 182.310133 169.428924 158.743104 132.726999
167.093927 150.497925 150.576392 189.062036 163.304112 107.583409 165.540295 135.949323 182.484502 169.479301 158.662611 132.727243
166.845336 150.454550 150.688539 188.878836 163.358306 107.611191 165.552303 136.081981 182.625534 169.520048 158.621829 132.728455
166.642744 150.380210 150.801573 188.694187 163.403156 107.634183 165.564583 136.217626 182.725543 169.548942 158.602138 132.729041
166.440717 150.306076 150.916766 188.505699 163.467406 107.667119 165.576717 136.351678 182.790103 169.567594 158.586345 132.729510
166.233150 150.229910 151.029743 188.319961 163.504692 107.686233 165.592270 136.481388 182.824784 169.577615 158.570452 132.729983
166.033093 150.156501 151.141474 188.136273 163.564144 107.809344 165.620135 136.615933 182.842077 169.582611 158.565454 132.730131
165.827404 150.081024 151.252684 187.953439 163.535047 107.885366 165.646316 136.742350 182.849474 169.584748 158.558657 132.730333
165.625490 150.007460 151.366597 187.766162 163.499945 107.977077 165.674343 136.877678 182.854854 169.586302 158.554759 132.730449
165.423994 149.936277 151.481393 187.577433 163.459266 108.083358 165.701011 137.006446 182.857160 169.586968 158.551660 132.730541
165.226909 149.867326 151.596086 187.388875 163.414118 108.201313 165.752553 137.240731 182.858697 169.587413 158.547762 132.730657
165.020390 149.796583 151.710778 187.200317 163.366862 108.324779 165.782597 137.372795 182.886949 169.715542 158.545163 132.730735
164.838730 149.754032 151.817594 187.013505 163.320928 108.444789 165.799121 137.500934 182.884386 169.836007 158.536567 132.730990
164.668923 149.726028 151.923318 186.827675 163.272850 108.570402 165.816105 137.632644 182.912646 169.884669 158.530270 132.731177
164.506408 149.707145 152.033287 186.644455 163.224700 108.696202 165.832654 137.760981 182.954355 169.950699 158.517175 132.731567
164.379750 149.695408 152.145650 186.459162 163.177015 108.820788 165.849600 137.892393 183.007224 170.034400 158.500783 132.732054
164.216549 149.654637 152.259685 186.272549 163.142923 108.953701 165.869937 138.029287 183.068799 170.131881 158.489088 132.732402
164.084558 149.660001 152.373472 186.089539 163.111763 109.080838 165.889996 138.162081 183.137957 170.241369 158.464299 132.733139
163.935681 149.666052 152.475965 185.900171 163.049951 109.352951 165.909683 138.292402 183.209138 170.354425 158.442108 132.733798
163.775414 149.672566 152.577030 185.708143 163.015061 109.475803 165.739278 138.406062 183.275534 170.464559 158.425016 132.734307
163.629035 149.678516 152.678560 185.515230 162.908661 109.559219 165.607403 138.436315 183.347093 170.583257 158.404125 132.734928
163.494718 149.688404 152.781721 185.319219 162.804568 109.636461 165.476114 138.466435 183.417154 170.699472 158.382735 132.735564
163.345832 149.733843 152.882599 185.127545 162.679314 109.781811 165.342095 138.497180 183.487836 170.816714 158.359645 132.736250
163.184284 149.780260 152.982360 184.937994 162.619552 109.904978 165.212073 138.527008 183.557174 170.931730 158.327759 132.737198
163.020149 149.793860 153.085334 184.742337 162.559834 110.028055 165.085852 138.555965 183.627856 171.048972 158.292575 132.738244
162.846817 149.835225 153.186837 184.549522 162.499243 110.152931 164.971327 138.582238 183.698957 171.166896 158.260389 132.739201
