295.815200 208.939400 399.944000 255.325400 250.322911 408.947223 182.966000 343.699400 220.025989 140.550501 342.133901 131.833285
295.807013 208.967637 399.960700 255.291266 250.058530 409.036972 182.995380 343.666916 219.889399 140.791252 342.120957 131.973088
295.788968 209.029874 399.993485 255.224257 249.855887 409.105762 183.051056 343.605359 219.753992 141.029916 342.113398 132.054738
295.761622 209.124190 400.042355 255.124371 249.724075 409.150508 183.128598 343.519624 219.621350 141.263710 342.063215 132.247448
295.721244 209.263454 400.109595 254.986938 249.644723 409.177446 183.242841 343.407795 219.494037 141.488110 342.001974 132.387875
295.668334 209.445938 400.188700 254.825252 249.423303 409.027637 183.395793 343.277386 219.357940 141.727992 341.931109 132.639329
295.605901 209.661270 400.285297 254.627816 249.363824 408.679521 183.577662 343.122322 219.222928 141.965960 341.879300 132.855816
295.534779 209.906568 400.395869 254.401815 249.323323 408.482643 184.051663 342.741645 219.096418 142.192864 341.820788 133.100312
295.462210 210.156860 400.515759 254.156771 249.275972 408.252463 184.284523 342.550601 218.967560 142.430131 341.755572 133.372817
295.385240 210.422326 400.354547 253.912852 249.082269 408.012510 184.534237 342.345730 218.838129 142.668452 341.738221 133.687501
295.312448 210.673387 400.110633 253.795212 248.817971 408.034365 184.807453 342.121577 218.713757 142.897459 341.751270 134.037057
295.236091 210.936740 399.875357 253.692243 248.545301 408.056913 185.263610 341.754413 218.582894 143.138416 341.765610 134.421190
295.160013 211.199134 399.622058 253.604704 248.281601 408.078718 185.510508 341.556230 218.454608 143.374629 341.780972 134.832703
295.088501 211.445776 399.368002 253.516902 248.009131 408.101249 185.692991 341.409751 218.330141 143.603811 341.797468 135.274595
295.035870 211.627300 399.114799 253.433921 247.742043 408.123335 185.836126 341.318160 218.203192 143.837563 341.813777 135.711491
295.003066 211.740440 398.862585 253.369952 247.281489 408.183453 186.174517 341.180935 218.076433 144.070963 341.830355 136.155582
294.987361 211.794610 398.611921 253.306376 247.009675 408.239839 186.261930 340.972333 217.952157 144.299794 341.846568 136.589879
