352.070200 283.836200 156.765700 570.837460 359.096000 360.511400 470.003844 69.585956 400.610000 253.968200 236.500316 268.111381
352.102018 283.844954 156.716675 570.828708 359.122849 360.549243 470.022370 69.549830 400.624681 253.939992 236.413893 268.368232
352.166232 283.862621 156.627092 570.812715 359.166825 360.611227 470.059150 69.478111 400.654689 253.882333 236.348837 268.561580
352.271134 283.891483 156.494193 570.788990 359.237072 360.710239 470.118015 69.363324 400.699746 253.795756 236.300363 268.705644
352.403997 283.928038 156.331367 570.759922 359.324447 360.833392 470.164377 69.272919 400.762347 253.675471 236.264965 268.810848
352.577548 283.975787 156.140780 570.725898 359.432305 360.985417 470.229265 69.146387 400.840091 253.526090 236.244109 268.872834
352.793137 284.035102 155.907075 570.684177 359.561766 361.168703 470.313411 68.982305 400.937316 253.339276 236.225230 268.928943
353.041122 284.103330 155.600831 570.833751 359.704640 361.371657 470.386696 68.839401 401.051530 253.119818 236.206733 268.983914
353.290999 284.240461 155.467876 571.066907 359.860177 361.592601 470.449394 68.717140 401.170823 252.890602 236.179754 269.064097
353.547690 284.310978 155.351168 571.271569 360.018057 361.818248 470.500867 68.616769 401.295655 252.650742 236.148693 269.156411
353.795509 284.379057 155.261409 571.428975 360.174903 362.039737 470.539289 68.541846 401.479231 252.294101 235.643985 269.366629
354.049999 284.445342 155.204937 571.528005 360.324698 362.251269 470.569223 68.483474 401.600137 252.053133 235.487787 269.328433
354.318994 284.512287 154.924003 571.640460 360.474032 362.462149 470.590488 68.442009 401.721851 251.810555 235.306730 269.288541
354.587212 284.579040 154.762908 571.591399 360.663434 362.662518 470.675547 68.322401 401.843833 251.567442 235.082491 269.239214
354.841845 284.642411 154.573880 571.533830 360.846823 362.854919 470.696721 68.286825 401.967251 251.321468 234.822312 269.181981
355.029326 284.689070 154.342569 571.463385 361.031464 363.049166 470.711144 68.262593 402.147292 250.971917 234.571118 269.126725
355.161106 284.721867 154.089065 571.386180 361.349284 363.346837 470.719327 68.248844 402.271067 250.742814 234.188858 269.039777
355.238932 284.741235 153.836135 571.309151 361.553991 363.521969 470.729250 68.232173 402.401401 250.501570 233.923968 268.978878
355.266297 284.748046 153.586353 571.232767 361.754873 363.693881 470.735899 68.221002 402.529263 250.264901 233.658104 268.917756
355.277942 284.750944 153.337100 571.156025 361.951042 363.861766 470.797359 68.112899 402.756054 249.834358 233.402375 268.858963
355.281824 284.751910 153.141558 571.095820 362.159842 364.040421 470.799485 68.109046 402.992524 249.376248 233.018972 268.768702
355.283959 284.752441 153.011770 571.055860 362.364881 364.215780 470.801900 68.104668 403.176327 249.019488 232.763475 268.708039
355.284347 284.752538 152.953662 571.037969 362.707893 364.512506 470.802094 68.104318 403.279258 248.775512 232.509340 268.647699
355.360404 285.008222 152.821314 570.830776 362.917241 364.691566 470.802480 68.103617 403.385610 248.523428 232.239638 268.583663
355.348154 285.088695 152.861837 570.719739 363.126092 364.841677 470.802480 68.103617 403.595039 248.096720 231.980444 268.522122
355.330517 285.204560 152.913263 570.578830 363.346961 365.000424 470.802480 68.103617 403.716250 247.860841 231.709676 268.509029
355.308396 285.349886 152.970723 570.421388 363.556137 365.150768 470.802480 68.103617 403.837187 247.625496 231.452923 268.534363
355.279592 285.539107 153.007063 570.321812 363.927311 365.379246 470.802480 68.103617 403.960918 247.383269 231.194379 268.559872
355.246124 285.758974 153.026194 570.269394 364.154704 365.507360 470.802480 68.103617 404.080512 247.146566 230.481511 268.593488
355.206245 286.020956 153.259372 570.140097 364.382272 365.635572 470.802480 68.103617 404.199475 246.911113 230.211631 268.577481
355.165249 286.290253 153.388293 570.163340 364.608969 365.763293 470.802480 68.103617 404.316287 246.674605 229.944045 268.539987
355.125449 286.551034 153.560910 570.194461 364.832257 365.920615 470.802480 68.103617 404.428452 246.438714 229.681609 268.503214
355.084774 286.817548 153.777617 570.233531 365.036423 366.094225 470.802480 68.103617 404.551037 246.191484 229.162186 268.434633
355.056381 287.003594 154.027587 570.278598 365.246532 366.272887 470.802480 68.103617 404.675609 245.952841 228.906194 268.329343
355.031517 287.166507 154.489417 570.361886 365.457554 366.452326 470.802480 68.103617 404.795276 245.723595 228.477601 268.104447
355.010986 287.302245 154.754733 570.409758 365.710443 366.395044 470.802480 68.103617 404.916054 245.475441 227.963912 267.653196
354.997221 287.393209 155.021426 570.457879 365.832095 366.149307 470.802480 68.103617 405.037370 245.235351 227.767388 267.476319
355.089127 287.534017 155.288513 570.506071 365.947979 365.915221 470.802480 68.103617 405.154447 245.003651 227.565215 267.294357
355.248282 287.542854 155.558356 570.554761 366.062620 365.683644 470.802480 68.103617 405.272548 244.773599 227.362190 267.104912
355.408236 287.551736 156.017096 570.636912 366.180900 365.444718 470.802480 68.103617 405.400530 244.527261 227.182446 266.920945
355.565394 287.560463 156.280538 570.683905 366.292381 365.213275 470.802480 68.103617 405.528143 244.281632 227.001303 266.735547
355.729541 287.569578 156.549296 570.731845 366.406981 364.970848 470.802480 68.103617 405.649763 244.047540 226.817506 266.547432
355.878312 287.577839 156.809587 570.778276 366.514405 364.734737 470.802480 68.103617 405.769631 243.816820 226.606628 266.392385
356.030078 287.586266 157.078542 570.826251 366.628538 364.483880 470.802480 68.103617 405.890973 243.583261 226.461687 266.173168
356.185638 287.594904 157.316062 570.650182 366.778881 364.254672 470.802480 68.103617 406.009827 243.354493 226.309135 265.942440
356.344194 287.603708 157.408805 570.406001 366.952553 364.043519 470.802480 68.103617 406.135227 243.113124 226.099471 265.594037
356.501352 287.612435 157.507086 570.147236 367.119872 363.840088 470.802480 68.103617 406.263024 242.867141 225.928925 265.261274
356.585422 287.617103 157.599047 569.905112 367.287699 363.636040 470.802480 68.103617 406.387134 242.628257 225.695548 264.848825
356.741507 287.527791 157.674605 569.706178 367.524207 363.518169 470.802480 68.103617 406.513732 242.384581 225.566569 264.621461
356.763138 287.376125 157.728645 569.563895 367.766237 363.399401 470.802480 68.103617 406.640239 242.141083 225.434926 264.389400
356.785333 287.220500 157.764507 569.469476 368.008625 363.280458 470.802480 68.103617 406.764865 241.899376 225.307427 264.164646
