420.135557 131.614568 296.330502 335.898456 197.144769 304.022030 284.045200 277.256000 224.015847 271.266007 466.919462 172.164347
419.878391 131.629417 296.383391 336.164653 196.984370 304.039976 284.132592 277.481886 224.078986 271.179126 466.758247 172.799955
419.611201 131.627152 296.505063 336.438298 196.900096 304.049405 284.158074 277.569037 224.157291 271.071374 466.606491 173.320485
419.334811 131.624809 296.555235 336.690761 196.701533 303.876342 284.196055 277.687818 224.233598 270.966373 466.453224 173.846199
419.075020 131.622607 296.607121 336.951855 196.713919 303.714215 284.255365 277.840933 224.275808 270.908290 466.300124 174.371336
418.810029 131.620361 296.659164 337.213734 196.728698 303.520779 284.328742 278.021378 224.560666 270.785429 466.129257 174.892939
418.541839 131.618087 296.711830 337.478751 196.746539 303.287259 284.714774 278.411442 224.700040 270.853251 465.952098 175.409610
418.284648 131.615907 296.764107 337.741807 196.767107 303.018044 284.941482 278.564828 224.875202 270.938487 465.772929 175.932146
418.021952 131.564460 296.814590 337.995840 196.789716 302.722106 285.159509 278.717876 225.088130 271.042102 465.580685 176.450030
417.760146 131.505335 296.897535 338.454676 196.814443 302.398449 285.389620 278.869009 225.333969 271.161730 465.375230 176.961076
417.497984 131.432239 296.935913 338.721732 196.841898 302.039097 285.619093 279.005854 225.575491 271.279259 465.170595 177.470082
417.255778 131.322759 296.972868 338.978891 196.871623 301.650030 285.864285 279.123603 225.809100 271.392937 464.955998 177.978693
417.005917 131.209819 297.011729 339.249313 196.903983 301.226465 286.106043 279.213823 226.057456 271.513791 464.726661 178.471547
416.767721 131.102152 297.051160 339.523694 196.937653 300.785749 286.357973 279.299188 226.303295 271.633420 464.492262 178.975282
416.525332 130.992590 297.088826 339.785801 196.978693 300.343655 286.626423 279.360903 226.553292 271.754095 464.258190 179.467862
416.286754 130.883891 297.125667 340.042168 197.018981 299.916350 286.886469 279.414542 226.797136 271.870955 464.016814 179.956495
416.055089 130.758969 297.189299 340.504570 197.060226 299.478890 287.160636 279.456764 227.040078 271.987383 463.772337 180.451404
415.811453 130.627592 297.221559 340.762561 197.100702 299.049594 287.419694 279.478677 227.455605 272.181645 463.512868 180.927138
415.578731 130.502101 297.255953 341.037619 197.142022 298.611338 287.680624 279.494332 227.707548 272.296288 463.230673 181.391986
415.342027 130.371073 297.289801 341.308311 197.182573 298.181245 287.956528 279.510885 227.942015 272.402979 462.945779 181.861280
415.123891 130.240558 297.323401 341.577019 197.217135 297.814671 288.219056 279.526636 228.186858 272.514392 462.654678 182.331061
414.975645 130.146142 297.357820 341.852275 197.243324 297.536903 288.491366 279.542974 228.461494 272.569054 462.338186 182.783805
414.759814 130.097221 297.391123 342.118601 197.263374 297.324246 288.764276 279.559347 228.710219 272.685420 462.024328 183.232780
414.682160 130.225088 297.424946 342.389094 197.277360 297.175904 289.027602 279.575146 228.950382 272.802880 461.714367 183.676182
414.599938 130.360477 297.457752 342.651451 197.284175 297.103624 289.295520 279.591220 229.180595 272.921988 461.389374 184.123321
414.636952 130.477008 297.490285 342.911625 197.482254 296.925529 289.560644 279.607127 229.410630 273.041003 461.066888 184.561430
414.740930 130.601757 297.523587 343.177951 197.636824 296.937064 289.823970 279.622926 229.644396 273.161949 460.744877 184.998894
414.842475 130.723587 297.569253 343.637326 197.824303 296.951054 290.087496 279.638736 229.887576 273.287765 460.421798 185.437807
414.946965 130.848951 297.587523 343.905304 198.043294 296.967396 290.361603 279.655182 230.295820 273.493142 460.081641 185.863216
415.049918 130.972471 297.605738 344.172484 198.300778 296.986610 290.630121 279.671292 230.536232 273.611121 459.730264 186.293077
415.157310 131.085918 297.623953 344.439663 198.565442 297.006361 290.886659 279.686684 230.774848 273.728220 459.388127 186.711635
415.268576 131.194975 297.642332 344.709238 198.839081 297.026780 291.143198 279.702075 231.007359 273.842323 458.967193 187.105744
415.385426 131.308905 297.660207 344.971429 199.106138 297.046709 291.416507 279.718473 231.241666 273.957306 458.582747 187.503805
415.492813 131.412772 297.698507 345.227461 199.314864 297.350721 291.683826 279.734511 231.474896 274.071762 458.197745 187.902442
415.598331 131.514832 297.754039 345.647286 199.293431 297.626490 291.948949 279.750417 231.717641 274.190887 457.815664 188.284837
415.706006 131.618977 297.739676 345.887645 199.534686 297.673897 292.208482 279.765989 231.963114 274.312077 457.428770 188.666408
415.817849 131.727155 297.760357 346.156852 199.792527 297.693696 292.465420 279.781404 232.208519 274.429381 457.039454 189.050366
415.931418 131.837001 297.780501 346.419079 200.051565 297.713588 292.728148 279.797167 232.440894 274.540556 456.647148 189.437273
416.045992 131.947821 297.801396 346.691078 200.322567 297.734398 293.004850 279.813768 232.675794 274.652939 456.253418 189.825584
