55.037100 148.761200 181.163024 194.499172 244.299457 114.508887 243.379554 112.482683 191.447721 194.493644 87.701700 211.934000
55.026184 148.770125 181.333511 194.091484 244.094146 114.488570 243.385157 112.490354 191.416280 194.367400 87.676741 211.935435
55.001798 148.790064 181.503844 193.684165 243.873196 114.547581 243.388874 112.495442 191.383680 194.236499 87.632115 211.938001
54.960766 148.823611 181.682182 193.281241 243.650226 114.625520 243.390112 112.497137 191.350693 194.104045 87.492022 212.071827
54.908355 148.866463 181.867632 192.879917 243.419766 114.712123 243.390702 112.497945 191.319010 193.976830 87.435049 212.136516
54.841234 148.921342 182.053794 192.477050 243.163134 114.717353 243.391646 112.499237 191.287687 193.850661 87.368956 212.211560
54.764591 148.984007 182.264525 192.087751 242.904442 114.648022 243.391941 112.499641 191.256355 193.722742 87.199311 212.353671
54.675251 149.057052 182.489380 191.707103 242.639842 114.564659 243.392944 112.501013 191.225284 193.595892 87.109348 212.453925
54.492644 149.200520 182.713320 191.328006 242.365054 114.469242 243.394596 112.503274 191.194118 193.468653 87.008365 212.566458
54.377351 149.284778 182.948282 190.951995 242.066263 114.479061 243.397486 112.507231 191.163048 193.341803 86.898299 212.689114
54.248010 149.379303 183.189749 190.582737 241.762993 114.567248 243.399964 112.510622 191.130050 193.207085 86.778882 212.822190
54.124563 149.469520 183.430231 190.214987 241.459120 114.689923 243.402736 112.514418 191.096705 193.075043 86.572997 213.036507
54.021581 149.527622 183.676203 189.845200 241.143472 114.817351 243.407278 112.520635 191.062109 192.951288 86.426212 213.183595
53.944587 149.554346 183.934614 189.522289 240.816881 114.949197 243.410700 112.525319 191.027189 192.826377 86.206916 213.406233
53.905192 149.568020 184.190224 189.204028 240.481110 115.084749 243.415891 112.532425 190.992192 192.694233 86.049799 213.573930
53.885353 149.574906 184.440638 188.892238 240.168942 115.207397 243.421435 112.540015 190.958713 192.567790 85.882016 213.753011
53.878646 149.577234 184.703640 188.592346 239.881047 115.319909 243.426449 112.546879 190.905229 192.449333 85.707465 213.939317
53.872316 149.579431 185.003951 188.322489 239.617833 115.422775 243.436301 112.560364 190.849295 192.333646 85.446360 214.215542
53.870522 149.580054 185.282365 188.027949 239.385542 115.513557 243.442258 112.568519 190.784175 192.221214 85.258182 214.413877
53.870238 149.580152 185.567114 187.729358 239.180635 115.593637 243.452286 112.582246 190.702367 192.109539 85.067320 214.615041
53.870144 149.580185 185.859043 187.423382 239.000875 115.663888 243.459542 112.592179 190.622561 192.008831 84.878087 214.813747
53.870144 149.580185 186.151134 187.109046 238.844679 115.724931 243.467211 112.602676 190.535455 191.902005 84.687149 215.007886
53.870144 149.580185 186.449703 186.786938 238.713529 115.770936 243.477475 112.616726 190.439651 191.814280 84.497123 215.201099
53.870144 149.580185 186.751671 186.461164 238.598908 115.810324 243.487208 112.630050 190.337578 191.720816 84.434777 215.699129
53.870144 149.580185 187.059916 186.141761 238.500080 115.843340 243.498416 112.645392 190.251326 191.625159 84.663265 215.854292
53.870144 149.580185 187.367828 185.824937 238.413605 115.871680 243.508798 112.659604 190.163084 191.524050 84.907010 215.977534
53.870144 149.580185 187.677274 185.506536 238.357729 115.889992 243.514225 112.667033 190.074053 191.422038 85.157532 216.088010
53.870144 149.580185 187.985449 185.187613 238.292636 115.911324 243.517882 112.672039 189.986534 191.321758 85.372450 216.223347
53.870144 149.580185 188.284402 184.859659 238.242176 115.927861 243.520418 112.675511 189.895859 191.217862 85.553811 216.341950
53.870144 149.580185 188.555402 184.512893 238.143777 115.963482 243.521244 112.676642 189.808669 191.117958 85.748457 216.524644
53.870144 149.580185 188.824031 184.163321 238.059455 115.997697 243.522070 112.677772 189.718125 191.014213 85.870394 216.696402
53.870144 149.580185 189.085872 183.808096 237.962252 116.037138 243.522483 112.678337 189.633499 190.917248 85.926835 216.903115
53.870144 149.580185 189.340659 183.444587 237.853281 116.081354 243.522660 112.678580 189.548676 190.820057 85.996720 217.111087
53.870144 149.580185 189.563814 183.064563 237.733931 116.129781 243.522660 112.678580 189.460631 190.719175 86.051794 217.321777
53.870144 149.580185 189.786453 182.680905 237.598181 116.184864 243.522660 112.678580 189.372258 190.617915 86.089373 217.538950
53.870144 149.580185 189.999378 182.291013 237.448809 116.245473 243.522719 112.678660 189.284076 190.519296 86.159179 217.743979
53.870144 149.580185 190.195864 181.894976 237.286557 116.311308 243.522778 112.678741 189.192810 190.418601 86.283413 217.914603
53.870144 149.580185 190.391907 181.499835 237.110220 116.382859 243.522837 112.678822 189.104163 190.320797 86.456388 218.040936
53.895884 149.626956 190.546140 181.083739 236.920818 116.459711 243.523014 112.679064 189.016523 190.224104 86.669193 218.073194
53.944291 149.640989 190.699871 180.667202 236.720575 116.540961 243.523191 112.679306 188.925996 190.124225 86.871236 218.045736
54.014258 149.658992 190.842286 180.211535 236.508285 116.627100 243.523958 112.680356 188.838423 190.027606 87.097081 218.011157
54.104172 149.677506 190.957710 179.783215 236.285710 116.717412 243.525314 112.682213 188.749440 189.929431 87.276916 217.964461
54.214041 149.699695 191.056892 179.351507 236.052571 116.812011 243.526081 112.683263 188.656965 189.827403 87.463192 217.917516
54.337281 149.717364 191.150485 178.887857 235.805533 116.912249 243.527320 112.684959 188.566169 189.727228 87.646242 217.853532
54.477052 149.737403 191.251001 178.456720 235.549043 117.016323 243.529031 112.687300 188.477589 189.629498 87.800332 217.780550
54.635829 149.760167 191.351290 178.026556 235.278534 117.122127 243.532334 112.691822 188.385047 189.527396 87.928259 217.715094
54.808562 149.784932 191.451647 177.596100 234.994548 117.228344 243.536404 112.697394 188.242631 189.333277 88.027615 217.643091
54.999807 149.812350 191.542515 177.163760 234.699415 117.346451 243.542126 112.705227 188.099020 189.159112 88.095082 217.589760
55.203425 149.841543 191.631728 176.732899 234.393723 117.469961 243.545606 112.709991 188.008533 189.055848 88.142152 217.552552
55.420604 149.872680 191.720922 176.302137 234.081541 117.596093 243.550031 112.716047 187.923318 188.958602 88.172748 217.528367
55.728146 149.916294 191.810541 175.869317 233.764723 117.724097 243.555811 112.723960 187.834610 188.857369 88.191340 217.513670
55.939805 149.945026 191.900383 175.435421 233.439561 117.855474 243.562300 112.732843 187.686787 188.680324 88.202245 217.505050
56.154635 149.974189 191.990184 175.001721 233.107908 117.989472 243.570146 112.743582 187.604578 188.579231 88.205540 217.502446
56.367284 150.003056 192.080269 174.566649 232.767498 118.128483 243.578345 112.754806 187.523315 188.479302 88.205932 217.502136
56.583006 150.032340 192.169645 174.135005 232.423724 118.263564 243.592266 112.773863 187.435347 188.374692 88.206167 217.501950
56.800511 150.061866 192.259365 173.701696 232.062119 118.369490 243.607624 112.795336 187.346841 188.273018 88.206167 217.501950
57.014017 150.038683 192.316782 173.261764 231.691841 118.477797 243.625584 112.820603 187.259648 188.172852 88.206167 217.501950
57.203340 149.951416 192.406034 172.830707 231.330731 118.546564 243.645861 112.849131 187.172849 188.073139 88.206167 217.501950
57.375007 149.812551 192.494819 172.401903 230.985829 118.612245 243.663300 112.873665 187.084671 187.971841 88.206167 217.501950
57.546751 149.673624 192.584760 171.967516 230.655225 118.644805 243.682129 112.900155 186.998200 187.872505 88.206167 217.501950
57.719313 149.534918 192.674073 171.536165 230.345522 118.667046 243.701595 112.927542 186.912123 187.773621 88.206167 217.501950
57.892218 149.397599 192.763954 171.102073 230.060457 118.687518 243.722625 112.957129 186.842526 187.693669 88.206167 217.501950
58.063400 149.261648 192.859708 170.673560 229.784226 118.700398 243.747595 112.992259 186.793152 187.636949 88.206167 217.501950
58.235679 149.124827 192.957728 170.246053 229.527827 118.699849 243.768220 113.021276 186.760914 187.599915 88.206167 217.501950
58.405765 148.989747 193.056300 169.815801 229.269827 118.699296 243.786122 113.046462 186.750344 187.587771 88.206167 217.501950
58.575538 148.854916 193.148570 169.382108 229.029028 118.698781 243.799924 113.065603 186.741020 187.577061 88.206167 217.501950
58.890558 148.722564 193.240299 168.950958 228.793228 118.698275 243.819535 113.091769 186.738066 187.573666 88.206167 217.501950
59.103856 148.672476 193.332548 168.517362 228.563929 118.697784 243.827872 113.102892 186.737409 187.572912 88.206167 217.501950
59.323845 148.661285 193.424048 168.087288 228.337729 118.697300 243.842205 113.122017 186.737409 187.572912 88.206167 217.501950
59.544162 148.670264 193.509147 167.692659 228.079224 118.665817 243.852401 113.135620 186.737409 187.572912 88.206167 217.501950
59.758084 148.678983 193.585226 167.340586 227.864542 118.672962 243.861876 113.148264 186.737409 187.572912 88.206167 217.501950
59.976403 148.687881 193.652435 167.029564 227.648162 118.680164 243.864755 113.152105 186.737409 187.572912 88.206167 217.501950
60.192423 148.696685 193.712568 166.751287 227.428284 118.687482 243.869433 113.158346 186.737409 187.572912 88.206167 217.501950
60.413111 148.698364 193.765941 166.504288 227.208476 118.691421 243.872012 113.161787 186.737409 187.572912 88.206324 217.501826
60.633307 148.699687 193.814922 166.277620 226.992702 118.688049 243.873331 113.163547 186.737409 187.572912 88.206560 217.501640
61.039500 148.702165 193.861368 166.062681 226.775229 118.684650 243.874051 113.164508 186.737409 187.572912 88.207658 217.500771
61.257196 148.703454 193.950873 165.337876 226.559594 118.679346 243.874111 113.164588 186.737409 187.572912 88.209148 217.499593
61.477092 148.704757 193.985011 165.125963 226.345361 118.673986 243.874111 113.164588 186.737409 187.572912 88.211110 217.498043
61.696288 148.706055 194.030146 164.909928 226.131828 118.668644 243.874111 113.164588 186.737409 187.572912 88.213934 217.495810
61.913384 148.707341 194.075404 164.693305 225.914796 118.663214 243.874111 113.164588 186.737409 187.572912 88.216366 217.493888
62.322497 148.709766 194.120213 164.478836 225.692937 118.659145 243.874231 113.164748 186.737409 187.572912 88.226479 217.485577
62.536994 148.711033 194.164244 164.268087 225.449721 118.678109 243.874351 113.164908 186.737409 187.572912 88.233807 217.478482
62.758590 148.712342 194.208091 164.058218 225.225746 118.681459 243.874711 113.165388 186.737409 187.572912 88.245087 217.467562
63.074196 148.714166 194.251958 163.848252 224.988673 118.685005 243.875370 113.166268 186.737409 187.572912 88.257228 217.455806
63.386199 148.715962 194.296762 163.633986 224.737223 118.694458 243.876390 113.167629 186.737409 187.572912 88.277776 217.435913
63.703197 148.717889 194.342694 163.419857 224.474446 118.711054 243.878429 113.170349 186.737409 187.572912 88.300191 217.414210
63.921393 148.719198 194.387955 163.208857 224.199295 118.728433 243.882207 113.175390 186.737409 187.572912 88.321457 217.393621
64.139891 148.719700 194.433845 162.994923 223.912076 118.764318 243.883407 113.176991 186.737409 187.572912 88.346890 217.368997
64.353291 148.719700 194.479966 162.779914 223.616947 118.816460 243.885866 113.180272 186.737409 187.572912 88.384321 217.332757
64.572891 148.719700 194.524849 162.570674 223.314054 118.877165 243.890903 113.186993 186.737409 187.572912 88.407987 217.307136
64.885794 148.717390 194.570634 162.357229 223.004410 118.946903 243.895761 113.193475 186.737409 187.572912 88.442904 217.267663
65.099588 148.715794 194.615875 162.148681 222.684632 119.027352 243.901099 113.200597 186.737409 187.572912 88.479013 217.226842
65.318782 148.714157 194.662810 161.934872 222.369266 119.119668 243.906676 113.208039 186.737409 187.572912 88.516647 217.184298
65.535476 148.712540 194.706891 161.720991 222.051501 119.212687 243.920050 113.225883 186.737409 187.572912 88.550901 217.145574
65.751670 148.710925 194.729130 161.528571 221.739662 119.321091 243.927547 113.235886 186.737409 187.572912 88.583168 217.109097
66.065599 148.710295 194.739503 161.354231 221.431015 119.439275 243.939002 113.251170 186.737409 187.572912 88.610200 217.078538
66.280197 148.711187 194.740783 161.189036 221.122088 119.557566 243.948357 113.263653 186.737409 187.572912 88.639286 217.045656
66.494595 148.712077 194.734273 161.024856 220.828633 119.692761 243.960532 113.279897 186.737409 187.572912 88.664927 217.016669
66.805847 148.677797 194.722298 160.860993 220.576281 119.817729 243.970547 113.293260 186.737409 187.572912 88.684983 216.995177
67.023677 148.637094 194.710257 160.696233 220.337859 119.944962 243.981283 113.307584 186.737409 187.572912 88.701155 216.978126
67.233198 148.591232 194.698150 160.530575 220.104229 120.088308 243.987880 113.316386 186.737409 187.572912 88.711340 216.967388
67.445805 148.536657 194.686327 160.368806 219.870769 120.231548 243.994597 113.325348 186.737409 187.572912 88.716914 216.961511
67.652698 148.483549 194.674286 160.204046 219.647045 120.382738 244.000474 113.333190 186.737409 187.572912 88.719461 216.958827
67.959512 148.403686 194.662441 160.041978 219.421938 120.539303 244.003413 113.337111 186.737409 187.572912 88.720493 216.957739
68.171940 148.350858 194.650473 159.878215 219.196422 120.696155 244.007791 113.342953 186.737409 187.572912 88.720906 216.957303
68.382265 148.298683 194.638993 159.721133 218.969591 120.853919 244.008510 113.343913 186.737409 187.572912 88.721112 216.957086
68.597832 148.245207 194.610350 159.531355 218.754256 121.023501 244.008810 113.344313 186.737409 187.572912 88.721319 216.956868
68.805905 148.193508 194.600735 159.374350 218.539601 121.192825 244.008990 113.344553 186.737409 187.572912 88.721319 216.956868
69.014215 148.139890 194.590851 159.212952 218.321883 121.364565 244.009170 113.344793 186.737409 187.572912 88.721319 216.956868
69.222041 148.086396 194.581138 159.054349 218.103931 121.536490 244.009170 113.344793 186.737409 187.572912 88.721319 216.956868
69.430351 148.032778 194.571279 158.893351 217.886527 121.707982 244.009170 113.344793 186.737409 187.572912 88.721319 216.956868
69.641900 147.982356 194.561168 158.728260 217.676675 121.878157 244.009170 113.344793 186.737409 187.572912 88.721319 216.956868
69.942685 147.912535 194.551156 158.564766 217.468391 122.050749 244.009170 113.344793 186.737409 187.572912 88.721319 216.956868
70.150169 147.859318 194.541339 158.404467 217.257103 122.225829 244.009170 113.344793 186.737409 187.572912 88.721319 216.956868
70.364240 147.804411 194.515923 158.240607 217.045816 122.400909 244.009170 113.344793 186.737409 187.572912 88.721319 216.956868
70.656613 147.707918 194.489008 158.078426 216.829867 122.573104 244.009170 113.344793 186.737409 187.572912 88.721319 216.956868
70.859393 147.631504 194.461995 157.915652 216.614019 122.744948 244.009170 113.344793 186.726790 187.560415 88.721319 216.956868
71.067227 147.553187 194.411608 157.758973 216.400909 122.914613 244.009170 113.344793 186.710484 187.541070 88.721319 216.956868
71.270475 147.476598 194.356054 157.612344 216.162621 123.050533 244.009290 113.344953 186.622441 187.438255 88.721319 216.956868
71.471665 147.400784 194.297276 157.457206 215.923019 123.175861 244.009290 113.344953 186.581827 187.392340 88.721319 216.956868
71.678937 147.322678 194.231201 157.315147 215.666206 123.271227 244.009290 113.344953 186.526065 187.329385 88.721319 216.956868
71.881343 147.246406 194.145040 157.178196 215.403050 123.349411 244.009290 113.344953 186.458301 187.249221 88.721319 216.956868
72.177316 147.140665 194.056375 157.037268 215.131271 123.391372 244.009290 113.344953 186.383751 187.156082 88.722351 216.955780
72.521966 147.024399 193.971225 156.901926 214.861270 123.433058 244.012469 113.349194 186.298578 187.049672 88.724691 216.953313
72.729136 146.954952 193.876826 156.768606 214.587553 123.424412 244.015287 113.352955 186.216279 186.946852 88.736321 216.941051
73.030796 146.856490 193.768059 156.648954 214.311437 123.397749 244.016187 113.354156 186.132664 186.841503 88.746988 216.929805
73.240297 146.793381 193.658486 156.529119 214.043212 123.367608 244.016847 113.355036 186.046082 186.735219 88.765087 216.910723
73.444915 146.731744 193.541957 156.423012 213.774879 123.313168 244.016967 113.355196 185.959709 186.631856 88.778369 216.896721
73.656618 146.667972 193.424392 156.315963 213.508015 123.259027 244.016967 113.355196 185.873408 186.527396 88.793096 216.881194
73.871460 146.498514 193.292971 156.222223 213.238408 123.204329 244.016967 113.355196 185.790160 186.425860 88.803831 216.869875
73.971613 146.308379 193.199626 156.121687 212.966841 123.149233 244.016967 113.355196 185.708088 186.330070 88.812296 216.860951
74.071860 146.118067 193.063677 156.032304 212.698017 123.094694 244.016967 113.355196 185.614068 186.229464 88.820141 216.852680
74.171408 145.929082 192.925698 155.947453 212.429970 123.036252 244.016967 113.355196 185.521836 186.130883 88.823513 216.849125
74.273332 145.735585 192.774610 155.900550 212.160998 122.969632 244.016967 113.355196 185.434755 186.038027 88.824339 216.848254
74.373905 145.544654 192.622855 155.853440 211.898529 122.904623 244.027222 113.368879 185.274035 185.863730 88.824408 216.848182
74.530548 145.393050 192.464561 155.826567 211.635186 122.839397 244.044014 113.391285 185.186964 185.768683 88.824545 216.848037
74.691673 145.247546 192.307638 155.803558 211.373105 122.774488 244.069083 113.424734 185.098542 185.672161 88.824545 216.848037
74.853540 145.101373 192.149445 155.777566 211.109566 122.709222 244.107358 113.472470 185.007757 185.573059 88.824545 216.848037
75.016594 144.954127 191.989062 155.740992 210.847095 122.644221 244.137183 113.513910 184.918862 185.476021 88.824545 216.848037
75.167720 144.796913 191.834529 155.705753 210.577514 122.577564 244.168050 113.559311 184.825915 185.374559 88.824545 216.848037
75.259094 144.597556 191.678924 155.670268 210.314668 122.512828 244.193262 113.596585 184.739452 185.280175 88.824545 216.848037
75.349760 144.399744 191.522831 155.634673 210.050172 122.447686 244.218867 113.634439 184.652179 185.184907 88.824545 216.848037
75.425843 144.233750 191.368677 155.598719 209.785676 122.382543 244.237860 113.662518 184.560515 185.084846 88.824545 216.848037
75.485787 144.083186 191.207286 155.556984 209.507536 122.311736 244.258590 113.693166 184.475382 184.988201 88.824545 216.848037
75.521407 143.955460 191.053640 155.517253 209.242645 122.243657 244.274053 113.716027 184.390366 184.890781 88.824545 216.848037
75.547732 143.861062 190.909289 155.479924 208.979303 122.175977 244.285090 113.732345 184.302653 184.790272 88.824545 216.848037
75.564387 143.801341 190.793594 155.450007 208.712571 122.107426 244.297921 113.751313 184.217110 184.692249 88.824545 216.848037
75.571774 143.774851 190.696820 155.425653 208.449616 122.039846 244.303579 113.759679 184.132554 184.595357 88.824545 216.848037
75.576825 143.756742 190.627653 155.410070 208.181528 121.970946 244.307501 113.765477 184.047471 184.497861 88.824545 216.848037
75.602280 143.682739 190.574486 155.398092 207.919252 121.903540 244.311367 113.771193 183.961271 184.399085 88.826059 216.846440
75.603771 143.680858 190.532928 155.388729 207.656587 121.836034 244.312151 113.772352 183.875136 184.300384 88.832666 216.839475
75.608554 143.674824 190.501515 155.381652 207.389468 121.767384 244.312712 113.773181 183.788805 184.201458 88.852417 216.818652
75.621412 143.658602 190.480346 155.376882 207.123608 121.699057 244.312824 113.773346 183.683377 184.116618 88.866662 216.803633
75.642532 143.631957 190.454786 155.371124 206.859491 121.631177 244.312824 113.773346 183.581977 184.036068 88.891092 216.777877
75.731427 143.619538 190.439568 155.367695 206.597602 121.563871 244.312824 113.773346 183.477210 183.952844 88.929217 216.737682
75.805661 143.612585 190.427081 155.364882 206.335519 121.496514 244.312824 113.773346 183.371659 183.868997 88.954175 216.711187
75.957502 143.614290 190.406204 155.360178 206.070434 121.428386 244.312824 113.773346 183.266031 183.785089 88.982112 216.679960
76.151812 143.573971 190.395180 155.357695 205.804283 121.359985 244.312824 113.773346 183.163534 183.703669 89.009116 216.649777
76.283814 143.555146 190.383961 155.355167 205.541909 121.292554 244.312824 113.773346 183.057123 183.619138 89.068006 216.578330
76.412395 143.536932 190.369718 155.351958 205.272960 121.225531 244.312824 113.773346 182.953530 183.536847 89.114082 216.517639
76.538159 143.509632 190.362109 155.350244 205.002699 121.165259 244.312824 113.773346 182.850251 183.454805 89.170560 216.443249
76.667680 143.492788 190.358109 155.349343 204.738197 121.106271 244.312824 113.773346 182.668301 183.304729 89.240098 216.351655
76.800173 143.479036 190.356256 155.348925 204.469888 121.046434 244.312824 113.773346 182.569038 183.220320 89.320642 216.245566
76.933703 143.472286 190.355671 155.348793 204.204800 120.987316 244.312824 113.773346 182.468022 183.134422 89.412432 216.124662
77.065609 143.467365 190.355280 155.348705 203.934539 120.927043 244.313216 113.773926 182.369902 183.050984 89.513898 215.991015
77.194630 143.462848 190.355280 155.348705 203.640513 120.842111 244.314617 113.775997 182.260487 182.970518 89.622076 215.848527
77.330447 143.458094 190.355280 155.348705 203.357706 120.771045 244.316858 113.779310 182.140863 182.903128 89.737207 215.696880
77.468063 143.453276 190.355280 155.348705 203.061611 120.696639 244.319715 113.783534 182.028122 182.839615 89.859655 215.535595
77.601481 143.448606 190.355280 155.348705 202.755915 120.619821 244.324701 113.790906 181.907714 182.771784 89.990992 215.362603
77.728296 143.411215 190.355280 155.348705 202.440327 120.540517 244.330416 113.799355 181.719181 182.654976 90.129767 215.179813
77.862813 143.406507 190.355280 155.348705 202.117174 120.459311 244.344591 113.820311 181.637679 182.596345 90.277611 214.985077
77.997831 143.401782 190.354305 155.348485 201.797415 120.378959 244.372914 113.893026 181.570221 182.547816 90.436246 214.777949
78.135546 143.396962 190.352841 155.348156 201.477968 120.294647 244.383749 113.914425 181.532392 182.520603 90.605735 214.559741
78.264268 143.392458 190.346988 155.346837 201.162013 120.208840 244.398142 113.944120 181.499028 182.496602 90.774182 214.342875
78.395387 143.387869 190.341232 155.345540 200.844127 120.122508 244.418119 113.985334 181.485715 182.487025 90.940543 214.128694
78.529905 143.383161 190.333428 155.343782 200.526738 120.037439 244.429590 114.009001 181.479789 182.482762 91.108683 213.912223
78.664722 143.378443 190.319380 155.340617 200.209143 119.957506 244.440625 114.031767 181.477516 182.481127 91.277375 213.695041
78.799740 143.373718 190.309137 155.338309 199.885923 119.876157 244.448563 114.048145 181.476786 182.480601 91.446190 213.477701
78.930959 143.369126 190.300747 155.336419 199.568327 119.796224 244.485372 114.126662 181.476217 182.480192 91.615005 213.260361
79.130350 143.361938 190.296943 155.335562 199.251119 119.716388 244.490785 114.139247 181.476217 182.480192 91.781734 213.045707
79.264462 143.357087 190.291772 155.334397 198.932360 119.636162 244.494381 114.147606 181.476217 182.480192 91.952021 212.826471
79.399374 143.352208 190.286017 155.333100 198.610498 119.555155 244.496475 114.152475 181.476217 182.480192 92.117646 212.613238
79.536484 143.347248 190.274700 155.330551 198.291370 119.472749 244.497502 114.154863 181.476217 182.480192 92.313196 212.383874
79.667998 143.342491 190.268039 155.328760 197.973394 119.389078 244.497897 114.155782 181.476217 182.480192 92.476966 212.167203
79.806108 143.337496 190.250932 155.323842 197.651260 119.304313 244.498095 114.156241 181.476217 182.480192 92.641097 211.950054
79.936923 143.332764 190.244973 155.322129 197.329126 119.219547 244.498095 114.156241 181.476217 182.480192 92.805229 211.732906
80.068037 143.328022 190.232768 155.318620 197.006311 119.143874 244.498095 114.156241 181.476217 182.480192 92.970386 211.514400
80.206346 143.323019 190.224887 155.316355 196.685146 119.071128 244.498095 114.156241 181.476217 182.480192 93.133914 211.298049
80.343956 143.318041 190.219409 155.314780 196.365835 118.998802 244.498095 114.156241 181.476217 182.480192 93.298468 211.080342
80.473372 143.313360 190.212681 155.312846 196.045353 118.926211 244.498095 114.156241 181.476217 182.480192 93.464710 210.860401
80.609982 143.308419 190.210855 155.312321 195.725457 118.853752 244.498095 114.156241 181.476217 182.480192 93.629987 210.641736
80.745494 143.303517 190.210086 155.312100 195.406438 118.781492 244.498095 114.156241 181.476217 182.480192 93.798177 210.422025
80.878607 143.298703 190.209798 155.312017 195.088788 118.703551 244.498095 114.156241 181.476217 182.480192 93.966882 210.203461
81.016500 143.293335 190.209798 155.312017 194.768471 118.621738 244.498095 114.156241 181.476217 182.480192 94.135525 209.984976
81.153255 143.287077 190.209798 155.312017 194.450673 118.540570 244.498095 114.156241 181.476217 182.480192 94.301479 209.769975
81.289873 143.282349 190.209798 155.312017 194.130937 118.458906 244.498095 114.156241 181.473376 182.478148 94.467067 209.555449
81.425908 143.275695 190.209798 155.312017 193.808198 118.376475 244.498095 114.156241 181.469155 182.475112 94.635038 209.337835
81.555332 143.268958 190.195862 155.308011 193.484843 118.296078 244.498095 114.156241 181.458846 182.467695 94.803926 209.119034
81.686954 143.262106 190.170490 155.300717 193.134386 118.206049 244.498095 114.156241 181.439038 182.453446 94.972386 208.900787
81.821971 143.255077 190.156458 155.296683 192.814581 118.123052 244.498095 114.156241 181.405837 182.429562 95.138463 208.685627
81.959388 143.247995 190.136180 155.290853 192.487721 118.072330 244.498095 114.156241 181.360328 182.393064 95.304662 208.470309
82.092425 143.243884 190.122244 155.286847 192.170234 117.989953 244.498688 114.157619 181.301173 182.341459 95.472267 208.255074
82.223262 143.239841 190.099851 155.280410 191.852457 117.907500 244.499636 114.159824 181.157289 182.216670 95.641000 208.041481
82.358094 143.235558 190.099851 155.280410 191.534654 117.827223 244.503943 114.169837 181.076051 182.147186 95.810106 207.827418
82.488669 143.230022 190.085723 155.276348 191.213986 117.751012 244.507183 114.177370 180.984098 182.068537 95.978529 207.614217
82.621975 143.222836 190.072268 155.272480 190.893026 117.674732 244.516073 114.198039 180.887001 181.985441 96.147635 207.400154
82.758104 143.208942 190.069673 155.271734 190.569731 117.597897 244.529839 114.329322 180.789221 181.901759 96.315067 207.188209
82.893304 143.192470 190.067655 155.271154 190.250230 117.521964 244.540344 114.361343 180.693408 181.819776 96.483552 206.974930
83.029795 143.175840 190.066021 155.270684 189.931605 117.446238 244.550506 114.392319 180.592086 181.733158 96.651542 206.762279
83.162017 143.159731 190.065733 155.270601 189.607823 117.369288 244.562912 114.430136 180.424998 181.572697 96.821143 206.547588
83.297167 143.161033 190.065637 155.270574 189.290591 117.287964 244.577250 114.473844 180.334557 181.477512 96.989005 206.332441
83.429943 143.182504 190.065637 155.270574 188.970632 117.204765 244.593179 114.522399 180.246146 181.384538 97.155048 206.110973
83.561632 143.203798 190.065637 155.270574 188.649704 117.121314 244.606549 114.564415 180.158520 181.290787 97.317912 205.893746
83.794598 143.195799 190.065637 155.270574 188.331773 117.040693 244.618674 114.608166 180.083283 181.184771 97.482095 205.674758
83.924365 143.172736 190.065637 155.270574 188.009232 116.961170 244.629624 114.647677 180.008046 181.078755 97.645798 205.456411
84.060235 143.148588 190.065637 155.270574 187.691351 116.882797 244.640681 114.687573 179.930493 180.969477 97.810506 205.240974
84.191971 143.125175 190.065637 155.270574 187.373470 116.804423 244.654381 114.737010 179.854371 180.860906 97.979181 205.025428
84.322525 143.101972 190.065637 155.270574 187.050734 116.724853 244.620168 114.740055 179.776523 180.750245 98.146656 204.808953
84.454130 143.095380 190.065637 155.270574 186.727513 116.645162 244.574571 114.674321 179.697582 180.638031 98.312963 204.590694
84.592496 143.092284 190.065637 155.270574 186.409632 116.566789 244.508665 114.605903 179.619121 180.527117 98.476967 204.375457
84.728262 143.089245 190.065637 155.270574 186.088256 116.487553 244.415069 114.537781 179.534579 180.407963 98.642728 204.157913
84.856629 143.086372 190.065637 155.270574 185.765229 116.407911 244.296898 114.469262 179.404050 180.226364 98.806308 203.943232
84.983598 143.083531 190.065637 155.270574 185.419500 116.322564 244.147249 114.446935 179.301307 180.087053 98.973343 203.724018
85.113265 143.080629 190.065637 155.270574 185.100714 116.247557 243.922844 114.491783 179.188356 179.933900 99.137468 203.508622
85.251631 143.077532 190.065637 155.270574 184.781641 116.174185 243.759104 114.552532 179.067740 179.714721 99.305351 203.288294
85.385817 143.069409 190.065637 155.270574 184.463154 116.100947 243.577193 114.617273 178.938401 179.539359 99.472931 203.068364
85.516622 143.058017 190.065637 155.270574 184.140475 116.026745 243.380342 114.685324 178.820518 179.379529 99.640147 202.848911
85.645733 143.046773 190.065637 155.270574 183.820428 115.953149 243.159344 114.684312 178.711064 179.231127 99.804211 202.633594
85.780868 143.035610 190.065637 155.270574 183.481721 115.873714 242.933030 114.621721 178.593300 179.071459 99.971428 202.414142
85.916090 143.026943 190.061408 155.269358 183.160677 115.798224 242.698101 114.549352 178.464911 178.897384 100.139492 202.193575
86.051313 143.018275 190.054777 155.267452 182.842553 115.723421 242.451660 114.465275 178.326846 178.710192 100.307072 201.973645
86.185019 143.009465 190.054777 155.267452 182.522483 115.648161 242.181382 114.421523 178.181006 178.512457 100.473016 201.755863
86.315130 142.997071 190.054777 155.267452 182.201146 115.572602 241.904629 114.489907 178.029468 178.306996 100.639141 201.537841
86.447830 142.984432 190.054777 155.267452 181.881854 115.497525 241.625380 114.587387 177.816735 178.007923 100.804903 201.320298
86.576049 142.972219 190.054777 155.267452 181.560283 115.419954 241.340965 114.702162 177.624534 177.812886 100.964725 201.110549
86.702875 142.960138 190.054777 155.267452 181.237250 115.340335 241.046628 114.820940 177.431532 177.619526 101.114910 200.913447
86.816760 142.949291 190.054777 155.267452 180.918295 115.261722 240.744687 114.942788 177.239080 177.428464 101.298486 200.729565
86.926829 142.938481 190.054777 155.267452 180.597399 115.182629 240.434678 115.067891 177.039013 177.238335 101.451367 200.526350
87.121773 142.924264 190.054777 155.267452 180.277861 115.103872 240.129993 115.187165 176.840831 177.049996 101.611641 200.313307
87.246379 142.917302 190.054777 155.267452 179.958651 115.021299 239.861002 115.292282 176.642745 176.861702 101.773960 200.097546
87.381768 142.909737 190.054777 155.267452 179.640870 114.924145 239.614552 115.388590 176.452099 176.680530 101.937602 199.880028
87.528894 142.901373 190.054777 155.267452 179.326150 114.827927 239.388033 115.477109 176.286602 176.523267 102.102866 199.660352
87.660702 142.894252 190.054777 155.267452 179.007796 114.730597 239.193648 115.553071 176.149338 176.395031 102.269453 199.438917
87.799100 142.886775 190.054777 155.267452 178.700452 114.619621 239.015191 115.622809 176.035249 176.302335 102.436101 199.217403
87.928711 142.879772 190.054777 155.267452 178.389504 114.505872 238.865513 115.681301 175.954998 176.237132 102.602147 198.996688
88.063636 142.871558 190.054777 155.267452 178.083892 114.388157 238.736660 115.728049 175.899816 176.192298 102.769155 198.774695
88.196161 142.856303 190.054777 155.267452 177.775687 114.269380 238.619006 115.768455 175.869004 176.167263 102.935382 198.553740
88.326500 142.841299 190.054777 155.267452 177.465430 114.149812 238.517851 115.802712 175.854568 176.155534 103.098241 198.337260
88.456368 142.832285 190.054777 155.267452 177.154985 114.030172 238.433754 115.830280 175.843159 176.146265 103.262063 198.119502
88.589506 142.823929 190.054777 155.267452 176.855668 113.895727 238.367902 115.851867 175.836097 176.140527 103.427148 197.900065
88.724740 142.815442 190.054777 155.267452 176.556885 113.750291 238.292833 115.876476 175.823679 176.130437 103.593795 197.678551
88.853587 142.807356 190.054777 155.267452 176.257922 113.604767 238.234298 115.895664 175.803345 176.113916 103.753286 197.456505
88.983731 142.799188 190.054777 155.267452 175.964045 113.454139 238.211587 115.903109 175.774240 176.090269 103.910120 197.236603
89.215755 142.783612 190.054777 155.267452 175.672854 113.297388 238.142589 115.928432 175.729613 176.054010 104.069741 197.012792
89.351329 142.774214 190.054777 155.267452 175.379551 113.139500 238.084119 115.952156 175.669154 176.004887 104.226865 196.792482
89.480862 142.763269 190.054777 155.267452 175.088713 112.982940 238.007394 115.983287 175.414320 175.607257 104.387474 196.567288
89.609936 142.751602 190.054777 155.267452 174.807986 112.816519 237.916770 116.020058 175.401795 175.516315 104.545237 196.346083
89.744288 142.739457 190.054777 155.267452 174.530016 112.637368 237.810300 116.063258 175.387222 175.410514 104.706367 196.120155
89.875453 142.727600 190.054777 155.267452 174.252635 112.458596 237.688912 116.112511 175.370475 175.286040 104.867614 195.894065
90.006618 142.715743 190.054777 155.267452 173.977607 112.281341 237.554458 116.167065 175.353869 175.140585 105.027409 195.670011
90.140970 142.703598 190.054777 155.267452 173.700981 112.103056 237.401472 116.229139 175.335980 174.983903 105.187205 195.445956
90.271339 142.691813 190.054777 155.267452 173.424834 111.921106 237.235976 116.296288 175.316504 174.813311 105.346594 195.222471
90.401608 142.680037 190.054777 155.267452 173.162625 111.718836 237.058248 116.368400 175.295338 174.627915 105.506616 194.995428
90.534964 142.667982 190.054777 155.267452 172.905349 111.513775 236.870884 116.444423 175.272413 174.427119 105.654044 194.767562
90.665631 142.656170 190.034306 155.261567 172.646821 111.307718 236.674160 116.524243 175.254708 174.266694 105.803591 194.536422
90.802374 142.643809 190.026521 155.259329 172.386573 111.100288 236.467429 116.608123 175.239878 174.132108 105.951997 194.307044
90.930802 142.632792 190.021235 155.257809 172.136287 110.888600 236.248745 116.696854 175.199789 173.977279 106.099914 194.078423
91.060037 142.621829 190.019890 155.257422 171.889642 110.671321 236.021350 116.789119 175.145920 173.854684 106.248483 193.848794
91.190469 142.610766 190.019697 155.257367 171.640597 110.451926 235.784874 116.885068 175.111312 173.727302 106.396834 193.619501
91.318609 142.599896 190.019601 155.257339 171.393127 110.233920 235.534777 116.986544 175.077438 173.602621 106.546707 193.387856
91.448542 142.588875 190.019601 155.257339 171.152370 110.009086 235.272966 117.089055 175.042883 173.475432 106.694244 193.159823
91.580867 142.577651 190.019601 155.257339 170.883302 109.746004 235.047696 117.173279 175.009664 173.353164 106.844280 192.927927
91.716181 142.566173 190.019601 155.257339 170.646986 109.511247 234.824863 117.295766 174.985650 173.269029 106.993555 192.697206
91.914998 142.571461 190.007684 155.253913 170.427881 109.268842 234.580365 117.394552 174.970058 173.216076 107.143971 192.464722
92.043135 142.582362 189.994998 155.250266 170.207391 109.022240 234.320940 117.499368 174.960596 173.183941 107.290693 192.237948
92.174660 142.593552 189.986540 155.247835 169.986767 108.775489 234.050388 117.608680 174.957545 173.173580 107.438338 192.009746
92.310171 142.605081 189.979236 155.245735 169.771951 108.525684 233.766856 117.723236 174.954918 173.164659 107.587559 191.779110
92.439304 142.616068 189.971884 155.243240 169.561258 108.275348 233.469787 117.843261 174.954466 173.163124 107.730617 191.548595
92.576907 142.627775 189.965217 155.239388 169.347087 108.020881 233.164837 117.966471 174.954438 173.163028 107.872753 191.319037
92.802750 142.610545 189.957338 155.234835 169.140034 107.767836 232.852815 118.093528 174.954438 173.163028 108.018891 191.083017
92.935822 142.574377 189.952489 155.232033 168.935207 107.508205 232.533848 118.224211 174.893392 173.149366 108.164450 190.847932
93.060692 142.540438 189.951017 155.231183 168.730194 107.248338 232.197817 118.329740 174.852876 173.162200 108.307219 190.617353
93.189422 142.505450 189.950065 155.230633 168.527389 106.986759 231.847536 118.432348 174.791578 173.181617 108.449829 190.387029
93.324513 142.475144 189.949545 155.230332 168.325869 106.722287 231.481423 118.517868 174.717982 173.204929 108.595546 190.151690
93.452754 142.457133 189.949286 155.230182 168.120520 106.467972 231.103121 118.589909 174.670602 173.219937 108.739999 189.918390
93.580600 142.439177 189.945389 155.227931 167.909593 106.210163 230.712378 118.640700 174.540193 173.162788 108.885663 189.683135
93.713792 142.420470 189.945389 155.227931 167.702466 105.956998 230.336546 118.667691 174.507938 173.087943 109.031064 189.448305
93.842925 142.402334 189.945389 155.227931 167.476318 105.681379 229.985350 118.692912 174.469312 172.998312 109.173570 189.218152
93.975028 142.383780 189.945389 155.227931 167.265489 105.431289 229.660426 118.700133 174.425342 172.896283 109.317075 188.986383
94.169778 142.362953 189.945389 155.227931 167.050663 105.176458 229.359327 118.699488 174.375713 172.781122 109.461055 188.753849
94.305823 142.350652 189.938203 155.223779 166.836998 104.923003 229.075628 118.698880 174.320582 172.653195 109.605771 188.520124
94.435694 142.338910 189.931016 155.219626 166.623591 104.669854 228.809328 118.698310 174.272113 172.537458 109.750804 188.285889
94.567655 142.326979 189.929631 155.218826 166.413019 104.420069 228.560929 118.697778 174.238899 172.449521 109.895731 188.051825
94.695832 142.315389 189.928418 155.218125 166.199289 104.166538 228.332129 118.697288 174.216038 172.388995 110.035953 187.816901
94.824906 142.303719 189.927466 155.217575 165.986169 103.912889 228.068430 118.666176 174.204342 172.358030 110.177196 187.577804
94.955157 142.290901 189.926946 155.217275 165.774445 103.656252 227.851250 118.673404 174.196463 172.337168 110.315540 187.343614
95.083869 142.273371 189.926513 155.217025 165.565331 103.402778 227.630972 118.680736 174.192541 172.326784 110.455410 187.106841
95.218779 142.257006 189.926427 155.216975 165.354307 103.146989 227.413192 118.687984 174.190668 172.321826 110.595229 186.870154
95.355424 142.241719 189.926427 155.216975 165.145002 102.893284 227.195577 118.691220 174.187382 172.313126 110.733013 186.636911
95.554138 142.224661 189.926427 155.216975 164.935974 102.638711 226.978004 118.687819 174.185863 172.309103 110.872374 186.400999
95.685651 142.217658 189.926427 155.216975 164.732348 102.381828 226.760532 118.684373 174.183637 172.303210 110.996374 186.160311
95.824155 142.210284 189.926427 155.216975 164.528287 102.124395 226.542600 118.678921 174.181517 172.297597 111.117131 185.914580
95.960163 142.203042 189.926427 155.216975 164.323667 101.866258 226.320669 118.673369 174.178584 172.289832 111.236831 185.671002
96.245276 142.188309 189.920452 155.213523 164.120476 101.609922 226.099838 118.667844 174.175439 172.281506 111.356530 185.427424
96.379608 142.184020 189.905560 155.204918 163.916725 101.352882 225.886305 118.662501 174.172012 172.272432 111.478567 185.179090
96.517537 142.179615 189.898460 155.200815 163.714840 101.095393 225.671739 118.658865 174.169362 172.265416 111.600030 184.931923
96.653068 142.175287 189.885818 155.193511 163.511970 100.835244 225.422724 118.678513 174.166712 172.258399 111.720082 184.687627
96.791498 142.170866 189.876207 155.187958 163.308791 100.574700 225.186950 118.682039 174.163779 172.250635 111.827932 184.435364
96.925230 142.166595 189.869627 155.184156 163.104937 100.313290 224.936778 118.685781 174.157984 172.235293 111.930483 184.181064
97.060760 142.162267 189.865211 155.181604 162.903603 100.055112 224.674947 118.698391 174.150705 172.216021 112.031651 183.930194
97.190694 142.158118 189.862613 155.180103 162.702700 99.797487 224.397100 118.715940 174.143745 172.197592 112.134502 183.675152
97.389823 142.150036 189.861487 155.179453 162.499829 99.537338 224.105182 118.734377 174.133462 172.170369 112.236754 183.421593
97.519661 142.143539 189.861314 155.179353 162.297205 99.277504 223.807988 118.782708 174.125194 172.148479 112.338932 183.168220
97.656190 142.136707 189.861314 155.179353 162.094949 99.018144 223.497989 118.837477 174.110849 172.110498 112.441334 182.914290
97.785528 142.130235 189.861314 155.179353 161.891094 98.756734 223.183036 118.906673 174.100531 172.083181 112.542801 182.662679
97.915965 142.123708 189.861314 155.179353 161.689269 98.497925 222.859929 118.979442 174.088270 172.050719 112.647745 182.413697
98.051695 142.116916 189.861314 155.179353 161.484983 98.235963 222.545472 119.068088 174.068943 171.999548 112.755935 182.158699
98.180135 142.110489 189.861314 155.179353 161.280145 97.973290 222.227611 119.161135 174.056611 171.966899 112.867559 181.869573
98.310372 142.103972 189.861314 155.179353 161.077458 97.713378 221.913363 119.254579 174.038692 171.919899 112.957915 181.610159
98.505400 142.095196 189.861314 155.179353 160.875449 97.454333 221.603036 119.373406 174.020492 171.872579 113.048601 181.349800
98.641574 142.092529 189.861314 155.179353 160.674300 97.196392 221.296257 119.490875 174.007102 171.837765 113.138562 181.091519
98.772949 142.089957 189.861314 155.179353 160.470322 96.934824 221.001946 119.606934 173.991989 171.798471 113.229314 180.830972
98.904323 142.087384 189.861314 155.179353 160.266037 96.672861 220.738123 119.737582 173.979784 171.766737 113.320229 180.569952
99.034998 142.084825 189.851617 155.173750 160.064420 96.415545 220.492582 119.859178 173.966394 171.731924 113.410421 180.311010
99.152976 142.082515 189.851617 155.173750 159.859461 96.159595 220.258675 119.993546 173.951029 171.691976 113.494184 180.051816
99.239236 142.085804 189.851617 155.173750 159.653564 95.902475 220.024619 120.137153 173.936311 171.653709 113.568548 179.790803
99.308856 142.096256 189.835771 155.164594 159.448917 95.646916 219.789563 120.283614 173.918470 171.607322 113.643926 179.526231
99.351478 142.102655 189.810229 155.149836 159.243645 95.390576 219.562322 120.441664 173.907557 171.578948 113.719524 179.260890
99.372246 142.105773 189.810229 155.149836 159.046439 95.128616 219.340499 120.595946 173.893844 171.543294 113.795050 178.995841
99.381245 142.107124 189.803994 155.146234 158.851964 94.858181 219.117856 120.750798 173.883577 171.516601 113.869321 178.735217
99.387277 142.108029 189.803994 155.146234 158.658774 94.589532 218.896915 120.910969 173.873095 171.489347 113.944469 178.471516
99.388167 142.108163 189.798366 155.142982 158.466868 94.322669 218.681003 121.081284 173.867064 171.473667 114.018576 178.211469
99.388563 142.108222 189.798366 155.142982 158.272743 94.052721 218.467054 121.250051 173.862469 171.461720 114.093888 177.947190
99.388761 142.108252 189.798366 155.142982 158.079670 93.784234 218.249887 121.421357 173.858700 171.451920 114.183539 177.686400
99.388761 142.108252 189.798366 155.142982 157.886012 93.514936 218.034682 121.591115 173.857013 171.447533 114.272958 177.429730
99.388761 142.108252 189.798366 155.142982 157.689985 93.246862 217.819948 121.760501 173.856115 171.445200 114.364220 177.167772
99.388761 142.108252 189.798366 155.142982 157.522492 92.962069 217.610455 121.933029 173.855613 171.443893 114.454824 176.907703
99.388761 142.108252 189.780357 155.132576 157.327012 92.694833 217.401786 122.105940 173.855541 171.443706 114.544178 176.651222
99.388761 142.108252 189.768927 155.125972 157.133777 92.430664 217.190268 122.281211 173.855505 171.443613 114.634815 176.391058
99.388761 142.108252 189.758623 155.120019 156.939773 92.165446 216.976947 122.456008 173.855505 171.443613 114.725484 176.130800
99.388761 142.108252 189.744337 155.111764 156.745593 91.899986 216.764932 122.624801 173.855505 171.443613 114.816516 175.869503
99.388761 142.108252 189.734986 155.106361 156.546279 91.640334 216.548537 122.797081 173.855505 171.443613 114.906659 175.610755
99.388761 142.108252 189.731609 155.104410 156.340604 91.382397 216.331246 122.962331 173.855505 171.443613 114.995749 175.355030
99.388761 142.108252 189.731436 155.104310 156.134180 91.123521 216.090669 123.088169 173.855505 171.443613 115.107100 175.093750
99.388761 142.108252 189.731436 155.104310 155.929814 90.867226 215.845076 123.207747 173.855505 171.443613 115.181037 174.864137
99.388761 142.108252 189.731436 155.104310 155.723266 90.608194 215.588363 123.298852 173.855505 171.443613 115.286856 174.644499
99.388761 142.108252 189.731436 155.104310 155.516842 90.349318 215.321319 123.362030 173.855505 171.443613 115.394455 174.421168
99.388761 142.108252 189.731436 155.104310 155.310730 90.090834 215.050132 123.403899 173.855505 171.443613 115.503182 174.195495
99.388761 142.108252 189.660622 155.071867 155.098585 89.840192 214.778763 123.442876 173.855505 171.443613 115.614775 173.963875
99.390541 142.108519 189.618357 155.056418 154.872011 89.597113 214.509815 123.416905 173.855505 171.443613 115.730115 173.733953
99.400133 142.109959 189.560125 155.035134 154.648573 89.357399 214.237581 123.390617 173.855505 171.443613 115.854745 173.505087
99.409923 142.111429 189.487992 155.008769 154.444696 89.096803 213.965201 123.351781 173.855505 171.443613 115.980667 173.273849
99.434152 142.115066 189.408381 154.944503 154.209493 88.863339 213.698338 123.297639 173.855505 171.443613 116.105249 173.045071
99.475983 142.121346 189.300464 154.905058 153.976850 88.632977 213.433631 123.243936 173.855505 171.443613 116.233083 172.810321
99.532351 142.129809 189.179596 154.860848 153.741118 88.404910 213.165689 123.189576 173.855505 171.443613 116.363910 172.576249
99.598213 142.139697 189.042141 154.810169 153.502367 88.173924 212.894612 123.134580 173.855505 171.443613 116.504944 172.342267
99.682964 142.152420 188.886953 154.752951 153.267281 87.946483 212.624613 123.079802 173.855505 171.443613 116.641693 172.115393
100.005296 142.125464 188.718348 154.690786 153.031837 87.718695 212.360082 123.018942 173.855505 171.443613 116.781385 171.883638
100.116344 142.095574 188.539058 154.615954 152.795377 87.492793 212.093827 122.952995 173.855505 171.443613 116.920251 171.653253
100.242920 142.063961 188.349619 154.535797 152.540024 87.282499 211.830194 122.887698 173.855505 171.443613 117.057877 171.424923
100.369931 142.047294 188.146273 154.449755 152.284980 87.072459 211.560639 122.820933 173.855505 171.443613 117.200150 171.188885
100.486630 142.031979 187.945506 154.364804 152.032329 86.864390 211.292539 122.754535 173.855505 171.443613 117.341288 170.954732
100.610964 142.015662 187.743910 154.279503 151.776204 86.653461 211.026379 122.688621 173.855505 171.443613 117.481392 170.722291
100.744023 141.998201 187.518525 154.188971 151.532661 86.452893 210.764199 122.623692 173.855505 171.443613 117.626945 170.491695
100.870717 141.986904 187.227973 154.111489 151.293231 86.270776 210.499349 122.558313 173.855505 171.443613 117.771102 170.265057
101.004206 141.975212 187.023155 154.028214 151.059400 86.109947 210.232329 122.492549 173.855505 171.443613 117.919660 170.031501
101.122553 141.964846 186.823062 153.946859 150.843120 85.961190 209.969289 122.427765 173.855505 171.443613 118.065695 169.801910
101.248969 141.953774 186.623894 153.865882 150.634172 85.817476 209.692137 122.359179 173.855505 171.443613 118.212804 169.570631
101.381461 141.942169 186.425839 153.785356 150.432062 85.678465 209.424340 122.290354 173.855505 171.443613 118.361147 169.337412
101.511762 141.930756 186.222966 153.702872 150.236874 85.544215 209.157899 122.221877 173.855505 171.443613 118.506592 169.108749
101.648240 141.918802 186.018646 153.624958 150.058411 85.421469 208.896203 122.154621 173.855505 171.443613 118.653540 168.877723
101.782924 141.907005 185.815651 153.550265 149.812205 85.328715 208.628890 122.085920 173.855505 171.443613 118.804652 168.612026
101.912130 141.895688 185.607871 153.473810 149.615306 85.229686 208.364386 122.017941 173.855505 171.443613 118.937964 168.376083
102.110131 141.880934 185.400372 153.397460 149.423141 85.133038 208.100075 121.950013 173.855505 171.443613 119.073638 168.135962
102.247247 141.872109 185.198692 153.323250 149.228654 85.035222 207.834215 121.881685 173.855505 171.443613 119.193895 167.893254
102.381070 141.863496 184.994665 153.248177 149.035775 84.938215 207.569130 121.813557 173.855505 171.443613 119.303265 167.644867
102.509305 141.855243 184.785171 153.177583 148.739016 84.835453 207.304141 121.745454 173.855505 171.443613 119.414166 167.393002
102.639036 141.846894 184.551252 153.097932 148.521325 84.825928 207.036344 121.676629 173.855505 171.443613 119.522931 167.145987
102.765674 141.838744 184.350439 153.024844 148.304732 84.816452 206.768256 121.607730 173.855505 171.443613 119.629641 166.903641
102.896105 141.830349 184.141987 152.948770 148.088039 84.806972 206.504720 121.540000 173.855505 171.443613 119.728827 166.658572
103.026435 141.821962 183.940183 152.874606 147.867773 84.803933 206.237214 121.471250 173.855505 171.443613 119.803691 166.447559
103.155468 141.813657 183.736033 152.799580 147.650255 84.848319 205.972322 121.403171 173.855505 171.443613 119.876514 166.242294
103.291986 141.804871 183.533760 152.725244 147.435873 84.892064 205.705977 121.334720 173.855505 171.443613 119.946750 166.032300
103.409343 141.797318 183.328508 152.655842 147.218159 84.936489 205.442054 121.266890 173.855505 171.443613 120.004633 165.822747
103.525602 141.789836 183.121966 152.588640 147.033853 85.040165 205.173503 121.203351 173.855505 171.443613 120.063288 165.610399
103.613720 141.784165 182.917516 152.522118 146.855605 85.166883 204.905389 121.143557 173.855505 171.443613 120.121783 165.398629
103.715310 141.777627 182.708311 152.454049 146.675157 85.295165 204.641082 121.084613 173.855505 171.443613 120.180465 165.186185
103.830072 141.770241 182.502791 152.388241 146.511249 85.430367 204.371603 121.024515 173.855505 171.443613 120.237656 164.979138
103.924377 141.764171 182.299400 152.323654 146.393913 85.595408 204.107198 120.965549 173.855505 171.443613 120.296683 164.765441
104.020878 141.757961 182.090005 152.257159 146.293091 85.737221 203.841329 120.906256 173.855505 171.443613 120.352432 164.554716
104.102708 141.752694 181.875843 152.211443 146.201714 85.865749 203.549057 120.819129 173.855505 171.443613 120.403584 164.343111
104.161088 141.748937 181.657354 152.173866 146.133252 85.988621 203.267995 120.748501 173.855505 171.443613 120.453889 164.135005
104.233238 141.744294 181.439978 152.143533 146.084503 86.100021 202.977138 120.675412 173.855505 171.443613 120.503256 163.930787
104.293114 141.740440 181.228177 152.115106 146.043691 86.193283 202.672896 120.598959 173.855505 171.443613 120.552598 163.726666
104.373149 141.735289 181.011917 152.086080 146.023928 86.274400 202.357308 120.519655 173.855505 171.443613 120.593106 163.559092
104.470946 141.728995 180.800413 152.057693 146.014039 86.337530 202.034446 120.438523 173.855218 171.442866 120.636829 163.375374
104.552977 141.723716 180.582368 152.028428 146.006534 86.385446 201.716142 120.358536 173.854105 171.439973 120.678825 163.225030
104.619539 141.719432 180.369675 151.999881 146.002525 86.411034 201.398642 120.273103 173.851664 171.433626 120.713504 163.100882
104.665145 141.716497 180.152027 151.970670 145.997898 86.440574 201.083458 120.187506 173.849259 171.427373 120.742695 162.996383
104.692788 141.714718 179.939532 151.942149 145.993410 86.469224 200.764028 120.100755 173.845884 171.418599 120.770354 162.900302
104.753954 141.710397 179.724659 151.913310 145.988040 86.503506 200.441981 120.016107 173.840643 171.404973 120.794355 162.828613
104.777286 141.708617 179.512363 151.884817 145.979513 86.557943 200.122058 119.935588 173.836371 171.393866 120.812864 162.773329
104.792243 141.707475 179.295804 151.855751 145.970909 86.612873 199.800875 119.854752 173.832171 171.382946 120.828389 162.726958
104.825845 141.704910 179.077066 151.826393 145.960850 86.677090 199.480370 119.774087 173.826787 171.368945 120.841818 162.686847
104.872908 141.701318 178.859517 151.797194 145.955016 86.714336 199.159089 119.693226 173.823089 171.359332 120.853755 162.651192
104.936025 141.696500 178.639985 151.767730 145.951224 86.738540 198.839845 119.612878 173.815084 171.338518 120.863596 162.621796
105.019183 141.690152 178.423782 151.755975 145.950001 86.746345 198.519437 119.532237 173.807833 171.317115 120.871025 162.599606
105.121186 141.682366 178.208495 151.754334 145.944060 86.805847 198.202399 119.449337 173.797376 171.285921 120.877153 162.581305
105.576807 141.659061 177.993516 151.751284 145.940829 86.853137 197.886164 119.366124 173.785997 171.251977 120.886740 162.552667
105.713462 141.636532 177.772939 151.759589 145.936446 86.917288 197.566254 119.281944 173.771629 171.209122 120.896010 162.524977
105.842510 141.616541 177.559698 151.777589 145.931177 86.994408 197.246233 119.198218 173.757485 171.166929 120.909186 162.485624
105.974920 141.598747 177.339182 151.796204 145.924920 87.085994 196.922338 119.124853 173.740193 171.115351 120.927750 162.432668
106.084039 141.584082 177.125501 151.810925 145.917347 87.196836 196.597565 119.051290 173.703997 171.008252 120.953165 162.391008
106.188896 141.569990 176.656226 151.840473 145.908929 87.320049 196.275035 118.978235 173.685525 170.953800 120.978684 162.349178
106.285230 141.557044 176.442404 151.828249 145.866291 87.460317 195.955626 118.905887 173.666282 170.897076 121.004308 162.307177
106.396499 141.543707 176.224994 151.811108 145.855590 87.616951 195.636998 118.833716 173.644147 170.831828 121.027692 162.268847
106.508079 141.535248 176.010614 151.791232 145.844692 87.776480 195.318272 118.761522 173.626413 170.779554 121.054669 162.224627
106.629829 141.526017 175.797946 151.757622 145.833814 87.935709 195.000522 118.681006 173.700993 170.666534 121.077272 162.187577
106.755169 141.516513 175.588397 151.717505 145.822779 88.097232 194.680980 118.599392 173.748181 170.665496 121.105760 162.140881
106.879812 141.507063 175.375682 151.671657 145.811560 88.261449 194.360759 118.517605 173.785472 170.664676 121.130446 162.100417
107.008841 141.497280 175.160055 151.623258 145.800641 88.421277 194.044124 118.436733 173.799769 170.664362 121.157945 162.055342
107.140264 141.487316 174.951979 151.574121 145.789368 88.586292 193.721391 118.354684 173.811866 170.664096 121.185287 162.010524
107.274479 141.477140 174.739948 151.521891 145.778272 88.748713 193.373660 118.268147 173.817365 170.663975 121.207050 161.974837
107.431147 141.421705 174.531246 151.462836 145.766992 88.913829 193.052499 118.184798 173.820664 170.663902 121.230273 161.936526
107.436101 141.293601 174.319840 151.405566 145.764039 89.056671 192.730854 118.101324 173.821863 170.663876 121.251370 161.901720
107.441212 141.161399 174.105010 151.366238 145.762719 89.160163 192.408823 118.017749 173.822563 170.663860 121.273141 161.865803
107.446459 141.025701 173.886807 151.331856 145.761834 89.229557 192.088339 117.934576 173.822563 170.663860 121.297659 161.825354
107.451363 140.898895 173.670812 151.298211 145.761128 89.284953 191.769889 117.851931 173.822563 170.663860 121.317097 161.793285
107.455022 140.804266 173.451651 151.265426 145.760822 89.308951 191.439893 117.804702 173.822563 170.663860 121.337520 161.759592
107.457900 140.729822 173.234862 151.233001 145.760680 89.320050 191.117182 117.728005 173.822563 170.663860 121.360276 161.722050
107.460218 140.669867 173.018266 151.209442 145.760525 89.332249 190.794471 117.651309 173.822563 170.663860 121.378367 161.692205
107.462378 140.614008 172.798960 151.191983 145.760359 89.345248 190.475067 117.575399 173.822563 170.663860 121.393399 161.667405
107.464438 140.560748 172.578856 151.174459 145.760225 89.355747 190.154107 117.499119 173.822563 170.663860 121.408483 161.642520
107.570953 140.457592 172.359849 151.157024 145.760052 89.369346 189.832077 117.422584 173.822563 170.663860 121.424448 161.616181
107.659955 140.453411 172.090306 151.135690 145.759756 89.392544 189.513866 117.346022 173.822563 170.663860 121.440517 161.589670
107.765838 140.448437 171.872672 151.118650 145.759574 89.406843 189.194681 117.263024 173.822563 170.663860 121.454598 161.563874
107.893497 140.442440 171.652546 151.101415 145.759320 89.426741 188.874818 117.179850 173.822563 170.663860 121.461899 161.549975
108.029248 140.436064 171.438102 151.084625 145.759089 89.444840 188.557278 117.097280 173.822563 170.663860 121.472175 161.530409
108.164498 140.429710 171.218340 151.067868 145.758926 89.457639 188.238856 117.017784 173.822563 170.663860 121.482220 161.511287
108.299949 140.423348 171.005259 151.051623 145.758671 89.477637 187.920198 116.939219 173.822563 170.663860 121.493287 161.490216
108.435500 140.416980 170.755045 151.032661 145.758377 89.500735 187.601055 116.860534 173.822563 170.663860 121.501052 161.475432
108.565956 140.410852 170.537664 151.016241 145.758118 89.521033 187.280164 116.781419 173.822563 170.663860 121.507841 161.462506
108.703504 140.404391 170.316378 151.002978 145.757950 89.534232 186.957816 116.701944 173.822563 170.663860 121.515700 161.447544
108.808565 140.284066 170.098551 150.992054 145.757651 89.557630 186.638770 116.623283 173.822563 170.663860 121.525744 161.428422
108.819469 140.147902 169.883022 150.981245 145.757316 89.583928 186.315549 116.543593 173.822563 170.663860 121.534765 161.411247
108.830461 140.010642 169.662799 150.970200 145.756965 89.611426 185.992231 116.463879 173.822563 170.663860 121.543135 161.395311
108.841460 139.873281 169.440878 150.959071 145.756556 89.643523 185.648145 116.378969 173.822563 170.663860 121.548343 161.385396
108.851877 139.743198 169.226148 150.948302 145.756036 89.684320 185.330275 116.300553 173.822563 170.663860 121.554435 161.373798
108.862342 139.612516 169.012716 150.937598 145.755502 89.726217 185.011054 116.226939 173.822563 170.663860 121.559224 161.364679
108.873334 139.475256 168.800511 150.898534 145.755016 89.764314 184.689545 116.153007 173.822563 170.663860 121.566339 161.351134
108.884158 139.340088 168.586382 150.857103 145.754384 89.813910 184.368134 116.079096 173.822563 170.663860 121.571454 161.341396
108.895046 139.204124 168.368523 150.814950 145.753633 89.872805 184.046332 116.005096 173.822563 170.663860 121.574151 161.336261
108.905511 139.073442 168.155278 150.773690 145.753109 89.913902 183.702403 115.925604 173.822563 170.663860 121.577685 161.329533
108.905856 138.841111 167.939457 150.730642 145.730190 90.095892 183.379022 115.849565 173.822563 170.663860 121.581358 161.322539
108.912233 138.712670 167.729314 150.678983 145.727388 90.138700 183.056128 115.773641 173.822563 170.663860 121.585032 161.315545
108.918729 138.581831 167.519656 150.627444 145.724039 90.189891 182.736934 115.698586 173.822563 170.663860 121.591263 161.303682
108.925339 138.448695 167.304268 150.574496 145.721649 90.226413 182.415014 115.622891 173.822563 170.663860 121.593634 161.299167
108.931964 138.315259 167.067313 150.490243 145.718247 90.278401 182.092022 115.546943 173.822563 170.663860 121.597587 161.291641
108.938718 138.179227 166.833921 150.415184 145.714630 90.333683 181.771368 115.471545 173.822563 170.663860 121.600516 161.286064
108.944655 138.043758 166.615613 150.370254 145.715396 90.373902 181.452896 115.393487 173.822563 170.663860 121.606375 161.274909
108.946695 137.810831 166.411145 150.295225 145.721908 90.395334 181.134330 115.314968 173.822563 170.663860 121.613676 161.261010
108.959468 137.674374 166.209774 150.221333 145.727287 90.413035 180.816638 115.236666 173.822563 170.663860 121.619349 161.250209
108.971407 137.547837 166.006150 150.146614 145.729787 90.421263 180.499139 115.158411 173.822563 170.663860 121.624650 161.240116
108.984515 137.413676 165.800836 150.071275 145.730543 90.423751 180.177660 115.079175 173.822563 170.663860 121.631300 161.227457
108.998025 137.276942 165.598240 149.997834 145.733305 90.432841 179.861203 114.991506 173.822563 170.663860 121.638368 161.214000
109.011202 137.143591 165.392784 149.925252 145.735340 90.439538 179.547344 114.895551 173.822563 170.663860 121.642971 161.205235
109.023543 137.018699 165.188784 149.854266 145.739672 90.453795 179.233388 114.799567 173.822563 170.663860 121.649853 161.192133
109.036985 136.882662 164.980845 149.783037 145.748597 90.483169 178.920491 114.700114 173.822563 170.663860 121.657712 161.177171
109.050446 136.746425 164.764630 149.741812 145.763117 90.532132 178.609450 114.586331 173.822563 170.663860 121.670406 161.153002
109.063524 136.614070 164.553904 149.711546 145.870341 90.807706 178.300279 114.471549 173.822563 170.663860 121.678869 161.136889
109.077124 136.476440 164.366905 149.694218 145.909293 90.863323 177.991421 114.352520 173.822563 170.663860 121.690169 161.115376
109.090271 136.343388 164.168789 149.656578 145.947162 90.957424 177.685549 114.234642 173.822563 170.663860 121.696075 161.104133
109.100114 136.243773 164.026307 149.662369 145.955277 91.006863 177.378091 114.116153 173.822563 170.663860 121.705003 161.087135
109.107833 136.165653 163.876830 149.668444 145.949672 91.057850 177.067367 113.996405 173.822563 170.663860 121.714210 161.069606
109.117906 136.114309 163.749035 149.673638 145.946251 91.088762 176.769261 113.853668 173.822563 170.663860 121.721464 161.055795
109.137422 136.059797 163.612248 149.679198 145.941928 91.127823 176.469938 113.707969 173.822563 170.663860 121.729043 161.041365
109.155286 136.009898 163.468009 149.690614 145.936791 91.174240 176.172414 113.563145 173.822563 170.663860 121.734530 161.030918
109.284924 135.942554 163.342837 149.700972 145.932932 91.315347 175.882948 113.410484 173.822863 170.663854 121.743412 161.014009
109.365311 135.967606 163.231318 149.710200 145.876693 91.372664 175.594751 113.255345 173.823463 170.663841 121.750061 161.001349
109.466797 135.999234 163.104751 149.720673 145.811629 91.438974 175.306731 113.100301 173.826962 170.663764 121.754758 160.992407
109.580694 136.034729 162.994914 149.732860 145.722935 91.509379 175.017566 112.944641 173.834660 170.663594 121.758897 160.984528
109.713303 136.076056 162.898972 149.755599 145.542677 91.688474 174.735111 112.769551 173.841959 170.663434 121.763686 160.975409
109.844767 136.117026 162.815485 149.775386 145.498414 91.765967 174.455796 112.589533 173.847557 170.663311 121.769034 160.965228
109.968594 136.155615 162.711174 149.800109 145.469350 91.909809 174.179927 112.411736 173.861154 170.663012 121.771824 160.959916
110.111882 136.111582 162.598885 149.826722 145.461582 91.967589 173.903302 112.233452 173.882649 170.662539 121.775544 160.952834
110.153315 135.982572 162.497006 149.885347 145.454254 92.022098 173.626845 112.055275 173.914541 170.661838 121.778659 160.946902
110.195330 135.851753 162.409447 149.909765 145.450709 92.048461 173.355783 111.869507 173.966728 170.660690 121.783123 160.938403
110.236029 135.725028 162.364500 149.922300 145.434777 92.145144 173.095061 111.664984 174.039911 170.659081 121.787680 160.929727
110.282810 135.608218 162.246509 149.947608 145.427020 92.217429 172.838175 111.460235 174.131189 170.657073 121.792842 160.919900
