284.397366 228.800554 251.508137 281.209610 280.447683 317.302740 229.539255 175.612108 341.787000 118.601400 216.427400 263.328800
284.433166 228.527491 251.353237 281.219251 280.447683 317.302740 229.666313 176.035035 341.800229 118.564712 216.438761 263.304086
284.468160 228.260575 251.159013 281.231339 280.447683 317.302740 229.771217 176.384217 341.828723 118.485692 216.461735 263.254114
284.501672 228.004963 250.927150 281.247127 280.447683 317.302740 229.863748 176.692218 341.873566 118.361330 216.503588 263.163074
284.471507 227.726076 250.656779 281.265589 280.447683 317.302740 229.939648 176.944863 341.928518 118.208935 216.558223 263.044231
284.529510 227.281339 250.387407 281.283984 280.447683 317.302740 230.000586 177.147708 341.996088 118.021545 216.627226 262.894132
284.561113 227.034554 250.118433 281.302351 280.447683 317.302740 230.050475 177.313776 342.076480 117.798597 216.694476 262.747850
284.595510 226.765947 249.852253 281.320527 280.447683 317.302740 230.081836 177.418167 342.165285 117.552319 216.756044 262.613924
284.628841 226.505673 249.580087 281.339112 280.447683 317.302740 230.109111 177.508958 342.253547 117.307545 216.821623 262.471276
284.661079 226.253929 249.311911 281.357425 280.447683 317.302740 230.126892 177.568145 342.340723 117.065783 216.883525 262.336624
284.695781 225.982942 249.049921 281.375315 280.447683 317.302740 230.146169 177.632312 342.431495 116.814048 216.945595 262.201608
284.730230 225.713938 248.791124 281.392987 280.447683 317.302740 230.161763 177.684220 342.576101 116.589565 217.005994 262.070226
284.765313 225.439976 248.531329 281.410727 280.447683 317.302740 230.179832 177.744365 342.719130 116.373400 217.067062 261.937391
284.800346 225.166410 248.259761 281.429272 280.447683 317.302740 230.204805 177.827495 342.871210 116.143558 217.111421 261.840899
284.834642 224.898597 247.990189 281.447680 280.447683 317.302740 230.235821 177.930737 343.016116 115.924558 217.133475 261.792926
284.867617 224.641099 247.527256 281.479273 280.447683 317.302740 230.267009 178.034553 343.166981 115.696551 217.095988 261.634099
284.901303 224.378048 247.258470 281.497446 280.447683 317.302740 230.293997 178.124387 343.412218 115.317703 216.991240 261.567966
