167.616315 105.934619 93.501747 107.427889 148.540900 161.431900 211.702335 123.375589 146.535300 197.748400 226.167023 76.199627
167.616315 105.934619 93.768092 107.229519 148.544660 161.418518 211.845784 123.141670 146.524932 197.727757 226.158024 76.245044
167.616315 105.934619 94.031791 107.033120 148.552262 161.391466 211.987442 122.910759 146.508506 197.695051 226.144342 76.314102
167.616315 105.934619 94.296292 106.836124 148.564544 161.347759 212.129653 122.675279 146.482429 197.643131 226.136101 76.355694
167.616315 105.934619 94.562237 106.636386 148.592226 161.294308 212.270844 122.436151 146.475956 197.565031 226.040623 76.409877
167.616315 105.934619 94.826962 106.437352 148.671363 161.173000 212.408629 122.202792 146.414991 197.456865 225.966944 76.388207
167.616315 105.934619 95.093046 106.237297 148.724538 161.092832 212.543875 121.961705 146.296024 197.446711 225.871295 76.360075
167.616315 105.934619 95.355532 106.039947 148.786556 160.999330 212.673165 121.718653 146.182835 197.437050 225.757994 76.326751
167.616315 105.934619 95.617220 105.843197 148.858358 160.891078 212.803535 121.473571 146.109502 197.430791 225.673693 76.371045
167.616315 105.934619 95.880825 105.645005 148.940827 160.766742 212.929983 121.233883 146.066060 197.427083 225.659072 76.618113
167.616315 105.934619 96.140492 105.446749 149.030372 160.631740 213.055698 120.992340 145.950425 197.464625 225.653719 76.684398
167.616315 105.934619 96.402536 105.246332 149.126108 160.487404 213.182590 120.748479 145.831418 197.589883 225.651127 76.716493
167.616315 105.934619 96.663786 105.046522 149.232070 160.327651 213.294471 120.499787 145.748801 197.633234 225.587476 76.834033
167.616315 105.934619 96.923288 104.848049 149.348202 160.152564 213.406271 120.251277 145.652747 197.695951 225.516197 76.827309
167.616315 105.934619 97.184060 104.648604 149.454164 159.992811 213.508468 120.000228 145.550979 197.785415 225.424804 76.817672
167.616315 105.934619 97.444039 104.449766 149.535804 159.869725 213.609446 119.745406 145.448987 197.875076 225.311432 76.805717
167.616315 105.934619 97.707513 104.248256 149.598818 159.774724 213.709342 119.490055 145.359434 197.969693 225.186747 76.785235
167.616315 105.934619 97.971225 104.046563 149.642319 159.709139 213.790857 119.228251 145.271284 198.066733 225.049878 76.749328
167.616315 105.934619 98.234698 103.845052 149.670177 159.667138 213.879505 118.965202 145.183604 198.163255 224.949863 76.723089
167.614135 105.928815 98.495074 103.645911 149.678800 159.654138 213.972007 118.706439 145.093235 198.262738 224.783377 76.663917
167.606997 105.909811 98.754417 103.447559 149.687423 159.641138 214.048593 118.444033 145.006027 198.358742 224.751292 76.650186
167.600281 105.891930 99.014157 103.248904 149.689192 159.638471 214.124871 118.177015 144.916101 198.459155 224.726285 76.639485
167.592933 105.872365 99.274374 103.047588 149.690076 159.637138 214.190703 117.911738 144.826970 198.561213 224.720309 76.636928
167.591667 105.868995 99.536713 102.844602 149.690242 159.636888 214.252034 117.646435 144.736260 198.665079 224.718011 76.635945
167.590542 105.865999 99.796996 102.643207 149.690297 159.636804 214.314446 117.376455 144.646932 198.767364 224.717919 76.635905
167.590120 105.864876 100.058544 102.440834 149.690297 159.636804 214.363074 117.110054 144.560827 198.865958 224.717919 76.635905
167.589944 105.864408 100.318510 102.239684 149.690297 159.636804 214.407906 116.841065 144.469986 198.969974 224.717919 76.635905
167.589909 105.864314 100.579900 102.037432 149.690297 159.636804 214.452506 116.568692 144.400654 199.049361 224.717919 76.635905
167.589909 105.864314 100.839471 101.836589 149.690297 159.636804 214.495169 116.300973 144.346775 199.094623 224.717919 76.635905
167.589909 105.864314 101.097855 101.636663 149.690297 159.636804 214.531686 116.029316 144.312618 199.103919 224.717919 76.635905
167.589909 105.864314 101.360827 101.433187 149.690297 159.636804 214.567958 115.759544 144.286105 199.297731 224.717919 76.635905
167.589909 105.864314 101.620556 101.232221 149.690297 159.636804 214.604488 115.488191 144.297470 199.373483 224.717919 76.635905
167.589909 105.864314 101.880996 101.030704 149.690297 159.636804 214.642676 115.218583 144.328031 199.566567 224.717919 76.635905
167.589909 105.864314 102.144443 100.826862 149.690297 159.636804 214.681593 114.945947 144.347141 199.676011 224.702198 76.629178
167.589909 105.864314 102.407572 100.623264 149.690297 159.636804 214.720764 114.671529 144.368368 199.797572 224.665424 76.613441
167.589909 105.864314 102.668646 100.421258 149.690297 159.636804 214.759426 114.400674 144.391727 199.931348 224.657793 76.610176
167.589909 105.864314 102.929324 100.219557 149.690297 159.636804 214.830999 114.132942 144.417666 200.079900 224.636372 76.601009
167.589909 105.864314 103.189290 100.018407 149.690297 159.636804 214.864314 113.861088 144.440222 200.245200 224.607504 76.588655
167.589909 105.864314 103.451313 99.815666 149.690297 159.636804 214.896352 113.589270 144.460929 200.426522 224.484753 76.539039
167.589909 105.864314 103.714363 99.612130 149.690297 159.636804 214.928169 113.319338 144.483815 200.626919 224.421827 76.518158
167.589909 105.864314 103.977256 99.408716 149.690297 159.636804 214.960119 113.048919 144.508470 200.842816 224.266915 76.492428
167.589909 105.864314 104.238632 99.209074 149.690297 159.636804 214.992635 112.773734 144.532989 201.057520 224.165664 76.485316
167.589909 105.864314 104.501874 99.008413 149.690297 159.636804 215.024636 112.502918 144.557951 201.276100 224.048054 76.477055
167.589909 105.864314 104.764161 98.808479 149.690297 159.636804 215.059126 112.229294 144.582799 201.493686 223.913685 76.467617
167.589909 105.864314 105.026130 98.608788 149.690297 159.636804 215.096041 111.958700 144.607591 201.710775 223.764453 76.457135
167.589909 105.864314 105.290955 98.407902 149.690297 159.636804 215.133104 111.687017 144.631872 201.923393 223.601454 76.445685
167.589909 105.864314 105.556272 98.210663 149.690297 159.636804 215.169817 111.414579 144.654485 202.121406 223.420001 76.432940
167.589909 105.864314 105.820465 98.014259 149.670725 159.544461 215.206478 111.139815 144.672264 202.277094 223.123121 76.423381
167.589909 105.864314 106.087548 97.815707 149.644960 159.511419 215.243021 110.865942 144.685426 202.392345 222.909385 76.428619
167.589909 105.864314 106.373704 97.602841 149.604683 159.459766 215.279074 110.595736 144.695297 202.478783 222.682053 76.434190
167.589909 105.864314 106.640032 97.404615 149.556657 159.398178 215.319804 110.326502 144.700948 202.528261 222.444924 76.440001
167.589909 105.864314 106.905317 97.207165 149.495965 159.320344 215.361493 110.052961 144.753445 202.548369 222.192200 76.446188
167.589909 105.864314 107.170040 97.010133 149.422051 159.225555 215.403046 109.780309 144.785967 202.464879 221.929178 76.452616
167.589909 105.864314 107.435966 96.812206 149.335532 159.114601 215.444705 109.506965 144.824427 202.366102 221.557672 76.461670
167.589909 105.864314 107.699887 96.615771 149.225957 159.007752 215.483555 109.198686 144.867464 202.255479 221.284953 76.468331
167.589909 105.864314 107.975296 96.412329 149.107884 158.893789 215.549619 108.931533 144.915940 202.130877 221.007236 76.475115
167.589909 105.864314 108.238424 96.209383 148.981393 158.771700 215.614651 108.668555 144.971377 201.988381 220.761909 76.481107
167.589909 105.864314 108.497593 96.009491 148.799740 158.595730 215.686772 108.401430 145.033848 201.827805 220.550172 76.486279
167.589909 105.864314 108.761355 95.806057 148.662462 158.460925 215.767621 108.141305 145.102556 201.651199 220.375124 76.490555
167.589909 105.864314 109.022107 95.604944 148.508179 158.216342 215.849775 107.876978 145.174925 201.465181 220.228368 76.494139
167.589909 105.864314 109.282939 95.403769 148.395871 158.068076 215.931751 107.613223 145.252920 201.264719 220.124899 76.496666
167.589909 105.864314 109.541712 95.204183 148.281446 157.918279 216.028691 107.361023 145.332597 201.059976 220.047422 76.498559
167.589909 105.864314 109.801673 95.003680 148.110619 157.685244 216.136364 107.107761 145.413035 200.853276 219.989339 76.499978
167.589909 105.864314 110.060366 94.804154 148.009334 157.529598 216.236807 106.817095 145.491224 200.652354 219.955250 76.500810
167.589909 105.864314 110.321911 94.602430 147.904721 157.368839 216.344974 106.566634 145.571662 200.445654 219.932256 76.501372
167.589909 105.864314 110.581238 94.402416 147.799400 157.206990 216.459866 106.315134 145.651261 200.241095 219.895567 76.502268
167.589909 105.864314 110.842703 94.200753 147.646244 156.969480 216.620278 106.047042 145.729327 200.040446 219.845682 76.503486
167.589909 105.864314 111.105277 93.998235 147.544305 156.809616 216.745852 105.805764 145.807435 199.837777 219.678610 76.516824
167.589909 105.864314 111.369038 93.794801 147.444462 156.653040 216.872811 105.561825 145.886237 199.631840 219.593507 76.530532
167.589909 105.864314 111.628366 93.594787 147.341560 156.492728 216.999539 105.318329 145.966176 199.425698 219.494286 76.546513
167.589909 105.864314 111.887930 93.394589 147.249973 156.354521 217.151306 105.094411 146.045456 199.222410 219.386611 76.578036
167.589909 105.864314 112.156145 93.197945 147.165787 156.227483 217.306980 104.867715 146.126081 199.015675 219.266700 76.636718
167.589909 105.864314 112.425186 93.002905 147.089004 156.111615 217.463729 104.639454 146.206705 198.808940 219.130711 76.703268
167.589909 105.864314 112.690665 92.810449 147.016695 156.002500 217.619743 104.412264 146.286425 198.604536 218.991163 76.791650
167.589909 105.864314 112.958816 92.613880 146.939801 155.886465 217.779599 104.189020 146.365166 198.402648 218.854853 76.906120
167.589909 105.864314 113.219202 92.414916 146.855506 155.759261 217.940037 103.969128 146.444739 198.198616 218.623744 77.099140
167.589909 105.864314 113.483879 92.212674 146.767232 155.626055 218.102079 103.746941 146.523037 197.997843 218.463903 77.232236
167.589909 105.864314 113.745615 92.012678 146.526324 155.300251 218.261589 103.525265 146.601952 197.795486 218.290843 77.376339
167.589909 105.864314 114.008941 91.811469 146.437099 155.147620 218.420632 103.304238 146.683828 197.597232 217.989903 77.539618
167.589909 105.864314 114.269486 91.612384 146.347184 154.979452 218.582419 103.079397 146.766799 197.397479 217.740911 77.582666
167.589909 105.864314 114.529554 91.413663 146.258363 154.806874 218.752211 102.865098 146.850032 197.197076 217.475969 77.598778
167.589909 105.864314 114.791768 91.213303 146.166264 154.643208 218.940252 102.668428 146.934138 196.994545 217.202313 77.607655
167.589909 105.864314 115.054735 91.011789 146.074704 154.480500 219.127948 102.472120 147.016033 196.797377 216.944823 77.653544
167.589909 105.864314 115.314674 90.812406 145.983166 154.314475 219.330050 102.283191 147.100998 196.592820 216.678181 77.670801
167.589909 105.864314 115.578024 90.610406 145.891426 154.144000 219.534881 102.098653 147.185310 196.389834 216.428120 77.692840
167.589909 105.864314 115.837328 90.411509 145.797774 153.977880 219.740902 101.913043 147.269469 196.187217 216.190542 77.712107
167.589909 105.864314 116.077588 90.227220 145.707020 153.816900 219.943793 101.730385 147.352439 195.987463 215.970859 77.745457
167.589909 105.864314 116.287221 90.066423 145.611168 153.623873 220.150296 101.550448 147.428568 195.781032 215.759686 77.809819
167.589909 105.864314 116.462101 89.932283 145.493613 153.488170 220.355819 101.371364 147.499749 195.576886 215.459777 77.927647
167.589909 105.864314 116.664323 89.792914 145.384771 153.443437 220.562323 101.191427 147.572148 195.369246 215.246883 78.024023
167.589909 105.864314 116.810945 89.627824 145.321968 153.330413 220.768751 101.011555 147.644514 195.161700 215.026388 78.130362
167.589909 105.864314 116.958230 89.461986 145.254745 153.209436 220.976687 100.830369 147.723203 194.960050 214.806654 78.245777
167.589909 105.864314 117.045323 89.264184 145.189513 153.092042 221.182210 100.651285 147.805531 194.755281 214.586818 78.364364
167.589909 105.864314 117.035887 89.056192 145.123796 152.973774 221.443130 100.470914 147.887408 194.550012 214.363956 78.488291
167.589909 105.864314 116.935344 88.871289 145.066287 152.870279 221.671136 100.316631 147.964426 194.348210 214.132442 78.605244
167.589909 105.864314 116.768690 88.735340 145.023058 152.792482 221.895249 100.164981 148.042799 194.142857 213.893856 78.706743
167.589909 105.864314 116.572394 88.654843 144.988523 152.730333 222.124331 100.009969 148.119175 193.942736 213.627598 78.726808
167.589909 105.864314 116.359621 88.699456 144.953406 152.667134 222.349687 99.857478 148.191364 193.735550 213.365584 78.733540
167.589909 105.864314 116.168274 88.792218 144.929995 152.625002 222.592964 99.668431 148.249838 193.527304 213.098917 78.736733
167.589909 105.864314 115.994840 88.929996 144.915277 152.598516 222.796973 99.480465 148.309583 193.314533 212.831925 78.747004
167.589909 105.864314 115.824537 89.065286 144.930529 152.500595 222.995835 99.297244 148.368085 193.106191 212.570121 78.752892
167.589909 105.864314 115.657024 89.198930 144.992203 152.472916 223.197711 99.111243 148.426451 192.898330 212.293933 78.749993
167.589909 105.864314 115.491078 89.339530 145.044065 152.378125 223.398044 98.926666 148.483596 192.689000 211.813227 78.765499
167.589909 105.864314 115.329420 89.543920 145.006157 152.283970 223.600141 98.740463 148.538202 192.477537 211.545390 78.797109
167.589909 105.864314 115.411575 89.760459 144.960143 152.169686 223.803709 98.552904 148.593083 192.265009 211.195381 78.862020
167.589909 105.864314 115.498236 89.988871 144.908154 152.040559 224.005612 98.370519 148.652501 192.052628 210.942677 78.965308
167.589909 105.864314 115.590217 90.231309 144.849853 151.895755 224.210213 98.190382 148.709368 191.841720 210.624820 79.103633
167.589909 105.864314 115.689702 90.488202 144.784792 151.734160 224.413237 98.011633 148.758612 191.626892 210.426201 79.178893
167.589909 105.864314 115.791712 90.738730 144.717423 151.561040 224.617087 97.832157 148.816766 191.435196 210.207480 79.248012
167.589909 105.864314 115.895038 90.992825 144.653153 151.379480 224.823339 97.650566 148.867867 191.287252 209.909039 79.337838
167.589909 105.864314 115.997121 91.244834 144.588649 151.197260 225.028841 97.469636 148.897080 191.162755 209.660972 79.414171
167.589909 105.864314 116.093085 91.481735 144.494092 150.926695 225.232841 97.290027 148.905246 191.077646 209.456241 79.322026
167.589909 105.864314 116.179963 91.696207 144.433431 150.743581 225.438942 97.108569 148.910695 191.020207 209.329261 79.078213
167.589909 105.864314 116.257681 91.888064 144.374782 150.566543 225.643196 96.925200 148.910494 190.997108 209.185393 78.724910
167.589909 105.864314 116.357615 92.116560 144.322208 150.388672 225.844078 96.741665 148.910387 190.984909 209.054746 78.481336
167.589909 105.864314 116.457516 92.361214 144.270756 150.209930 226.044664 96.558400 148.910322 190.977409 208.823430 78.410684
167.589909 105.864314 116.522585 92.530221 144.193187 149.932984 226.247982 96.372640 148.910301 190.975009 208.578312 78.534025
167.589909 105.864314 116.588947 92.702587 144.144770 149.752982 226.450562 96.187553 148.994371 190.912406 208.340252 78.653814
167.589909 105.864314 116.658255 92.882606 144.094742 149.566993 226.654472 96.001255 149.036501 190.914831 208.134529 78.757332
167.589909 105.864314 116.732917 93.076530 144.045415 149.383611 226.860760 95.815644 149.100651 190.922958 207.847500 78.783745
167.589909 105.864314 116.806824 93.268494 143.995777 149.199071 227.066527 95.630500 149.180059 190.948404 207.695400 78.783486
167.589909 105.864314 116.886948 93.476602 143.947307 149.018876 227.268801 95.448501 149.272400 190.975019 207.583101 78.783295
167.586709 105.855795 116.971598 93.696470 143.902535 148.833457 227.473601 95.264227 149.379348 191.001645 207.500101 78.783154
167.576478 105.828553 117.055767 93.924297 143.861512 148.645993 227.675875 95.082227 149.448051 191.005283 207.433801 78.783041
167.568637 105.807677 117.139936 94.161931 143.822584 148.468103 227.880978 94.896651 149.494786 191.007757 207.389501 78.782966
167.564804 105.797473 117.223772 94.398622 143.790347 148.320789 228.080364 94.713261 149.618553 190.903581 207.367701 78.782929
167.563996 105.795320 117.300729 94.615896 143.755908 148.163413 228.280339 94.529329 149.659485 190.840020 207.354401 78.782906
167.563679 105.794477 117.370709 94.813469 143.728524 148.038274 228.482448 94.343433 149.701570 190.758841 207.351501 78.782901
167.563504 105.794009 117.467916 95.088131 143.708173 147.945275 228.684189 94.157876 149.750230 190.655748 207.351301 78.782901
167.563504 105.794009 117.520162 95.235653 143.695282 147.886369 228.872973 93.960376 149.805720 190.538185 207.351001 78.782900
167.563504 105.794009 117.567835 95.370260 143.686710 147.847196 229.061034 93.759732 149.867911 190.406425 207.351001 78.782900
167.563504 105.794009 117.612111 95.494400 143.683097 147.830687 229.249164 93.559016 149.935992 190.262185 207.351001 78.782900
167.563504 105.794009 117.682644 95.784603 143.681815 147.824825 229.458701 93.378589 150.010476 190.104380 207.351001 78.782900
167.563504 105.794009 117.729141 95.911769 143.680767 147.820039 229.637353 93.157690 150.092174 189.931292 207.351001 78.782900
167.563504 105.794009 117.776229 96.035552 143.680639 147.819452 229.824054 92.926839 150.180018 189.745182 207.351001 78.782900
167.563504 105.794009 117.832204 96.155427 143.680553 147.819062 230.019936 92.684636 150.278638 189.548436 207.351001 78.782900
167.563504 105.794009 117.888264 96.275483 143.680511 147.818866 230.217979 92.431509 150.394283 189.359522 207.351001 78.782900
167.563504 105.794009 117.944282 96.395449 143.680511 147.818866 230.422246 92.169278 150.508362 189.173166 207.351001 78.782900
167.563504 105.794009 118.001103 96.517136 143.680511 147.818866 230.624238 91.909966 150.620248 188.990393 207.351001 78.782900
167.563504 105.794009 118.058051 96.639096 143.680511 147.818866 230.813304 91.642569 150.735319 188.802418 207.351001 78.782900
167.563504 105.794009 118.116226 96.763683 143.680511 147.818866 230.992810 91.364947 150.847205 188.619645 207.351001 78.782900
167.563504 105.794009 118.171694 96.882471 143.680511 147.818866 231.173347 91.085730 150.960575 188.433677 207.351001 78.782900
167.563504 105.794009 118.227796 97.002618 143.680511 147.818866 231.343174 90.804577 151.073032 188.248792 207.351001 78.782900
167.563504 105.794009 118.285506 97.126208 143.680511 147.818866 231.538285 90.540750 151.185126 188.064506 207.351001 78.782900
167.563504 105.794009 118.340931 97.244905 143.680511 147.818866 231.703968 90.258081 151.296441 187.881501 207.321963 78.837565
167.563504 105.794009 118.404371 97.357250 143.680511 147.818866 231.854460 89.966305 151.408431 187.697386 207.324462 78.882796
167.563504 105.794009 118.492118 97.451674 143.680511 147.818866 232.006832 89.670886 151.521252 187.511904 207.328284 78.951991
167.563504 105.794009 118.577073 97.543094 143.680511 147.818866 232.146665 89.374509 151.636101 187.323089 207.333253 79.041954
167.563504 105.794009 118.665500 97.638249 143.680511 147.818866 232.282721 89.073862 151.748412 187.135103 207.339204 79.149689
167.563504 105.794009 118.760024 97.734743 143.680511 147.818866 232.418335 88.771721 151.858143 186.942233 207.346203 79.276396
167.563504 105.794009 118.856479 97.830620 143.680511 147.818866 232.542306 88.464598 151.964790 186.757409 207.354664 79.415338
167.563504 105.794009 118.950948 97.924523 143.679442 147.813982 232.665903 88.158402 152.078398 186.570064 207.364103 79.566644
167.563504 105.794009 119.041588 98.014619 143.676321 147.799719 232.776653 87.848948 152.192576 186.381779 207.374756 79.737412
167.563504 105.794009 119.133646 98.106125 143.672622 147.782819 232.872329 87.533226 152.308368 186.194249 207.386436 79.924648
167.563504 105.794009 119.211803 98.183814 143.664328 147.744916 232.968149 87.217026 152.419891 186.006716 207.402176 80.192465
167.563504 105.794009 119.284428 98.256003 143.657744 147.714828 233.064957 86.899872 152.520257 185.816015 207.414431 80.414027
167.563504 105.794009 119.345138 98.316349 143.647226 147.666766 233.161466 86.583881 152.623324 185.620182 207.425399 80.649068
167.563504 105.794009 119.407479 98.378317 143.638269 147.625834 233.257654 86.268943 152.723690 185.429481 207.436337 80.895826
167.563504 105.794009 119.457905 98.428441 143.611026 147.482202 233.336272 85.968152 152.825034 185.236921 207.447368 81.144682
167.563504 105.794009 119.513039 98.479206 143.586408 147.322088 233.403874 85.708612 152.926052 185.044981 207.452400 81.370320
167.563504 105.794009 119.558315 98.512669 143.544945 147.204187 233.461595 85.487006 153.026745 184.853661 207.463844 81.583254
167.563504 105.794009 119.612036 98.552372 143.530347 147.132457 233.486118 85.225994 153.128463 184.660394 207.477898 81.876196
167.563504 105.794009 119.662057 98.589341 143.518022 147.071899 233.518076 85.013483 153.231468 184.464754 207.490531 82.077300
167.563504 105.794009 119.691893 98.611392 143.507991 147.022609 233.549825 84.802357 153.382336 184.193246 207.503171 82.278503
167.563504 105.794009 119.708861 98.623933 143.496452 146.965463 233.582809 84.583024 153.505419 184.014409 207.515572 82.475914
167.563504 105.794009 119.733952 98.642477 143.482851 146.895166 233.614648 84.371304 153.630941 183.832029 207.528318 82.678814
167.563504 105.794009 119.759204 98.661140 143.465281 146.804350 233.646695 84.158200 153.754251 183.652862 207.541936 82.895587
167.563504 105.794009 119.853910 98.679012 143.445071 146.699888 233.678564 83.946283 153.876824 183.474766 207.538891 83.121259
167.563504 105.794009 119.925810 98.673585 143.427050 146.505059 233.718439 83.698528 154.000248 183.295434 207.535478 83.358434
167.563504 105.794009 120.000123 98.713308 143.418398 146.368261 233.754572 83.484151 154.123898 183.115772 207.532041 83.597309
167.563504 105.794009 120.120877 98.647797 143.401540 146.108605 233.791352 83.265929 154.247662 182.935946 207.508064 83.844757
167.563504 105.794009 120.228159 98.592244 143.409339 145.833607 233.828150 83.047609 154.372729 182.754226 207.419337 84.082339
167.563504 105.794009 120.352628 98.562465 143.406215 145.650734 233.865030 82.828795 154.502325 182.577828 207.108482 84.384547
167.563504 105.794009 120.489045 98.580320 143.402902 145.456862 233.897481 82.612322 154.630026 182.405483 206.919556 84.555961
167.563504 105.794009 120.611974 98.632578 143.399670 145.267690 233.918046 82.395294 154.758025 182.232737 206.728038 84.729728
167.563504 105.794009 120.715509 98.723319 143.396407 145.076718 233.938280 82.181750 154.887691 182.057741 206.544751 84.903444
167.563504 105.794009 120.814228 98.816135 143.393117 144.884146 233.958665 81.966614 155.019805 181.879456 206.355294 85.092430
167.563504 105.794009 120.911563 98.907650 143.389865 144.693774 233.976862 81.774574 155.150967 181.702457 206.252118 85.391896
167.563504 105.794009 121.009800 99.002373 143.390617 144.506715 233.991040 81.624944 155.281631 181.529022 206.385482 85.628613
167.563504 105.794009 121.104387 99.100927 143.395146 144.320070 234.001700 81.512448 155.421495 181.365339 206.520269 85.867857
167.563504 105.794009 121.197728 99.198182 143.399852 144.126127 234.009048 81.434896 155.564607 181.197854 206.655056 86.107101
167.563504 105.794009 121.362944 99.342270 143.405806 143.941076 234.013189 81.391191 155.704926 181.033639 206.782488 86.469286
167.563504 105.794009 121.467105 99.428622 143.425895 143.749024 234.015821 81.363416 155.847518 180.866763 206.805809 86.743225
167.563504 105.794009 121.567526 99.512859 143.445339 143.563138 234.022134 81.282172 155.990110 180.699886 206.849873 87.013516
167.563504 105.794009 121.666977 99.608677 143.464710 143.377948 234.026314 81.220012 156.137492 180.533915 206.964322 87.259167
167.563504 105.794009 121.763402 99.701582 143.484654 143.187288 234.031683 81.140192 156.298778 180.388741 207.119996 87.487522
167.563504 105.794009 121.858460 99.793169 143.502122 142.997315 234.037870 81.048200 156.461923 180.241894 207.279983 87.711809
167.563504 105.794009 121.951573 99.882882 143.515360 142.810183 234.045513 80.934557 156.626629 180.093642 207.438401 87.933898
167.563504 105.794009 122.121623 100.034715 143.528959 142.617963 234.054196 80.805449 156.787916 179.948468 207.581372 88.134332
167.563504 105.794009 122.224292 100.113368 143.509287 142.428632 234.053055 80.628073 156.948014 179.804364 207.776383 88.385729
167.563504 105.794009 122.327753 100.189916 143.524415 142.238054 234.047007 80.461183 157.109895 179.658655 207.881196 88.524558
167.563504 105.794009 122.435956 100.269973 143.544295 142.053321 234.038369 80.278860 157.271711 179.515140 207.962205 88.653172
167.563504 105.794009 122.540623 100.347413 143.564839 141.862423 233.984152 80.089768 157.437398 179.372084 208.028720 88.758651
167.563504 105.794009 122.653183 100.428090 143.585340 141.671923 233.829842 79.947125 157.604751 179.227590 208.081195 88.827170
167.563504 105.794009 122.765726 100.506561 143.604884 141.481122 233.636427 79.855682 157.766350 179.088063 208.106629 88.871145
167.563504 105.794009 122.954279 100.638954 143.623898 141.292378 233.419867 79.851531 157.932416 178.944680 208.239984 89.176749
167.531104 105.746368 123.060512 100.714920 143.641899 141.113682 233.220026 79.928448 158.128311 178.860602 208.279875 89.253727
167.503260 105.713338 123.169430 100.792806 143.658387 140.950011 233.059282 80.064585 158.295088 178.763069 208.325838 89.342425
167.460140 105.662189 123.278998 100.871157 143.673231 140.802656 232.958711 80.253740 158.325449 178.547591 208.371294 89.445375
167.405935 105.597888 123.385719 100.947472 143.689639 140.639781 232.968401 80.459692 158.418555 178.397264 208.417097 89.569771
167.337935 105.517226 123.492034 101.023496 143.702035 140.473573 233.070859 80.649828 158.511770 178.280256 208.448283 89.703893
167.261880 105.427007 123.582563 101.123574 143.712203 140.305480 233.218581 80.812985 158.579504 178.195239 208.468846 89.834859
167.177380 105.326772 123.651447 101.236292 143.722848 140.129502 233.361291 80.917772 158.631803 178.148526 208.486359 89.970029
167.082633 105.214380 123.720227 101.348839 143.725308 139.912430 233.492837 80.966939 158.663964 178.128098 208.501861 90.103925
166.978217 105.090520 123.789737 101.462581 143.721269 139.737677 233.591888 80.983947 158.680424 178.117643 208.515738 90.236199
166.866325 104.957791 123.856797 101.572313 143.716930 139.549927 233.659794 80.995607 158.764947 178.064033 208.530137 90.373445
166.742251 104.810611 123.926098 101.685714 143.712941 139.377273 233.686996 81.000277 158.807179 178.037268 208.546658 90.509645
166.607928 104.651275 123.998372 101.803978 143.709126 139.212217 233.698034 81.002173 158.863518 178.001563 208.563655 90.646997
166.467289 104.484446 124.068195 101.918232 143.705051 139.035864 233.711734 81.004525 158.938777 177.953867 208.556532 90.777330
166.317562 104.306836 124.139218 102.034448 143.700827 138.853113 233.714099 81.004931 159.031351 177.895197 208.543272 90.910643
166.157136 104.116535 124.273680 102.251750 143.737450 138.581607 233.714395 81.004982 159.140397 177.826089 208.495157 91.036046
165.987059 103.913969 124.343916 102.363748 143.730199 138.260030 233.763176 81.006036 159.269558 177.754485 208.418361 91.146913
165.810019 103.699372 124.412931 102.473799 143.720996 137.970404 233.803212 81.003772 159.412192 177.676211 208.336908 91.252053
165.623305 103.473050 124.483326 102.586052 143.717715 137.833243 233.857425 81.000706 159.567103 177.592807 208.252037 91.356662
165.429209 103.237780 124.556378 102.702540 143.714252 137.688484 233.935501 80.996311 159.740767 177.518483 208.158522 91.458553
165.228623 102.994643 124.626614 102.814539 143.717766 137.548495 234.030457 80.991069 159.928497 177.438139 208.071227 91.553666
165.020781 102.742711 124.740929 103.023576 143.723942 137.409933 234.146580 80.984659 160.136047 177.372789 207.976021 91.649075
164.814718 102.485741 124.799621 103.141252 143.730319 137.266875 234.283671 80.977091 160.346433 177.310900 207.879421 91.744800
164.610967 102.228700 124.859295 103.260896 143.729921 137.010565 234.435340 80.968719 160.559241 177.249790 207.772670 91.821588
164.407838 101.972444 124.920754 103.384120 143.709732 136.853760 234.606080 80.959294 160.778596 177.216276 207.664351 91.888830
164.203715 101.714933 124.980829 103.504569 143.687819 136.683565 234.792258 80.938642 160.996171 177.183034 207.539184 91.931063
164.000648 101.458754 125.042601 103.628419 143.663557 136.495120 235.028482 80.923993 161.209318 177.160725 207.409622 91.972651
163.797366 101.201218 125.101382 103.746274 143.637813 136.295170 235.240140 80.911957 161.425534 177.154726 207.280182 92.010283
163.594311 100.940833 125.231315 103.992868 143.610103 136.079947 235.462281 80.899325 161.646575 177.153483 207.150288 92.043992
163.391625 100.680921 125.287978 104.115842 143.567581 135.852177 235.695704 80.886052 161.837898 177.180348 207.020332 92.077475
163.187831 100.419589 125.342966 104.235183 143.497302 135.559052 235.937513 80.872302 161.981688 177.200539 206.887811 92.103595
162.983977 100.158178 125.397369 104.353252 143.428237 135.317117 236.180626 80.849511 162.097947 177.216864 206.752316 92.129234
162.781413 99.898424 125.454568 104.476196 143.339991 134.959137 236.425334 80.819849 162.166703 177.237883 206.620259 92.154224
162.577682 99.637171 125.512508 104.599237 143.292584 134.592734 236.670639 80.790114 162.215849 177.252936 206.491151 92.178655
162.375918 99.378441 125.569510 104.720287 143.276083 134.361312 236.915084 80.738014 162.288446 177.199742 206.363516 92.202807
162.175015 99.120816 125.628046 104.844595 143.288544 133.906018 237.153918 80.685679 162.297937 177.114871 206.228020 92.228447
161.972513 98.861140 125.683685 104.962750 143.295104 133.735144 237.398617 80.627382 162.308829 177.017478 206.101466 92.252395
161.767613 98.598389 125.742434 105.087509 143.300152 133.603641 237.633287 80.560189 162.321766 176.901800 205.973242 92.276659
161.566464 98.340448 125.801268 105.212450 143.304487 133.491625 237.871994 80.491840 162.354094 176.706330 205.844758 92.297150
161.363962 98.080772 125.859719 105.336576 143.309762 133.408091 238.109356 80.423876 162.384305 176.559301 205.714039 92.311463
161.159861 97.819046 125.941106 105.516598 143.314047 133.340227 238.345818 80.350056 162.418416 176.393269 205.582550 92.320645
160.955822 97.557399 126.028835 105.718874 143.317325 133.288330 238.571804 80.263766 162.456310 176.208822 205.447871 92.314941
160.752705 97.296935 126.090474 105.836277 143.319413 133.230376 238.803115 80.175443 162.497887 176.006448 205.314824 92.295492
160.548974 97.035682 126.151509 105.952528 143.320798 133.173193 239.030970 80.088439 162.540993 175.796631 205.178537 92.268679
160.346041 96.775454 126.204344 106.056129 143.320400 133.098050 239.254933 79.995982 162.584965 175.582601 205.052274 92.243753
160.141080 96.512624 126.245166 106.137459 143.314080 133.003060 239.490538 79.873261 162.628514 175.370628 204.918260 92.217298
159.936344 96.255606 126.268223 106.183397 143.306593 132.890509 239.695438 79.716316 162.672405 175.156990 204.791996 92.192373
159.731572 95.999890 126.358686 106.362217 143.298075 132.758985 239.884258 79.524122 162.715411 174.947662 204.656184 92.201450
159.527238 95.744722 126.396088 106.435079 143.289220 132.606842 240.030435 79.299435 162.776950 174.739175 204.528470 92.251531
159.319841 95.485728 126.443490 106.527423 143.279993 132.448311 240.138420 79.048523 162.835377 174.532746 204.435168 92.343344
159.118134 95.228314 126.500848 106.639161 143.276254 132.276776 240.190150 78.782608 162.890566 174.324846 204.343364 92.433684
158.927220 94.962831 126.560490 106.755347 143.273712 132.092994 240.203649 78.510986 162.946243 174.115110 204.247995 92.527531
158.734439 94.694750 126.665948 106.953611 143.271032 131.899212 240.242647 78.245745 163.042051 173.918770 204.152127 92.621869
158.543175 94.428781 126.730883 107.073222 143.281003 131.698815 240.369867 78.009855 163.149578 173.726996 204.058541 92.713963
158.350043 94.160213 126.795579 107.192393 143.290996 131.484251 240.569941 77.831817 163.254414 173.531876 203.965881 92.805144
158.158487 93.893837 126.860657 107.312268 143.339517 131.031472 240.835614 77.753060 163.356741 173.341425 203.867091 92.902358
157.965180 93.625026 126.924971 107.430736 143.372929 130.796628 241.088672 77.784069 163.483449 173.165135 203.770368 92.997538
157.795903 93.335844 126.988474 107.547710 143.415625 130.554051 241.303822 77.813105 163.613058 172.992591 203.673360 93.092998
157.604320 93.073935 127.051357 107.663541 143.495147 130.311678 241.476853 77.836457 163.743568 172.818849 203.579702 93.185162
157.412147 92.811219 127.115242 107.781219 143.603549 130.063524 241.619559 77.855717 163.820273 172.621134 203.485403 93.277957
157.221686 92.550844 127.180743 107.903247 143.758354 129.775796 241.718859 77.869118 163.746650 172.412122 203.392244 93.369630
157.028096 92.286190 127.244119 108.024706 143.854063 129.595075 241.786149 77.878199 163.673691 172.204996 203.298443 93.461934
156.838462 92.026945 127.305876 108.143063 143.939080 129.442501 241.824105 77.883322 163.560965 172.017196 203.204643 93.554238
156.645782 91.765119 127.369714 108.265410 144.012210 129.317409 241.844223 77.886037 163.432487 171.838855 203.112482 93.644928
156.442662 91.510388 127.430129 108.381196 144.070905 129.217007 241.851457 77.887013 163.303658 171.660028 203.019893 93.736040
156.240603 91.256985 127.483350 108.476894 144.118296 129.135943 241.857700 77.887856 163.123836 171.537569 202.927803 93.826661
156.036985 91.001628 127.522622 108.537479 144.175326 129.038390 241.858691 77.887990 162.926361 171.454500 202.829797 93.923103
155.830187 90.742284 127.562281 108.587643 144.266485 128.869089 241.859187 77.888056 162.741483 171.425245 202.737993 94.013443
155.626631 90.487005 127.589560 108.616761 144.332959 128.738875 241.859286 77.888070 162.596169 171.478016 202.644976 94.104976
155.423761 90.232586 127.596397 108.624059 144.427417 128.538772 241.859385 77.888083 162.504576 171.535538 202.547255 94.201137
155.216652 89.972850 127.603849 108.632013 144.500625 128.380287 241.859385 77.888083 162.455814 171.597184 202.453811 94.293091
154.992628 89.726516 127.610891 108.639530 144.584535 128.207150 241.859385 77.888083 162.423988 171.637419 202.361935 94.383501
154.766599 89.484023 127.632701 108.662810 144.686702 128.026280 241.859385 77.888083 162.403170 171.739911 202.265212 94.478681
154.546093 89.247454 127.651503 108.682878 144.785720 127.855395 241.859385 77.888083 162.420879 171.783770 202.172500 94.570370
154.342069 88.994935 127.654579 108.686162 144.854778 127.713983 241.859385 77.888083 162.503782 171.898396 202.079980 94.669229
154.107151 88.761753 127.657451 108.689227 144.940240 127.623347 241.859385 77.888083 162.575970 171.944399 201.986776 94.768818
153.871992 88.531529 127.717815 108.814267 144.903508 127.494389 241.859385 77.888083 162.661061 171.998625 201.897877 94.863808
153.636044 88.303254 127.715327 108.858697 144.771229 127.456132 241.859583 77.888110 162.758885 172.060965 201.809456 94.958286
153.399450 88.074353 127.711766 108.922298 144.638854 127.417848 241.859682 77.888123 162.877320 172.120587 201.721002 95.057979
153.165370 87.847886 127.707182 109.004169 144.511082 127.384738 241.860772 77.888270 163.017189 172.178277 201.771973 95.165957
152.929207 87.619403 127.701374 109.107907 144.385676 127.352838 241.861863 77.888418 163.174993 172.243365 201.889701 95.230523
152.681981 87.399407 127.694727 109.226621 144.251935 127.318818 241.862755 77.888538 163.353198 172.282391 202.000472 95.310808
152.428404 87.190575 127.682754 109.452483 144.118776 127.284946 241.866025 77.888979 163.693458 172.266678 202.091064 95.412429
152.174981 86.981870 127.676633 109.586944 143.987659 127.248259 241.871079 77.889661 163.890606 172.196399 202.150809 95.530836
151.923951 86.775136 127.670471 109.722304 143.862915 127.207607 241.876034 77.890330 164.089462 172.105932 202.164074 95.658654
151.669678 86.565732 127.664942 109.843778 143.736365 127.166367 241.886043 77.891681 164.298477 171.995917 202.158328 95.787387
151.414017 86.355184 127.660613 109.938879 143.605442 127.123701 241.893179 77.892644 164.517580 171.880593 202.135246 95.916947
151.143688 86.167920 127.657484 110.007608 143.483266 127.083886 241.906161 77.894396 164.749868 171.758329 202.050806 96.021255
150.882915 85.988561 127.655542 110.050264 143.357096 127.042770 241.918747 77.896095 164.995695 171.628938 201.953269 96.107229
150.645295 85.825126 127.653732 110.090023 143.247756 127.007138 241.944216 77.899532 165.237894 171.501457 201.848652 96.192237
150.448376 85.689686 127.651177 110.146165 143.169221 126.981545 241.964235 77.902233 165.478766 171.374675 201.746674 96.275100
150.261345 85.561046 127.648257 110.210298 143.125199 126.967199 242.061687 77.894335 165.719726 171.247846 201.639495 96.362189
150.085024 85.439773 127.657818 110.383819 143.097341 126.958121 242.074730 77.841419 165.959536 171.121623 201.534534 96.447567
149.838024 85.341700 127.675142 110.487582 143.061679 126.833597 242.091220 77.774521 166.199257 170.995446 201.432080 96.530955
149.641750 85.242986 127.588127 110.644907 143.095629 126.771240 242.112879 77.686651 166.438889 170.869316 201.331798 96.612575
149.447620 85.145349 127.460283 110.670084 143.139954 126.689824 242.137864 77.585285 166.681088 170.741835 201.232291 96.693565
149.256259 85.049106 127.331065 110.695531 143.194465 126.589701 242.167899 77.463432 166.920279 170.615938 201.172838 96.766123
149.065524 84.953177 127.209205 110.719529 143.256913 126.474999 242.200615 77.330704 167.163451 170.487945 201.128357 96.845740
148.867731 84.853698 127.082734 110.744436 143.323186 126.353271 242.236514 77.185063 167.402376 170.362188 201.104068 96.889215
148.550397 84.827200 126.950278 110.770521 143.358472 126.226335 242.276170 77.024179 167.647849 170.232983 201.089534 96.915230
148.329508 84.817536 126.825181 110.795157 143.371021 126.097545 242.318602 76.852031 167.889340 170.105875 201.125844 96.979027
148.113715 84.808095 126.693805 110.821029 143.383919 125.965172 242.364672 76.665125 168.134459 169.976857 201.181887 97.003366
147.898121 84.798663 126.564194 110.846554 143.397059 125.830310 242.413422 76.467345 168.373561 169.851007 201.253707 97.034556
147.684843 84.841261 126.436840 110.871634 143.410277 125.694653 242.464111 76.261700 168.613193 169.724876 201.310348 97.105776
147.467325 84.885646 126.301048 110.898377 143.423156 125.562479 242.517433 76.045374 168.858843 169.595579 201.374405 97.187071
147.252747 84.929432 126.166924 110.924790 143.435928 125.431400 242.572765 75.820893 169.103343 169.466887 201.447065 97.279285
147.057815 85.023130 126.030936 110.951571 143.449175 125.295443 242.649762 75.646645 169.344038 169.340198 201.526966 97.380688
146.881931 85.148168 125.899167 110.977521 143.326261 125.194029 242.697387 75.453428 169.584467 169.213649 201.612190 97.488846
146.705068 85.273901 125.789501 111.060068 143.218623 125.114463 242.738408 75.287009 169.830028 169.084398 201.702933 97.593211
146.530081 85.403879 125.848415 111.175727 143.171920 124.987479 242.773804 75.143407 170.069838 168.958175 201.790120 97.693383
146.403880 85.581390 125.910143 111.296912 143.050440 124.863563 242.807733 75.007581 170.315311 168.828971 201.878554 97.794987
146.280228 85.755314 125.969738 111.413908 142.922677 124.816372 242.877140 74.736605 170.554767 168.702934 201.967973 97.897723
146.158028 85.932005 126.031784 111.535716 142.795289 124.769319 242.911219 74.605874 170.803268 168.582857 202.057457 98.000535
146.080334 86.109549 126.092877 111.655653 142.668276 124.722405 242.947468 74.466821 171.046674 168.465777 202.144053 98.100027
146.025785 86.262545 126.153062 111.773807 142.543796 124.676426 242.984019 74.326607 171.295937 168.345879 202.230846 98.199746
146.005837 86.389892 126.215561 111.896507 142.361436 124.622347 243.024001 74.173233 171.545200 168.225982 202.316851 98.298560
145.990068 86.490564 126.277063 112.017245 142.272212 124.586651 243.065346 74.014633 171.792120 168.107211 202.406270 98.401296
145.978414 86.564957 126.339880 112.140568 142.217711 124.564847 243.110549 73.841228 172.041564 167.987227 202.494992 98.503313
145.964579 86.653280 126.399883 112.258366 142.195614 124.556007 243.159638 73.652921 172.293472 167.870423 202.582674 98.604246
145.955557 86.710878 126.445771 112.348453 142.137569 124.449703 243.211678 73.453293 172.545574 167.758082 202.668193 98.702688
145.943187 86.818618 126.482082 112.419738 142.155321 124.380545 243.266618 73.242536 172.793018 167.647816 202.758236 98.806339
145.936555 86.915691 126.505502 112.465716 142.205622 124.234851 243.325231 73.017649 173.046216 167.534986 202.842967 98.903875
145.929071 87.025236 126.529513 112.512854 142.230034 124.123291 243.386129 72.783953 173.076004 167.123892 202.929862 99.003902
145.920551 87.149945 126.549529 112.552149 142.257781 123.996491 243.439221 72.534015 172.965933 166.870025 203.017217 99.104457
145.911042 87.289121 126.514342 112.683104 142.286917 123.863342 243.447951 72.169861 172.877926 166.609154 203.105150 99.205172
145.900552 87.442663 126.440616 112.722305 142.316416 123.728532 243.454536 71.893940 172.761581 166.365507 203.191115 99.303489
145.889197 87.608876 126.355588 112.767515 142.339524 123.622930 243.461159 71.616419 172.644548 166.120415 203.279055 99.404066
145.878488 87.765610 126.260141 112.818264 142.353761 123.557870 243.467705 71.342097 172.516701 165.848635 203.369694 99.507728
145.867678 87.923841 126.068270 112.922021 142.361414 123.522897 243.474264 71.067275 172.407380 165.595100 203.459937 99.610939
145.856663 88.085065 125.945517 112.989340 142.365603 123.503750 243.447849 70.790554 172.298771 165.343218 203.545543 99.708241
145.845819 88.243795 125.838898 113.047811 142.368553 123.490269 243.454130 70.527329 172.190403 165.091672 203.632439 99.805870
145.835111 88.400530 125.760336 113.090894 142.369216 123.487241 243.460264 70.270302 172.086512 164.841052 203.724122 99.908878
145.824328 88.558362 125.714742 113.115898 142.369344 123.486655 243.466630 70.003578 171.981824 164.590982 203.814609 100.010541
145.813285 88.719985 125.694927 113.126766 142.331797 123.446620 243.473041 69.735155 171.875086 164.338519 203.904032 100.111009
145.802168 88.882706 125.576647 113.095495 142.296654 123.439288 243.477427 69.377208 171.768269 164.085872 203.995117 100.213344
145.797108 89.046272 125.551135 113.047902 142.237527 123.426951 243.479715 69.108018 171.661842 163.834145 204.083077 100.312169
145.795026 89.210559 125.519008 112.987969 142.161857 123.411163 243.482018 68.837128 171.543427 163.524008 204.168511 100.408155
145.793019 89.368946 125.478378 112.912172 142.067685 123.391515 243.484311 68.567237 171.448753 163.265180 204.259529 100.510415
145.790941 89.532933 125.430849 112.823508 141.961864 123.369436 243.486592 68.298947 171.354834 163.008417 204.349350 100.605317
145.788889 89.694920 125.374345 112.718097 141.845338 123.308546 243.488889 68.028657 171.256533 162.749238 204.439250 100.697273
145.786802 89.859607 125.309383 112.596911 141.716781 123.278594 243.491219 67.754467 171.159943 162.496785 204.532924 100.793091
145.814850 90.149299 125.246216 112.479073 141.587835 123.248550 243.493526 67.483077 171.021936 162.134766 204.623383 100.885620
145.836081 90.309499 125.183428 112.361941 141.459473 123.218643 243.495694 67.227986 170.938289 161.870172 204.714821 100.979150
145.869394 90.469078 125.122388 112.248069 141.357406 123.194863 243.497562 67.008094 170.844610 161.614602 204.808775 101.075253
145.914222 90.621940 125.058890 112.129615 141.280078 123.176846 243.499096 66.827700 170.654989 161.165701 204.903219 101.171858
145.951566 90.749278 124.994165 112.008868 141.230522 123.108560 243.500300 66.686005 170.554301 160.912055 204.993817 101.264529
146.107953 90.915721 124.930715 111.890502 141.363530 123.059129 243.501576 66.535811 170.483129 160.651597 205.089060 101.360756
146.235420 90.945435 124.867832 111.773193 141.450207 123.048498 243.502693 66.404416 170.378476 160.409553 205.186242 101.454750
146.366675 90.967523 124.803674 111.653505 141.541889 123.073386 243.336198 66.380834 170.268624 160.155484 205.286011 101.551246
146.504245 90.977771 124.741263 111.537077 141.654610 123.103985 243.204203 66.388180 170.160876 159.906280 205.380748 101.642876
146.657730 90.985891 124.684475 111.431138 141.778429 123.137598 243.072806 66.395492 170.014298 159.556777 205.477139 101.736105
146.829693 90.994930 124.646254 111.359836 141.904950 123.171944 242.942008 66.402771 169.902884 159.307710 205.569390 101.829328
147.013040 91.004568 124.619797 111.310480 142.034910 123.206178 242.803622 66.410473 169.787361 159.058262 205.658928 101.926046
147.206754 91.016755 124.684422 111.183121 142.161805 123.237901 242.670728 66.417868 169.657132 158.819506 205.749892 102.024304
147.393051 91.029017 124.773805 111.165520 142.290931 123.270183 242.539531 66.425169 169.520954 158.580360 205.908585 102.195958
147.585834 91.041705 124.880850 111.144441 142.404984 123.201419 242.405039 66.432654 169.380037 158.341683 205.997702 102.292520
147.775552 91.056441 125.009087 111.119189 142.430888 123.066279 242.276238 66.439822 169.186517 158.144054 206.089124 102.391581
147.966237 91.072972 125.145370 111.092352 142.456546 122.932416 242.145541 66.447095 168.995446 157.948925 206.176613 102.486379
148.155626 91.089391 125.280083 111.065825 142.480736 122.806214 242.011947 66.454530 168.800821 157.751119 206.269052 102.586542
148.347650 91.118365 125.415090 111.039240 142.524806 122.628364 241.880551 66.461842 168.609095 157.556632 206.362713 102.688027
148.531868 91.149319 125.545879 111.013486 142.606639 122.531724 241.745060 66.469382 168.416677 157.361425 206.454066 102.791017
148.720030 91.180936 125.675490 110.987963 142.622921 122.451153 241.607373 66.477045 168.222065 157.163887 206.537583 102.889856
