263.322600 388.020000 222.327660 269.717133 226.292236 396.552845 445.622045 199.356991 372.301926 246.284919 372.097800 245.236200
263.310752 388.066308 222.327660 269.717133 226.100482 396.353224 445.210944 199.725666 372.350799 246.536007 372.105633 245.276445
263.289783 388.148268 222.327660 269.717133 225.914270 396.159372 444.803710 200.095038 372.403868 246.811948 372.122026 245.360664
263.260782 388.261617 222.327660 269.717133 225.711508 395.990184 444.400168 200.463126 372.460382 247.112481 372.147208 245.490036
263.225090 388.401124 222.327660 269.717133 225.490739 395.806799 443.990569 200.836740 372.518818 247.423235 372.177509 245.645715
263.178441 388.583451 222.327660 269.717133 225.253355 395.609612 443.590869 201.201324 372.579877 247.747943 372.216332 245.845171
263.122423 388.802398 222.327660 269.717133 224.998894 395.398239 443.186441 201.570220 372.639681 248.065969 372.261155 246.075450
263.059069 389.050022 222.327660 269.717133 224.714126 395.161692 442.777284 201.943430 372.698568 248.448053 372.313504 246.344402
262.986601 389.333300 222.327660 269.717133 224.404434 394.904441 442.376255 202.309226 372.744994 248.774165 372.371624 246.642999
262.921326 389.588483 222.327660 269.717133 224.071511 394.627894 441.975478 202.712353 372.791025 249.097505 372.433215 246.968013
263.127641 389.840714 222.327660 269.717133 223.734281 394.347768 441.568396 203.075620 372.837760 249.425795 372.493943 247.290953
263.313083 390.033844 222.327660 269.717133 223.396744 394.067386 441.159821 203.440219 372.883115 249.744382 372.552674 247.603279
263.410486 390.285399 222.327660 269.717133 223.068437 393.794673 440.754976 203.801488 372.927398 250.055446 372.611701 247.917177
263.485429 390.546454 222.327660 269.717133 222.713812 393.546430 440.344312 204.167951 372.973655 250.380370 372.677004 248.296580
263.560428 390.807702 222.327660 269.717133 222.311450 393.384832 439.937677 204.530819 373.024662 250.706527 372.723712 248.624672
263.632612 391.059146 222.327660 269.717133 221.914471 393.225395 439.527610 204.896750 373.084057 251.015673 372.770165 248.950982
263.707003 391.318280 222.327660 269.717133 221.504871 393.060890 439.121572 205.259085 373.143452 251.324819 372.815464 249.269174
263.780622 391.574722 222.327660 269.717133 221.089868 392.939982 438.694409 205.604175 373.202750 251.664662 372.860762 249.587365
263.851923 391.823090 222.327660 269.717133 220.662460 392.877159 438.271607 205.942655 373.250100 251.986396 372.906990 249.912091
263.928411 392.089528 222.327660 269.717133 220.236240 392.814510 437.844746 206.284386 373.296401 252.301008 372.953923 250.241767
264.001920 392.345586 222.327660 269.717133 219.614471 392.723079 437.417416 206.626491 373.348721 252.617202 373.000603 250.569661
264.015275 392.618706 222.327660 269.717133 219.181311 392.671783 436.978779 206.952233 373.435676 252.930561 373.059529 250.888008
264.011932 392.885085 222.327660 269.717133 218.744583 392.692109 436.528645 207.270007 373.520170 253.235055 373.118811 251.196565
264.009434 393.084069 222.327660 269.717133 218.346414 392.710641 436.085699 207.582705 373.604970 253.553716 373.177800 251.503600
264.007732 393.219659 222.327660 269.717133 218.021566 392.725760 435.640630 207.896903 373.678450 253.864754 373.233647 251.874601
264.007012 393.277054 222.327660 269.717133 217.773435 392.737309 435.189352 208.215483 373.753402 254.182021 373.281840 252.202073
263.899217 393.458198 222.327660 269.717133 217.599223 392.745417 434.743302 208.530373 373.827343 254.495006 373.328782 252.521038
263.777664 393.461585 222.327660 269.717133 217.496534 392.750196 434.248815 208.773857 373.901100 254.807212 373.408509 252.832661
263.625523 393.465824 222.327660 269.717133 217.331790 392.527589 433.752712 209.012232 374.004420 255.110932 373.493592 253.139275
263.439995 393.470993 222.327660 269.717133 217.392632 392.361162 433.259494 209.249221 374.123022 255.408787 373.578996 253.447045
263.219880 393.477127 222.327660 269.717133 217.465492 392.161862 432.763752 209.487422 374.244510 255.713889 373.655597 253.768017
262.961181 393.484335 222.117049 269.596682 217.553253 391.921801 432.275221 209.722159 374.367478 256.022707 373.729491 254.080807
262.707679 393.491398 222.045140 269.553653 217.649805 391.657697 431.776956 209.961573 374.486673 256.322049 373.803708 254.394960
262.487365 393.497537 221.944399 269.493370 217.755970 391.367294 431.288244 210.196397 374.610011 256.631796 373.879717 254.716703
262.310056 393.497213 221.820661 269.419326 217.869894 391.055666 430.792502 210.434598 374.732683 256.939871 373.969941 255.024344
262.203527 393.493321 221.666546 269.327105 218.056203 390.736550 430.273122 210.604475 374.888523 257.217395 374.089728 255.325172
262.023475 393.272692 221.490292 269.221636 218.256585 390.395223 429.748387 210.770587 375.050042 257.495261 374.210920 255.629531
262.065229 393.086517 221.287265 269.100146 218.476581 390.022971 429.228228 210.935251 375.211159 257.772435 374.327081 255.921254
262.116524 392.857798 221.109810 268.993958 218.698040 389.649029 428.671248 211.192156 375.369763 258.045287 374.449901 256.229701
262.176792 392.589073 220.949090 268.976059 218.923067 389.269064 428.139872 211.298942 375.527864 258.317274 374.571685 256.535546
262.244281 392.288148 220.790445 268.884042 219.145851 388.892884 427.603002 211.405778 375.683529 258.591767 374.690954 256.835074
262.319823 391.951316 220.610000 268.779382 219.363744 388.524965 427.060313 211.509968 375.833025 258.870849 374.834147 257.123850
262.402587 391.582282 220.407411 268.661877 219.596003 388.149389 426.516044 211.609930 375.986015 259.156453 374.991746 257.394973
262.492835 391.179878 220.053559 268.456332 219.841031 387.799201 425.977265 211.702066 376.137022 259.438356 375.156883 257.679064
262.569471 390.838167 219.814685 268.317278 220.093454 387.438809 425.443021 211.793426 376.288406 259.720963 375.315488 257.951916
262.635166 390.545243 219.618370 268.515444 220.343834 387.081381 424.898525 211.886539 376.439697 260.003395 375.475197 258.226669
262.683879 390.328039 219.531699 268.760997 220.654872 386.783630 424.358808 211.959516 376.596276 260.295699 375.637621 258.506092
262.723270 390.152401 219.442100 269.014849 220.980373 386.486683 423.812124 212.000247 376.745062 260.576959 375.787694 258.786225
262.770276 389.942808 219.354166 269.263985 221.297304 386.197554 423.270425 212.040608 376.891482 260.861946 375.941534 259.073416
262.856781 389.574414 219.266098 269.513499 221.648259 385.931364 422.723341 212.081369 377.036988 261.145153 376.096130 259.362018
262.924682 389.308961 219.174568 269.772820 222.292355 385.509214 422.171072 212.122517 377.188801 261.440635 376.252425 259.653793
263.000367 389.013088 219.083704 270.030255 222.642230 385.257866 421.620797 212.163516 377.344670 261.720019 376.407777 259.943805
263.085817 388.679044 218.998099 270.272791 222.991781 385.006751 421.068927 212.204634 377.627403 262.143945 376.560106 260.228176
263.178306 388.317486 218.907302 270.530037 223.348345 384.749319 420.233271 212.218610 377.807410 262.403503 376.708594 260.505980
263.319344 387.734610 218.817370 270.784832 223.686211 384.488542 419.680769 212.261964 378.005586 262.669619 376.854283 260.789543
263.396235 387.370234 218.725442 271.045285 223.987504 384.255993 419.139234 212.304458 378.143960 262.965886 377.004176 261.081289
263.456979 387.082374 218.634777 271.302154 224.266157 384.040920 418.588128 212.347702 378.332673 263.219349 377.153796 261.372502
