196.158000 160.288200 159.610700 68.214500 179.965698 142.877508 120.842713 162.580274 159.672669 148.927539 175.098300 169.278900
196.176507 160.290879 159.598150 68.221763 179.832361 142.851238 120.846459 162.569084 159.622173 148.907847 175.121799 169.272711
196.211542 160.295950 159.567078 68.239744 179.608478 142.811913 120.850808 162.556093 159.550341 148.879835 175.167346 169.260716
196.265084 160.303700 159.514974 68.269897 179.481587 142.791645 120.854396 162.545377 159.463790 148.846083 175.227108 169.244977
196.336539 160.314042 159.449627 68.307714 179.352226 142.770984 120.858142 162.534188 159.365406 148.807717 175.300602 169.225621
196.424028 160.326706 159.368702 68.354546 179.123974 142.732402 120.861729 162.523472 159.251929 148.763465 175.390632 169.201910
196.501025 160.337850 159.276957 68.407640 178.898717 142.685061 120.869665 162.499765 159.124570 148.713799 175.500002 169.173106
196.549124 160.344812 159.205101 68.483772 178.764451 142.659564 120.873157 162.489334 159.022367 148.673944 175.628327 169.139310
196.632208 160.451843 159.255729 68.621033 178.635757 142.637335 120.875253 162.483076 158.934511 148.639683 175.837809 169.030309
196.607851 160.523411 159.312654 68.775369 178.413358 142.591885 120.882015 162.462878 158.843744 148.607044 175.992836 168.966881
196.578370 160.610032 159.374008 68.941715 178.278532 142.561535 120.885411 162.452731 158.748662 148.582900 176.152204 168.887524
196.541737 160.717669 159.441938 69.125887 178.153072 142.533292 120.889253 162.441257 158.528426 148.537818 176.313518 168.785629
196.500863 160.839789 159.514989 69.323944 178.027416 142.505006 120.891380 162.434904 158.413120 148.514201 176.489542 168.674441
196.462744 160.984761 159.591328 69.530915 177.900058 142.474362 120.894173 162.426559 158.287215 148.487592 176.658042 168.568007
196.421676 161.140952 159.665625 69.732350 177.774479 142.443151 120.899746 162.415233 158.151275 148.453705 176.793146 168.482667
196.423637 161.315051 159.741825 69.938945 177.553381 142.388159 120.904226 162.407891 157.999907 148.415973 176.906015 168.411373
196.512735 161.477782 159.815637 70.139066 177.419855 142.354923 120.909591 162.399099 157.832712 148.388565 176.986587 168.360479
196.682080 161.586886 159.891215 70.343973 177.293802 142.323547 120.913601 162.392526 157.680800 148.303395 177.047717 168.332749
196.870686 161.685216 159.966930 70.549254 177.166389 142.291833 120.921206 162.380063 157.572414 148.153124 177.090281 168.320470
197.026129 161.766257 160.042369 70.753785 176.987212 142.281225 120.924435 162.374770 157.458925 147.993078 177.102292 168.317005
197.148054 161.829822 160.118846 70.961131 176.858076 142.247014 120.930529 162.364783 157.356254 147.808440 177.118049 168.312459
197.235042 161.875173 160.192901 71.161909 176.729150 142.211608 120.936780 162.354539 157.252293 147.607996 177.121700 168.311405
197.292856 161.905315 160.269136 71.368598 176.599068 142.175874 120.944541 162.341820 157.191013 147.489842 177.126792 168.309936
197.328325 161.923807 160.401384 71.536849 176.465240 142.139060 120.948187 162.335844 157.149853 147.410481 177.130347 168.308910
197.390891 162.011468 160.566510 71.401830 176.333243 142.102750 120.954020 162.326284 157.125543 147.363610 177.132941 168.308162
197.383630 162.025275 160.738526 71.261176 176.204138 142.067235 120.958708 162.318601 157.108002 147.329788 177.137361 168.306887
197.380651 162.030940 160.906826 71.123561 176.072913 142.031137 120.962563 162.312284 157.103490 147.321089 177.138802 168.306471
197.379441 162.033241 161.075126 70.985946 175.742655 141.939905 120.966938 162.305113 157.100083 147.314520 177.141589 168.305667
197.379302 162.033507 161.245748 70.846432 175.612946 141.903209 120.975532 162.291028 157.099438 147.313277 177.145048 168.304669
197.290032 162.063048 161.414048 70.708817 175.414489 141.818213 120.980637 162.282663 157.099346 147.313100 177.148026 168.303810
197.253307 162.052177 161.585289 70.568796 175.288321 141.760118 120.988450 162.269858 157.099346 147.313100 177.178078 168.244706
197.194241 162.034693 161.752041 70.432447 175.161142 141.708809 120.994752 162.259529 157.085411 147.286077 177.177764 168.239215
197.118332 162.013196 161.917786 70.296921 175.028641 141.696195 120.998450 162.253468 157.070799 147.257384 177.177576 168.235921
197.027656 161.988800 162.086009 70.159369 174.897856 141.677939 121.005326 162.242200 157.048108 147.212829 177.177359 168.232127
196.918633 161.959468 162.256392 70.020678 174.792379 141.590825 121.011212 162.232554 157.018247 147.154195 177.176840 168.223042
196.795511 161.926343 162.427710 69.887490 174.673580 141.563074 121.018556 162.220518 156.982836 147.084248 177.176487 168.216852
196.655074 161.902895 162.601397 69.752461 174.540460 141.556154 121.023712 162.212067 156.940024 146.999442 177.176287 168.213357
196.495220 161.881340 162.775557 69.617063 174.410092 141.528709 121.035901 162.192092 156.887582 146.896309 177.176133 168.210662
196.318243 161.858878 162.943402 69.486576 174.195158 141.466417 121.042047 162.182019 156.826102 146.775447 177.175991 168.208166
196.122990 161.840064 163.078167 69.381805 173.974772 141.406576 121.048402 162.171604 156.755328 146.636314 177.175911 168.206768
195.918066 161.879581 163.184353 69.299253 173.848878 141.375387 121.056006 162.159141 156.679612 146.487465 177.175843 168.205570
195.596255 161.937299 163.259906 69.240515 173.721431 141.343813 121.063507 162.146849 156.598636 146.328276 177.175780 168.204472
195.369700 161.879183 163.310986 69.200804 173.591557 141.311638 121.067830 162.139764 156.509907 146.153847 177.175637 168.201976
195.128379 161.816616 163.337828 69.179936 173.463333 141.279872 121.073351 162.130715 156.415785 145.962115 177.175523 168.199979
194.875539 161.751063 163.373732 69.066194 173.240278 141.224621 121.078664 162.122008 156.344710 145.785801 177.175381 168.197483
194.614180 161.683301 163.351405 69.004192 173.114379 141.193450 121.082466 162.115777 156.283619 145.643678 177.175307 168.196185
194.392413 161.625804 163.323012 68.925348 172.989866 141.161293 121.085696 162.110484 156.243052 145.520522 177.175233 168.194888
194.207332 161.577818 163.290080 68.833897 172.859891 141.127484 121.090279 162.102972 156.033843 145.413704 177.175170 168.193789
194.070070 161.542230 163.250745 68.724664 172.733304 141.094557 121.092832 162.098789 155.901940 145.440007 177.175050 168.191693
193.916345 161.421807 163.206056 68.600565 172.608168 141.062007 121.097155 162.091704 155.774990 145.465066 177.174868 168.188498
193.788269 161.378866 163.154286 68.456802 172.420775 141.017105 121.099499 162.087863 155.645770 145.490507 177.174708 168.185702
193.661077 161.341744 163.097976 68.300432 172.289359 140.990409 121.102259 162.083338 155.510271 145.517184 177.174611 168.184005
193.529260 161.302619 163.035906 68.128067 172.154807 140.963075 121.104447 162.079753 155.383211 145.542200 177.174417 168.180611
193.398403 161.263779 162.970109 67.945353 171.928824 140.917186 121.106009 162.077192 155.248300 145.568762 177.174149 168.175918
193.274503 161.228641 162.898214 67.745704 171.800052 140.891038 121.108510 162.073095 155.121632 145.593700 177.173973 168.172823
193.147386 161.194974 162.824049 67.539750 171.665008 140.863616 121.110958 162.069083 154.986526 145.620301 177.173807 168.169928
193.016402 161.160283 162.750223 67.334738 171.538098 140.837846 121.115489 162.061656 154.855540 145.646089 177.173556 168.165535
192.885205 161.147813 162.677887 67.133865 171.405014 140.810822 121.117469 162.058412 154.727891 145.671221 177.173180 168.158946
192.748127 161.140021 162.604908 66.931205 171.270569 140.797775 121.121635 162.051583 154.597003 145.696991 177.171664 168.132389
192.618494 161.133668 162.530336 66.724123 171.141973 140.787582 121.126323 162.043900 154.467882 145.722412 177.169206 168.089359
192.480739 161.130144 162.418671 66.417653 171.005805 140.776726 121.130959 162.036303 154.333070 145.748954 177.166544 168.042735
192.343884 161.126644 162.341708 66.211127 170.869438 140.765846 121.132834 162.033230 154.233381 145.768564 177.259413 167.865929
192.209328 161.123204 162.266527 66.009380 170.738654 140.755411 121.136845 162.026657 154.164401 145.782126 177.335704 167.843571
192.074671 161.119786 162.189634 65.803042 170.603882 140.744658 121.139970 162.021535 154.123779 145.790113 177.426009 167.817116
191.944113 161.116472 162.114173 65.600545 170.475590 140.734422 121.142835 162.016840 154.005184 145.720920 177.536664 167.784720
191.807257 161.112999 162.039306 65.399642 170.344108 140.723931 121.145335 162.012742 153.988846 145.640156 177.661715 167.748108
191.677077 161.110843 161.962763 65.194240 170.245421 140.716057 121.151169 162.003182 153.972577 145.559786 177.756726 167.720292
191.546388 161.109177 161.886743 64.990244 170.181225 140.710935 121.156846 161.993877 153.957220 145.483925 177.825826 167.700062
191.430597 161.107702 161.811457 64.788216 170.145239 140.708064 121.160492 161.987902 153.942420 145.410808 177.790291 167.611907
191.305308 161.106105 161.668772 64.404212 170.136268 140.707348 121.162419 161.984743 153.926557 145.332397 177.730614 167.563249
191.175318 161.104449 161.592790 64.200095 170.127994 140.706688 121.166430 161.978170 153.910398 145.252515 177.671402 167.514969
191.046215 161.102321 161.517401 63.997572 170.127396 140.706640 121.170909 161.970829 153.894872 145.175769 177.609322 167.464352
190.916604 160.969175 161.444844 63.794362 170.127197 140.706624 121.174139 161.965536 153.884661 145.125292 177.551970 167.417589
190.894916 160.839633 161.374961 63.587339 170.127097 140.706616 121.179806 161.956225 153.877765 145.091182 177.491751 167.368488
190.850080 160.711694 161.303926 63.376905 170.127097 140.706616 121.183693 161.949811 153.818344 144.979553 177.428276 167.316733
190.799388 160.589383 161.237753 63.180872 170.127097 140.706616 121.192504 161.935273 153.767060 144.920385 177.367902 167.267505
190.741613 160.478494 161.192221 63.023271 170.127097 140.706616 121.195873 161.929714 153.715188 144.860536 177.310395 167.220616
190.680880 160.365139 161.159748 62.904427 170.127097 140.706616 121.200071 161.922787 153.661939 144.799101 177.245913 167.168039
190.615661 160.243409 161.143925 62.819826 170.127097 140.706616 121.205150 161.914406 153.612817 144.742426 177.188561 167.121277
190.548014 160.122337 161.133863 62.763213 170.127097 140.706616 121.209141 161.907821 153.562058 144.683862 177.129427 167.073060
190.485770 160.008158 161.128788 62.734661 170.127097 140.706616 121.216553 161.895591 153.513263 144.627565 177.068975 167.023770
190.427593 159.889224 161.060009 62.650751 170.127097 140.706616 121.221528 161.887381 153.460736 144.566961 177.012553 166.977765
190.373573 159.772081 160.989358 62.640433 170.127097 140.706616 121.233345 161.867883 153.411679 144.510361 176.951016 166.927590
190.329337 159.644645 160.905547 62.628193 170.127097 140.706616 121.245162 161.848384 153.359348 144.449984 176.894284 166.881333
190.292969 159.522651 160.800561 62.612861 170.127097 140.706616 121.257757 161.827603 153.305772 144.388171 176.836467 166.834191
190.254048 159.394324 160.683404 62.595751 170.127097 140.706616 121.264080 161.817169 153.257960 144.333007 176.779270 166.787554
190.218255 159.268167 160.553482 62.576777 170.127097 140.706616 121.279629 161.791513 153.209428 144.277012 176.720601 166.739717
190.188563 159.136883 160.410202 62.555852 170.127097 140.706616 121.296629 161.763462 153.155001 144.214217 176.659451 166.689858
190.159864 159.009988 160.255048 62.533193 170.127097 140.706616 121.322440 161.720873 153.101556 144.152555 176.597759 166.639556
190.129866 158.880723 160.080796 62.507744 170.127097 140.706616 121.357114 161.663660 153.049421 144.092404 176.535525 166.588812
190.098511 158.746024 159.891306 62.480071 170.127097 140.706616 121.392565 161.605164 152.999186 144.034444 176.473135 166.537942
190.070574 158.614151 159.591926 62.438979 170.127097 140.706616 121.428948 161.541914 152.946461 143.973613 176.410203 166.486629
190.042132 158.479625 159.371573 62.411984 170.127097 140.706616 121.457077 161.488351 152.912338 143.934243 176.348356 166.436201
190.013917 158.347916 159.135737 62.383093 170.127097 140.706616 121.487530 161.430361 152.891248 143.909911 176.288602 166.387479
189.985076 158.223003 158.889577 62.352937 170.127097 140.706616 121.516263 161.375647 152.879262 143.896082 176.229700 166.339452
189.957068 158.101694 158.632102 62.321394 170.127097 140.706616 121.545229 161.320490 152.877625 143.894193 176.168240 166.289340
189.927283 157.972688 158.359639 62.288016 170.127097 140.706616 121.569219 161.274806 152.876577 143.892984 176.106858 166.239292
189.900373 157.847468 158.088367 62.254780 170.127097 140.706616 121.592373 161.230716 152.876119 143.892455 176.049739 166.192718
189.876149 157.721170 157.815620 62.214537 170.127097 140.706616 121.616085 161.185563 152.876053 143.892380 175.986264 166.140963
189.850041 157.585051 157.542719 62.164631 170.127097 140.706616 121.638030 161.143775 152.876053 143.892380 175.926122 166.091925
189.822479 157.451084 157.273501 62.105199 170.127097 140.706616 121.660114 161.101721 152.876053 143.892380 175.862183 166.039791
189.791943 157.321534 157.004088 62.045724 170.127097 140.706616 121.678200 161.067281 152.876053 143.892380 175.805219 165.993344
189.762350 157.192284 156.746105 61.952189 170.127097 140.706616 121.696751 161.031956 152.876053 143.892380 175.741821 165.941652
189.736892 157.073992 156.490327 61.856474 170.127097 140.706616 121.714790 160.997604 152.876053 143.892380 175.680439 165.891604
189.713202 156.963912 156.233145 61.760233 170.127097 140.706616 121.735666 160.957852 152.876053 143.892380 175.644401 165.862219
189.694687 156.877882 155.974838 61.663572 170.127097 140.706616 121.752032 160.926688 152.876053 143.892380 175.598229 165.677662
189.680119 156.809313 155.723685 61.562797 170.127097 140.706616 121.768025 160.896232 152.876053 143.892380 175.659547 165.608540
189.666325 156.742829 155.469209 61.452879 170.127097 140.706616 121.780393 160.872682 152.876053 143.892380 175.732876 165.525877
189.654683 156.686724 155.214550 61.342882 170.127097 140.706616 121.789273 160.855772 152.876053 143.892380 175.819876 165.427804
189.644688 156.638550 154.962553 61.234034 170.127097 140.706616 121.800896 160.833638 152.876053 143.892380 175.912317 165.323597
189.634916 156.591453 154.708720 61.124394 170.127097 140.706616 121.807498 160.821066 152.876053 143.892380 175.919070 165.188143
189.627561 156.556008 154.459202 61.016617 170.127097 140.706616 121.814054 160.808583 152.876053 143.892380 175.813317 165.100578
189.616814 156.504211 154.209133 60.908602 170.116331 140.705757 121.819494 160.798225 152.875726 143.892002 175.712494 165.017095
189.605457 156.449477 153.955024 60.798843 170.098189 140.704310 121.828281 160.781492 152.872451 143.888223 175.609052 164.931443
189.586562 156.346448 153.702964 60.695032 170.056222 140.700961 121.832837 160.772815 152.868914 143.884143 175.509076 164.848661
189.571595 156.251115 153.447706 60.580240 169.913847 140.689619 121.839765 160.759624 152.861448 143.875528 175.402553 164.760458
189.553559 156.134705 153.186351 60.497964 169.840081 140.683735 121.847157 160.745547 152.853981 143.866914 175.295043 164.687674
189.533759 156.002479 152.925881 60.422853 169.758341 140.677215 121.852783 160.734834 152.841864 143.852934 175.175260 164.635630
189.518565 155.869769 152.662983 60.357086 169.654271 140.668914 121.860733 160.719694 152.833546 143.843337 175.067768 164.588926
189.504873 155.738481 152.397077 60.290567 169.535149 140.659412 121.868684 160.704555 152.826538 143.835251 174.987883 164.554217
189.491908 155.604109 152.127872 60.223223 169.405801 140.643690 121.878308 160.686228 152.824180 143.832531 174.941107 164.533893
189.479862 155.469346 151.863324 60.157044 169.279035 140.628276 121.885328 160.672860 152.823656 143.831927 174.914326 164.522257
189.468858 155.336212 151.601105 60.091447 169.156140 140.613333 121.893418 160.657455 152.823329 143.831549 174.852070 164.431698
189.461420 155.204622 151.330808 60.049431 169.025511 140.597382 121.900160 160.644617 152.823329 143.831549 174.876641 164.360203
189.453904 155.071634 151.056871 60.030364 168.897976 140.581667 121.910714 160.624520 152.823329 143.831549 174.905274 164.276885
189.447509 154.936313 150.781337 60.011187 168.596121 140.569420 121.918943 160.608849 152.823329 143.831549 174.939497 164.177302
189.447010 154.805413 150.507300 59.992113 168.463383 140.559847 121.926289 160.594861 152.823329 143.831549 174.975610 164.062177
189.446522 154.677614 150.233463 59.973054 168.336879 140.542410 121.934519 160.579190 152.823329 143.831549 175.003494 163.935202
189.446851 154.543127 149.991011 59.955333 168.203144 140.523977 121.941167 160.566530 152.823329 143.831549 175.032772 163.801879
189.451061 154.408793 149.792509 59.939920 168.068616 140.505435 121.955115 160.539969 152.823329 143.831549 175.062329 163.667286
189.455384 154.270861 149.629898 59.927294 167.941220 140.487876 121.964832 160.521466 152.823329 143.831549 175.089150 163.536010
189.459482 154.140125 149.500853 59.916497 167.806890 140.469361 121.978780 160.494905 152.823329 143.831549 175.101257 163.398843
189.463616 154.008190 149.417509 59.908776 167.673733 140.452685 121.991126 160.472371 152.823329 143.831549 175.113021 163.265561
189.467946 153.870057 149.358860 59.903343 167.542399 140.436723 122.002166 160.453226 152.823329 143.831549 175.125049 163.129291
189.472087 153.737922 149.328194 59.900479 167.414441 140.421171 122.015505 160.430096 152.823329 143.831549 175.129418 162.928656
189.475252 153.608265 149.317839 59.899508 167.278938 140.404702 122.029392 160.406014 152.823329 143.831549 175.134191 162.800170
189.477350 153.478082 149.119569 59.882545 167.149789 140.389006 122.040582 160.386609 152.823329 143.831549 175.186679 162.680995
189.479520 153.343499 149.064937 59.878250 167.020242 140.373260 122.055719 160.360361 152.823329 143.831549 175.252872 162.566214
189.481449 153.223815 148.996947 59.872905 166.920972 140.361195 122.074603 160.327615 152.823329 143.831549 175.308225 162.470230
189.483580 153.091632 148.908919 59.865985 166.708759 140.340449 122.092836 160.295996 152.823329 143.831549 175.344443 162.407426
189.485009 153.002943 148.808600 59.857298 166.618561 140.333070 122.112469 160.261951 152.823329 143.831549 175.365575 162.370782
189.486204 152.928853 148.691288 59.845530 166.540422 140.326679 122.129354 160.232671 152.823329 143.831549 175.375567 162.353457
189.487348 152.857862 148.555307 59.830589 166.481527 140.288748 122.152034 160.193342 152.823329 143.831549 175.381961 162.342368
189.488310 152.798170 148.398853 59.813361 166.428902 140.284449 122.170368 160.161550 152.823329 143.831549 175.383510 162.339683
189.488964 152.757575 148.231166 59.794897 166.361128 140.278914 122.189401 160.128544 152.823329 143.831549 175.383560 162.339596
189.489559 152.720680 148.045764 59.768447 166.303021 140.274167 122.204138 160.102989 152.823329 143.831549 175.383560 162.339596
189.490394 152.668887 147.844999 59.738407 166.243121 140.269275 122.221823 160.072323 152.823329 143.831549 175.383560 162.339596
189.494030 152.499212 147.631936 59.734992 166.194184 140.265277 122.238708 160.043043 152.823329 143.831549 175.383560 162.339596
189.496555 152.413149 147.406480 59.684227 166.168370 140.263169 122.252346 160.019393 152.823329 143.831549 175.383560 162.339596
189.499508 152.312493 147.170019 59.629205 166.138469 140.260727 122.268532 159.991326 152.823329 143.831549 175.383560 162.339596
189.503063 152.191345 146.925683 59.565913 166.116343 140.258919 122.281071 159.969582 152.823329 143.831549 175.383560 162.339596
189.507118 152.053104 146.670796 59.499887 166.085545 140.256404 122.293909 159.947319 152.823329 143.831549 175.383560 162.339596
189.510957 151.922260 146.405893 59.428169 166.046177 140.253188 122.309146 159.920897 152.823329 143.831549 175.383560 162.339596
189.514817 151.790717 146.142586 59.345431 165.987572 140.248401 122.317689 159.906084 152.823329 143.831549 175.383560 162.339596
189.518652 151.659973 145.879661 59.262812 165.951592 140.245462 122.327630 159.888845 152.823329 143.831549 175.383560 162.339596
189.522491 151.529130 145.616832 59.180223 165.929465 140.243655 122.339469 159.868314 152.823329 143.831549 175.383560 162.339596
189.527441 151.399525 145.358501 59.089039 165.915811 140.242540 122.351159 159.848043 152.699006 143.770174 175.383560 162.339596
189.532691 151.265828 145.104108 58.990253 165.909731 140.242043 122.359302 159.833923 152.668620 143.769276 175.383560 162.339596
189.537963 151.131531 144.848290 58.892506 165.906342 140.241766 122.364397 159.825087 152.614643 143.767680 175.383560 162.339596
189.543047 151.002031 144.610790 58.817374 165.885811 140.240089 122.375038 159.806635 152.547377 143.759178 175.383560 162.339596
189.548261 150.869233 144.400559 58.750868 165.854814 140.237558 122.383980 159.791129 152.463588 143.740709 175.383560 162.339596
189.553370 150.736632 144.127233 58.662735 165.841757 140.236491 122.388976 159.782466 152.360668 143.719468 175.383560 162.339596
189.558453 150.603028 143.913267 58.624245 165.833884 140.235848 122.396169 159.769991 152.237508 143.706964 175.383560 162.339596
189.563492 150.470624 143.698810 58.585666 165.829897 140.235522 122.407509 159.750327 152.104157 143.715111 175.383560 162.339596
189.568770 150.331925 143.480513 58.546397 165.828900 140.235441 122.422946 159.723559 151.966813 143.723501 175.383560 162.339596
189.573914 150.196722 143.263300 58.507323 165.828601 140.235416 122.439032 159.695665 151.869095 143.729470 175.383560 162.339596
189.578816 150.067916 143.045827 58.468626 165.828402 140.235400 122.456866 159.664738 151.806811 143.733275 175.383560 162.339596
189.583416 149.936497 142.829616 58.441543 165.828402 140.235400 122.469355 159.643081 151.774970 143.735220 175.383560 162.339596
189.587746 149.800165 142.613208 58.414435 165.633631 140.221840 122.484891 159.616140 151.759799 143.736147 175.383560 162.339596
189.591919 149.668732 142.398486 58.387538 165.595794 140.219656 122.502776 159.585127 151.753311 143.736543 175.383560 162.339596
189.596239 149.532700 142.155172 58.269211 165.542296 140.247149 122.521659 159.552382 151.750616 143.736708 175.383560 162.339596
189.600380 149.402266 142.032752 58.091252 165.467542 140.238096 122.550583 159.502224 151.749817 143.736757 175.383560 162.339596
189.606012 149.270987 141.908689 57.910904 165.377599 140.227203 122.576760 159.456831 151.749817 143.736757 175.391203 162.326342
189.611747 149.140113 141.770424 57.749271 165.275843 140.214879 122.593596 159.427638 151.749817 143.736757 175.404941 162.302520
189.617535 149.008040 141.612166 57.599927 165.157428 140.196392 122.612129 159.395499 151.749817 143.736757 175.399931 162.218575
189.623349 148.875367 141.453325 57.450033 165.030106 140.146632 122.626267 159.370983 151.749817 143.736757 175.347393 162.181851
189.629316 148.739198 141.293975 57.299658 164.912724 140.086175 122.633860 159.357816 151.749817 143.736757 175.281333 162.135673
189.631010 148.604217 141.138843 57.153265 164.767268 139.944761 122.642053 159.343609 151.749817 143.736757 175.153020 162.044583
189.632100 148.475422 140.979130 57.002547 164.641891 139.990909 122.648297 159.332780 151.749817 143.736757 175.063727 161.981029
189.633232 148.341526 140.800110 56.875350 164.509505 140.015061 122.652644 159.325244 151.749817 143.736757 174.962463 161.909992
189.634347 148.209731 140.540130 56.820663 164.378865 140.026028 122.654042 159.322818 151.749817 143.736757 174.850657 161.833090
189.635484 148.075436 140.342020 56.918563 164.247166 140.023985 122.654442 159.322125 151.749817 143.736757 174.725175 161.746780
189.635791 147.946536 140.146981 57.021637 164.118516 140.015969 122.654592 159.321865 151.749817 143.736757 174.587168 161.651857
189.636089 147.815937 139.957601 57.121721 163.980574 140.006393 122.654592 159.321865 151.749817 143.736757 174.436278 161.548857
189.636392 147.683837 139.766275 57.222832 163.851106 139.989233 122.654592 159.321865 151.749817 143.736757 174.306261 161.463924
189.636690 147.553437 139.572209 57.325392 163.721638 139.972077 122.654592 159.321865 151.749817 143.736757 174.214922 161.404257
189.637110 147.421538 139.376728 57.428700 163.585825 139.954084 122.654592 159.321865 151.749817 143.736757 174.150960 161.362474
189.633983 147.260920 139.182043 57.531587 163.455266 139.936787 122.654592 159.321865 151.749817 143.736757 174.111779 161.336880
189.621574 147.125386 138.986120 57.635128 163.321237 139.919030 122.654592 159.321865 151.749817 143.736757 174.056861 161.177635
189.609165 146.989853 138.792319 57.737548 163.190678 139.901733 122.660387 159.311816 151.749817 143.736757 174.071733 161.094048
189.596701 146.853723 138.602762 57.837724 163.057541 139.884094 122.676872 159.283229 151.749817 143.736757 174.089006 160.996972
189.583979 146.720430 138.412144 57.938462 162.923810 139.866375 122.691260 159.258280 151.749817 143.736757 174.109834 160.879911
189.571214 146.582821 138.219227 58.040415 162.786807 139.848222 122.694756 159.252216 151.749817 143.736757 174.132904 160.750247
189.560601 146.468412 138.024011 58.143582 162.657933 139.831146 122.720677 159.203827 151.749817 143.736757 174.157166 160.613889
189.518020 146.338935 137.830392 58.251548 162.527275 139.813834 122.728568 159.186874 151.749817 143.736757 174.180552 160.482453
189.484960 146.275430 137.642038 58.357889 162.390372 139.795695 122.729834 159.184154 151.749817 143.736757 174.215080 160.287240
189.421550 146.232053 137.454554 58.463738 162.252774 139.777463 122.730889 159.181887 151.749817 143.736757 174.233181 160.184726
189.365329 146.235036 137.264459 58.571062 162.124892 139.760519 122.731354 159.180890 151.749218 143.736793 174.245648 160.114118
189.250893 146.278648 137.073840 58.678682 161.887604 139.725989 122.731649 159.180255 151.747222 143.736915 174.251752 160.079553
189.192814 146.351283 136.884267 58.785711 161.756770 139.706347 122.731691 159.180165 151.745226 143.737037 174.206825 160.025328
189.041949 146.540084 136.721775 58.877450 161.623860 139.686392 122.731691 159.180165 151.742132 143.737226 174.137720 160.052350
188.963076 146.638729 136.592560 58.950430 161.489071 139.666156 122.731691 159.180165 151.737640 143.737501 173.965442 160.115945
188.822847 146.803103 136.487640 59.009691 161.353292 139.645771 122.731691 159.180165 151.714284 143.738927 173.866614 160.150514
188.735527 146.909189 136.415110 59.050658 161.225228 139.626545 122.731691 159.180165 151.688831 143.740482 173.756647 160.188979
188.647890 147.015660 136.379759 59.070625 161.094690 139.606947 122.731691 159.180165 151.644314 143.743202 173.632238 160.232495
188.559681 147.122826 136.325664 59.153126 160.960890 139.586859 122.731691 159.180165 151.577656 143.745111 173.508584 160.275747
188.471473 147.229993 136.350947 59.221075 160.829463 139.567128 122.731691 159.180165 151.492266 143.746402 173.385312 160.327225
188.386759 147.332913 136.382927 59.307018 160.700607 139.547782 122.731691 159.180165 151.320302 143.748464 173.290744 160.367021
188.302427 147.435369 136.422091 59.412267 160.568377 139.542333 122.731691 159.180165 151.196650 143.751449 173.233506 160.391108
188.215337 147.539954 136.467219 59.533543 160.431043 139.541738 122.731691 159.180165 151.063153 143.727838 173.198941 160.405653
188.126372 147.645580 136.517019 59.667378 160.215762 139.584488 122.731691 159.180165 150.935483 143.704979 173.181797 160.412867
188.014137 147.727579 136.572539 59.816583 160.085255 139.627749 122.738275 159.166022 150.813150 143.648893 173.175991 160.415311
187.931296 147.825943 136.633116 59.979378 159.966822 139.693992 122.751399 159.137827 150.492539 143.509090 173.174516 160.415932
187.844848 147.928589 136.699238 60.157074 159.847816 139.758108 122.773385 159.090593 150.369123 143.460895 173.173779 160.416242
187.756854 148.033072 136.770835 60.349485 159.731065 139.817963 122.802250 159.028582 150.278274 143.362872 173.173594 160.416319
187.671178 148.134801 136.815252 60.559739 159.616662 139.882977 122.840610 158.946173 150.180761 143.267784 173.173594 160.416319
187.586920 148.234847 136.840540 60.780395 159.498151 139.951109 122.877620 158.866665 150.098370 143.165728 173.173594 160.416319
187.503797 148.343072 136.865031 60.994096 159.351547 140.027159 122.918090 158.779722 150.017940 143.059678 173.173594 160.416319
187.423077 148.450783 136.889340 61.206208 159.236273 140.097615 122.952610 158.705563 149.946036 142.948412 173.173594 160.416319
187.363767 148.529925 136.908005 61.426232 159.116117 140.166678 122.980420 158.645818 149.880532 142.836353 173.173594 160.416319
187.317890 148.591142 136.914089 61.644548 158.996663 140.234573 123.018663 158.564382 149.825218 142.716571 173.173594 160.416319
187.290064 148.628273 136.902455 61.858578 158.872978 140.291097 123.044360 158.513839 149.778686 142.592938 173.173594 160.416319
187.261758 148.666043 136.878393 62.071412 158.806405 140.313682 123.062080 158.478985 149.735257 142.463531 173.173594 160.416319
187.229255 148.709416 136.851302 62.290510 158.769567 140.326179 123.071144 158.461157 149.708641 142.334652 173.173594 160.416319
187.011304 148.738579 136.817585 62.501837 158.759813 140.329489 123.077579 158.448499 149.669502 142.129581 173.168064 160.418647
186.967162 148.731545 136.782782 62.719978 158.754889 140.331159 123.082701 158.438426 149.617470 142.002127 173.142440 160.429429
186.901433 148.660349 136.748988 62.932406 158.753279 140.331705 123.088411 158.427194 149.600147 141.872378 173.097645 160.448280
186.906292 148.571019 136.718060 63.149717 158.753090 140.331770 123.088411 158.427194 149.582957 141.743621 173.056260 160.465695
186.896086 148.469028 136.686850 63.369007 158.753090 140.331770 123.088411 158.427194 149.565053 141.609511 172.926525 160.400483
186.860528 148.305259 136.656373 63.583149 158.753090 140.331770 123.088411 158.427194 149.547810 141.480357 172.908069 160.318843
186.835117 148.175259 136.626330 63.801068 158.753090 140.331770 123.095844 158.412575 149.529494 141.348726 172.923113 160.216240
186.807119 148.042479 136.580950 64.172433 158.753090 140.331770 123.109032 158.386635 149.511011 141.219137 172.941334 160.091968
186.777865 147.909771 136.527109 64.386660 158.753090 140.331770 123.112567 158.379682 149.493034 141.090185 172.962386 159.962909
186.746575 147.774442 136.477033 64.600168 158.753090 140.331770 123.115649 158.373621 149.467629 140.956921 172.988502 159.830561
186.715739 147.648077 136.398799 64.803217 158.753090 140.331770 123.116374 158.372194 149.423218 140.832051 173.014191 159.700372
186.679864 147.520318 136.319915 65.126087 158.753090 140.331770 123.122492 158.360160 149.363034 140.718404 173.040539 159.566846
186.642934 147.388805 136.282366 65.338696 158.753090 140.331770 123.132689 158.340104 149.282492 140.605440 173.066674 159.434400
186.607950 147.264224 136.244869 65.551010 158.753090 140.331770 123.152630 158.300882 149.198814 140.502892 173.092848 159.301758
186.571156 147.133192 136.200256 65.765188 158.753090 140.331770 123.180690 158.249959 149.095701 140.426945 173.118732 159.170587
186.535821 147.007359 136.150922 65.981432 158.753090 140.331770 123.220116 158.187454 148.984427 140.362707 173.141065 159.040403
186.500918 146.883066 136.102031 66.195418 158.753090 140.331770 123.267223 158.112769 148.857422 140.324598 173.163177 158.904490
186.442017 146.660074 136.053742 66.406771 158.753090 140.331770 123.323560 158.023452 148.726595 140.297944 173.185978 158.771431
186.409190 146.532634 136.004963 66.620270 158.753090 140.331770 123.386885 157.923055 148.590385 140.278848 173.211942 158.640660
186.345936 146.312418 135.956073 66.834256 158.753090 140.331770 123.459440 157.808026 148.452347 140.274716 173.244561 158.509660
186.304500 146.186038 135.907628 67.046292 158.753090 140.331770 123.528474 157.698578 148.319863 140.267782 173.277034 158.379242
186.264372 146.063648 135.858560 67.261058 158.753090 140.331770 123.601509 157.582788 148.186940 140.257766 173.309967 158.246980
186.223311 145.938408 135.810806 67.476836 158.753090 140.331770 123.670490 157.473425 148.052365 140.248401 173.341401 158.120735
186.181688 145.811457 135.764302 67.688794 158.753090 140.331770 123.740591 157.362286 147.921082 140.239281 173.363758 157.991357
186.139068 145.681465 135.717349 67.902804 158.753090 140.331770 123.810425 157.251571 147.785607 140.229880 173.354546 157.738295
186.096293 145.550999 135.670888 68.114567 158.753090 140.331770 123.899315 157.111226 147.655819 140.220875 173.326851 157.497109
186.056134 145.428514 135.625177 68.322911 158.753090 140.331770 123.973213 156.997412 147.519547 140.211419 173.323326 157.361246
185.981409 145.210690 135.552119 68.645143 158.753090 140.331770 124.044116 156.888211 147.386467 140.202185 173.343284 157.231169
185.938341 145.087290 135.489164 68.855765 158.753090 140.331770 124.116243 156.778759 147.249895 140.192709 173.363895 157.096841
185.894910 144.962851 135.393264 69.047002 158.753090 140.331770 124.195261 156.669671 147.115120 140.183357 173.384491 156.962611
185.824589 144.740915 135.314765 69.251021 158.753090 140.331770 124.272460 156.563093 146.980344 140.174005 173.404616 156.831446
185.773431 144.612732 135.276049 69.466247 158.753090 140.331770 124.351478 156.454005 146.846466 140.164715 173.425075 156.698107
185.731781 144.485480 135.294016 69.671852 158.753090 140.331770 124.466408 156.333946 146.713884 140.155516 173.444791 156.569611
185.694168 144.356875 135.339979 69.827836 158.753090 140.331770 124.533826 156.220112 146.582899 140.146427 173.465842 156.432416
185.654430 144.233938 135.388063 69.949262 158.753090 140.331770 124.606935 156.103080 146.452513 140.137380 173.486271 156.299274
185.612914 144.103590 135.422341 70.035823 158.753090 140.331770 124.680799 155.986275 146.318535 140.128083 173.506062 156.170284
185.573348 143.979337 135.448716 70.079183 158.753090 140.331770 124.741195 155.869897 146.181265 140.118558 173.549688 155.939904
185.532417 143.850797 135.462431 70.100086 158.753090 140.331770 124.767359 155.740763 146.050978 140.109518 173.576631 155.806803
185.492335 143.724925 135.489888 70.319604 158.753090 140.331770 124.779900 155.611071 145.914207 140.100028 173.598893 155.696834
185.452284 143.599148 135.432995 70.346893 158.753090 140.331770 124.778030 155.481366 145.783331 140.090817 173.626335 155.625282
185.415418 143.483375 135.355093 70.384260 158.753090 140.331770 124.755681 155.346518 145.649602 140.080851 173.672392 155.566852
185.390902 143.406385 135.262134 70.428849 158.753090 140.331770 124.719035 155.214615 145.514676 140.070796 173.698083 155.534260
185.377794 143.365221 135.150691 70.482304 158.753090 140.331770 124.676860 155.094193 145.378753 140.060667 173.709164 155.520202
185.370239 143.341495 135.023920 70.543112 158.753090 140.331770 124.643075 154.970645 145.249910 140.051065 173.714302 155.513684
185.367477 143.332824 134.887051 70.608763 158.753090 140.331770 124.631324 154.845548 145.114087 140.040943 173.717088 155.510150
185.366324 143.329203 134.739182 70.679690 158.753090 140.331770 124.629192 154.721135 144.979660 140.030925 173.717397 155.509757
185.365657 143.327107 134.576075 70.757927 158.753090 140.331770 124.645971 154.590508 144.848224 140.021130 173.717521 155.509600
185.365475 143.326535 134.308714 70.874532 158.582184 140.434208 124.662788 154.459584 144.717586 140.011395 173.717583 155.509522
185.365400 143.326300 134.115113 70.954588 158.549171 140.465374 124.682084 154.334387 144.580467 140.001176 173.717583 155.509522
185.365400 143.326300 133.832485 71.089714 158.499143 140.512603 124.704021 154.205236 144.465286 139.992593 173.717583 155.509522
185.365400 143.326300 133.620097 71.199968 158.430446 140.569766 124.723849 154.088508 144.364665 139.985094 173.717583 155.509522
185.365400 143.326300 133.397413 71.315567 158.331974 140.615561 124.744748 153.965471 144.268831 139.977952 173.753412 155.396497
185.365400 143.326300 133.162926 71.437293 158.101721 140.748244 124.757799 153.841673 144.158736 139.969748 173.763145 155.359558
185.365400 143.326300 132.848078 71.620856 157.970738 140.787713 124.770644 153.714922 144.046248 139.961365 173.776521 155.308791
185.365400 143.326300 132.603615 71.750289 157.834465 140.807211 124.783630 153.586778 143.930868 139.952766 173.793745 155.243422
185.365400 143.326300 132.358334 71.870830 157.704042 140.814009 124.796091 153.463808 143.808404 139.943692 173.813921 155.163540
185.365400 143.326300 132.090963 71.943175 157.570024 140.820995 124.809551 153.330988 143.681908 139.934913 173.835932 155.066813
185.365400 143.326300 131.823945 72.007024 157.434962 140.815101 124.759377 153.144764 143.552218 139.924720 173.871652 154.904047
185.365400 143.326300 131.554690 72.050861 157.298301 140.808939 124.879716 152.882899 143.315809 139.948643 173.899364 154.772126
185.365400 143.326300 131.286620 72.094505 157.111601 140.846398 124.975496 152.798591 143.179963 139.948635 173.927117 154.640010
185.365400 143.326300 131.019339 72.138020 157.043682 140.879142 125.078920 152.718416 143.058364 139.929823 173.955363 154.505544
185.365400 143.326300 130.751762 72.181583 157.021765 140.901701 125.191064 152.653058 142.931966 139.896927 173.983424 154.371960
185.365400 143.326300 130.478855 72.226015 157.011239 140.920905 125.332972 152.572922 142.801819 139.857802 174.011197 154.239745
185.365400 143.326300 130.210883 72.269642 157.010200 140.922800 125.447955 152.511205 142.671707 139.851273 174.038621 154.109195
185.365400 143.326300 129.942987 72.316599 157.010200 140.922800 125.565670 152.448022 142.537112 139.875568 174.065675 153.980405
185.365400 143.326300 129.677206 72.366365 156.973550 141.040862 125.678407 152.382463 142.448829 139.961814 174.098418 153.801355
185.365400 143.326300 129.408378 72.416702 156.976841 141.089540 125.789164 152.304927 142.449054 140.096711 174.119103 153.674531
185.365400 143.326300 129.148479 72.500052 156.950340 141.157024 125.892876 152.232322 142.495491 140.224157 174.141398 153.537837
185.365400 143.326300 128.891575 72.588490 156.958260 141.237234 126.001995 152.155933 142.607568 140.288330 174.166698 153.405729
185.365400 143.326300 128.636115 72.684511 156.940513 141.338833 126.112179 152.078798 142.884035 140.277967 174.198290 153.275815
185.365400 143.326300 128.379090 72.788060 156.967661 141.449450 126.215626 152.001507 143.005310 140.226958 174.228630 153.151051
185.365400 143.326300 128.125218 72.890339 156.997670 141.571722 126.334185 151.936856 143.104459 140.131498 174.254669 153.043972
185.365400 143.326300 127.872494 72.985251 157.030491 141.705453 126.465553 151.905755 143.119710 139.967421 174.274636 152.961865
185.365400 143.326300 127.617497 73.077292 157.029725 141.840510 126.586779 151.769746 143.122130 139.834043 174.303767 152.850290
185.365400 143.326300 127.361088 73.169842 157.041187 141.977273 126.736813 151.653470 143.124601 139.697865 174.317130 152.797866
185.365400 143.326300 127.101670 73.263479 157.051498 142.108669 126.846451 151.576254 143.126989 139.566287 174.333136 152.735074
185.365400 143.326300 126.860846 73.385453 157.061957 142.241960 126.957234 151.498231 143.129369 139.435109 174.347215 152.679840
185.365400 143.326300 126.600109 73.479560 157.072126 142.371561 127.067444 151.420612 143.131770 139.302830 174.363524 152.516869
185.365400 143.326300 126.338412 73.561030 157.076501 142.508598 127.176918 151.343511 143.134245 139.166453 174.398889 152.437053
185.365400 143.326300 126.076406 73.641893 157.059578 142.645757 127.282959 151.268829 143.135263 139.032062 174.437860 152.349100
185.365400 143.326300 125.812490 73.723346 157.015028 142.769978 127.389000 151.194146 143.135360 138.905662 174.474927 152.265444
185.365400 143.326300 125.555290 73.812454 156.926971 142.865341 127.495122 151.119406 143.135434 138.809462 174.504175 152.199433
185.365400 143.326300 125.293968 73.903109 156.796143 142.901617 127.602879 151.043514 143.135490 138.736362 174.521757 152.159754
185.365400 143.326300 125.035292 73.992847 156.666662 142.930668 127.709329 150.968544 143.135525 138.690862 174.547035 152.102703
185.365400 143.326300 124.774442 74.083339 156.537572 142.959633 127.822074 150.889139 143.135564 138.640962 174.562186 152.069167
185.365400 143.326300 124.430486 74.217917 156.409947 142.988276 127.933020 150.811002 143.135600 138.593862 174.621488 151.935931
185.365400 143.326300 124.176076 74.325702 156.282225 143.016946 128.042494 150.733901 143.209991 138.346931 174.647840 151.875420
185.365400 143.326300 123.922956 74.432941 156.172944 143.041477 128.245455 150.590116 143.345994 138.340602 174.680700 151.799964
185.365400 143.326300 123.676880 74.545204 156.098204 143.058254 128.357947 150.509322 143.423520 138.319814 174.722344 151.704339
185.365400 143.326300 123.428577 74.668881 156.052346 143.068548 128.467110 150.430920 143.511179 138.289053 174.769777 151.595419
185.365400 143.326300 123.223417 74.771068 156.024245 143.074856 128.649918 150.302213 143.596820 138.228181 174.815404 151.437859
185.365400 143.326300 123.048065 74.858409 156.006682 143.078799 128.757918 150.228780 143.644468 138.165346 174.830419 151.307889
185.365400 143.326300 122.913619 74.925374 156.000340 143.080222 128.868315 150.153715 143.665058 138.134004 174.851258 151.140011
185.365400 143.326300 122.805490 74.979232 155.994290 143.081580 128.982502 150.077298 143.679004 138.112775 174.839628 151.008825
185.365400 143.326300 122.737909 75.012893 155.986387 143.083354 129.092990 150.003983 143.682134 138.108011 174.823750 150.901228
185.365400 143.326300 122.695660 75.033937 155.971458 143.086706 129.203145 149.930890 143.684440 138.104501 174.805196 150.818893
