274.769400 257.582800 398.657800 410.877600 240.835600 256.483600 393.608057 306.944511 385.892920 340.192227 191.729200 336.836200
274.797263 257.567063 398.610030 410.872903 240.871434 256.520728 393.437247 307.810629 385.917217 340.079414 191.761196 336.808075
274.850377 257.537064 398.512501 410.863314 240.932130 256.583615 393.266668 308.675569 385.935029 339.996710 191.813472 336.762125
274.939016 257.487001 398.389693 410.851240 241.011577 256.665929 393.095083 309.545611 385.949894 339.927693 191.892186 336.692936
275.066315 257.415103 398.224489 410.834997 241.112274 256.770260 392.914536 310.409937 385.960505 339.878423 192.001845 336.596547
275.219562 257.328550 398.063068 410.819126 241.232833 256.895171 392.730279 311.276156 385.973011 339.820354 192.134037 336.480352
275.412165 257.219768 397.898859 410.802981 241.375753 257.043250 392.546895 312.138268 385.980254 339.786725 192.288912 336.344218
275.630715 257.096331 397.739229 410.787286 241.537979 257.211332 392.362387 313.005661 385.988423 339.748795 192.469924 336.185110
275.865287 256.963845 397.576016 410.771239 241.729512 257.409778 392.178046 313.872272 385.997392 339.707150 192.683083 335.997745
276.096202 256.833425 397.411609 410.755075 241.907989 257.594697 391.994413 314.735558 386.006951 339.662768 192.926136 335.784104
276.326072 256.703595 397.254765 410.739654 242.099938 257.793574 391.810780 315.598843 386.015541 339.622882 193.188747 335.553333
276.567087 256.567470 397.108271 410.725251 242.283138 257.983386 391.626708 316.462035 386.026363 339.572634 193.470598 335.305673
276.798002 256.437050 396.945457 410.709243 242.463281 258.170032 391.442028 317.325506 386.035543 339.530012 193.768825 335.043624
277.031354 256.305253 396.790603 410.694018 242.744420 258.440581 391.258058 318.185652 386.040765 339.505768 194.206442 334.684784
277.269583 256.170702 396.637541 410.678969 242.941368 258.620860 391.072834 319.051665 386.048218 339.471161 194.566893 334.401578
277.493358 256.044314 396.490849 410.664546 243.100763 258.856162 390.887609 319.917679 386.052808 339.449850 194.952192 334.098848
277.327815 255.778189 396.340971 410.649810 243.304511 259.042638 390.702176 320.784670 386.061566 339.409182 195.451162 333.705623
277.127814 255.594137 396.240655 410.639947 243.500881 259.222362 390.517705 321.647163 386.070241 339.368906 195.866308 333.378082
276.937674 255.419159 395.928495 410.633156 243.693859 259.398981 390.332899 322.511221 386.077062 339.337232 196.292916 333.041497
276.736644 255.234159 395.767110 410.641474 243.889049 259.577625 390.148762 323.372149 386.089653 339.278773 196.717954 332.706152
276.539587 255.052816 395.610686 410.648903 244.078568 259.767073 389.963537 324.238163 386.096980 339.244753 197.144719 332.369443
276.340322 254.869441 395.475039 410.655345 244.220964 259.910910 389.778899 325.101438 386.103717 339.213470 197.570071 332.033850
276.062367 255.040205 395.407315 410.658562 244.305870 260.000608 389.594176 325.965105 386.109992 339.184338 198.094689 331.622595
275.882860 255.233513 395.225531 410.727121 244.342031 260.044150 389.409579 326.828185 386.116434 339.154424 198.527723 331.290038
275.707573 255.422278 395.140036 410.760557 244.362731 260.069076 389.224564 327.693220 386.122161 339.127834 198.957631 330.960958
275.522788 255.612132 394.741112 410.680299 244.370525 260.078461 389.040637 328.553171 386.132225 339.081105 199.371975 330.643792
275.335432 255.796704 394.620059 410.560372 244.281324 260.109705 388.869551 329.353079 386.137573 339.056274 199.811064 330.306640
275.145939 255.983382 394.401502 410.338856 244.191172 260.054714 388.709257 330.102529 386.142879 339.031639 200.093278 330.089635
274.939397 256.138144 394.223324 410.166930 244.079508 259.962380 388.556493 330.816775 386.150374 338.996837 200.642074 329.714479
274.717657 256.302149 394.027012 409.977506 243.950836 259.849451 388.400132 331.547841 386.158880 338.957343 200.819701 329.613750
274.502224 256.465797 393.811847 409.769889 243.792552 259.710533 388.252680 332.237248 386.163301 338.936814 200.947571 329.541236
274.291376 256.637632 393.576819 409.543108 243.609916 259.550242 388.104000 332.932400 386.169491 338.908073 201.241828 329.367981
274.085180 256.805677 393.321931 409.297162 243.404582 259.370031 387.938106 333.698859 386.176271 338.876594 201.496859 329.218563
274.122455 257.136009 393.066200 409.021988 243.205260 259.195096 387.772190 334.432532 386.184061 338.840424 201.628786 329.145517
274.315249 257.321302 392.825978 408.706003 243.003835 259.018315 387.603538 335.178300 386.189156 338.816766 201.768412 329.068207
274.508042 257.506595 392.587707 408.356253 242.767937 258.899009 387.434798 335.924458 386.194588 338.791545 201.911012 328.989251
274.749135 257.790012 392.336599 407.987661 242.442538 258.673703 387.270466 336.682622 386.199684 338.767887 202.040665 328.917463
274.898838 258.020216 392.071640 407.598737 242.208397 258.562517 387.110308 337.454583 386.203979 338.747944 202.180991 328.839766
275.049524 258.251929 391.796097 407.194277 241.964138 258.446526 386.947752 338.238098 386.211811 338.711578 202.324816 328.760131
275.194539 258.474924 391.509891 406.772881 241.720602 258.330879 386.784018 339.027292 386.216317 338.690658 202.465743 328.681869
275.439716 258.813012 391.213014 406.335523 241.487544 258.220207 386.616465 339.834894 386.218127 338.682251 202.596794 328.608891
275.585796 259.006450 390.904119 405.880458 241.243286 258.104216 386.442234 340.657239 386.219896 338.674039 202.742347 328.527837
275.695116 259.151209 390.565123 405.442619 240.993246 257.985480 386.264206 341.495748 386.223601 338.656833 202.885279 328.448243
275.765143 259.243938 390.207229 405.142117 240.744651 257.867431 386.085365 342.340013 386.225286 338.649013 203.024244 328.369390
275.806484 259.298681 389.865275 404.944758 240.564528 257.781896 385.920766 343.131479 386.227349 338.639432 203.170725 328.292145
275.820827 259.317674 389.581656 404.800056 240.430656 257.718325 385.769687 343.857935 386.228233 338.635327 203.296954 328.213098
275.827095 259.325973 389.343110 404.678350 240.348453 257.679289 385.635019 344.505480 386.230128 338.626528 203.420276 328.127706
275.827456 259.326452 389.085541 404.509605 240.157366 257.899267 385.515215 345.081554 386.231560 338.619881 203.550777 328.037928
275.827577 259.326611 388.871943 404.362418 240.102630 258.072002 385.406079 345.606326 386.233792 338.609518 203.673533 327.953477
275.827577 259.326611 388.665933 404.181142 240.038652 258.273908 385.307247 346.081558 386.237160 338.593877 203.804033 327.863699
275.827577 259.326611 388.473867 403.989302 239.961503 258.517377 385.216803 346.516453 386.239350 338.583710 203.934173 327.778363
275.827577 259.326611 388.302080 403.789103 239.876500 258.785631 385.119599 346.983852 386.241077 338.575694 204.046375 327.730483
275.827577 259.326611 388.121437 403.578583 239.783704 259.078481 385.001624 347.540407 386.243645 338.563767 204.187927 327.643007
275.827577 259.326611 387.942617 403.370188 239.681725 259.400310 384.890925 348.061171 386.246382 338.551059 204.152284 327.279572
275.827577 259.326611 387.765620 403.163917 239.518782 259.855332 384.776359 348.600129 386.252867 338.520949 204.008562 327.145424
275.827577 259.326611 387.594485 402.964477 239.388152 260.209830 384.656137 349.165692 386.259731 338.489080 203.885092 326.815719
275.827577 259.326611 387.416576 402.757144 239.254618 260.572210 384.485415 349.801691 386.265458 338.462490 203.741813 326.593031
275.827577 259.326611 387.199311 402.604996 239.126616 260.919576 384.355597 350.400787 386.273543 338.424950 203.578513 326.339227
275.827577 259.326611 387.020715 402.396935 238.993842 261.279892 384.221585 351.019234 386.279733 338.396209 203.401687 326.064399
275.827577 259.326611 386.842249 402.189027 238.865148 261.629135 384.082364 351.661723 386.289923 338.348894 203.208260 325.763153
275.827577 259.326611 386.676116 401.988574 238.731337 261.992265 383.938315 352.326495 386.297418 338.314092 203.002429 325.438030
275.827577 259.326611 386.547920 401.749586 238.601934 262.343591 383.790792 353.007295 386.311777 338.247421 202.785151 325.094826
275.827577 259.326611 386.339186 401.334842 238.473131 262.700671 383.639415 353.705882 386.323526 338.192872 202.550757 324.724585
275.827577 259.326611 386.224931 401.097291 238.347586 263.048721 383.484354 354.421475 386.335148 338.138909 202.299674 324.327983
275.827577 259.326611 386.108421 400.855053 238.216544 263.412009 383.324718 355.158177 386.347865 338.079863 202.033720 323.907892
275.827577 259.326611 385.994079 400.617322 238.086975 263.777946 383.173409 355.866394 386.360455 338.021404 201.638479 323.309409
275.827577 259.326611 385.876183 400.372200 237.963894 264.126874 383.041578 356.485105 386.379025 337.935181 201.322932 322.864804
275.827577 259.326611 385.775285 400.131672 237.837952 264.483913 382.925918 357.027920 386.389889 337.884737 201.010162 322.424115
275.833603 259.334592 385.683029 399.872821 237.712210 264.840386 382.801491 357.611595 386.401259 337.831948 200.690332 321.973476
275.845054 259.349754 385.590840 399.614158 237.588397 265.191389 382.686761 358.144171 386.413765 337.773879 200.259132 321.369896
275.859758 259.369225 385.450688 399.187064 237.460393 265.554275 382.563059 358.676384 386.423450 337.728910 199.935542 320.921456
275.888565 259.407370 385.385501 398.936608 237.335250 265.909050 382.437636 359.216000 386.434904 337.675730 199.602063 320.478439
275.938584 259.473605 385.320666 398.687507 237.209508 266.265523 382.306826 359.748114 386.444673 337.630370 199.260779 320.041282
275.981854 259.530902 385.253011 398.427568 237.083100 266.623882 382.167629 360.285788 386.455748 337.578949 198.941157 319.631870
276.034766 259.600967 385.187219 398.174789 236.959820 266.973377 382.030186 360.816686 386.469391 337.515602 198.649350 319.258086
276.113953 259.705826 385.119261 397.913688 236.802285 267.420972 381.852915 361.340660 386.479834 337.467113 198.446197 318.885316
276.284613 259.927426 385.004352 397.476999 236.681676 267.779426 381.672440 361.865496 386.488930 337.424882 198.832460 318.351663
276.343090 260.002549 384.938106 397.227028 236.560238 268.140343 381.493266 362.382530 386.496088 337.391644 199.238790 318.233366
276.399234 260.074673 384.872993 396.977384 236.454681 268.454061 381.315270 362.896162 386.503583 337.356842 199.646656 318.114622
276.477368 260.175046 384.808767 396.722965 236.279316 268.768198 381.112027 363.411932 386.512468 337.315588 200.060668 317.994089
276.542603 260.258849 384.741065 396.454779 236.158898 269.126082 380.891132 363.916715 386.523838 337.262798 200.474487 317.873612
276.711567 260.476463 384.675076 396.193379 235.922407 269.873777 380.672321 364.416735 386.531291 337.228192 200.893875 317.751514
276.902946 260.664252 384.607325 395.924999 235.800229 270.239298 380.434027 364.910535 386.544008 337.169146 201.316911 317.628354
276.991386 260.860659 384.542708 395.669029 235.676579 270.600726 380.174344 365.386275 386.552303 337.130629 201.737451 317.505920
277.095839 261.092626 384.420018 395.226446 235.554568 270.952360 379.904962 365.864207 386.564557 337.073733 202.155687 317.384158
277.200361 261.346268 384.344450 394.972657 235.331471 271.557179 379.616210 366.323831 386.571126 337.043233 202.567970 317.264128
277.275048 261.603462 384.266884 394.712160 235.192000 271.900534 379.324693 366.787859 386.579085 337.006280 202.993119 317.140353
277.327791 261.858663 384.191887 394.460289 235.048239 272.254450 379.030089 367.256798 386.585148 336.978126 203.751447 316.829232
277.352177 262.134362 384.073954 393.992527 234.902898 272.612258 378.730668 367.712735 386.594665 336.933939 204.153329 316.650093
277.362177 262.408379 384.011261 393.726823 234.756728 272.972104 378.387706 368.138350 386.599507 336.911454 204.553567 316.471686
277.341426 262.680391 383.947649 393.457226 234.612967 273.326020 378.047475 368.573738 386.609066 336.867072 204.943941 316.297676
277.306572 262.938015 383.884911 393.191327 234.472518 273.671783 377.715544 369.007759 386.616604 336.832075 205.347649 316.117723
277.244666 263.207184 383.826298 392.936995 234.329735 274.023291 377.378344 369.432058 386.624646 336.794731 205.753185 315.936955
277.165983 263.458557 383.765418 392.670459 234.192146 274.362013 377.066587 369.819890 386.633784 336.752304 206.153302 315.775922
277.086942 263.711076 383.706989 392.414647 234.091169 274.620987 376.792047 370.161426 386.644401 336.702421 206.558452 315.630081
277.010347 263.958490 383.649450 392.162735 234.036651 274.833505 376.464643 370.522971 386.658444 336.635887 206.970278 315.495403
276.930450 264.219746 383.590352 391.903999 234.004895 274.957297 376.166279 370.828435 386.670133 336.580507 207.387190 315.366459
276.854939 264.466657 383.530676 391.642727 233.986407 275.029363 375.866276 371.137883 386.679591 336.535694 207.800788 315.232340
276.774282 264.730400 383.473359 391.391790 233.781158 275.307766 375.563758 371.451021 386.684672 336.511625 208.181760 315.114474
276.696103 264.983814 383.413585 391.134649 233.680382 275.268379 375.264714 371.760564 386.697021 336.453114 208.515589 315.039247
276.618549 265.233235 383.351403 390.875403 233.213867 275.129922 374.957610 372.078449 386.709908 336.392059 208.792446 314.976858
276.541291 265.481701 383.289780 390.618490 233.059070 275.055863 374.651895 372.394896 386.716145 336.362510 209.017405 314.926165
276.466112 265.723482 383.229137 390.365661 232.877934 274.969202 374.353685 372.703576 386.726058 336.315545 209.193404 314.898951
276.402161 265.935016 383.168168 390.111470 232.660353 274.865105 374.056308 373.011393 386.738655 336.255860 209.325905 314.885324
276.354934 266.098324 383.107432 389.858252 232.422927 274.751513 373.751333 373.327442 386.746544 336.218483 209.417622 314.875897
276.301094 266.284496 383.044177 389.594533 232.177743 274.634210 373.453444 373.637264 386.756168 336.172888 209.474522 314.870055
276.263257 266.415334 382.980829 389.330424 231.944830 274.522771 373.155000 373.947663 386.764140 336.135120 209.512722 314.866134
276.241810 266.489496 382.915790 389.068992 231.697785 274.401602 372.858636 374.255900 386.769592 336.109289 209.526450 314.864724
276.235310 266.511975 382.851459 388.810683 231.449106 274.279585 372.560746 374.565722 386.775250 336.082480 209.534607 314.863887
276.233143 266.519467 382.787128 388.552373 231.202582 274.158626 372.253154 374.885637 386.781694 336.051952 209.535999 314.863744
276.232531 266.521581 382.723908 388.298527 230.956417 274.037844 371.946951 375.206873 386.784213 336.040015 209.536198 314.863723
276.232476 266.521773 382.657837 388.033230 230.709714 273.916797 371.645047 375.528056 386.787187 336.025926 209.536198 314.863723
276.232476 266.521773 382.594908 387.780549 230.466242 273.797335 371.351636 375.840204 386.792432 336.001073 209.536198 314.863723
276.232476 266.521773 382.532884 387.527849 230.225643 273.679283 371.049732 376.161387 386.795737 335.985418 209.536198 314.863723
276.232476 266.521773 382.471219 387.276091 229.954888 273.746167 370.755902 376.476700 386.797100 335.978960 209.536198 314.863723
276.232476 266.521773 382.406365 387.011318 229.850257 273.992246 370.454532 376.802211 386.799743 335.966436 209.536198 314.863723
276.232476 266.521773 382.341131 386.744991 229.749225 274.229859 370.164304 377.115687 386.805360 335.939823 209.536198 314.863723
276.232476 266.521773 382.276848 386.482549 229.713664 274.493464 369.869593 377.434007 386.809532 335.920058 209.546345 314.862682
276.232476 266.521773 382.212803 386.221079 229.727456 274.754300 369.579720 377.747101 386.814365 335.897163 209.576387 314.859597
276.232476 266.521773 382.142740 385.968835 229.745359 275.225381 369.272338 378.087282 386.820230 335.869375 209.631497 314.853939
276.232476 266.521773 382.068540 385.703411 229.749934 275.487741 368.962482 378.460656 386.825723 335.843348 209.730516 314.862430
276.232476 266.521773 382.000405 385.448980 229.754760 275.764499 368.632445 378.858347 386.828945 335.828084 209.872389 314.909254
276.232476 266.521773 381.933807 385.197448 229.765871 276.039850 368.294235 379.265888 386.832910 335.809298 210.076375 314.830479
276.232476 266.521773 381.839878 384.958861 229.783624 276.425372 367.983612 379.640185 386.837164 335.789142 210.145714 314.639689
276.232476 266.521773 381.727429 384.727325 229.794553 276.699954 367.676566 380.010174 386.839477 335.778184 210.228922 314.410740
276.232476 266.521773 381.607696 384.500083 229.804815 276.957750 367.364887 380.401839 386.841542 335.768399 210.325245 314.155141
276.232476 266.521773 381.459233 384.289187 229.815410 277.223939 367.050993 380.896827 386.843855 335.757441 210.393207 313.937205
276.232476 266.521773 381.300814 384.086828 229.826372 277.499321 366.757312 381.367994 386.846251 335.746091 210.433371 313.770783
276.232476 266.521773 381.136748 383.883070 229.837317 277.774303 366.452417 381.857152 386.848770 335.734154 210.466544 313.633329
276.232476 266.521773 380.950989 383.694202 229.846447 278.034142 366.139380 382.368508 386.851579 335.720847 210.492350 313.526399
276.232476 266.521773 380.754513 383.514296 229.855164 278.300199 365.822217 382.904732 386.853727 335.710671 210.519704 313.413053
276.232476 266.521773 380.568012 383.325208 229.863711 278.561059 365.496399 383.455588 386.856824 335.695995 210.552971 313.275210
276.232476 266.521773 380.395342 383.127360 229.872480 278.828715 365.158057 384.027617 386.860005 335.680927 210.578918 313.167697
276.228253 266.536375 380.223591 382.930568 229.881027 279.089575 364.811875 384.612902 386.862070 335.671142 210.590976 313.117731
276.221752 266.558854 380.041452 382.721871 229.887838 279.297464 364.467474 385.226249 386.865209 335.656270 210.595621 313.098484
276.207584 266.607846 379.860233 382.514229 229.892763 279.447783 364.160219 385.880713 386.868885 335.638854 210.596700 313.094012
276.184748 266.686810 379.689667 382.318793 229.894931 279.513948 363.846504 386.548936 386.873594 335.616545 210.596747 313.093818
276.148633 266.811693 379.511867 382.115069 229.744812 279.649998 363.523865 387.236168 386.877187 335.599520 210.596747 313.093818
276.122686 266.901417 379.341564 381.919934 229.614872 279.653957 363.219646 387.946224 386.878715 335.592280 210.596747 313.093818
276.085576 267.090015 379.160477 381.712442 229.457945 279.658739 362.916846 388.670907 386.880491 335.583865 210.596747 313.093818
276.034480 267.238467 378.982151 381.508116 229.270432 279.664453 362.608418 389.409061 386.882185 335.575842 210.779879 312.999179
275.988199 267.372925 378.810533 381.311474 229.051934 279.671111 362.354261 390.187332 386.883796 335.568210 210.849896 313.008238
275.953636 267.473343 378.638264 381.115945 228.795453 279.678926 362.105407 390.979412 386.885902 335.558230 210.947482 313.020865
275.935931 267.524782 378.465267 380.925079 228.522779 279.687235 361.825159 391.763808 386.888463 335.546097 211.087118 313.038933
275.935931 267.524782 378.290660 380.732434 228.255104 279.695391 361.601131 392.600113 386.890900 335.534552 211.259084 313.061184
275.855136 267.556709 378.105172 380.527785 227.997223 279.703249 361.379449 393.457312 386.894865 335.515765 211.466555 313.088029
275.787645 267.752821 377.921834 380.325508 227.739743 279.711094 361.157666 394.314899 386.897963 335.501089 211.708934 313.119391
275.727964 267.926239 377.743063 380.128269 227.479863 279.719013 360.956506 395.178122 386.900565 335.488760 211.979479 313.154397
275.675768 268.077908 377.561336 379.927770 227.219384 279.726950 360.788807 396.108135 386.904365 335.470757 212.280172 313.193304
275.694311 268.226763 377.382833 379.730828 226.959905 279.734857 360.636739 396.976926 386.906802 335.459211 212.614981 313.236625
275.664759 268.312619 377.199764 379.528847 226.697427 279.742855 360.491289 397.853134 386.909321 335.447274 212.979145 313.283745
275.619583 268.436003 377.017366 379.327607 226.425153 279.751151 360.391540 398.733904 386.911593 335.436512 213.365921 313.333790
275.565284 268.582462 376.834699 379.126070 226.167872 279.758991 360.291994 399.612885 386.914154 335.424379 213.785226 313.388045
275.500765 268.756487 376.547192 378.746039 225.894199 279.767330 360.250494 400.496106 386.916095 335.415182 214.209577 313.442252
275.426303 268.957328 376.387412 378.543009 225.624924 279.775535 360.227635 401.381898 386.919275 335.400114 214.608262 313.256580
275.339119 269.192487 376.096019 378.201798 225.377439 279.783076 360.220871 402.266672 386.921547 335.389351 215.006585 313.071077
275.117357 269.890702 375.921899 378.003093 225.202320 279.788412 360.214142 403.146646 386.923943 335.378001 215.376987 312.898577
275.221579 270.167047 375.744219 377.800327 225.074980 279.792293 360.207086 404.035018 386.926090 335.367825 215.714573 312.741360
275.422644 270.526763 375.445121 377.448629 225.025802 279.793791 360.200092 404.915590 386.929849 335.350017 216.118616 312.520103
275.665030 270.753053 375.281586 377.247530 224.825011 279.799940 360.227535 405.793807 386.934516 335.327904 216.349402 312.351862
275.868063 270.935232 375.109218 377.035569 224.707266 279.803541 360.304041 406.674490 386.941290 335.295811 216.535905 312.215902
276.068621 271.088142 374.937533 376.826169 224.550540 279.808334 360.380789 407.557963 386.944553 335.280352 216.704281 312.091079
276.232121 271.212797 374.767480 376.630815 224.366226 279.813972 360.478065 408.436429 386.948683 335.260783 216.824632 312.001215
276.387192 271.331026 374.593357 376.430785 224.150527 279.820569 360.606540 409.315288 386.953888 335.236126 216.957804 311.901778
276.518247 271.430945 374.472569 376.191538 223.929030 279.827343 360.734696 410.191971 386.959133 335.211274 217.058925 311.826273
276.646757 271.528923 374.297275 375.990141 223.767506 279.832284 360.868513 411.069768 386.963800 335.189161 217.118219 311.781999
276.786839 271.628995 374.126183 375.793571 223.658557 279.835616 361.021264 411.939049 386.967807 335.170179 217.196744 311.723366
