140.880531 121.114471 238.762495 96.669881 150.905196 111.570198 210.288547 152.022286 186.538102 152.953151 168.163968 126.853759
140.988139 121.176288 238.767993 96.669743 150.846066 111.693115 210.288321 152.475148 186.744981 153.022662 168.004088 126.887495
141.109448 121.245974 238.771892 96.669645 150.788497 111.812788 210.302645 152.751777 186.887864 153.182551 167.839023 126.922325
141.161611 121.423313 238.773091 96.669615 150.731318 111.931650 210.393497 153.595442 186.980049 153.382369 167.665827 126.980446
141.135230 121.598639 238.774591 96.669578 150.672882 112.053126 210.410638 153.834729 187.072901 153.574459 167.482802 127.045970
141.106121 121.792364 238.775391 96.669558 150.615010 112.173429 210.424807 154.032522 187.181472 153.731087 167.287727 127.115808
141.074263 122.004384 238.776090 96.669540 150.556349 112.298118 210.436746 154.199195 187.286100 153.845686 167.086383 127.200328
141.042301 122.217096 238.776390 96.669533 150.499222 112.420435 210.445263 154.318090 187.378163 153.921224 166.898151 127.296331
141.015050 122.398460 238.776490 96.669530 150.442687 112.541484 210.451422 154.404070 187.444083 153.970656 166.710899 127.391833
140.993772 122.540071 238.776790 96.669523 150.396393 112.640606 210.455302 154.458231 187.481009 153.998087 166.525274 127.497454
140.968814 122.651061 238.778190 96.669488 150.363217 112.711641 210.457753 154.492444 187.504529 154.015559 166.344879 127.611646
140.932606 122.719921 238.779489 96.669455 150.341424 112.758302 210.463340 154.561914 187.581641 154.056063 166.163131 127.726693
140.916177 122.751165 238.782188 96.669388 150.326740 112.789742 210.468563 154.639037 187.650335 154.083036 165.983796 127.846338
140.963036 122.878565 238.785187 96.669313 150.316203 112.812303 210.474853 154.731925 187.737273 154.117172 165.833641 127.947941
141.017353 122.920083 238.787687 96.669250 150.304523 112.837310 210.482596 154.846263 187.835568 154.155768 165.686716 128.047358
141.040200 122.957500 238.788986 96.669217 150.294494 112.858784 210.491494 154.977662 187.953037 154.201892 165.552711 128.138033
141.162194 123.021502 238.791386 96.669157 150.278964 112.892036 210.501291 155.122331 188.088005 154.254888 165.419862 128.227918
141.226164 123.032454 238.794085 96.669090 150.258568 112.935707 210.512128 155.282364 188.241124 154.315010 165.255381 128.322162
141.391227 123.066648 238.794684 96.669075 150.234405 112.987443 210.524005 155.457762 188.412115 154.382150 165.126815 128.415543
141.475092 123.089415 238.795084 96.669065 150.206942 113.046246 210.536950 155.648925 188.599954 154.455906 164.993476 128.512391
141.578451 123.117473 238.795284 96.669060 150.180071 113.103780 210.596394 155.870729 188.799444 154.534190 164.865152 128.605595
141.694550 123.148989 238.795284 96.669060 150.149983 113.168201 210.701605 156.061978 189.030906 154.623509 164.695010 128.701888
141.822518 123.183728 238.795284 96.669060 150.126159 113.219211 210.866358 156.208885 189.236235 154.701943 164.558424 128.792665
141.948074 123.217812 238.795284 96.669060 150.101616 113.271762 211.196615 156.220783 189.443059 154.780948 164.423671 128.882224
142.074709 123.250135 238.795584 96.669052 150.078934 113.320327 211.400770 156.138404 189.669894 154.879742 164.285170 128.974274
142.186946 123.278232 238.796084 96.669040 150.059214 113.362549 211.548513 155.980286 189.884627 154.895723 164.153998 129.061453
142.263872 123.297490 238.797084 96.669015 150.039241 113.405314 211.655611 155.791990 190.096255 154.933920 164.021330 129.152842
142.305003 123.307786 238.798083 96.668990 150.020664 113.445090 211.739460 155.588985 190.312649 154.981669 163.886961 129.245642
142.330419 123.314149 238.800383 96.668932 150.003822 113.481151 211.808344 155.379683 190.529142 155.029439 163.757694 129.334918
142.340313 123.316626 238.804581 96.668827 149.987657 113.515762 211.828069 155.163983 190.738902 155.080967 163.626122 129.425786
142.346910 123.318277 238.816778 96.668521 149.973523 113.546024 211.728991 154.967829 190.950047 155.133157 163.494962 129.516370
142.347589 123.318447 238.835872 96.668043 149.955073 113.585528 211.557670 154.851491 191.164882 155.186259 163.359359 129.610023
142.347783 123.318496 238.852666 96.667623 149.942463 113.612529 211.351633 154.798355 191.375817 155.234868 163.196267 129.702052
142.347783 123.318496 238.878058 96.666987 149.935439 113.627569 211.133220 154.810274 191.590043 155.258508 163.060286 129.794623
142.347783 123.318496 238.920745 96.665918 149.931461 113.636086 210.919428 154.870823 191.811572 155.264122 162.923066 129.888038
142.347783 123.318496 238.964031 96.664834 149.927864 113.643787 210.712855 154.929335 192.031720 155.258073 162.790143 129.978528
142.347783 123.318496 239.017015 96.663507 149.924436 113.651126 210.503304 154.988707 192.247477 155.245886 162.660279 130.066934
142.347783 123.318496 239.051304 96.662649 149.924182 113.651670 210.292886 155.048324 192.468424 155.233406 162.527109 130.157592
142.347783 123.318496 239.084993 96.661805 149.924055 113.651942 210.079775 155.108704 192.715921 155.216310 162.391045 130.250220
142.347783 123.318496 239.120482 96.660916 149.924055 113.651942 209.874072 155.166985 192.934055 155.200581 162.255973 130.342172
142.347783 123.318496 239.141875 96.660373 149.924055 113.651942 209.665843 155.221307 193.150394 155.184982 162.121646 130.433618
142.347783 123.318496 239.152869 96.659994 149.924055 113.651942 209.454758 155.276180 193.371021 155.169074 161.989255 130.525051
142.347783 123.318496 239.160664 96.659725 149.924055 113.651942 209.266902 155.325015 193.587322 155.147337 161.855139 130.619264
142.347783 123.318496 239.167660 96.659484 149.924055 113.651942 209.121921 155.362704 193.802140 155.110815 161.720368 130.713937
142.347783 123.318496 239.172557 96.659315 149.924055 113.651942 209.005491 155.392971 194.009547 155.062062 161.584370 130.809472
142.347783 123.318496 239.173756 96.659274 149.924055 113.651942 208.918773 155.415514 194.213515 154.982601 161.453854 130.901156
142.347783 123.318496 239.174356 96.659253 149.924055 113.651942 208.849960 155.433402 194.410546 154.893579 161.318593 130.996174
142.347783 123.318496 239.174456 96.659249 149.924055 113.651942 208.814441 155.442636 194.601970 154.795036 161.188077 131.087857
142.347783 123.318496 239.174456 96.659249 149.924055 113.651942 208.792374 155.448372 194.787807 154.679701 161.055270 131.181151
142.347783 123.318496 239.174456 96.659249 149.924055 113.651942 208.779792 155.451643 194.962461 154.548407 160.926146 131.271857
142.347783 123.318496 239.174456 96.659249 149.924055 113.651942 208.767694 155.454788 195.129825 154.411217 160.790230 131.367335
142.427403 123.337327 239.174456 96.659249 149.924055 113.651942 208.753951 155.458361 195.285366 154.259473 160.656523 131.461261
142.466898 123.345833 239.174456 96.659249 149.924055 113.651942 208.743982 155.460952 195.434585 154.106954 160.527725 131.551738
142.522620 123.357834 239.174456 96.659249 149.924055 113.651942 208.730336 155.464500 195.580101 153.942221 160.393200 131.646238
142.652518 123.387304 239.174456 96.659249 149.924055 113.651942 208.710205 155.469733 195.728962 153.783680 160.270250 131.751091
142.743957 123.409097 239.174456 96.659249 149.924055 113.651942 208.702559 155.471721 195.945462 153.522163 160.154699 131.866905
142.848528 123.434021 239.174456 96.659249 149.924055 113.651942 208.696946 155.473180 196.051844 153.328109 160.042397 131.979463
142.964869 123.461749 239.174456 96.659249 149.924055 113.651942 208.690268 155.474916 196.157601 153.135196 159.928612 132.093508
143.098039 123.493488 239.174456 96.659249 149.924055 113.651942 208.680009 155.477583 196.263838 152.941406 159.832409 132.220041
143.231404 123.525274 239.174456 96.659249 149.924055 113.651942 208.661620 155.482363 196.368323 152.754998 159.741735 132.355613
143.360196 123.555970 239.174456 96.659249 149.924055 113.651942 208.651707 155.484286 196.475800 152.565793 159.656548 132.488462
143.473814 123.583049 239.174456 96.659249 149.924055 113.651942 208.635436 155.482230 196.582979 152.377109 159.578433 132.626606
143.560194 123.603637 239.174456 96.659249 149.924055 113.651942 208.630079 155.481554 196.688974 152.190512 159.500869 132.772563
143.613598 123.616365 239.174456 96.659249 149.924055 113.651942 208.622935 155.480651 196.781903 151.988912 159.424983 132.917499
143.640252 123.622718 239.174456 96.659249 149.924055 113.651942 208.601307 155.477919 196.855213 151.782843 159.369827 133.069745
143.650077 123.625059 239.174456 96.659249 149.924055 113.651942 208.580175 155.475249 196.915498 151.572720 159.329132 133.229132
143.654260 123.626056 239.174456 96.659249 149.924055 113.651942 208.544558 155.470749 196.973710 151.360536 159.282979 133.382599
143.657567 123.626844 239.174456 96.659249 149.924055 113.651942 208.506560 155.465948 197.018832 151.147461 159.233142 133.541046
143.657761 123.626891 239.181052 96.659022 149.924055 113.651942 208.474416 155.461887 197.062872 150.937022 159.194985 133.699595
143.657761 123.626891 239.186549 96.658832 149.924055 113.651942 208.427588 155.455971 197.106540 150.721297 159.158481 133.854245
143.657761 123.626891 239.193345 96.658598 149.924055 113.651942 208.308567 155.435351 197.149672 150.508219 159.122001 134.008798
143.657761 123.626891 239.203439 96.658250 149.924055 113.651942 208.222651 155.457398 197.193983 150.291204 159.085912 134.161697
143.657761 123.626891 239.214732 96.657860 149.924055 113.651942 208.118040 155.484242 197.245564 150.081041 159.048972 134.318196
143.657761 123.626891 239.222328 96.657598 149.924055 113.651942 207.992604 155.516430 197.296905 149.871849 159.012492 134.472749
143.657761 123.626891 239.231922 96.657267 149.924055 113.651942 207.853317 155.552173 197.349224 149.658675 158.974488 134.631668
143.657761 123.626891 239.235720 96.657136 149.924055 113.651942 207.694851 155.592837 197.402507 149.446774 158.937806 134.784631
143.657761 123.626891 239.237918 96.657060 149.924055 113.651942 207.527474 155.635787 197.457391 149.231665 158.900634 134.939636
143.657761 123.626891 239.240517 96.656971 149.924055 113.651942 207.344986 155.682613 197.512449 149.018268 158.863532 135.094350
143.657761 123.626891 239.244215 96.656843 149.924055 113.651942 207.149023 155.732852 197.577917 148.808444 158.826616 135.248285
143.657761 123.626891 239.246213 96.656774 149.923971 113.652123 206.946183 155.784855 197.633526 148.630218 158.788814 135.405916
143.657761 123.626891 239.248912 96.656681 149.923717 113.652667 206.738902 155.838056 197.676932 148.494795 158.747849 135.564177
143.657761 123.626891 239.257806 96.656374 149.922997 113.654207 206.529299 155.891868 197.727535 148.396338 158.704848 135.720158
143.657761 123.626891 239.267801 96.656030 149.922278 113.655747 206.322409 155.944983 197.760356 148.332479 158.661024 135.879128
143.657761 123.626891 239.275096 96.655778 149.919104 113.662543 206.112322 155.998919 197.782526 148.289343 158.616827 136.039448
143.657761 123.626891 239.280093 96.655606 149.918343 113.664174 205.903881 156.052432 197.793177 148.268619 158.574331 136.193597
143.657761 123.626891 239.285390 96.655423 149.916608 113.667888 205.666008 156.113432 197.798434 148.258391 158.531835 136.347747
143.742755 123.642657 239.293885 96.655130 149.913984 113.673506 205.456019 156.167346 197.799028 148.257235 158.478495 136.505586
143.778030 123.648154 239.300281 96.654909 149.908864 113.684469 205.241858 156.222303 197.799256 148.256790 158.424759 136.655018
143.906785 123.663897 239.303279 96.654806 149.898581 113.706486 205.034229 156.279041 197.799394 148.256523 158.369264 136.809343
143.971972 123.671001 239.304179 96.654775 149.889398 113.726148 204.822572 156.344677 197.802411 148.250653 158.318404 136.950777
144.056709 123.683814 239.306577 96.654692 149.874418 113.758222 204.614354 156.409247 197.808673 148.238469 158.210088 137.102627
144.163982 123.688811 239.310175 96.654568 149.849494 113.811588 204.410243 156.472544 197.817815 148.220680 158.150643 137.247506
144.285361 123.694238 239.312574 96.654485 149.819280 113.876280 204.206844 156.533573 197.835232 148.186794 158.088046 137.400063
144.415930 123.700075 239.315572 96.654382 149.781237 113.957735 203.992597 156.587785 197.850179 148.157710 158.025716 137.551973
144.547399 123.705953 239.319670 96.654241 149.735916 114.054773 203.780191 156.641531 197.860419 148.137788 157.965815 137.697962
144.656690 123.710839 239.322768 96.654134 149.687337 114.158788 203.573117 156.693928 197.866453 148.126048 157.874782 137.832746
144.750796 123.715046 239.324167 96.654085 149.642729 114.257349 203.364922 156.746350 197.867413 148.124180 157.814350 137.980029
144.834712 123.718797 239.324267 96.654082 149.610432 114.333264 203.147676 156.789552 197.867824 148.123379 157.753500 138.128331
144.934812 123.723272 239.324467 96.654075 149.578762 114.407707 202.937198 156.831408 197.867915 148.123201 157.693030 138.275708
145.046495 123.728375 239.324467 96.654075 149.556369 114.460342 202.727406 156.873128 197.868007 148.123024 157.632977 138.422066
145.162052 123.734129 239.324467 96.654075 149.536521 114.506995 202.511532 156.918960 197.868007 148.123024 157.573038 138.568148
145.287996 123.740400 239.324467 96.654075 149.517926 114.550704 202.298859 156.966400 197.868007 148.123024 157.513099 138.714229
145.413341 123.746641 239.324467 96.654075 149.503872 114.583739 202.086688 157.006267 197.868007 148.123024 157.453236 138.860125
145.538186 123.752857 239.324467 96.654075 149.499292 114.594505 201.869064 157.043208 197.868007 148.123024 157.392841 139.007316
145.647850 123.758317 239.324467 96.654075 149.496747 114.600486 201.656036 157.069955 197.868007 148.123024 157.328473 139.160958
145.754318 123.763618 239.324467 96.654075 149.493928 114.607112 201.443207 157.096677 197.868007 148.123024 157.261492 139.307693
145.920384 123.781224 239.324467 96.654075 149.493419 114.608308 201.225913 157.123960 197.868007 148.123024 157.193805 139.455975
146.093369 123.806998 239.324467 96.654075 149.493106 114.609044 201.011418 157.145686 197.868007 148.123024 157.128277 139.599527
146.182047 123.844308 239.324467 96.654075 149.492871 114.609596 200.793071 157.167152 197.868007 148.123024 157.065410 139.752670
146.233686 123.879409 239.324467 96.654075 149.492832 114.609688 200.578574 157.173338 197.868007 148.123024 157.005586 139.905799
146.261076 123.901992 239.324467 96.654075 149.492793 114.609780 200.358359 157.177963 197.868007 148.123024 156.947364 140.054830
146.280288 123.917832 239.324467 96.654075 149.492793 114.609780 200.143685 157.170617 197.868007 148.123024 156.906139 140.212864
146.291399 123.926992 239.324467 96.654075 149.492793 114.609780 199.930011 157.163263 197.876098 148.107281 156.873759 140.368226
146.305056 123.938252 239.324467 96.654075 149.492793 114.609780 199.711474 157.152543 197.888669 148.082822 156.822909 140.225396
146.307833 123.940542 239.324467 96.654075 149.492793 114.609780 199.496142 157.141819 197.875621 147.993328 156.868452 140.054053
146.308065 123.940733 239.330663 96.653861 149.492793 114.609780 199.279932 157.128829 197.902119 147.926811 156.927984 139.873832
146.308065 123.940733 239.350351 96.653182 149.492793 114.609780 199.062423 157.112502 197.934279 147.846082 157.004060 139.654449
146.308065 123.940733 239.379634 96.652172 149.492793 114.609780 198.842522 157.085120 197.971436 147.752810 157.011842 139.385580
146.308065 123.940733 239.423708 96.650652 149.492793 114.609780 198.623811 157.057886 198.015661 147.641795 157.101256 139.171720
146.308065 123.940733 239.456988 96.649504 149.492793 114.609780 198.409595 157.023205 198.062518 147.522573 157.199596 138.947432
146.308065 123.940733 239.553574 96.768198 149.492793 114.609780 198.193618 156.982928 198.113976 147.390869 157.302675 138.712337
146.308065 123.940733 239.531839 96.835159 149.492793 114.609780 197.980001 156.943091 198.169656 147.248360 157.410733 138.465885
146.308065 123.940733 239.502911 96.924281 149.492793 114.609780 197.772215 156.894948 198.232214 147.088247 157.519799 138.216819
146.308065 123.940733 239.467994 97.031856 149.492793 114.609780 197.556828 156.844572 198.305908 146.921628 157.630843 137.963051
146.308065 123.940733 239.426532 97.159596 149.492793 114.609780 197.346503 156.795381 198.385597 146.742778 157.741166 137.710932
146.308065 123.940733 239.379172 97.305502 149.492793 114.609780 197.135790 156.746099 198.471514 146.549953 157.851128 137.457690
146.308065 123.940733 239.328109 97.462822 149.492793 114.609780 196.925155 156.697361 198.562599 146.345527 157.950123 137.204022
146.308065 123.940733 239.272383 97.634505 149.492793 114.609780 196.709227 156.647543 198.657836 146.131784 158.036829 136.981841
146.308065 123.940733 239.212489 97.819028 149.492793 114.609780 196.497977 156.598805 198.756939 145.909364 158.115610 136.779969
146.308065 123.940733 239.148058 98.017533 149.492793 114.609780 196.281464 156.548853 198.860274 145.677444 158.143539 136.515699
146.308065 123.940733 239.078161 98.232873 149.492793 114.609780 196.066414 156.499238 198.969864 145.434741 158.207142 136.308125
146.308065 123.940733 239.008204 98.462299 149.492793 114.609780 195.858281 156.451220 199.086090 145.179893 158.269645 136.103248
146.308065 123.940733 238.951058 98.708658 149.492793 114.609780 195.642548 156.401447 199.208665 144.911125 158.331684 135.895201
146.308065 123.940733 238.891292 98.966317 149.492793 114.609780 195.427010 156.351720 199.334892 144.634350 158.392722 135.690508
146.308065 123.940733 238.830124 99.230015 149.492793 114.609780 195.211862 156.302083 199.466887 144.344928 158.453179 135.482046
146.308065 123.940733 238.770234 99.498508 149.492793 114.609780 194.996129 156.252310 199.610900 144.047813 158.501899 135.266893
146.308065 123.940733 238.735740 99.772308 149.492793 114.609780 194.787682 156.204324 199.761042 143.742648 158.549227 135.057885
146.308065 123.940733 238.729572 100.048540 149.492793 114.609780 194.574735 156.159568 199.914733 143.413393 158.597064 134.846633
146.308065 123.940733 238.723468 100.321871 149.492793 114.609780 194.360906 156.114627 200.071770 143.090561 158.644514 134.631002
146.308065 123.940733 238.717327 100.596903 149.492793 114.609780 194.150308 156.070364 200.234187 142.756668 158.688938 134.414207
146.308065 123.940733 238.711187 100.871834 149.492793 114.609780 193.902720 156.020250 200.400270 142.416340 158.695208 134.193269
146.308065 123.940733 238.705843 101.141881 149.492793 114.609780 193.689865 155.986593 200.583250 142.075104 158.686412 133.974846
146.308065 123.940733 238.701041 101.419539 149.492793 114.609780 193.482998 155.920472 200.769539 141.727699 158.609163 133.771254
146.308065 123.940733 238.696288 101.694398 149.492793 114.609780 193.264709 155.885961 200.959939 141.372626 158.455133 133.623477
146.308065 123.940733 238.691574 101.966957 149.492793 114.609780 193.050307 155.841090 201.158804 141.009993 158.279033 133.501560
146.308065 123.940733 238.686852 102.240016 149.492793 114.609780 192.836597 155.794171 201.365760 140.640275 158.157629 133.322020
146.308065 123.940733 238.687822 102.514651 149.492793 114.609780 192.627478 155.748259 201.575451 140.265671 158.069423 133.124002
146.308065 123.940733 238.694935 102.790760 149.492793 114.609780 192.417968 155.702261 201.791513 139.886546 157.973063 132.961971
146.308065 123.940733 238.702073 103.067868 149.492793 114.609780 192.201425 155.654720 202.016676 139.507359 157.839987 132.849075
146.308065 123.940733 238.709165 103.343176 149.492793 114.609780 191.986770 155.609351 202.241941 139.128000 157.712649 132.805961
146.308065 123.940733 238.716172 103.615186 149.492793 114.609780 191.777870 155.565758 202.467154 138.748727 157.534301 132.763497
146.308065 123.940733 238.723277 103.890995 149.492793 114.609780 191.568186 155.522002 202.695843 138.372662 157.402702 132.764103
146.308065 123.940733 238.730320 104.164404 149.492793 114.609780 191.358405 155.478225 202.934048 138.002956 157.270803 132.764710
146.308065 123.940733 238.737356 104.437513 149.492793 114.609780 191.144317 155.433550 203.173878 137.630729 157.138705 132.765319
146.308065 123.940733 238.744389 104.710523 149.492793 114.609780 190.934554 155.387347 203.413437 137.258921 156.977890 132.772468
146.308065 123.940733 238.751396 104.982532 149.492793 114.609780 190.724460 155.339380 203.649692 136.892241 156.842774 132.781227
146.308065 123.940733 238.760166 105.258162 149.492793 114.609780 190.513782 155.291279 203.863903 136.559775 156.709054 132.789896
146.320950 123.951357 238.779261 105.535105 149.492793 114.609780 190.298313 155.240904 204.056233 136.261270 156.577930 132.798397
146.341319 123.968151 238.796581 105.786308 149.492793 114.609780 190.090967 155.184427 204.229605 135.992187 156.449000 132.806756
146.360543 124.224939 238.812767 106.021051 149.492793 114.609780 189.882559 155.127661 204.389492 135.744035 156.312886 132.815580
146.349218 124.281721 238.826593 106.221575 149.489915 114.616379 189.647849 155.067198 204.536380 135.516058 156.180140 132.834637
146.333044 124.357360 238.839587 106.410027 149.484750 114.627432 189.444412 154.992840 204.735620 135.273791 156.049045 132.855850
146.303560 124.450715 238.854956 106.559960 149.480431 114.636672 189.237406 154.917177 204.866190 135.035635 155.920023 132.876727
146.268957 124.560280 238.888263 106.688516 149.467136 114.665119 189.036005 154.843080 204.998780 134.799192 155.790417 132.905755
146.232389 124.717969 238.913921 106.787546 149.447744 114.706611 188.831947 154.767803 205.138718 134.561329 155.658061 132.938303
146.236624 124.839890 238.935641 106.871378 149.423145 114.759246 188.624849 154.687982 205.282368 134.331770 155.530013 132.969073
146.196157 124.981296 238.951918 106.934203 149.386880 114.822731 188.423894 154.602962 205.428193 134.098735 155.401819 132.996997
146.143955 125.135289 238.961625 106.971666 149.253445 115.112528 188.220084 154.516734 205.574361 133.865208 155.267469 133.026261
146.088939 125.300144 238.970202 107.004773 149.225015 115.223597 188.020972 154.432493 205.720263 133.601060 155.140846 133.055886
146.031723 125.481010 238.974968 107.023166 149.172497 115.344590 187.819280 154.347161 205.865014 133.369949 155.019827 133.105251
145.971952 125.673623 238.974968 107.023166 149.126097 115.457074 187.593183 154.251638 206.010386 133.135222 154.898160 133.154880
145.916143 125.877938 238.978905 107.038364 149.079062 115.577945 187.390472 154.177045 206.155326 132.899285 154.770197 133.207077
145.850926 126.097466 238.978905 107.038364 149.030395 115.703009 187.105151 154.097214 206.299952 132.663860 154.649085 133.256480
145.785230 126.329443 238.984047 107.058209 148.984267 115.821550 186.903399 154.015160 206.442274 132.432183 154.521492 133.308526
145.700422 126.566948 238.995233 107.101383 148.935745 115.946242 186.698589 153.931863 206.587423 132.195906 154.404501 133.363227
145.568781 126.796926 239.011435 107.163918 148.887948 116.069070 186.492761 153.848151 206.729903 131.963974 154.289304 133.428491
145.376574 126.987529 239.033356 107.248525 148.840514 116.190967 186.288693 153.765156 206.874415 131.730480 154.170627 133.495727
145.255885 127.234276 238.981516 107.528183 148.792737 116.317327 186.087465 153.685349 207.020774 131.497781 154.052820 133.562470
144.993661 127.769832 238.924300 107.639432 148.748919 116.438125 185.885590 153.611089 207.165270 131.268044 153.941312 133.626511
144.868234 128.008584 238.860909 107.762686 148.704760 116.559864 185.682588 153.536416 207.310457 131.037206 153.829864 133.694788
144.745623 128.235473 238.802091 107.877047 148.660362 116.682260 185.477992 153.461155 207.454633 130.807977 153.713300 133.766201
144.643702 128.450071 238.773715 108.001256 148.615895 116.804844 185.274240 153.386205 207.598383 130.579425 153.621123 133.822672
144.541638 128.648439 238.763504 108.133262 148.570952 116.928745 185.067390 153.310116 207.742506 130.350281 153.553333 133.864203
144.444802 128.830802 238.753155 108.267062 148.526929 117.050107 184.861192 153.237032 207.888279 130.116179 153.502171 133.895547
144.345744 129.021284 238.743206 108.395678 148.479564 117.180682 184.622736 153.159071 208.022991 129.882071 153.471900 133.914092
144.250239 129.204935 238.732926 108.528581 148.434916 117.301491 184.415425 153.083662 208.173391 129.616545 153.447172 133.929242
144.169174 129.360817 238.722361 108.665173 148.386173 117.429099 184.208490 153.008390 208.308253 129.375967 153.430459 133.939481
144.096461 129.500640 238.712227 108.796182 148.359232 117.499628 184.001694 152.932448 208.441112 129.138966 153.424661 133.943033
144.034175 129.620413 238.702039 108.927888 148.340570 117.548485 183.796141 152.856889 208.574948 128.900220 153.412638 133.950399
143.979225 129.726079 238.723480 109.079286 148.333184 117.567823 183.595469 152.783124 208.710397 128.658595 153.397971 133.959385
143.933410 129.814178 238.712927 109.215778 148.328117 117.581088 183.388424 152.710041 208.845456 128.417669 153.383646 133.968161
143.905127 129.868563 238.703013 109.343996 148.316858 117.613299 183.180745 152.642455 208.980954 128.175957 153.359429 133.982997
143.886303 129.904761 238.692376 109.481585 148.300303 117.662488 182.969928 152.573846 209.116698 127.933809 153.331887 133.999871
143.867571 129.940782 238.682169 109.613591 148.277752 117.729495 182.767004 152.507807 209.251512 127.693319 153.302639 134.017789
143.856636 129.961809 238.671832 109.747292 148.249045 117.818055 182.563550 152.442107 209.386326 127.452828 153.263416 134.041821
143.837306 129.999544 238.662256 109.871092 148.215739 117.923625 182.357108 152.376552 209.518890 127.216350 153.220852 134.068057
143.819078 130.036158 238.619792 110.013176 148.177437 118.045027 182.149046 152.310483 209.648607 126.977854 153.191568 134.086107
143.801162 130.072144 238.608988 110.176519 148.137812 118.170624 181.941568 152.259048 209.778000 126.736785 153.150366 134.111503
143.783468 130.107683 238.597352 110.352435 148.099060 118.293456 181.728543 152.219511 209.908528 126.493601 153.109760 134.136532
143.767245 130.140268 238.584970 110.539626 148.059886 118.417623 181.509312 152.186092 210.038205 126.252003 153.070857 134.160511
143.757831 130.160912 238.572588 110.726817 148.019991 118.545756 181.291366 152.156843 210.167598 126.010933 153.024973 134.188793
143.751905 130.175017 238.560015 110.916901 147.979943 118.675202 181.078078 152.128219 210.297984 125.768014 152.993646 134.208102
143.747102 130.186449 238.547389 111.107784 147.941344 118.799968 180.863700 152.099448 210.429316 125.523332 152.956274 134.231137
143.739625 130.204242 238.534959 111.295974 147.903277 118.923014 180.652890 152.071157 210.559371 125.281029 152.925543 134.250079
143.735403 130.214291 238.522645 111.482468 147.864707 119.047684 180.437620 152.042267 210.688149 125.041105 152.892513 134.270438
143.733350 130.219177 238.510238 111.670359 147.825071 119.175793 180.219475 152.012992 210.816596 124.801798 152.860846 134.289957
143.733195 130.219546 238.497687 111.860445 147.786293 119.301131 180.008665 151.984700 210.962053 124.570190 152.827731 134.310368
143.732266 130.221759 238.485261 112.048635 147.746304 119.430281 179.799143 151.956582 211.109580 124.335508 152.788487 134.334557
143.729438 130.228489 238.472960 112.234929 147.703777 119.557037 179.587541 151.928184 211.253968 124.105821 152.757500 134.353657
143.725216 130.238538 238.460198 112.428208 147.659786 119.688155 179.375145 151.899680 211.395730 123.875564 152.730174 134.370500
143.720567 130.249601 238.447430 112.621587 147.620955 119.815613 179.160172 151.870830 211.538812 123.642242 152.712042 134.381676
143.714331 130.264444 238.433512 112.812474 147.586193 119.949206 178.946686 151.842179 211.683672 123.406022 152.688596 134.394962
143.710728 130.273018 238.421206 113.003077 147.545059 120.078417 178.727253 151.812731 211.826284 123.173467 152.676156 134.400700
143.706584 130.282883 238.408701 113.196774 147.510776 120.205610 178.512572 151.788596 211.968039 122.942381 152.663988 134.406312
143.702788 130.291918 238.398431 113.355843 147.484403 120.331477 178.296276 151.788578 212.110078 122.708432 152.653999 134.410919
143.702013 130.293761 238.390345 113.481082 147.457886 120.458029 178.082298 151.785546 212.249897 122.471628 152.644374 134.415358
143.701780 130.294315 238.384618 113.569797 147.430037 120.590942 177.865101 151.784782 212.390224 122.233964 152.638380 134.418123
143.701626 130.294683 238.381358 113.620292 147.400093 120.720574 177.645288 151.803401 212.526264 121.994813 152.637745 134.418416
143.701626 130.294683 238.379657 113.646637 147.363666 120.853472 177.446500 151.820239 212.654333 121.754056 152.637745 134.418416
143.701626 130.294683 238.378658 113.662105 147.327158 120.986659 177.259500 151.835114 212.782918 121.512329 152.637745 134.418416
143.701626 130.294683 238.378098 113.670787 147.297762 121.093903 177.054136 151.849801 212.910685 121.270962 152.637745 134.418416
143.701626 130.294683 238.377943 113.673182 147.270105 121.194261 176.593153 151.871294 213.038755 121.024894 152.637745 134.418416
143.698023 130.303257 238.377879 113.674180 147.241019 121.296608 176.375341 151.856696 213.165208 120.781932 152.637563 134.418500
143.689889 130.322618 238.209848 113.809396 147.207887 121.413192 176.158059 151.837994 213.280850 120.530064 152.637563 134.418500
143.676447 130.354609 238.207100 113.856215 147.176505 121.523619 175.945626 151.816329 213.394250 120.277998 152.637291 134.418625
143.676447 130.354609 238.203075 113.924797 147.141104 121.648187 175.731239 151.779665 213.498926 120.024307 152.637200 134.418667
143.676447 130.354609 238.194762 114.015545 147.106004 121.771696 175.521968 151.737054 213.601010 119.766696 152.636655 134.418918
143.667577 130.375721 238.180112 114.120023 147.069756 121.899245 175.305373 151.690223 213.700445 119.513204 152.636201 134.419128
143.654910 130.405868 238.162546 114.245298 147.032597 122.031314 175.089234 151.640468 213.784208 119.251416 152.634657 134.419840
143.644208 130.437208 238.143772 114.379188 146.999651 122.156243 174.874351 151.589695 213.870955 118.989120 152.633204 134.420510
143.632008 130.483736 238.125859 114.506938 146.967368 122.278658 174.666486 151.535713 213.962784 118.732240 152.631479 134.421306
143.616664 130.542257 238.107905 114.634986 146.934014 122.405134 174.459346 151.476285 214.040820 118.471245 152.629027 134.422436
143.608599 130.573018 238.081779 114.762834 146.900100 122.538483 174.248847 151.426040 214.115889 118.208457 152.625940 134.423860
143.599165 130.609001 238.049172 114.890842 146.868875 122.666325 174.033868 151.388179 214.182640 117.946618 152.621036 134.426122
143.587016 130.655335 238.019091 115.021114 146.837485 122.794847 173.818962 151.354691 214.243475 117.683458 152.617767 134.427630
143.578723 130.686966 237.988514 115.153529 146.805881 122.924244 173.601821 151.321259 214.304535 117.419324 152.609685 134.431357
143.573219 130.707957 237.958523 115.283411 146.773186 123.058109 173.388391 151.289364 214.356219 117.151187 152.602966 134.434457
143.566625 130.733106 237.935758 115.411810 146.742294 123.184591 173.172489 151.257100 214.401429 116.879928 152.591978 134.439524
143.560031 130.758256 237.920808 115.539840 146.711214 123.305040 172.954837 151.237486 214.445398 116.612114 152.574816 134.447440
143.551585 130.790468 237.905638 115.669757 146.686057 123.399963 172.733836 151.219896 214.489400 116.343300 152.560196 134.454183
143.539869 130.837111 237.890178 115.802158 146.669098 123.463954 172.520411 151.202910 214.525558 116.074906 152.547573 134.460005
143.526283 130.899447 237.874614 115.935452 146.656033 123.513252 172.248414 151.181173 214.562568 115.799582 152.522602 134.471523
143.510098 130.973704 237.858933 116.069740 146.647989 123.543604 172.049424 151.165591 214.599298 115.526744 152.497630 134.483040
143.491144 131.060662 237.843207 116.204425 146.642377 123.563312 171.855417 151.150399 214.637207 115.256895 152.469116 134.496191
143.425926 131.323858 237.827410 116.339706 146.639152 123.572883 171.680453 151.136698 214.676364 114.982576 152.445143 134.507248
143.422684 131.446761 237.811904 116.472504 146.637523 123.577716 171.509177 151.123287 214.748207 114.712862 152.410455 134.523247
143.414355 131.583608 237.817738 116.599699 146.637268 123.578474 171.349453 151.110954 214.787285 114.439137 152.358295 134.543038
143.407016 131.740412 237.844524 116.734259 146.637108 123.578948 171.178549 151.097925 214.825671 114.170263 152.313141 134.552330
143.403417 131.907557 237.869357 116.859012 146.637108 123.578948 171.003557 151.084584 214.859597 113.901111 152.275529 134.560071
143.411427 132.088179 237.887416 116.949732 146.637108 123.578948 170.794824 151.068754 214.892009 113.626115 152.227143 134.570029
143.420168 132.285285 237.897256 116.999162 146.637108 123.578948 170.605464 151.054451 214.923920 113.355389 152.177190 134.580309
143.429202 132.496692 237.901961 117.022798 146.637108 123.578948 170.398272 151.040109 214.955918 113.084472 152.126649 134.590710
143.438307 132.722509 237.905592 117.041040 146.637108 123.578948 170.178648 151.029088 214.988446 112.809187 152.073071 134.602641
143.444532 132.965482 237.906607 117.046140 146.637108 123.578948 169.959524 151.018092 215.020646 112.536683 152.021702 134.615276
143.446805 133.221367 237.906705 117.046630 146.637108 123.578948 169.744894 151.007321 215.054246 112.265062 151.973538 134.627122
143.436146 133.483702 237.906783 117.047023 146.637108 123.578948 169.524172 150.996245 215.091580 111.991397 151.943921 134.634407
143.430054 133.756327 237.906802 117.047121 146.637108 123.578948 169.310740 150.985534 215.128144 111.723380 151.904107 134.644199
143.421605 134.033698 237.906802 117.047121 146.637108 123.578948 169.091117 150.974513 215.164315 111.455814 151.869829 134.652630
143.423382 134.429301 237.908774 117.057026 146.637108 123.578948 168.872440 150.945707 215.200090 111.187690 151.851379 134.657168
143.445311 134.702475 237.912308 117.074778 146.637108 123.578948 168.655645 150.903842 215.235852 110.919666 151.832734 134.661754
143.486898 134.976831 237.919492 117.110870 146.637108 123.578948 168.438065 150.861825 215.271681 110.651145 151.813410 134.666507
143.554238 135.239969 237.929293 117.160104 146.637108 123.578948 168.225099 150.820699 215.311577 110.380479 151.801855 134.669349
143.632054 135.504460 237.979206 117.338006 146.637108 123.578948 168.008108 150.778796 215.352860 110.109607 151.790396 134.672167
143.699895 135.765777 238.007034 117.414182 146.637108 123.578948 167.793529 150.728698 215.394172 109.838537 151.783307 134.673911
143.759827 136.030166 238.040147 117.504823 146.637108 123.578948 167.586297 150.677760 215.435665 109.566280 151.780200 134.674675
143.813571 136.295987 238.091924 117.599279 146.637108 123.578948 167.373725 150.625510 215.467735 109.262659 151.779715 134.674794
143.842880 136.566805 238.158562 117.699916 146.637108 123.578948 167.151695 150.548946 215.533559 108.996477 151.779326 134.674890
143.872287 136.838519 238.221141 117.815562 146.637108 123.578948 166.948112 150.490164 215.599288 108.730683 151.779229 134.674914
143.899011 137.185592 238.274268 117.932565 146.637108 123.578948 166.697154 150.435358 215.667659 108.462928 151.779229 134.674914
143.902226 137.422471 238.329503 118.054213 146.637108 123.578948 166.493624 150.360674 215.749190 108.200607 151.779229 134.674914
143.904913 137.620452 238.386598 118.179957 146.637108 123.578948 166.294975 150.287780 215.830869 107.937807 151.779229 134.674914
143.907078 137.779938 238.440221 118.298053 146.637108 123.578948 166.091070 150.212958 215.911035 107.679878 151.779229 134.674914
143.908650 137.895827 238.496903 118.422887 146.637108 123.578948 165.883315 150.136723 216.002360 107.422958 151.779229 134.674914
143.909844 137.983819 238.550195 118.540255 146.637108 123.578948 165.683447 150.063382 216.110658 107.168224 151.779229 134.674914
143.910653 138.043413 238.605223 118.661447 146.637108 123.578948 165.481996 149.991777 216.212320 106.878492 151.779229 134.674914
143.911477 138.104108 238.661327 118.785006 146.637108 123.578948 165.273891 149.918287 216.318006 106.625666 151.779229 134.674914
143.912443 138.175301 238.718629 118.911206 146.635384 123.584066 165.067467 149.847575 216.433314 106.373257 151.779229 134.674914
143.912496 138.250593 238.775601 119.036678 146.633149 123.590699 164.857188 149.790168 216.545630 106.127397 151.779229 134.674914
143.910746 138.331874 238.961124 119.109485 146.627370 123.607852 164.641350 149.754907 216.714182 105.866616 151.779229 134.674914
143.907480 138.485197 239.101383 119.076433 146.618813 123.633249 164.437796 149.733885 216.841418 105.622144 151.779229 134.674914
143.906241 138.597190 239.255754 119.040055 146.606681 123.669260 164.218249 149.687624 216.969623 105.375810 151.779132 134.674938
143.904869 138.721183 239.420930 119.001132 146.589950 123.718918 164.039996 149.694869 217.117681 105.143377 151.779035 134.674962
143.903277 138.864974 239.601717 118.957941 146.568622 123.782221 163.844957 149.702797 217.272902 104.917341 151.778646 134.675057
143.901459 139.029264 239.788985 118.894883 146.537934 123.864478 163.666805 149.710038 217.427670 104.691965 151.777967 134.675224
143.899462 139.209753 239.989237 118.827452 146.390594 124.242719 163.503895 149.753855 217.583966 104.464363 151.776413 134.675607
143.897412 139.395041 240.203136 118.755426 146.365444 124.363780 163.339654 149.767424 217.743704 104.238217 151.772720 134.676500
143.895390 139.577730 240.431250 118.678614 146.327026 124.485669 163.162359 149.782072 217.906146 104.015579 151.765418 134.678213
143.893250 139.768293 240.667360 118.594059 146.289510 124.604697 162.985522 149.802124 218.066997 103.795121 151.760550 134.679355
143.891174 139.950682 240.888589 118.494257 146.261530 124.738707 162.804894 149.845230 218.226194 103.574454 151.748964 134.682073
143.889071 140.135570 241.087666 118.396528 146.225132 124.881741 162.613372 149.890935 218.386931 103.351074 151.738742 134.684471
143.886875 140.328557 241.272033 118.304184 146.182705 125.020978 162.417395 149.941773 218.547901 103.127368 151.709632 134.691299
143.884742 140.516045 241.433599 118.223260 146.132526 125.169004 162.251373 149.981936 218.711714 102.907453 151.679743 134.698310
143.874483 140.705935 241.582290 118.148784 146.079416 125.330275 162.066408 150.071711 218.899894 102.710639 151.653846 134.704385
143.858602 140.888546 241.721683 118.078966 146.022797 125.509022 161.877756 150.163276 219.090354 102.511439 151.605460 134.715735
143.842098 141.078330 241.848111 118.015642 145.962993 125.706421 161.695906 150.253363 219.288519 102.320608 151.541788 134.730670
143.826053 141.262833 241.960769 117.959214 145.905418 125.917199 161.514533 150.360199 219.494688 102.134864 151.466239 134.748392
143.809617 141.451820 242.059837 117.909594 145.838610 126.140956 161.091623 150.680222 219.695656 101.953806 151.389593 134.780358
143.793174 141.640906 242.147818 117.865527 145.770788 126.380438 161.026532 150.876323 219.897144 101.772279 151.316383 134.812858
143.775978 141.830227 242.221404 117.828670 145.677388 126.624726 161.052481 151.084823 220.102346 101.592230 151.245795 134.872375
143.758666 142.019738 242.287371 117.791055 145.516873 126.836710 161.194225 151.245247 220.308171 101.412883 151.196097 134.921684
143.741663 142.205863 242.344283 117.756272 145.345918 127.043253 161.396683 151.312195 220.515428 101.232289 151.152920 134.977162
143.724823 142.396219 242.390189 117.728216 145.230538 127.288549 161.606787 151.258682 220.722459 101.051891 151.123962 135.027812
143.708415 142.585610 242.443262 117.695780 144.963186 127.828487 161.790293 151.154765 220.930998 100.870180 151.107406 135.071479
143.692344 142.771115 242.491557 117.666264 144.833243 128.073334 161.973941 151.033995 221.139764 100.688271 151.090317 135.116548
143.676282 142.956520 242.556319 117.626684 144.710765 128.300958 162.157923 150.913005 221.345061 100.509385 151.083887 135.149815
143.659983 143.139797 242.619034 117.588355 144.617697 128.507893 162.198957 150.650274 221.616888 100.353338 151.082679 135.174585
143.642750 143.329917 242.684394 117.548409 144.522827 128.681915 162.062509 150.482394 221.844066 100.199615 151.081407 135.200654
143.625797 143.516950 242.752826 117.506586 144.439266 128.841448 161.886934 150.360114 222.069090 100.047349 151.080788 135.213339
143.609006 143.702191 242.820148 117.465442 144.366275 128.981804 161.705207 150.236830 222.297096 99.893065 151.080399 135.221330
143.591538 143.894901 242.881327 117.428051 144.302098 129.105214 161.522478 150.112528 222.546337 99.711390 151.080301 135.223327
143.578546 144.085657 242.948735 117.386854 144.250746 129.203960 161.343303 149.990645 222.749023 99.524645 151.080262 135.224126
143.574590 144.278917 243.017508 117.344823 144.208576 129.285050 161.163799 149.868536 222.948032 99.341287 151.080243 135.224526
143.570620 144.472876 243.085598 117.303209 144.177571 129.344670 160.980242 149.743672 223.148143 99.156913 151.080243 135.224526
143.566789 144.660037 243.149593 117.264098 144.151504 129.394797 160.801812 149.622295 223.351417 98.969626 151.080243 135.224526
143.562843 144.852796 243.201130 117.232600 144.131757 129.432769 160.606463 149.541174 223.550205 98.786472 151.080243 135.224526
143.559057 145.037758 243.256080 117.199017 144.119715 129.455925 160.402840 149.602147 223.750317 98.602098 151.080243 135.224526
143.564910 145.224357 243.301473 117.171274 144.110856 129.472960 160.271272 149.761749 223.952098 98.417635 151.080243 135.224526
143.575210 145.415480 243.340809 117.147234 144.105873 129.482541 160.248775 149.972731 224.159550 98.234987 151.080243 135.224526
143.585527 145.606902 243.378011 117.124497 144.103151 129.487776 160.308335 150.180843 224.362800 98.056039 151.080243 135.224526
143.594127 145.766470 243.410947 117.104368 144.098583 129.496559 160.469786 150.319039 224.568977 97.874514 151.080243 135.224526
143.601328 145.900076 243.447979 117.081735 144.095308 129.502858 160.676748 150.348734 224.771626 97.696096 151.080243 135.224526
143.645318 146.180875 243.480744 117.061711 144.091063 129.511021 160.845990 150.314824 224.979829 97.512787 151.080243 135.224526
143.648906 146.263097 243.514789 117.040903 144.087095 129.518651 160.969657 150.269293 225.188108 97.329412 151.080243 135.224526
143.651721 146.327635 243.539790 117.025624 144.081374 129.529652 161.061158 150.235332 225.393759 97.148350 151.080243 135.224526
143.653666 146.372193 243.553698 117.017124 144.076853 129.538346 161.111971 150.216473 225.597498 96.966952 151.080243 135.224526
143.655078 146.404562 243.565643 117.009823 144.072562 129.546597 161.141315 150.205582 225.797641 96.784092 151.080243 135.224526
143.656054 146.426941 243.581258 117.000280 144.065733 129.559728 161.215089 150.174768 226.000368 96.598871 151.080243 135.224526
143.656678 146.441227 243.589791 116.995065 144.053830 129.582618 161.281077 150.144020 226.202062 96.414594 151.080243 135.224526
143.656817 146.444424 243.593801 116.992614 144.045110 129.599386 161.359211 150.107612 226.404051 96.230048 151.080243 135.224526
143.656874 146.445723 243.594654 116.992093 144.038604 129.611896 161.454114 150.063391 226.605523 96.045973 151.080243 135.224526
143.656900 146.446322 243.596361 116.991050 144.032053 129.624494 161.565514 150.011483 226.807236 95.863802 151.080243 135.224526
143.656926 146.446922 243.598067 116.990007 144.026470 129.635229 161.733935 149.965136 227.010402 95.681000 151.080243 135.224526
143.656926 146.446922 243.601310 116.988025 144.019503 129.648626 161.871654 149.889339 227.215723 95.496258 151.080243 135.224526
143.656926 146.446922 243.604552 116.986044 144.014059 129.659095 162.025143 149.804863 227.418963 95.313389 151.080243 135.224526
143.656926 146.446922 243.607624 116.984166 144.011106 129.664773 162.189531 149.709794 227.620790 95.131791 151.080243 135.224526
143.656926 146.446922 243.615389 116.979421 144.009491 129.667878 162.345485 149.572163 227.824848 94.948186 151.080243 135.224526
143.656926 146.446922 243.621276 116.975823 144.008753 129.669298 162.440309 149.380665 228.025531 94.763695 151.080243 135.224526
143.656926 146.446922 243.628614 116.971338 143.999249 129.687574 162.434363 149.165902 228.225138 94.580101 151.080062 135.228221
143.656926 146.446922 243.644229 116.961795 143.982316 129.720134 162.341866 148.967961 228.426658 94.394747 151.079741 135.234814
143.656926 146.446922 243.655151 116.955120 143.967967 129.747726 162.175945 148.839486 228.629871 94.207837 151.079458 135.240607
143.656926 146.446922 243.684844 116.936972 143.953664 129.775230 161.963837 148.818559 228.820863 94.015973 151.079318 135.260995
143.656930 146.447022 243.720767 116.915018 143.947067 129.787917 161.749470 148.838841 229.010702 93.813432 151.084889 135.282691
143.656970 146.447921 243.767611 116.886389 143.947067 129.787917 161.583248 148.980347 229.197669 93.613956 151.094613 135.320563
143.657022 146.449120 243.832372 116.845484 143.941715 129.798208 161.491556 149.176844 229.386893 93.412071 151.109758 135.379549
143.657026 146.449220 243.909232 116.796577 143.939823 129.801846 161.499910 149.390547 229.559022 93.202072 151.137683 135.441981
143.657026 146.449220 243.985922 116.747778 143.938993 129.803443 161.573134 149.595399 229.765572 92.999150 151.185236 135.518039
143.657026 146.449220 244.065819 116.696938 143.938623 129.804153 161.724465 149.754352 229.952903 92.767521 151.256004 135.568522
143.657026 146.449220 244.133819 116.653668 143.938577 129.804241 161.908150 149.920866 230.146511 92.523258 151.346153 135.614660
143.657026 146.449220 244.208991 116.605835 143.932072 129.816751 162.092861 150.056227 230.346230 92.266865 151.441497 135.652779
143.657026 146.449220 244.262227 116.571960 143.924182 129.831922 162.285397 150.197322 230.549390 92.006054 151.551840 135.649237
143.657026 146.449220 244.315548 116.538032 143.919292 129.841326 162.487047 150.345097 230.748364 91.743004 151.645866 135.622823
143.659299 146.477009 244.359757 116.509901 143.919292 129.841326 162.695633 150.497955 230.927925 91.465298 151.739549 135.577211
143.659981 146.484478 244.399241 116.484776 143.919292 129.841326 162.912706 150.662633 231.106345 91.189355 151.826963 135.519585
143.660635 146.491648 244.429951 116.465235 143.919292 129.841326 163.130135 150.832309 231.282494 90.906711 151.879564 135.437890
143.661553 146.501706 244.455345 116.449076 143.916939 129.845851 163.346776 151.001370 231.477549 90.642968 151.929981 135.349221
143.662889 146.516345 244.475172 116.436460 143.916339 129.847004 163.562568 151.173248 231.646629 90.358410 151.956707 135.245943
143.664162 146.530288 244.493227 116.424972 143.915877 129.847892 163.773972 151.347560 231.801973 90.068067 151.960263 135.144715
143.665498 146.544927 244.514656 116.411336 143.915785 129.848069 163.985684 151.522126 231.952878 89.775492 151.931151 135.045357
143.667115 146.562653 244.553719 116.386480 143.915785 129.848069 164.195621 151.695229 232.097932 89.482196 151.876576 134.956378
143.668233 146.574902 244.598602 116.357919 143.915785 129.848069 164.406867 151.874553 232.234896 89.179544 151.807815 134.885851
143.668560 146.578487 244.655382 116.321790 143.915785 129.848069 164.606990 152.063459 232.370828 88.879170 151.718892 134.827147
143.668797 146.581077 244.716886 116.282654 143.879497 129.846477 164.805732 152.251062 232.497764 88.574947 151.630775 134.769496
143.668878 146.581973 244.797964 116.231063 143.834703 129.932628 165.003819 152.438046 232.621847 88.267546 151.564600 134.726200
143.668933 146.582570 244.883850 116.176412 143.782161 130.036378 165.191342 152.633385 232.743389 87.958719 151.457610 134.681282
143.668969 146.582969 244.909844 116.005130 143.739556 130.121848 165.349038 152.846448 232.838542 87.644719 151.345305 134.638157
143.668978 146.583068 244.876658 115.877473 143.707886 130.194740 165.534191 153.040483 232.934421 87.328328 151.220585 134.590264
143.668987 146.583168 244.839295 115.733750 143.668281 130.288954 165.723513 153.238556 233.030168 87.013778 151.096331 134.542550
143.668987 146.583168 244.798083 115.575219 143.672457 130.364105 165.914123 153.436780 233.126824 86.697309 150.974691 134.495840
143.668987 146.583168 244.760039 115.427644 143.649526 130.418683 166.070132 153.718083 233.222398 86.384379 150.847270 134.461795
143.668987 146.583168 244.720755 115.272336 143.635965 130.468646 166.218190 153.949112 233.308747 86.073827 150.713792 134.428367
143.668987 146.583168 244.682382 115.116079 143.625440 130.508789 166.399576 154.246216 233.379071 85.803835 150.582448 134.395475
143.668987 146.583168 244.644081 114.960113 143.622422 130.520300 166.537757 154.479805 233.440699 85.567229 150.449171 134.363844
143.668987 146.583168 244.604217 114.774915 143.615904 130.545159 166.677465 154.715977 233.496530 85.352881 150.316717 134.335754
143.668987 146.583168 244.495010 114.638369 143.609462 130.569729 166.804539 154.958885 233.507621 85.083002 150.188860 134.308639
143.668987 146.583168 244.340890 114.532922 143.601549 130.599909 166.927933 155.199713 233.539668 84.869898 150.057295 134.279363
143.668987 146.583168 244.147212 114.480340 143.591683 130.637537 167.052102 155.442055 233.572504 84.651553 149.924074 134.250140
143.668987 146.583168 243.921639 114.527872 143.584556 130.664718 167.188029 155.678648 233.605160 84.434395 149.789003 134.228456
143.668987 146.583168 243.696859 114.609219 143.579788 130.682903 167.328161 155.910956 233.638010 84.215951 149.652057 134.206472
143.668987 146.583168 243.462138 114.696101 143.575502 130.699251 167.470809 156.146862 233.669745 84.004924 149.523404 134.185819
143.668987 146.583168 243.206634 114.717561 143.572585 130.710375 167.640796 156.359458 233.708234 83.759074 149.394159 134.165071
143.668987 146.583168 242.943541 114.658960 143.568705 130.725175 167.812844 156.574632 233.744633 83.543120 149.268462 134.143708
143.668987 146.583168 242.675311 114.576521 143.563987 130.743166 167.985189 156.783908 233.780350 83.331208 149.140923 134.121841
143.668987 146.583168 242.397149 114.480764 143.561375 130.753130 168.181163 156.979247 233.816183 83.118607 149.007470 134.098961
143.668987 146.583168 242.095550 114.471292 143.558966 130.762319 168.373808 157.171267 233.852050 82.905809 148.878748 134.076891
143.668987 146.583168 241.791516 114.558030 143.556861 130.770348 168.566263 157.361626 233.887600 82.694884 148.742240 134.053487
143.668987 146.583168 241.488886 114.677906 143.556049 130.773443 168.762146 157.551206 233.909933 82.480910 148.611941 134.031147
143.668987 146.583168 241.179821 114.802677 143.555440 130.775765 168.958892 157.741620 233.930696 82.261792 148.481248 134.008739
143.668987 146.583168 240.877248 114.924827 143.555212 130.776635 169.146427 157.940918 233.950864 82.048945 148.347894 133.985876
143.668987 146.583168 240.604069 115.035110 143.554451 130.779537 169.327146 158.141653 233.970108 81.845855 148.213265 133.962754
143.668987 146.583168 240.318711 115.148866 143.552524 130.786888 169.505067 158.352019 233.986022 81.677907 148.085366 133.940623
143.668987 146.583168 240.056988 115.251150 143.549480 130.798496 169.633674 158.589763 233.997945 81.552071 147.958255 133.918628
143.668987 146.583168 239.815104 115.345680 143.542886 130.823646 169.764232 158.831114 234.006926 81.457295 147.827104 133.895933
143.668987 146.583168 239.561298 115.444870 143.532480 130.871015 169.883205 159.080930 234.012557 81.397862 147.690336 133.872267
143.668987 146.583168 239.332080 115.534450 143.523748 130.911074 169.993091 159.329417 234.015604 81.365706 147.556623 133.849129
143.668987 146.583168 239.120466 115.617151 143.512163 130.964226 170.105283 159.583118 234.021859 81.286262 147.423305 133.826060
143.668987 146.583168 238.944339 115.685983 143.496277 131.037115 170.216812 159.834594 234.026019 81.224402 147.291464 133.803246
143.668987 146.583168 238.791646 115.744093 143.467562 131.120928 170.328422 160.081544 234.031293 81.145979 147.163565 133.781114
143.668987 146.583168 238.656692 115.790467 143.424223 131.397185 170.441885 160.332595 234.037937 81.047202 147.027585 133.757585
143.668987 146.583168 238.528588 115.833998 143.418468 131.516033 170.555883 160.584830 234.045714 80.931564 146.893971 133.734464
143.668987 146.583168 238.429665 115.866417 143.410649 131.644495 170.658615 160.834499 234.054390 80.802555 146.764397 133.712042
143.668987 146.583168 238.340054 115.895784 143.405773 131.791196 170.756485 161.091494 234.053037 80.627574 146.629304 133.688666
143.668987 146.583168 238.275151 115.917055 143.405637 131.957607 170.896045 161.542528 234.047141 80.464880 146.494212 133.665290
143.668987 146.583168 238.234859 115.930259 143.413491 132.134733 171.009219 161.791875 234.040498 80.288528 146.359514 133.641982
143.668987 146.583168 238.148410 115.961602 143.421869 132.323648 171.099542 162.046850 233.995913 80.104434 146.227574 133.619151
143.668987 146.583168 238.075578 115.991155 143.430306 132.524070 171.190365 162.303238 233.852132 79.957996 146.091989 133.595689
143.668987 146.583168 237.983657 116.028453 143.439133 132.742992 171.281723 162.561135 233.654847 79.861773 145.956601 133.572262
143.668987 146.583168 237.877280 116.071616 143.444524 132.975182 171.373247 162.819503 233.438763 79.851893 145.820918 133.548783
143.668987 146.583168 237.760247 116.119103 143.446947 133.226565 171.465306 163.078849 233.233996 79.921506 145.688880 133.525935
143.668987 146.583168 237.623663 116.174524 143.436176 133.481902 171.557410 163.337966 233.066302 80.055988 145.552211 133.502286
143.668987 146.583168 237.470677 116.236599 143.430547 133.740134 171.648107 163.593126 232.961281 80.239572 145.424607 133.480206
143.669015 146.583467 237.305275 116.303713 143.422280 134.011509 171.743445 163.851941 232.963318 80.446647 145.289810 133.456880
143.669078 146.584164 237.126899 116.376091 143.420990 134.412268 171.851754 164.103735 233.061164 80.638912 145.159842 133.434391
143.669115 146.584562 236.935551 116.453732 143.443417 134.686386 171.959786 164.354885 233.207442 80.800812 145.031450 133.412174
143.641830 146.648201 236.732991 116.535923 143.483220 134.955952 172.067096 164.604169 233.347917 80.910761 144.899905 133.389411
143.648276 146.718808 236.518107 116.623115 143.548875 135.221742 172.175170 164.858780 233.478645 80.964502 144.772006 133.367279
143.653258 146.773381 236.288860 116.716134 143.626719 135.486328 172.282205 165.112746 233.578287 80.981611 144.642628 133.344892
143.657077 146.815207 236.046270 116.814568 143.696463 135.750867 172.388830 165.365692 233.647376 80.993474 144.511773 133.322249
143.662232 146.871672 235.790892 116.918190 143.756917 136.016881 172.497228 165.621249 233.684236 80.999804 144.387618 133.300765
143.627760 146.922383 235.524209 117.026399 143.812441 136.285548 172.606672 165.871024 233.707299 81.003764 144.271619 133.280828
143.634778 146.965921 235.241819 117.135860 143.841708 136.555968 172.724988 166.119035 233.710748 81.004356 144.147933 133.260169
143.640347 147.000475 234.948642 117.245756 143.870899 136.825693 172.832406 166.340342 233.713804 81.004880 144.034504 133.241223
143.645693 147.033647 234.647308 117.367505 143.898774 137.168094 172.925210 166.530283 233.714494 81.004999 143.923344 133.222656
143.684760 147.068529 234.337073 117.492850 143.869517 137.443969 173.005414 166.694436 233.773958 81.005426 143.810014 133.203726
143.724749 147.109425 234.018956 117.621379 143.872503 137.663748 173.071164 166.830477 233.819386 81.002858 143.686525 133.183100
143.730389 147.144373 233.693237 117.752980 143.874890 137.839432 173.121090 166.937063 233.879689 80.999447 143.561951 133.162292
143.730389 147.144373 233.357598 117.888589 143.876785 137.978919 173.163120 167.026809 233.953574 80.995313 143.439349 133.141814
143.730389 147.144373 233.011235 118.028623 143.878137 138.078410 173.210761 167.126912 234.047131 80.990149 143.314775 133.121006
143.730389 147.144373 232.665247 118.170376 143.879188 138.155803 173.233311 167.173212 234.157863 80.984036 143.191877 133.100479
143.733496 147.163624 232.320367 118.293841 143.879760 138.197899 173.243776 167.194699 234.289662 80.976761 143.067698 133.079737
143.739073 147.198177 231.987552 118.391333 143.879972 138.213498 173.249556 167.206566 234.441032 80.968405 142.941250 133.058616
143.747851 147.252573 231.669051 118.482137 143.880069 138.220597 173.252008 167.211601 234.610196 80.959033 142.811349 133.036919
143.754798 147.295616 231.347038 118.543459 143.879621 138.246595 173.255423 167.218614 234.794742 80.938364 142.682731 133.015436
143.759243 147.323160 231.044279 118.601114 143.878713 138.289185 173.259364 167.226705 235.030179 80.923897 142.553718 132.993887
143.761362 147.336290 230.756963 118.637498 143.877438 138.347871 173.265976 167.240280 235.244732 80.911696 142.418787 132.971349
143.762509 147.343398 230.481871 118.657254 143.874528 138.480497 173.273507 167.255744 235.476358 80.898525 142.260628 132.948881
143.762684 147.344484 230.211966 118.676638 143.873434 138.579291 173.276441 167.261768 235.722860 80.884508 142.108033 132.929668
143.762748 147.344879 229.943857 118.695892 143.872194 138.691384 173.279681 167.268420 235.969661 80.870474 141.941746 132.908731
143.762796 147.345175 229.685926 118.700188 143.870735 138.823176 173.283447 167.276152 236.216066 80.845215 141.758592 132.885671
143.762796 147.345175 229.433927 118.699648 143.869117 138.969467 173.285023 167.279389 236.459683 80.815685 141.564326 132.861211
143.762796 147.345175 229.195027 118.699136 143.867363 139.127958 173.285855 167.281097 236.699890 80.785169 141.359521 132.844659
143.762796 147.345175 228.963328 118.698640 143.865493 139.296947 173.286293 167.281996 236.936184 80.733391 141.151864 132.919013
143.762796 147.345175 228.732128 118.698145 143.863419 139.484336 173.287475 167.284423 237.159300 80.684500 140.998268 133.065151
143.762796 147.345175 228.509029 118.697667 143.861279 139.677399 173.292292 167.294313 237.420536 80.621106 140.935612 133.265044
143.762796 147.345175 228.289529 118.697196 143.859111 139.867987 173.297721 167.305461 237.660013 80.552537 140.966563 133.467953
143.762796 147.345175 228.028951 118.667490 143.857003 140.053275 173.312696 167.336208 237.894106 80.485509 141.073654 133.604003
143.762796 147.345175 227.812771 118.674685 143.854818 140.245263 173.326270 167.364078 238.130794 80.417738 141.244065 133.712373
143.762796 147.345175 227.593393 118.681986 143.852653 140.435550 173.339538 167.391319 238.363942 80.343135 141.450262 133.775042
143.762796 147.345175 227.375013 118.689255 143.848654 140.623046 173.359679 167.432675 238.596841 80.254206 141.580996 133.815665
143.762796 147.345175 227.159882 118.690662 143.831894 140.815518 173.385864 167.486438 238.825910 80.166739 141.709724 133.855665
143.762796 147.345175 226.943508 118.687280 143.815187 141.007392 173.406619 167.529052 239.057034 80.078487 141.843819 133.891302
143.762796 147.345175 226.728542 118.683573 143.799130 141.191794 173.499052 167.720404 239.280461 79.984481 141.970898 133.922699
143.762796 147.345175 226.508011 118.678056 143.782813 141.379185 173.533015 167.792284 239.516577 79.853316 142.100792 133.954792
143.762796 147.345175 226.290479 118.672613 143.766756 141.563588 173.575605 167.882982 239.723842 79.693933 142.321352 134.010140
143.762796 147.345175 226.072947 118.667171 143.750091 141.750546 173.625081 167.988343 239.913443 79.493228 142.452313 134.043325
143.762796 147.345175 225.857014 118.661769 143.733240 141.934978 173.682208 168.109998 240.049423 79.258196 142.585262 134.068685
143.762796 147.345175 225.607903 118.675743 143.715598 142.128073 173.746773 168.247493 240.147051 79.004155 142.720883 134.085824
143.762796 147.345175 225.375029 118.679226 143.698872 142.313018 173.818843 168.401459 240.194174 78.734685 142.847178 134.101785
143.762796 147.345175 225.127757 118.682925 143.682831 142.498225 173.885366 168.548512 240.205853 78.458932 142.989794 134.080279
143.762796 147.345175 224.864386 118.686864 143.666445 142.687417 173.943399 168.676796 240.264368 78.197510 143.047347 134.067754
143.762796 147.345175 224.591912 118.703635 143.650266 142.874217 173.998645 168.808378 240.411021 77.969269 143.084087 134.059759
143.762796 147.345175 224.305283 118.721739 143.633988 143.060808 174.022871 168.874265 240.624783 77.815560 143.101969 134.055868
143.762796 147.345175 224.004446 118.747999 143.616761 143.250829 174.041196 168.924103 240.885811 77.756691 143.106757 134.054826
143.762796 147.345175 223.697401 118.802246 143.599317 143.443240 174.051550 168.952260 241.126826 77.789218 143.108125 134.054528
143.762796 147.345175 223.380783 118.862137 143.581818 143.636248 174.056070 168.964555 241.330678 77.816730 143.108711 134.054400
143.762796 147.345175 223.060700 118.934225 143.564338 143.829058 174.058797 168.971969 241.499646 77.839533 143.108809 134.054379
143.762796 147.345175 222.741928 119.010580 143.547074 144.019477 174.059487 168.973847 241.631055 77.857268 143.108809 134.054379
143.762796 147.345175 222.428482 119.102334 143.542974 144.212728 174.059832 168.974785 241.737292 77.871606 143.116430 134.052720
143.762796 147.345175 222.109277 119.195774 143.539165 144.398389 174.059901 168.974973 241.808942 77.881276 143.137967 134.045050
143.762796 147.345175 221.793547 119.300458 143.535216 144.590849 174.059901 168.974973 241.850070 77.886826 143.157095 134.037676
143.762796 147.345175 221.497601 119.413778 143.531230 144.785108 174.059901 168.974973 241.862854 77.888551 143.166146 134.034186
143.762796 147.345175 221.190822 119.531247 143.527322 144.975568 174.060453 168.976475 241.879800 77.890838 143.177156 134.029942
143.762796 147.345175 220.911963 119.614818 143.528567 145.161845 174.063904 168.985860 241.890998 77.892350 143.178369 134.029474
143.762796 147.345175 220.646855 119.746024 143.538860 145.353368 174.068391 168.998062 241.905864 77.894356 143.179022 134.029222
143.762796 147.345175 220.389258 119.874611 143.549157 145.544992 174.077674 169.023309 241.924098 77.896817 143.191338 134.024474
143.762796 147.345175 220.158441 120.016231 143.559390 145.735417 174.085370 169.044239 241.945207 77.899666 143.215038 134.015337
143.762796 147.345175 219.924726 120.159628 143.573840 145.937996 174.100278 169.084785 241.971370 77.903196 143.235516 134.003602
143.762796 147.345175 219.692223 120.311090 143.618116 146.313584 174.112599 169.118292 242.065469 77.878994 143.241978 133.997054
143.762796 147.345175 219.464907 120.469208 143.630864 146.528101 174.122158 169.144290 242.080881 77.816466 143.244086 133.994918
143.762796 147.345175 219.238002 120.627040 143.650212 146.740020 174.128991 169.162873 242.101559 77.732576 143.244226 133.994776
143.762796 147.345175 219.012082 120.784187 143.627681 146.921889 174.133270 169.174512 242.126209 77.632570 143.244400 133.994600
143.762796 147.345175 218.794143 120.950089 143.648923 147.053688 174.135479 169.180518 242.154066 77.519552 143.244400 133.994600
143.762796 147.345175 218.581595 121.117725 143.663594 147.144713 174.136722 169.183897 242.185562 77.391777 143.244400 133.994600
143.762796 147.345175 218.366849 121.287095 143.673158 147.204048 174.137170 169.185117 242.221891 77.244388 143.244400 133.994600
143.762796 147.345175 218.152966 121.455784 143.677358 147.230111 174.137412 169.185774 242.261882 77.082144 143.288356 133.910915
143.762796 147.345175 217.940576 121.623297 143.679634 147.244229 174.137584 169.186244 242.304721 76.908346 143.289952 133.869345
143.762796 147.345175 217.729200 121.791746 143.681289 147.254497 174.137619 169.186337 242.351964 76.716682 143.292069 133.814186
143.762796 147.345175 217.520069 121.965040 143.682243 147.260420 174.137619 169.186337 242.401791 76.514533 143.295039 133.736843
143.762796 147.345175 217.309090 122.139866 143.683532 147.268417 174.140449 169.194034 242.455424 76.296945 143.298495 133.646809
143.762796 147.345175 217.098265 122.314563 143.684439 147.274044 174.146833 169.211397 242.512838 76.064017 143.302746 133.536091
143.762796 147.345175 216.886310 122.485967 143.684885 147.276809 174.154322 169.231764 242.573913 75.816233 143.309964 133.404898
143.762796 147.345175 216.672338 122.656314 143.685092 147.278092 174.159395 169.245561 242.631734 75.581654 143.318797 133.255269
143.762796 147.345175 216.459539 122.825727 143.685314 147.279474 174.161569 169.251474 242.680054 75.385621 143.320081 133.093260
143.762796 147.345175 216.232408 122.976778 143.685458 147.280363 174.162639 169.254383 242.717963 75.231824 143.308631 132.921141
143.762796 147.345175 215.991934 123.102596 143.685537 147.280856 174.163226 169.255979 242.745724 75.119195 143.296838 132.737721
143.762796 147.345175 215.738545 123.210768 143.685569 147.281054 174.163467 169.256636 242.767530 75.032083 143.285043 132.535064
143.762796 147.345175 215.479954 123.302261 143.685601 147.281251 174.163502 169.256730 242.780069 74.982133 143.276879 132.321972
143.751208 147.455398 215.211779 123.345496 143.685617 147.281350 174.163502 169.256730 242.786960 74.954684 143.273755 132.096094
143.725937 147.546814 214.944546 123.386759 143.685633 147.281449 174.163502 169.256730 242.789468 74.944694 143.271405 131.863135
143.566448 147.550964 214.673621 123.399527 143.685633 147.281449 174.163502 169.256730 242.791196 74.937808 143.283003 131.664574
143.494259 147.575362 214.401881 123.373327 143.685633 147.281449 174.163502 169.256730 242.791391 74.937032 143.290257 131.501035
143.423682 147.599217 214.149192 123.382082 143.718246 147.276247 174.163502 169.256730 242.791562 74.936353 143.302895 131.313207
143.352536 147.623264 213.881506 123.334801 143.718278 147.276444 174.163502 169.256730 242.791586 74.936256 143.268935 131.038361
143.276653 147.648911 213.610625 123.279844 143.718278 147.276444 174.163502 169.256730 242.791586 74.936256 143.209201 130.931069
143.201528 147.674303 213.343174 123.225584 143.750847 147.271133 174.163502 169.256730 242.791586 74.936256 143.166735 130.854793
143.152550 147.690857 213.073370 123.170846 143.753125 147.285250 174.163502 169.256730 242.791586 74.936256 143.142948 130.812068
143.129434 147.698669 212.806017 123.116605 143.755387 147.299269 174.163502 169.256730 242.791586 74.936256 143.075114 130.689308
142.998651 147.748841 212.535429 123.061709 143.757873 147.314670 174.166539 169.264989 242.791586 74.936256 143.032851 130.612349
142.940535 147.773421 212.267965 122.996127 143.760470 147.330762 174.171149 169.290971 242.791586 74.936256 142.980142 130.516370
142.863999 147.805792 212.001129 122.930035 143.788100 147.468900 174.139019 169.333523 242.791586 74.936256 142.907911 130.414804
142.788016 147.837928 211.737980 122.864858 143.811299 147.583370 174.107691 169.276243 242.791586 74.936256 142.840870 130.299382
142.719342 147.864115 211.471531 122.798863 143.819243 147.626342 174.076963 169.198495 242.791586 74.936256 142.771761 130.185513
142.648179 147.891080 211.208575 122.733742 143.829496 147.681802 174.040795 169.106983 242.791586 74.936256 142.703118 130.072414
142.570471 147.920526 210.939406 122.667082 143.842639 147.752898 173.999500 169.002500 242.791586 74.936256 142.635928 129.961708
142.493324 147.949759 210.677130 122.602129 143.859328 147.843168 173.914321 168.799922 242.791586 74.936256 142.566974 129.848095
142.416177 147.978992 210.412446 122.536910 143.878324 147.945927 173.859163 168.670810 242.791586 74.936256 142.570460 129.722486
142.353057 148.002910 210.146202 122.471337 143.900193 148.064222 173.794364 168.533744 242.791586 74.936256 142.586967 129.531559
142.319112 148.015773 209.883648 122.406673 143.925230 148.199627 173.718985 168.386182 242.791586 74.936256 142.611566 129.398921
142.297324 148.024029 209.603227 122.336328 143.952611 148.347209 173.638648 168.228913 242.791586 74.936256 142.636330 129.265398
142.215800 148.121600 209.337560 122.268051 143.983386 148.513078 173.559766 168.074494 242.791586 74.936256 142.659873 129.138463
142.121344 148.193643 209.075187 122.200620 144.016678 148.692515 173.482568 167.923369 242.791586 74.936256 142.683907 129.008873
142.059105 148.178143 208.812329 122.133065 144.052292 148.877997 173.196657 167.715384 242.791586 74.936256 142.707449 128.881937
141.998687 148.226999 208.543466 122.063966 144.097541 149.062016 172.970486 167.740706 242.834444 74.769334 142.731320 128.753232
141.928005 148.284155 208.275185 121.995016 144.141762 149.241859 172.811175 167.812887 242.845215 74.728015 142.756576 128.617054
141.843715 148.352315 208.010002 121.926863 144.187965 149.429761 172.648222 167.886720 242.860729 74.668504 142.801021 128.424437
141.749550 148.428460 207.746757 121.859208 144.232831 149.612226 172.486452 167.960017 242.882120 74.586446 142.827906 128.322937
141.642399 148.515106 207.482350 121.791255 144.266331 149.748468 172.311930 168.039091 242.907118 74.490551 142.848134 128.246570
141.521656 148.612457 207.216974 121.723052 144.303843 149.901024 172.128209 168.122333 242.935547 74.381495 142.858631 128.206937
