407.578600 412.197800 414.430400 152.678200 270.654000 332.944000 447.388800 360.887400 343.796200 218.714200 100.621600 308.408600
407.605948 412.206829 414.460950 152.710418 270.626201 332.944243 447.420406 360.890911 343.759858 218.750265 100.582932 308.392725
407.623800 412.212724 414.521226 152.773985 270.552804 332.944883 447.491568 360.898816 343.725362 218.784499 100.507076 308.361581
407.645261 412.219809 414.603932 152.861207 270.432808 332.945930 447.606660 360.911601 343.695834 218.813802 100.404393 308.319424
407.706604 412.240063 414.707143 152.970053 270.285614 332.947215 447.758526 360.928471 343.744080 218.858792 100.260082 308.260176
407.794155 412.268969 414.839115 153.109231 270.108621 332.948760 447.914566 360.945805 343.698652 218.903873 100.079944 308.189949
407.916271 412.309288 414.988014 153.266260 269.905229 332.950535 448.062456 360.962234 343.629658 218.972339 99.864537 308.114014
408.052821 412.354372 415.163611 153.451444 269.675637 332.952538 448.170194 360.974202 343.546042 219.055317 99.691381 308.052973
408.231152 412.413251 415.344574 153.642287 269.576838 332.694729 448.219093 360.979634 343.452915 219.147733 99.581413 308.014208
408.440060 412.482226 415.532142 153.840097 269.623059 332.431354 448.494983 360.998087 343.378953 219.221130 99.512943 307.990071
408.589524 412.531574 415.717785 154.035875 269.667759 332.176647 448.624535 361.001607 343.286677 219.312701 99.413471 307.764217
408.697967 412.567378 415.904252 154.232524 269.714499 331.910317 448.777678 361.005767 343.202919 219.395819 99.464156 307.611403
408.833377 412.612086 416.093610 154.432221 269.759994 331.651079 448.941618 361.010221 343.123136 219.474993 99.522663 307.414136
408.923777 412.641933 416.278564 154.627273 269.805870 331.389674 449.087164 361.014175 343.058401 219.539233 99.573631 307.181453
409.100959 412.539872 416.461041 154.819713 269.851988 331.126890 449.240507 361.018340 342.988130 219.608968 99.592638 306.991644
409.164242 412.372645 416.523253 155.085024 269.896515 330.873168 449.407046 361.022865 342.905366 219.691100 99.570227 306.862169
409.237505 412.179044 416.335484 155.261961 269.941630 330.616096 449.571785 361.027340 342.826402 219.768238 99.562143 306.815464
409.322519 411.954392 416.136798 155.449186 270.019156 330.241748 449.727528 361.031571 342.740782 219.847388 99.575527 306.563431
409.416381 411.706357 415.910729 155.589461 270.081506 329.972062 449.886069 361.035878 342.668673 219.914047 99.607170 306.458439
409.520365 411.431574 415.672116 155.723738 270.130385 329.760638 450.032976 361.037194 342.594214 219.982879 99.667308 306.318406
409.663752 411.130893 415.434724 155.857329 270.164308 329.613909 450.194319 361.028082 342.523133 220.048589 99.745597 306.136106
409.821533 410.804866 415.229925 155.972578 270.195213 329.480235 450.354863 361.019016 342.459101 220.107781 99.939262 306.014217
409.989248 410.449300 415.072012 156.061442 270.267886 329.145709 450.512719 361.006220 342.377152 220.183537 100.165219 305.886406
410.157780 410.058926 414.973359 156.116958 270.283731 329.068722 450.665034 360.991761 342.298581 220.256170 100.353599 305.971035
410.332327 409.645504 414.841333 156.172717 270.299330 328.755116 450.816752 360.977358 342.239396 220.310883 100.522299 306.175919
410.459277 409.179486 414.744584 156.201711 270.290404 328.606384 450.965483 360.963239 342.157740 220.386367 100.687058 306.376017
410.565150 408.777615 414.598931 156.337177 270.279789 328.429502 451.129745 360.947646 342.073442 220.464295 100.880521 306.551676
410.525232 408.399517 414.603909 156.505504 270.267509 328.224870 451.275689 360.933792 342.007207 220.525524 101.048181 306.684343
410.462677 407.793960 414.609762 156.703417 270.252988 327.982905 451.432396 360.918082 341.864567 220.665907 101.161888 306.774319
410.383213 407.104823 414.616732 156.939114 270.237209 327.719978 451.566940 360.867895 341.807753 220.726962 101.227604 306.826319
410.329027 406.635138 414.624968 157.217592 270.221621 327.460246 451.711041 360.814142 341.742628 220.796948 101.397040 306.839134
410.243860 406.143190 414.653490 157.848266 270.212043 327.190665 451.846148 360.763745 341.675323 220.869277 101.482878 306.721280
410.128594 405.635716 414.672673 158.195537 270.222914 326.919483 451.997369 360.707336 341.614421 220.934724 101.584611 306.581601
410.007126 405.100937 414.693521 158.572962 270.234025 326.509402 452.134724 360.656100 341.551748 221.002075 101.705656 306.415410
409.886101 404.568109 414.718145 158.972002 270.236011 326.241809 452.283323 360.600670 341.470955 221.088899 101.851780 306.214784
409.767463 404.045608 414.745278 159.406956 270.231375 325.974069 452.431171 360.545519 341.389344 221.176601 102.012035 305.994758
409.666583 403.600907 414.773718 159.862870 270.221967 325.709244 452.567964 360.494493 341.310867 221.260936 102.289183 305.591015
409.597320 403.229853 414.809588 160.479586 270.205391 325.340000 452.704757 360.443466 341.232662 221.344978 102.456745 305.299678
409.548614 402.938699 414.837380 160.995434 270.205257 325.068200 452.829182 360.397053 341.144490 221.434109 102.621863 304.975732
409.512811 402.724673 414.861063 161.529710 270.205126 324.804000 452.896080 360.372099 341.071351 221.506064 102.778241 304.607160
409.486808 402.569233 414.885393 162.078571 270.204432 324.532810 452.942546 360.198877 340.999639 221.576616 102.915064 304.204792
409.470143 402.469617 414.902260 162.613866 270.194907 324.257975 452.894706 360.061572 340.919972 221.630224 103.068860 303.586997
409.461498 402.417935 414.924802 163.125409 270.186948 324.028313 452.845944 359.921624 340.750462 221.771948 103.212401 303.182910
409.460178 402.410045 414.892664 163.798303 270.180873 323.853018 452.794221 359.773177 340.671742 221.920511 103.426891 302.807689
409.459485 402.405902 414.924414 164.303907 270.176606 323.729892 452.742497 359.624730 340.516882 222.080414 103.722550 302.484948
409.459200 402.404200 414.958081 164.840051 270.173551 323.641745 452.693604 359.484404 340.349450 222.264514 104.033075 302.178312
409.459200 402.404200 414.992438 165.387173 270.172699 323.617160 452.642276 359.337090 340.214343 222.425021 104.359029 301.879786
409.459200 402.404200 415.016441 165.935145 270.172235 323.603768 452.589565 359.185810 339.964202 222.718594 104.694765 301.603021
409.459200 402.404200 415.008547 166.477487 270.171930 323.594973 452.540738 359.045673 339.857662 222.841427 105.032125 301.339310
409.459200 402.404200 415.000594 167.023829 270.171847 323.592574 452.486251 358.889293 339.665373 223.044848 105.370115 301.075107
409.459200 402.404200 414.970812 167.569895 270.171805 323.591375 452.446394 358.743030 339.567151 223.145730 105.863282 300.694230
409.459200 402.404200 414.823840 168.082812 270.171798 323.591175 452.405789 358.593650 339.465999 223.249620 106.204484 300.431555
409.459200 402.404200 414.232847 168.665595 270.171798 323.591175 452.362299 358.433655 339.390100 223.327574 106.536630 300.175806
409.459200 402.404200 413.828923 169.032074 270.171798 323.591175 452.320226 358.278872 339.298714 223.421433 106.808441 299.963336
409.459200 402.404200 413.427665 169.396133 270.171798 323.591175 452.280828 358.133931 339.232442 223.489500 107.008292 299.806574
409.459200 402.404200 413.028797 169.774309 270.171798 323.591175 452.238964 357.979919 339.155147 223.568886 107.155671 299.688251
409.459200 402.404200 412.640916 170.161133 270.171798 323.591175 452.196996 357.825522 339.087341 223.638529 107.261878 299.602984
409.459200 402.404200 412.016970 170.777702 270.171798 323.591175 452.155657 357.673440 338.928972 224.039670 107.311005 299.563543
409.459200 402.404200 411.624736 171.161257 270.171798 323.591175 452.113688 357.519042 339.070991 224.152204 107.328344 299.544047
409.459200 402.404200 411.228327 171.549981 270.171798 323.591175 452.072874 357.368891 339.244047 224.289333 107.333990 299.535553
409.459200 402.404200 410.839787 171.932161 270.171798 323.591175 452.030381 357.212563 339.447513 224.450559 107.335430 299.533387
409.459200 402.404200 410.447968 172.317567 270.171798 323.591175 451.989251 357.061253 339.657563 224.617001 107.336094 299.532388
409.459200 402.404200 410.060140 172.699046 270.171798 323.591175 451.951270 356.921523 339.997247 224.926608 107.336426 299.531888
409.459200 402.404200 409.673882 173.078982 270.171798 323.591175 451.910980 356.773302 340.191867 225.122309 107.336537 299.531722
409.459200 402.404200 409.279923 173.466491 270.171798 323.591175 451.868224 356.616009 340.512810 225.448646 107.346500 299.516731
