349.546229 311.710020 292.895065 227.247309 227.592357 357.334444 465.838608 231.750458 270.908519 363.131574 197.429600 296.921600
349.169167 311.573615 292.956357 227.277671 227.582374 357.325505 465.871841 231.897345 270.643915 363.141762 197.473478 296.924874
348.771728 311.431737 293.040287 227.575883 227.572839 357.316966 465.902780 232.034089 270.389504 363.151558 197.562231 296.931497
348.523209 311.342071 292.983520 227.707351 227.564644 357.309628 465.919684 232.108801 270.136291 363.161307 197.685688 296.940710
348.275443 311.252676 292.914781 227.866544 227.561366 357.306692 465.980211 232.425827 269.735281 363.175527 197.844646 296.952572
347.919826 311.124333 292.836369 228.048138 227.558535 357.304157 466.002145 232.570574 269.468226 363.184328 198.032125 296.966563
347.665604 311.027612 292.746541 228.256173 227.555556 357.301489 466.023840 232.713740 269.193975 363.193366 198.250717 296.982875
347.230984 310.880857 292.646485 228.487894 227.552427 357.298687 466.048291 232.875098 268.935315 363.201890 198.507204 297.002015
346.976329 310.801950 292.540006 228.734487 227.545722 357.292683 466.071933 233.031117 268.674857 363.210473 198.780245 297.022390
346.713459 310.720497 292.435114 228.977408 227.535590 357.283611 466.095605 233.187333 268.284658 363.224442 199.056875 297.043033
346.466064 310.643839 292.322531 229.226545 227.528737 357.277473 466.118588 233.339002 268.017484 363.235422 199.318645 297.302068
346.214847 310.565998 292.212966 229.467175 227.516668 357.266666 466.140462 233.483354 267.783881 363.245023 199.297445 297.574845
345.955416 310.485611 292.100748 229.713630 227.510560 357.261196 466.156314 233.587960 267.598638 363.252636 199.470276 297.668951
345.708976 310.409249 291.987785 229.961722 227.499087 357.250923 466.205820 233.912914 267.427982 363.259650 199.746064 297.690129
345.461389 310.332532 291.880706 230.196892 227.485529 357.238782 466.226129 234.045568 267.303687 363.264759 200.019659 297.711138
345.207498 310.253861 291.769731 230.440616 227.473460 357.227975 466.237025 234.116739 267.175994 363.270007 200.292057 297.732055
