360.140035 483.108177 167.226200 343.066200 272.099995 405.006037 264.741801 267.506003 378.871647 330.895574 283.725182 294.813602
360.037971 483.985057 167.260250 343.051723 272.338645 404.711353 264.814085 267.356567 378.901130 330.635036 283.629714 294.555346
359.930655 484.914441 167.332400 343.021048 272.572136 404.423042 264.888023 267.203710 378.931670 330.365159 283.524736 294.241522
359.833215 485.780577 167.440809 342.974958 272.815570 404.122453 264.928432 267.120170 378.962863 330.089518 283.411552 293.993310
359.740112 486.608156 167.577563 342.916816 273.052710 403.829634 265.400700 266.906894 378.992954 329.823615 283.297621 293.743460
359.647725 487.429376 167.722046 342.855388 273.292745 403.533241 265.559322 266.895943 379.022842 329.559501 283.183276 293.492700
359.553348 488.268284 167.849781 342.801081 273.527746 403.243065 265.754258 266.882486 378.797178 329.327132 283.072581 293.249947
359.468927 489.091758 167.924876 342.769154 273.767707 402.948430 265.990117 266.918227 378.547274 329.240788 282.959564 293.002099
359.363353 489.931940 168.201775 342.791039 274.019027 402.654139 266.248184 266.959837 378.286784 329.150785 282.847293 292.755889
359.253490 490.780656 168.321560 342.894071 274.270477 402.359696 266.510002 267.002053 378.035801 329.032595 282.731852 292.512854
359.155105 491.632689 168.473794 343.025012 274.512576 402.076204 266.778336 267.045319 377.803192 328.919603 282.376100 292.295368
359.069695 492.491050 168.644678 343.171994 274.761819 401.784347 267.044633 267.092105 377.590935 328.761417 282.115898 292.284233
358.986449 493.341988 168.840731 343.340627 275.012879 401.490360 267.315826 267.143393 377.417721 328.545254 281.860600 292.256250
358.901843 494.200428 169.065140 343.533647 275.260953 401.199871 267.579158 267.193194 377.271738 328.310483 281.598800 292.256528
358.814933 495.054215 169.305620 343.740492 275.502272 400.917292 267.838560 267.242252 377.152915 328.046716 281.336800 292.256807
358.726379 495.912861 169.562022 343.961032 275.752814 400.623913 268.094424 267.290641 377.034810 327.740937 281.078200 292.257081
358.636348 496.785831 169.847081 344.206220 276.002705 400.331296 268.357953 267.340479 376.897480 327.403405 280.815001 292.257361
358.550867 497.658855 170.161182 344.475301 276.247662 400.044457 268.624430 267.390875 376.747788 327.035491 280.556401 292.257635
358.466772 498.521566 170.492266 344.758375 276.487823 399.674404 269.060563 267.460959 376.504311 326.445887 280.296201 292.257912
358.380931 499.402192 170.802059 345.064254 276.755581 399.395262 269.333221 267.478172 376.275087 326.199254 280.027654 292.253552
358.047377 503.148632 171.069152 345.407600 277.018077 399.121605 269.615081 267.429816 376.057611 326.041711 279.770097 292.242567
357.945173 504.099853 171.333159 345.751560 277.276558 398.852133 269.892328 267.447347 375.603784 325.933127 279.504662 292.228873
357.865563 505.008913 171.594070 346.091846 277.540162 398.577321 270.165183 267.464600 375.330718 325.919298 279.239289 292.210612
357.780734 505.930819 171.856198 346.433719 277.797813 398.308716 270.439635 267.481955 375.074965 325.953276 278.975266 292.202319
357.689407 506.866346 172.124776 346.784005 278.061971 398.033327 270.714799 267.459797 374.815842 325.987701 278.753920 292.197426
357.569505 507.815009 172.392867 347.133655 278.321006 397.763278 270.976385 267.423847 374.549779 326.023048 278.600157 292.194026
