380.774793 340.459851 257.940839 300.170630 196.693605 304.141924 354.194000 324.162200 307.894515 255.348676 477.501983 198.558040
380.770040 340.202163 258.157483 300.026876 196.693605 304.141924 354.164133 324.184711 308.031704 255.107805 477.625283 198.026760
380.723612 339.939231 258.386459 299.874938 196.693605 304.141924 354.112545 324.223593 308.161073 254.880662 477.748087 197.497624
380.670981 339.672461 258.609603 299.726871 196.693605 304.141924 354.027256 324.287874 308.290540 254.653346 477.872111 196.963227
380.610276 339.409784 258.848613 299.486754 196.693605 304.141924 353.908268 324.377556 308.425947 254.415603 478.025842 196.441435
380.552274 339.158799 259.099425 299.311850 196.693605 304.141924 353.755100 324.492998 308.559149 254.180519 478.195260 195.919230
380.493281 338.903527 259.377096 299.120306 196.693605 304.141924 353.570948 324.631793 308.687162 253.951464 478.366407 195.391698
380.403020 338.644080 259.662559 298.904740 196.693605 304.141924 353.358046 324.792256 308.814005 253.724503 478.537060 194.865688
380.310294 338.383273 259.966248 298.662930 196.693605 304.141924 353.147700 324.950794 308.946116 253.488115 478.707589 194.340058
380.220382 338.130381 260.299038 298.397947 196.693605 304.141924 352.934000 325.111859 309.077772 253.256063 478.876205 193.820326
380.131375 337.879927 260.649039 298.119261 196.693605 304.141924 352.766458 325.238135 309.208486 253.026234 479.128192 193.106867
380.042740 337.630402 261.142917 297.968842 196.693605 304.141924 352.657372 325.320353 309.345726 252.784931 479.302992 192.590026
379.952834 337.377295 261.527686 297.637766 196.693605 304.141924 352.598277 325.364893 309.471752 252.560955 479.415512 192.049411
379.868783 337.132551 261.925947 297.295081 196.701076 303.882325 352.572083 325.384635 309.598852 252.333222 479.527991 191.508993
379.784533 336.871615 261.649518 297.450959 196.707018 303.804552 352.562979 325.391496 309.730436 252.097456 479.630827 190.976721
379.703233 336.619814 261.181358 297.748665 196.715336 303.695669 352.559466 325.394145 309.879733 251.865202 479.694266 190.439655
379.622424 336.369537 261.587253 297.572751 196.726702 303.546902 352.558348 325.394987 310.031217 251.647281 479.758243 189.898020
379.543336 336.124588 262.040364 297.363261 196.741267 303.356258 352.558028 325.395228 310.180076 251.433137 479.822315 189.355591
379.457377 335.878799 263.480971 297.001806 196.758544 303.130117 352.558028 325.395228 310.329326 251.220777 479.887067 188.807402
379.371223 335.635821 263.837498 296.929081 196.778198 302.872867 352.558028 325.395228 310.489276 251.018852 479.890486 188.266286
379.281928 335.383983 264.111925 296.834711 196.800671 302.578724 352.558028 325.395228 310.652206 250.813165 479.856003 187.713761
379.187744 335.132039 264.306419 296.755046 196.826282 302.243501 352.558028 325.395228 310.826493 250.596789 479.821628 187.161630
379.088359 334.875412 264.436845 296.695925 196.854681 301.871784 352.558028 325.395228 311.058676 250.458974 479.790235 186.607924
379.018532 334.617262 264.507887 296.663722 196.884999 301.474941 352.558028 325.395228 311.009204 250.221882 479.761394 186.059282
378.958049 334.351251 264.538126 296.650015 196.917847 301.044994 352.558028 325.395228 310.805023 250.050771 479.732563 185.510839
378.921243 334.080812 264.564425 296.634378 196.953630 300.609476 352.558028 325.395228 310.615000 249.877156 479.704131 184.969986
378.896264 333.823834 264.569061 296.631609 196.994294 300.178189 352.558028 325.395228 310.743218 249.643413 479.679154 184.430399
378.871498 333.460124 264.570091 296.630994 197.034413 299.752676 352.558028 325.395228 310.876534 249.400377 479.665177 183.886978
378.851402 333.192678 264.570950 296.630481 197.075602 299.315813 352.558028 325.395228 311.003502 249.168914 479.651261 183.345957
378.828500 332.673951 264.570950 296.630481 197.116866 298.878154 352.558028 325.395228 311.135183 248.928858 479.636986 182.790941
378.819416 332.406706 264.570950 296.630481 197.158336 298.438305 352.558028 325.395228 311.270276 248.689331 479.622993 182.246921
378.810488 332.144057 264.570950 296.630481 197.198943 298.007615 352.558028 325.395228 311.401446 248.457692 479.609088 181.706300
378.819132 331.868522 264.570950 296.630481 197.239250 297.580111 352.558028 325.395228 311.535573 248.220831 479.595127 181.163479
378.831761 331.592411 264.570950 296.630481 197.280702 297.140461 352.558028 325.395228 311.662703 247.996327 479.581031 180.615460
378.843815 331.328886 264.570950 296.630481 197.333801 296.513081 352.558028 325.395228 311.794172 247.764398 479.592165 180.072842
378.856107 331.060167 264.570950 296.630481 197.368927 296.075288 352.558028 325.395228 311.931194 247.528276 479.623483 179.531147
378.883544 330.790445 264.570950 296.630481 197.404245 295.635103 352.558028 325.395228 312.066510 247.295094 479.655470 178.977870
378.913904 330.522157 264.570950 296.630481 197.439323 295.197908 352.558028 325.395228 312.199919 247.065199 479.687169 178.429586
378.943860 330.257446 264.570950 296.630481 197.497714 294.544705 352.558028 325.395228 312.330818 246.839628 479.718879 177.881102
378.973455 329.995916 264.570950 296.630481 197.550118 294.107233 352.558028 325.395228 312.461114 246.615095 479.750624 177.332019
379.003254 329.732596 264.570950 296.630481 197.602427 293.670555 352.558028 325.395228 312.598839 246.377762 479.782069 176.788127
379.032332 329.475637 264.570950 296.630481 197.653285 293.245990 352.558028 325.395228 312.734657 246.143715 479.813629 176.242239
379.098442 329.023622 264.570950 296.630481 197.705188 292.813493 352.558028 325.395228 312.865099 245.917422 479.845258 175.695152
379.156827 328.764314 264.570950 296.630481 197.757131 292.388858 352.558028 325.395228 313.001452 245.675617 479.949301 175.153699
379.217233 328.496030 264.570950 296.630481 197.809730 291.958863 352.384066 325.446990 313.136233 245.436600 480.072137 174.614104
379.275794 328.235941 264.570950 296.630481 197.862353 291.528670 352.309206 325.399597 313.270228 245.198975 480.193953 174.078994
379.349709 327.970274 264.570950 296.630481 197.915583 291.093514 352.206465 325.334553 313.397346 244.973546 480.315058 173.547004
379.424434 327.707908 264.570950 296.630481 197.993037 290.548422 352.072969 325.250038 313.527117 244.743413 480.435808 173.016575
379.496256 327.455736 264.570950 296.630481 198.098353 290.129869 351.910914 325.147444 313.659147 244.509273 480.558466 172.477760
379.556316 327.201342 264.570950 296.630481 198.204645 289.707436 351.718274 325.025486 313.789187 244.277015 480.680237 171.942845
379.615289 326.949350 264.570950 296.630481 198.310955 289.293269 351.505018 324.890476 313.909321 244.041933 480.806827 171.406423
379.675219 326.693269 264.570950 296.630481 198.422600 288.870358 351.307815 324.765629 314.032641 243.800617 480.944593 170.870652
379.734191 326.441278 264.570950 296.630481 198.521585 288.495403 351.172967 324.680259 314.127871 243.621171 481.082557 170.334106
379.794212 326.184808 264.570950 296.630481 198.616231 288.136886 351.089997 324.627731 314.194880 243.504206 481.217534 169.809182
379.913954 325.714062 264.570950 296.630481 198.696123 287.834254 351.049948 324.602377 314.244789 243.417090 481.354951 169.274766
