169.785200 146.669100 131.150100 130.685500 61.088421 116.754849 159.425993 133.244367 110.012994 70.275250 132.853500 187.425600
169.802648 146.676871 131.141842 130.666409 61.076789 116.786265 159.416391 133.379519 109.944699 70.395626 132.850521 187.410593
169.836081 146.691763 131.127749 130.633827 61.057135 116.839343 159.422344 133.517490 109.876996 70.514958 132.843667 187.376067
169.887145 146.714508 131.106906 130.585641 61.030121 116.912303 159.461522 133.646975 109.810675 70.631855 132.833464 187.324669
169.954377 146.744454 131.079830 130.523046 60.997620 117.000079 159.536676 133.757436 109.747018 70.744055 132.818607 187.249830
170.040884 146.782986 131.047514 130.448336 60.958800 117.104923 159.654462 133.820487 109.678970 70.863996 132.803808 187.051829
170.145649 146.826829 131.008013 130.357013 60.915848 117.220926 159.784664 133.836394 109.611464 70.982980 132.827423 186.938973
170.268031 146.874669 130.960213 130.246508 60.866993 117.352872 159.916867 133.824918 109.548209 71.096432 132.854437 186.809869
170.390133 146.922400 130.916821 130.146191 60.813519 117.497290 160.032831 133.758175 109.483780 71.215065 132.884913 186.664223
170.513353 146.970567 130.887244 130.077813 60.755636 117.653618 160.110494 133.657643 109.419064 71.334226 132.919239 186.500176
170.640857 147.020409 130.869062 130.035777 60.692857 117.823169 160.156556 133.533195 109.356878 71.448729 132.956965 186.319881
170.757744 147.066101 130.796511 130.029239 60.626120 118.003410 160.168736 133.400441 109.291447 71.569208 132.998500 186.121380
170.840543 147.098468 130.746086 130.093900 60.554590 118.196593 160.139898 133.270927 109.227304 71.687314 133.076630 185.757808
170.890092 147.117837 130.683230 130.168696 60.476776 118.406749 160.060823 133.170249 109.165070 71.801905 133.121204 185.551672
170.979365 147.271285 130.608022 130.258191 60.387643 118.623852 159.990406 133.097705 109.101596 71.918781 133.159353 185.375250
170.984457 147.360205 130.521427 130.361237 60.293091 118.852255 159.925825 133.057094 109.038217 72.035481 133.190464 185.231375
170.993249 147.465740 130.438434 130.459995 60.195047 119.090142 159.880594 133.033318 108.976078 72.149897 133.214791 185.118875
171.003643 147.590508 130.302415 130.605764 60.092946 119.339445 159.868821 133.027130 108.911772 72.268142 133.231699 185.040682
171.012186 147.719920 130.164407 130.753933 59.989860 119.591153 159.858111 133.021500 108.846965 72.385885 133.240470 185.000120
171.020379 147.855673 130.047464 130.915185 59.887417 119.841289 159.854305 133.019499 108.780133 72.507307 133.244655 184.980767
171.028446 147.989329 129.962901 131.023283 59.784786 120.091887 159.853508 133.019080 108.716290 72.623298 133.247550 184.967377
171.036519 148.123086 129.880957 131.125105 59.680221 120.347204 159.852800 133.018708 108.652303 72.739552 133.248417 184.963369
171.045800 148.261575 129.798323 131.227784 59.576642 120.600116 159.852800 133.018708 108.587351 72.857557 133.248797 184.961610
171.054771 148.393470 129.712002 131.335829 59.482640 120.859277 159.852800 133.018708 108.523605 72.973373 133.249135 184.960046
171.063992 148.529057 129.633336 131.439452 59.393708 121.121507 159.852800 133.018708 108.458123 73.092342 133.249981 184.956136
171.072935 148.660553 129.550498 131.548571 59.307799 121.384308 159.852800 133.018708 108.394473 73.207983 133.250889 184.951933
171.081858 148.791750 129.511074 131.600501 59.227541 121.661940 159.852800 133.018708 108.329184 73.326602 133.251629 184.948513
171.090733 148.922249 129.497651 131.618183 59.149581 121.949584 159.852800 133.018708 108.262303 73.448112 133.252982 184.942257
171.099520 149.051450 129.490456 131.627662 59.090610 122.251478 159.852800 133.018708 108.196243 73.568133 133.256300 184.926912
171.108565 149.184443 129.486102 131.633396 59.032649 122.564594 159.852800 133.018708 108.134280 73.680707 133.260929 184.905506
171.117365 149.313844 129.483563 131.636742 58.985677 122.893052 159.852800 133.018708 108.069232 73.798888 133.265938 184.882342
171.126451 149.447435 129.482958 131.637538 58.941978 123.231479 159.852800 133.018708 108.005775 73.914178 133.272616 184.851456
171.140896 149.683693 129.482535 131.638096 58.921405 123.585081 159.852800 133.018708 107.943042 74.028154 133.282212 184.807081
171.146535 149.817963 129.482535 131.638096 58.908946 123.949559 159.852800 133.018708 107.883489 74.144159 133.292568 184.759188
171.155684 149.954958 129.482535 131.638096 58.905476 124.324643 159.852800 133.018708 107.822714 74.262798 133.305439 184.699664
171.164854 150.090648 129.482535 131.638096 58.901938 124.707127 159.852800 133.018708 107.763717 74.377966 133.315394 184.653628
171.173882 150.224244 129.482535 131.638096 58.938149 125.094557 159.852800 133.018708 107.703717 74.495093 133.324714 184.610524
171.182616 150.354250 129.482535 131.638096 58.985088 125.488216 159.852800 133.018708 107.640617 74.618271 133.335874 184.558917
171.191191 150.490280 129.482535 131.638096 59.047249 125.886798 159.852800 133.018708 107.585085 74.726675 133.345300 184.515324
171.199805 150.626909 129.482535 131.638096 59.111059 126.295952 159.852800 133.018708 107.558328 74.820341 133.353120 184.479160
171.228383 150.794638 129.482535 131.638096 59.204283 126.708898 159.852800 133.018708 107.551384 74.905339 133.361786 184.439086
171.141164 150.884228 129.482535 131.638096 59.338838 127.118566 159.852800 133.018708 107.568911 74.978160 133.372311 184.390411
170.978172 150.826481 129.482535 131.638096 59.476108 127.536500 159.852800 133.018708 107.578835 75.019176 133.389883 184.343018
170.841709 150.815562 129.482535 131.638096 59.614657 127.958330 159.852800 133.018708 107.656822 75.069754 133.412259 184.142506
170.710229 150.805042 129.482535 131.638096 59.791391 128.364341 159.852800 133.018708 107.688669 75.075147 133.410485 184.060625
170.577553 150.794426 129.482535 131.638096 59.974889 128.765022 159.852800 133.018708 107.702784 75.080350 133.408301 183.959849
170.443382 150.783691 129.482535 131.638096 60.159302 129.167703 159.845276 133.014753 107.717147 75.124424 133.405679 183.838777
170.306619 150.772748 129.482535 131.638096 60.344132 129.571294 159.823590 133.003353 107.802772 75.267492 133.402854 183.708408
170.170055 150.761821 129.482535 131.638096 60.526953 129.973600 159.807657 132.994978 107.835693 75.264586 133.399880 183.571140
170.034887 150.751006 129.482535 131.638096 60.708823 130.377546 159.800310 132.991116 107.835999 75.274081 133.397054 183.440671
169.902311 150.740398 129.482535 131.638096 60.889954 130.779850 159.791636 132.986556 107.861411 75.368537 133.394074 183.303103
169.767758 150.727454 129.482535 131.638096 61.073812 131.181681 159.788715 132.985021 107.898667 75.399119 133.390026 183.167997
169.633634 150.711247 129.482535 131.638096 61.258569 131.581893 159.787033 132.984137 107.945956 75.437967 133.377837 183.033147
169.504771 150.695676 129.482535 131.638096 61.443410 131.982286 159.786413 132.983811 108.002893 75.484763 133.365909 182.901185
169.373129 150.679769 129.482535 131.638096 61.596205 132.393322 159.775614 132.978134 108.071727 75.541338 133.354080 182.770318
169.236225 150.663225 129.482535 131.638096 61.779243 132.794432 159.753220 132.966362 108.150990 75.606484 133.341936 182.635966
169.103788 150.647222 129.482535 131.638096 61.962862 133.196817 159.678337 132.932764 108.240065 75.679695 133.329558 182.499024
168.973834 150.631519 129.482535 131.638096 62.145444 133.596927 159.617609 132.913868 108.343973 75.765097 133.314380 182.368483
168.837522 150.608411 129.482535 131.638096 62.329063 133.999311 159.538835 132.889356 108.459314 75.859896 133.293212 182.239509
168.707091 150.580420 129.482535 131.638096 62.512600 134.401514 159.446215 132.860537 108.586861 75.964727 133.275784 182.133329
168.575781 150.552241 129.482535 131.638096 62.699424 134.812756 159.337649 132.826755 108.725147 76.078385 133.264496 182.064549
168.448479 150.524922 129.482535 131.638096 62.868992 135.221045 159.217912 132.789497 108.878112 76.204106 133.257758 182.023499
168.317267 150.496764 129.482535 131.638096 63.037754 135.627393 159.090918 132.749982 109.039265 76.336559 133.254341 182.002677
168.189476 150.469340 129.482535 131.638096 63.207244 136.035497 158.955941 132.732158 109.210848 76.477583 133.252834 181.993500
168.058557 150.441244 129.482535 131.638096 63.337416 136.458323 158.827279 132.729039 109.390388 76.625147 133.252543 181.991724
167.926534 150.405646 129.482535 131.638096 63.455987 136.884913 158.670208 132.727017 109.578271 76.779569 133.252332 181.990441
167.801630 150.369605 129.482535 131.638096 63.555315 137.317352 158.539665 132.730898 109.775081 76.947966 133.252300 181.990244
167.671057 150.331929 129.482535 131.638096 63.626858 137.755715 158.415720 132.701553 109.976430 77.131285 133.252300 181.990244
167.546345 150.295944 129.482535 131.638096 63.679048 138.196091 158.292074 132.705229 110.179776 77.316421 133.252300 181.990244
167.467841 150.184095 129.482535 131.638096 63.714741 138.634735 158.202714 132.707886 110.382752 77.501221 133.252300 181.990244
167.392199 150.069151 129.482535 131.638096 63.737720 139.075436 158.141641 132.709702 110.583288 77.683799 133.252300 181.990244
167.336545 149.944224 129.482535 131.638096 63.756969 139.515816 158.108755 132.710679 110.787299 77.869542 133.252300 181.990244
167.287192 149.823784 129.482535 131.638096 63.776276 139.958595 158.089364 132.711256 110.992272 78.056159 133.252300 181.990244
167.242295 149.702636 129.482535 131.638096 63.795527 140.400075 158.065774 132.711957 111.195174 78.240891 133.252300 181.990244
167.195869 149.577362 129.482535 131.638096 63.857464 140.869082 158.035088 132.712869 111.396079 78.423806 133.252300 181.990244
167.149720 149.452838 129.508470 131.743735 63.891051 141.311810 157.997904 132.713975 111.589169 78.613518 133.252300 181.990244
167.102425 149.325220 129.529665 131.766767 63.924532 141.753141 157.943328 132.715597 111.769729 78.821468 133.252300 181.990244
167.057250 149.203321 129.538529 131.825082 63.958058 142.195072 157.899448 132.716902 111.947600 79.026323 133.252300 181.990244
167.010233 149.076453 129.563100 131.900572 63.991500 142.635905 157.855667 132.718204 112.126520 79.232387 133.252300 181.990244
166.963321 148.949866 129.624514 131.967316 64.025095 143.078732 157.802091 132.719796 112.308259 79.441829 133.252300 181.990244
166.917659 148.826655 129.696085 132.045098 64.056447 143.519408 157.766407 132.720857 112.486590 79.647344 133.252300 181.990244
166.871372 148.701756 129.776797 132.132815 64.083178 143.960598 157.751013 132.721315 112.665576 79.853614 133.252300 181.990244
166.823879 148.574535 129.868952 132.232968 64.109922 144.401989 157.733521 132.721835 112.845808 80.061320 133.252300 181.990244
166.775268 148.450307 129.974772 132.417992 64.136605 144.842381 157.725325 132.722079 113.023025 80.265551 133.252300 181.990244
166.724908 148.321609 129.964011 132.635065 64.163367 145.284071 157.709732 132.722542 113.185405 80.484260 133.251765 181.986987
166.676261 148.197288 129.923398 132.720155 64.189978 145.723266 157.694038 132.723003 113.322345 80.721702 133.249627 181.973961
166.629034 148.076599 129.884436 132.777343 64.216649 146.163459 157.665850 132.723799 113.460084 80.960529 133.246129 181.952647
166.581007 147.953861 129.861801 132.810565 64.243085 146.604166 157.565100 132.730354 113.592299 81.197667 133.240039 181.915543
166.531375 147.827026 129.853018 132.823458 64.267387 147.043695 157.499901 132.730654 113.700889 81.446724 133.231763 181.865118
166.486566 147.700358 129.719643 132.965937 64.291788 147.485021 157.413502 132.731052 113.810757 81.698714 133.222628 181.809462
166.449185 147.568868 129.555815 132.997091 64.321668 147.938611 157.309003 132.731533 113.919626 81.948412 133.212052 181.745025
166.411832 147.437475 129.482787 133.008408 64.337749 148.380219 157.191804 132.732073 114.027536 82.195911 133.180343 181.555304
166.374572 147.310320 129.392268 133.022437 64.353769 148.820127 157.024887 132.736379 114.138284 82.449917 133.172565 181.509865
166.315958 147.194845 129.279829 133.023399 64.369799 149.260335 156.890469 132.745094 114.249311 82.704566 133.162612 181.451711
166.254628 147.074019 129.074715 133.038899 64.385924 149.703142 156.759744 132.753570 114.359939 82.958297 133.151478 181.386657
166.192981 146.952569 129.098360 133.166463 64.402016 150.145049 156.628719 132.762066 114.470646 83.212213 133.141949 181.319443
166.134141 146.836647 129.168730 133.284009 64.418039 150.585057 156.497095 132.770600 114.579156 83.461086 133.132488 181.244840
166.074487 146.719120 129.218707 133.367493 64.434124 151.026764 156.367866 132.778979 114.688744 83.712434 133.125014 181.185912
166.015131 146.601125 129.252042 133.423177 64.450242 151.469371 156.239045 132.791852 114.799651 83.966808 133.119403 181.141667
165.962178 146.473364 129.269558 133.452435 64.466403 151.913177 156.109820 132.812725 114.909680 84.219164 133.111288 181.077679
165.917462 146.343774 129.279900 133.562375 64.482452 152.353885 155.974967 132.834506 115.019868 84.471888 133.100833 180.995240
165.906187 146.220187 129.234314 133.623311 64.498562 152.796292 155.842332 132.859168 115.126307 84.727067 133.090075 180.910419
165.897784 146.128070 129.163718 133.788183 64.514603 153.236800 155.709282 132.891832 115.213845 84.987111 133.045069 180.818115
165.853316 146.021267 129.131019 133.889538 64.535083 153.679888 155.582740 132.922898 115.268959 85.258266 133.030443 180.702940
165.796212 145.977406 129.094482 134.002790 64.562885 154.114400 155.457105 132.951233 115.229081 85.532018 133.032790 180.592242
165.774544 145.904045 129.054782 134.125845 64.589282 154.526956 155.323732 132.980283 115.167221 85.797859 133.036452 180.472798
165.802329 145.833502 129.014345 134.251184 64.613674 154.908176 155.195733 133.008163 115.092680 86.060901 133.040237 180.349356
165.907975 145.716413 128.973847 134.376712 64.635320 155.246485 155.066552 133.051076 115.140912 86.301558 133.043902 180.229812
165.919870 145.626395 128.933594 134.501480 64.655217 155.572143 154.938740 133.103114 115.051086 86.536711 133.055924 180.043175
165.934489 145.515757 128.892144 134.629959 64.673331 155.901445 154.813150 133.154247 114.897177 86.693225 133.066124 179.920398
165.951061 145.390347 128.850756 134.758248 64.691279 156.227752 154.687838 133.205266 114.811070 86.949338 133.007480 179.758486
165.968209 145.260575 128.809920 134.884824 64.709376 156.556754 154.560118 133.257267 114.724612 87.206493 132.939696 179.654892
165.982763 145.150433 128.768667 135.011881 64.727319 156.882961 154.432180 133.309962 114.703087 87.468444 132.867586 179.544687
165.993334 145.070428 128.678502 135.254136 64.753442 157.211622 154.313205 133.377281 114.781481 87.730778 132.799200 179.440173
165.914024 144.961441 128.643267 135.379270 64.779727 157.539570 154.198234 133.442335 114.860053 87.992331 132.700043 179.371640
165.876774 144.909429 128.607625 135.505847 64.805901 157.866123 154.086831 133.505369 114.938854 88.254651 132.582592 179.321515
165.874300 144.890700 128.572226 135.631559 64.832474 158.197660 153.971250 133.570768 115.017428 88.516204 132.462565 179.270291
165.877906 144.789278 128.537208 135.755922 64.858599 158.523615 153.863512 133.635493 115.096348 88.778905 132.342478 179.241093
165.927568 144.756686 128.502325 135.879805 64.884797 158.850467 153.746781 133.707016 115.169744 89.023219 132.212513 179.264748
165.963502 144.750456 128.465517 136.010521 64.910914 159.176322 153.631841 133.777442 115.232206 89.231139 132.037812 179.236927
166.058438 144.699201 128.428140 136.143259 64.937424 159.507061 153.520993 133.845359 115.424768 89.248615 131.877680 179.148462
166.073840 144.626617 128.392309 136.270511 64.963597 159.833614 153.411766 133.912285 115.603841 89.131099 131.776554 179.064519
166.089470 144.552957 128.354742 136.403923 64.991122 160.165063 153.297252 133.982449 115.779603 89.002812 131.686472 178.972741
166.105992 144.475091 128.319588 136.528768 65.025414 160.493377 153.195439 134.045014 115.954799 88.874938 131.592748 178.877251
166.121788 144.400649 128.282509 136.660447 65.059986 160.824376 153.097622 134.105295 116.132500 88.745236 131.509994 178.785727
166.137356 144.327282 128.246813 136.787217 65.094579 161.155574 153.020152 134.153038 116.314698 88.620685 131.440073 178.677439
166.153629 144.250589 128.190965 137.010905 65.129069 161.485778 152.956898 134.192019 116.498250 88.502889 131.369093 178.560387
166.170857 144.169397 128.165127 137.137291 65.163246 161.812998 152.898923 134.227747 116.693736 88.418844 131.319550 178.438469
166.187047 144.093096 128.137586 137.272004 65.197580 162.141710 152.846482 134.260065 116.905483 88.360297 131.269856 178.316180
166.202386 144.020907 128.110926 137.402407 65.232131 162.472510 152.802213 134.287347 117.126528 88.380868 131.218732 178.190371
166.217366 143.950483 128.083305 137.537513 65.266205 162.798736 152.756497 134.315520 117.334568 88.434623 131.169791 178.069935
166.233594 143.874190 128.188446 137.636858 65.300372 163.125856 152.719976 134.338027 117.532781 88.497348 131.122016 177.948177
166.250467 143.794865 128.315502 137.655383 65.334363 163.451286 152.667168 134.368579 117.713336 88.542948 131.074290 177.824357
166.267465 143.714952 128.448496 137.674773 65.368665 163.779699 152.635839 134.383026 117.871535 88.554210 131.027823 177.703802
166.283049 143.641691 128.531310 137.824323 65.402698 164.105527 152.603419 134.397975 118.002781 88.551765 130.978299 177.575316
166.299271 143.565295 128.518680 137.956219 65.436761 164.431653 152.579173 134.409155 118.106527 88.531533 130.931148 177.452989
166.315119 143.490659 128.506107 138.087519 65.463970 164.763236 152.557197 134.419289 118.186618 88.515915 130.684991 177.212373
166.332317 143.409665 128.493115 138.223198 65.490804 165.093046 152.539035 134.427664 118.236872 88.506115 130.506962 177.191315
166.348663 143.332681 128.480552 138.354398 65.517323 165.418969 152.519420 134.436709 118.266097 88.499674 130.344015 177.209962
166.364636 143.257458 128.467693 138.488684 65.543971 165.746486 152.507705 134.442111 118.286307 88.490730 130.192784 177.106571
166.381293 143.179007 128.458332 138.586437 65.570481 166.072310 152.499805 134.445754 118.299566 88.484861 130.105749 176.945612
166.396435 143.107697 128.452613 138.646163 65.597478 166.404113 152.493085 134.448853 118.316483 88.477374 130.160715 176.753746
166.412864 143.030322 128.449191 138.681900 65.624231 166.732927 152.490815 134.449899 118.345380 88.464586 130.312579 176.594653
166.427715 142.960381 128.502417 138.755465 65.650928 167.061042 152.488726 134.450863 118.371990 88.452809 130.479536 176.426443
166.436335 142.919786 128.573544 138.769507 65.677471 167.387264 152.487909 134.451239 118.394120 88.443015 130.655086 176.249574
166.391837 142.849125 128.667039 138.787966 65.704062 167.714084 152.487818 134.451281 118.408660 88.436580 130.811053 176.092436
166.339675 142.827449 128.776919 138.809658 65.724229 168.045458 152.487818 134.451281 118.416341 88.433180 130.973500 175.925200
166.315312 142.800666 128.903868 138.834721 65.742843 168.372428 152.487818 134.451281 118.422559 88.430428 131.000026 175.783156
166.214332 142.721111 129.040138 138.861623 65.761536 168.700797 152.487818 134.451281 118.435361 88.424763 131.019412 175.679350
166.142723 142.706931 129.172778 138.887809 65.780131 169.027668 152.487818 134.451281 118.447889 88.419218 131.032702 175.608181
166.063462 142.691235 129.301297 138.913182 65.798900 169.357635 152.487727 134.451323 118.461880 88.413026 131.039880 175.569745
165.991362 142.676957 129.404996 138.933654 65.817657 169.687402 152.487545 134.451407 118.480535 88.404770 131.062456 175.482510
165.920145 142.662855 129.477693 138.948006 65.836375 170.016470 152.487273 134.451533 118.490411 88.400399 131.087339 175.418904
165.838812 142.646811 129.525274 138.957400 65.855292 170.349032 152.486910 134.451700 118.494526 88.398578 131.119618 175.336394
165.757673 142.630823 129.558290 139.068454 65.867619 170.676715 152.486183 134.452035 118.496355 88.397769 131.157726 175.238983
165.677121 142.614951 129.548603 139.149420 65.871042 171.004697 152.485638 134.452286 118.496538 88.397688 131.200789 175.128906
165.601574 142.600064 129.544285 139.246023 65.874513 171.337179 152.483459 134.453291 118.506322 88.393357 131.263852 175.005859
165.523770 142.584733 129.539262 139.358411 65.877986 171.669861 152.482369 134.453794 118.527263 88.384090 131.486845 174.699957
165.457544 142.571684 129.533970 139.476793 65.881455 172.002243 152.479009 134.455343 118.562470 88.368508 131.595370 174.566259
165.422910 142.564859 129.530358 139.557612 65.884922 172.334325 152.475286 134.457060 118.644054 88.318991 131.711899 174.422701
165.404955 142.561321 129.528331 139.602967 65.888369 172.664607 152.473197 134.458023 118.704714 88.279466 131.835046 174.270990
165.390630 142.558499 129.527013 139.632437 65.891828 172.995989 152.467476 134.460661 118.778025 88.231699 131.968213 174.106935
165.389355 142.558247 129.526411 139.645924 65.895296 173.328171 152.460756 134.463760 118.864407 88.175415 132.110455 173.931699
165.388570 142.558093 129.582090 139.681218 65.898717 173.655953 152.452584 134.467529 118.966372 88.108978 132.259819 173.747690
165.388374 142.558054 129.633270 139.682637 65.893563 173.985737 152.436328 134.475024 119.077721 88.036426 132.475800 173.481518
165.388177 142.558015 129.701444 139.684527 65.882598 174.316756 152.418984 134.483022 119.205241 87.953338 132.641178 173.276764
165.388177 142.558015 129.786412 139.686883 65.871607 174.648574 152.394374 134.494370 119.344071 87.862880 132.814975 173.061584
165.388177 142.558015 129.887573 139.689687 65.860715 174.977393 152.357241 134.509611 119.492620 87.766090 133.023546 172.821009
165.388177 142.558015 130.006327 139.726005 65.849684 175.310411 152.316001 134.518077 119.653654 87.661165 133.174586 172.603531
165.388177 142.558015 130.128480 139.729392 65.838715 175.641529 152.263790 134.528796 119.823400 87.550563 133.369583 172.360524
165.388177 142.558015 130.223856 139.730992 65.827764 175.972148 152.199628 134.541968 120.007390 87.430681 133.503295 172.195880
165.388177 142.558015 130.282556 139.730805 65.816915 176.299668 152.138209 134.554577 120.204702 87.302118 133.616013 172.057086
165.388177 142.558015 130.310455 139.730716 65.806085 176.626589 152.081168 134.566602 120.410884 87.167390 133.700994 171.952446
165.388177 142.558015 130.319655 139.730687 65.795180 176.955808 152.013194 134.583322 120.624394 87.024522 133.763279 171.875752
165.388177 142.558015 130.327355 139.730662 65.783742 177.284808 151.965612 134.595026 120.851284 86.872700 133.811128 171.816834
165.388177 142.558015 130.331355 139.730650 65.770750 177.617555 151.919390 134.606395 121.085073 86.716263 133.922594 171.566859
165.388177 142.558015 130.332055 139.730648 65.757956 177.945205 151.858310 134.621419 121.328751 86.553207 133.930050 171.485098
165.388177 142.558015 130.332055 139.730648 65.745158 178.272955 151.814710 134.632143 121.589244 86.393842 133.936670 171.412500
165.388177 142.558015 130.332055 139.730648 65.732399 178.599706 151.776547 134.641530 121.862156 86.234348 133.944062 171.331436
165.388177 142.558015 130.332055 139.730648 65.721786 178.928825 151.734226 134.651583 122.143097 86.070162 133.951127 171.253957
165.388177 142.558015 130.332055 139.730648 65.712978 179.258505 151.688956 134.662212 122.427837 85.903756 133.957793 171.180861
165.138037 142.527589 130.332055 139.730648 65.702727 179.588946 151.657219 134.669663 122.712232 85.737551 133.964940 171.102486
165.104099 142.525530 130.332055 139.730648 65.692584 179.915888 151.624411 134.677366 122.996165 85.572373 133.972214 171.022717
165.051596 142.522345 130.332055 139.730648 65.682289 180.247729 151.590825 134.685251 123.291136 85.419787 133.983000 170.940693
164.979628 142.517980 130.332055 139.730648 65.672063 180.577370 151.573496 134.689320 123.582288 85.269177 133.996641 170.862778
164.893187 142.512736 130.332055 139.730648 65.665053 180.906008 151.558893 134.692748 123.874950 85.117786 134.009973 170.786637
164.794768 142.506766 130.332055 139.730648 65.676191 181.238922 151.554609 134.693754 124.169299 84.965522 134.023666 170.708426
164.675986 142.499561 130.332055 139.730648 65.687285 181.570536 151.549742 134.694897 124.462405 84.813901 134.037239 170.630905
164.547422 142.491762 130.332055 139.730648 65.698406 181.902950 151.547113 134.695514 124.754978 84.662556 134.050880 170.552991
164.418659 142.483951 130.332055 139.730648 65.709513 182.234965 151.546432 134.695674 125.052419 84.526233 134.064919 170.472810
164.280214 142.475553 130.332055 139.730648 65.720527 182.564180 151.545848 134.695811 125.349902 84.390223 134.078785 170.393615
164.151983 142.455459 130.332055 139.730648 65.731601 182.895195 151.545848 134.695811 125.649748 84.253131 134.092375 170.315996
164.025622 142.424915 130.339755 139.730623 65.742598 183.223911 151.545848 134.695811 125.947958 84.116788 134.106689 170.234239
163.898289 142.394136 130.360655 139.730556 65.753522 183.550429 151.545848 134.695811 126.250523 83.980665 134.114208 170.191293
163.766388 142.362252 130.395355 139.730446 65.768101 183.915212 151.545848 134.695811 126.552820 83.853384 134.141929 170.033546
163.633945 142.327666 130.439755 139.730400 65.804084 184.241433 151.545848 134.695811 126.857698 83.725017 134.155641 169.955339
163.511808 142.283432 130.565488 139.728676 65.840111 184.568052 151.545848 134.695811 127.164327 83.595913 134.169785 169.874670
163.384970 142.237496 130.642544 139.726081 65.876292 184.896063 151.545848 134.695811 127.468726 83.472539 134.183739 169.795084
163.263304 142.193432 130.733810 139.723818 65.912061 185.222308 151.545848 134.695811 127.774612 83.356377 134.197883 169.714414
163.134545 142.146928 130.841204 139.722660 65.946862 185.549261 151.545848 134.695811 128.084986 83.238512 134.210317 169.643496
163.011751 142.104554 130.962297 139.721354 66.000557 185.875910 151.545848 134.695811 128.394144 83.121108 134.224046 169.565191
162.888383 142.066684 131.140207 139.710697 66.060394 186.203490 151.545848 134.695811 128.705359 83.002923 134.236670 169.493189
162.755090 142.029065 131.228444 139.703880 66.124072 186.524929 151.545848 134.695811 129.013248 82.889865 134.249087 169.422369
162.621605 141.991391 131.299831 139.698365 66.198870 186.847364 151.545848 134.695811 129.327989 82.795439 134.262920 169.343473
162.495438 141.955041 131.344996 139.694876 66.273430 187.167804 151.545848 134.695811 129.645125 82.700295 134.276045 169.268615
162.367390 141.917632 131.375107 139.692549 66.362093 187.484577 151.545848 134.695811 129.939751 82.611904 134.288842 169.195628
162.243019 141.882297 131.395745 139.690955 66.453335 187.801712 151.545848 134.695811 130.243285 82.520841 134.302070 169.120179
162.110727 141.846690 131.405117 139.690231 66.544163 188.117406 151.545750 134.695834 130.550009 82.463264 134.314712 169.048079
161.979980 141.811499 131.410003 139.689853 66.644028 188.433807 151.544874 134.696039 130.832155 82.379635 134.324866 168.990162
161.846240 141.775503 131.410302 139.689830 66.743358 188.745251 151.543414 134.696382 131.114755 82.308974 134.330479 168.958150
161.715403 141.741968 131.410302 139.689830 66.852857 189.057497 151.541369 134.696862 131.408996 82.235401 134.392760 168.939261
161.583143 141.713930 131.410302 139.689830 66.963882 189.371762 151.537281 134.697822 131.702558 82.161998 134.469388 168.953825
161.450002 141.685704 131.410302 139.689830 67.073142 189.681029 151.532510 134.698942 131.999419 82.087771 134.562030 168.971432
161.319697 141.658081 131.410302 139.689830 67.181968 189.989071 151.526864 134.700268 132.299481 82.012743 134.672649 168.992456
161.186165 141.629773 131.410302 139.689830 67.295471 190.296663 151.519270 134.702051 132.597894 81.938127 134.788574 169.014489
161.053709 141.601693 131.410302 139.689830 67.426643 190.596638 151.501065 134.706325 132.929799 81.924678 134.876598 169.031218
160.917945 141.572832 131.410302 139.689830 67.559018 190.899361 151.475170 134.712405 133.250983 81.880562 134.973509 168.993627
160.786238 141.537745 131.410302 139.689830 67.690230 191.199427 151.447813 134.718827 133.578905 81.835521 134.988992 168.912695
160.654242 141.502580 131.419475 139.689122 67.826829 191.513538 151.400707 134.739306 133.904151 81.790846 135.004474 168.831763
160.525338 141.468239 131.430841 139.688243 67.988789 191.804728 151.340926 134.765828 134.232171 81.745791 135.019956 168.750830
160.396526 141.435188 131.456165 139.686287 68.148999 192.092771 151.265227 134.808324 134.557537 81.709380 135.035551 168.669308
160.271221 141.406261 131.499037 139.682975 68.310813 192.383698 151.210610 134.860306 134.884326 81.673077 135.049117 168.598394
160.142117 141.376458 131.565140 139.677868 68.470100 192.670081 151.161912 134.912274 135.209526 81.636950 135.063584 168.522766
160.009605 141.345852 131.739768 139.624263 68.639613 192.950136 151.108455 134.980533 135.537608 81.600503 135.078897 168.442717
159.876899 141.315201 131.841940 139.637122 68.826725 193.223296 151.072833 135.069515 135.863801 81.564266 135.092820 168.369937
159.745849 141.284933 131.951914 139.622066 69.013271 193.495631 151.050550 135.155979 136.194705 81.564007 135.105784 168.302166
159.613576 141.252329 132.155010 139.595394 69.199140 193.766976 151.047019 135.228393 136.523389 81.567284 135.112774 168.265628
159.487194 141.211869 132.283344 139.579622 69.388550 194.034140 151.052120 135.287702 136.850572 81.570547 135.134933 168.150027
159.362908 141.172081 132.414359 139.563520 69.579134 194.301826 151.064960 135.337576 137.178156 81.573814 135.147950 168.082266
159.238430 141.132236 132.543875 139.547529 69.770878 194.571141 151.072888 135.368372 137.505140 81.577075 135.161815 168.010085
159.106999 141.090166 132.679826 139.529063 69.963028 194.841026 151.079146 135.392679 137.835623 81.580370 135.177020 167.930932
158.980710 141.049743 132.816571 139.510489 70.165950 195.097767 151.082561 135.405947 138.164095 81.601450 135.191262 167.856788
158.849089 141.007612 132.953018 139.491956 70.373499 195.357151 151.084431 135.413210 138.495574 81.632180 135.205241 167.784018
158.722134 140.966975 133.151109 139.462775 70.579049 195.614037 151.084955 135.415244 138.822372 81.662476 135.219521 167.709677
158.610989 140.931399 133.281247 139.442548 70.792898 195.861614 151.085304 135.416599 139.149868 81.692837 135.234688 167.630721
158.519463 140.902103 133.395768 139.423610 71.019185 196.102908 151.085528 135.417471 139.481546 81.723586 135.248270 167.560014
158.457367 140.882226 133.522648 139.397195 71.244104 196.342744 151.085578 135.417665 139.811630 81.754187 135.255099 167.524464
158.410591 140.859148 133.672790 139.354995 71.468749 196.582287 151.085578 135.417665 140.134300 81.784100 135.322694 167.458972
158.382687 140.844105 133.796478 139.379312 71.700028 196.821250 151.085578 135.417665 140.476704 81.798473 135.392874 167.457302
158.371332 140.837983 133.872100 139.421333 71.934265 197.055117 151.085578 135.417665 140.805725 81.845038 135.480449 167.455217
158.362794 140.833380 133.968954 139.564889 72.167724 197.288207 151.085578 135.417665 141.135538 81.891715 135.588718 167.452641
158.352231 140.827686 133.977314 139.641621 72.415508 197.507713 151.085578 135.417665 141.464263 81.938239 135.717782 167.449569
158.335419 140.818622 133.986113 139.712477 72.666362 197.722279 151.085578 135.417665 141.789323 81.984243 135.847345 167.446486
158.305843 140.802677 133.995872 139.791074 72.924500 197.930877 151.085578 135.417665 142.113592 82.030136 135.985506 167.443198
158.257605 140.776675 134.003182 139.858093 73.186077 198.131903 151.085578 135.417665 142.437525 82.092431 136.121667 167.439957
158.223579 140.757435 133.998576 139.939062 73.449240 198.334148 151.085578 135.417665 142.752808 82.178803 136.253130 167.436829
158.077880 140.755428 134.020472 139.993156 73.715317 198.524542 151.085578 135.417665 143.068959 82.265412 136.387892 167.433622
158.009229 140.776114 133.991788 140.068479 73.989900 198.712230 151.085578 135.417665 143.384725 82.351915 136.520854 167.430457
157.918850 140.802812 133.944874 140.131763 74.261264 198.897717 151.085578 135.417665 143.699815 82.438234 136.627638 167.345421
157.810997 140.808434 133.886290 140.180112 74.533783 199.083994 151.085578 135.417665 144.013533 82.539459 136.624558 167.237165
157.700647 140.814186 133.820750 140.221312 74.805477 199.269707 151.085578 135.417665 144.325189 82.647341 136.622272 167.156797
157.612067 140.818803 133.747616 140.248330 75.077914 199.455928 151.085578 135.417665 144.634010 82.754242 136.620457 167.093023
157.523872 140.819110 133.694534 140.255768 75.355074 199.632097 151.085578 135.417665 144.946327 82.862353 136.618899 167.038245
157.449747 140.815768 133.626004 140.265372 75.644729 199.788533 151.085578 135.417665 145.260535 82.971119 136.617718 166.996762
157.379818 140.812615 133.549353 140.276113 75.937025 199.946395 151.085578 135.417665 145.567296 83.083394 136.616459 166.952480
157.327271 140.810245 133.497163 140.283427 76.225008 200.101929 151.085578 135.417665 145.876796 83.201307 136.615167 166.907098
157.259041 140.807169 133.424572 140.293599 76.517040 200.259648 151.085578 135.417665 146.186295 83.319220 136.614030 166.867114
157.120248 140.842229 133.370798 140.301135 76.805759 200.415063 151.085578 135.417665 146.495701 83.437098 136.612474 166.812436
157.062418 140.870109 133.293552 140.311960 77.099684 200.558598 151.085578 135.417665 146.806696 83.555580 136.610941 166.758558
157.021765 140.901701 133.239085 140.319592 77.398372 200.704458 151.085578 135.417665 147.105567 83.692234 136.609841 166.719874
156.974184 141.052845 133.193134 140.326032 77.697150 200.850362 151.085578 135.417665 147.395454 83.843975 136.608194 166.661997
156.982066 141.142583 133.131139 140.334719 77.990806 200.993764 151.085578 135.417665 147.685164 83.995623 136.607088 166.623113
156.992379 141.247276 133.053597 140.345585 78.287697 201.138747 151.085578 135.417665 147.979924 84.149914 136.605859 166.579931
157.015914 141.371457 132.976302 140.465446 78.585217 201.284037 151.085578 135.417665 148.273621 84.303649 136.604702 166.539247
157.015748 141.507501 132.979333 140.544789 78.880733 201.424267 151.086600 135.421635 148.549864 84.448248 136.603391 166.493166
157.047142 141.635095 132.982430 140.625829 79.178879 201.561424 151.093942 135.434080 148.809983 84.584407 136.602097 166.447684
157.079563 141.766865 132.985190 140.698077 79.477702 201.695444 151.105380 135.452402 149.065717 84.721489 136.601039 166.410499
157.067829 141.900647 132.987954 140.770424 79.776524 201.829465 151.124179 135.482516 149.287928 84.863102 136.599290 166.349024
157.078520 142.035725 132.990748 140.843571 80.077627 201.964508 151.150339 135.524421 149.605214 85.065329 136.598104 166.307341
157.089329 142.172298 132.993829 140.924212 80.375902 202.098283 151.204130 135.572510 149.819067 85.201636 136.596440 166.248865
157.099925 142.306179 132.996597 140.996659 80.676367 202.233040 151.347275 135.651123 150.021454 85.369760 136.595109 166.202083
157.110071 142.434378 132.999655 141.076701 80.979295 202.368903 151.432497 135.686061 150.249141 85.514877 136.593363 166.140708
157.102109 142.570245 133.002549 141.152445 81.277661 202.502718 151.537542 135.682665 150.488043 85.667142 136.592194 166.099625
157.052219 142.705405 133.005717 141.235385 81.577396 202.637148 151.635774 135.659992 150.733776 85.823761 136.591079 166.060441
156.981615 142.815146 133.011173 141.307571 81.881145 202.773379 151.728710 135.623917 150.987098 85.985217 136.589595 166.008262
156.867665 142.885569 133.017102 141.380229 82.184880 202.909642 151.821381 135.562817 151.251636 86.153821 136.588468 165.968678
156.749991 142.911972 133.023316 141.456376 82.483435 203.043770 151.887305 135.491068 151.522095 86.331919 136.587163 165.922796
156.665004 142.931041 133.029652 141.534018 82.784270 203.178922 151.939135 135.399866 151.777170 86.543960 136.585809 165.875216
156.602849 142.944986 133.035638 141.607374 83.082916 203.313091 151.978160 135.298960 152.033244 86.756833 136.585058 165.848826
156.563819 142.953743 133.040933 141.672259 83.385758 203.449144 151.997163 135.201992 152.284628 86.965806 136.581836 165.735712
156.542548 142.958516 133.043527 141.704053 83.687871 203.584870 151.990339 135.098417 152.540472 87.178487 136.579961 165.668038
156.529473 142.961450 133.051758 141.812750 83.990074 203.720637 151.945725 134.997029 152.791933 87.387524 136.577502 165.579272
156.526741 142.962063 133.056271 141.877893 84.288264 203.854601 151.879678 134.912281 153.039332 87.602857 136.574659 165.476611
156.524692 142.962522 133.061840 141.958301 84.589830 203.990081 151.797388 134.839102 153.281256 87.826855 136.572440 165.297806
156.524204 142.962632 133.067251 142.036414 84.888567 204.124290 151.708096 134.780692 153.525087 88.052619 136.578311 165.170641
156.523814 142.962720 133.072420 142.111035 85.187122 204.258418 151.541385 134.678121 153.768258 88.277772 136.584662 165.033088
156.523814 142.962720 133.077555 142.185157 85.489690 204.394349 151.423666 134.632917 154.009081 88.500750 136.590912 164.897732
156.523814 142.962720 133.082834 142.261375 85.788793 204.528723 151.300626 134.585669 154.239683 88.739640 136.597245 164.760578
156.520399 142.963486 133.088570 142.344176 86.088695 204.663268 151.180200 134.539425 154.467695 88.979305 136.603421 164.626820
156.514154 142.964887 133.093697 142.418199 86.388250 204.797610 151.060054 134.493289 154.698026 89.220074 136.609638 164.492164
156.491517 142.969966 133.099170 142.497209 86.686345 204.931297 150.929113 134.448513 154.925312 89.457251 136.615892 164.356708
156.464294 142.976076 133.105940 142.572494 86.985535 205.065475 150.803120 134.416894 155.155781 89.697750 136.622059 164.223150
156.422241 142.985516 133.114363 142.652451 87.285637 205.200062 150.670337 134.383571 155.382248 89.939831 136.628382 164.086196
156.360966 142.999271 133.122745 142.732011 87.584827 205.334240 150.541823 134.351318 155.581141 90.201276 136.634664 163.950141
156.313448 143.009938 133.131116 142.811471 87.885203 205.468950 150.407750 134.321353 155.779065 90.461449 136.641011 163.812688
156.265052 143.020801 133.138921 142.885561 88.186127 205.603905 150.278918 134.294016 155.979835 90.725362 136.647127 163.680229
156.212364 143.032628 133.145962 142.952391 88.489241 205.739843 150.147641 134.266160 156.177578 90.985295 136.653266 163.547270
156.175677 143.040864 133.150352 142.994061 88.790164 205.874798 150.021321 134.236387 156.377440 91.248014 136.659497 163.412314
156.141526 143.048530 133.161670 143.118785 89.091479 206.007383 149.886044 134.210727 156.576211 91.509301 136.665590 163.280355
156.109425 143.055736 133.167810 143.197746 89.395807 206.139578 149.756409 134.189884 156.776739 91.772895 136.671517 163.151992
156.085618 143.061080 133.175562 143.299350 89.697934 206.270816 149.627564 134.169167 156.972752 92.036257 136.677457 163.023329
156.070104 143.064562 133.182986 143.420122 90.001071 206.402492 149.490721 134.147165 157.168509 92.299560 136.683486 162.892768
156.051077 143.068833 133.191280 143.555067 90.300799 206.532727 149.356687 134.125341 157.366176 92.565431 136.689855 162.754815
156.029416 143.073696 133.199563 143.689813 90.555675 206.679473 149.224024 134.102588 157.562172 92.829056 136.695939 162.623055
156.014390 143.077068 133.207912 143.825657 90.855685 206.809815 149.088897 134.079412 157.760614 93.095971 136.701949 162.492894
156.004243 143.079346 133.216336 143.962698 91.157712 206.941033 148.961064 134.057488 157.956729 93.359756 136.707935 162.363232
155.999754 143.080354 133.223763 144.161194 91.457446 207.071254 148.833132 134.035546 158.158316 93.625168 136.714203 162.227477
155.998193 143.080704 133.225589 144.294382 91.784875 207.217758 148.701652 134.012995 158.361230 93.888447 136.720352 162.094318
155.997900 143.080770 133.227155 144.432370 92.084233 207.354717 148.573523 133.991020 158.562068 94.149033 136.779575 161.907133
155.997510 143.080858 133.237821 144.561506 92.382681 207.491259 148.442042 133.968469 158.761502 94.407797 136.856328 161.796439
155.997510 143.080858 133.247380 144.698667 92.685676 207.629882 148.308000 133.945480 158.964355 94.670996 136.935132 161.682787
155.997510 143.080858 133.257433 144.834596 92.983760 207.766258 148.175255 133.922610 159.165010 94.931344 137.012911 161.570614
155.997510 143.080858 133.265178 145.059199 93.285210 207.904173 148.048636 133.900703 159.366032 95.192168 137.087270 161.463372
155.997510 143.080858 133.266261 145.124490 93.584385 208.041049 147.916992 133.877927 159.573958 95.449690 137.164365 161.352185
155.997510 143.080858 133.266846 145.159786 93.882106 208.177258 147.780520 133.854315 159.782232 95.705534 137.235476 161.249627
155.997510 143.080858 133.267105 145.175383 94.181646 208.314300 147.652127 133.832101 159.992210 95.963472 137.345289 161.066140
155.997510 143.080858 133.267304 145.187382 94.483459 208.452382 147.519892 133.809223 160.202567 96.221875 137.397740 160.993004
155.997510 143.080858 133.267332 145.189081 94.779238 208.590877 147.388937 133.786566 160.406071 96.478436 137.441449 160.932057
155.997510 143.080858 133.267352 145.190281 95.079554 208.731950 147.257687 133.763857 160.605640 96.737222 137.477873 160.881268
155.997510 143.080858 133.267354 145.190381 95.379236 208.872725 147.122791 133.740518 160.805882 96.996879 137.508295 160.838849
155.997510 143.080858 133.267354 145.190381 95.678466 209.013288 146.994202 133.718271 161.007039 97.257724 137.542388 160.791310
155.997510 143.080858 133.267354 145.190381 95.976157 209.153128 146.864627 133.695852 161.209052 97.519678 137.571994 160.750029
155.997510 143.080858 133.267354 145.190381 96.275659 209.293818 146.737318 133.673826 161.409354 97.779414 137.608884 160.698590
155.997510 143.080858 133.267513 145.199980 96.573169 209.433573 146.610502 133.651885 161.611977 98.042159 137.690382 160.576041
155.997510 143.080858 133.268021 145.230576 96.863421 209.586679 146.475015 133.628444 161.811791 98.301262 137.721922 160.522547
155.997510 143.080858 133.328956 145.302052 97.147553 209.753332 146.339824 133.605054 162.013926 98.563374 137.745386 160.482749
155.997510 143.080858 133.400966 145.311289 97.434964 209.921907 146.204632 133.581664 162.214961 98.824061 137.843809 160.348963
155.997510 143.080858 133.488945 145.322575 97.722201 210.090380 146.069244 133.558239 162.416973 99.086014 137.888912 160.273167
155.997510 143.080858 133.592199 145.335821 98.006593 210.257185 145.935530 133.535105 162.619230 99.348284 137.945265 160.178466
155.997510 143.080858 133.708942 145.350797 98.288483 210.422522 145.803492 133.512260 162.819899 99.608496 137.992464 160.099147
155.997510 143.080858 133.839671 145.367566 98.585864 210.589922 145.673621 133.489791 163.021789 99.870291 138.035471 160.026875
155.997510 143.080858 133.968119 145.384044 98.865802 210.766356 145.542962 133.467185 163.221847 100.129710 138.144009 159.951592
155.997510 143.080858 134.095475 145.400381 99.144980 210.942311 145.411515 133.444443 163.424165 100.392060 138.212078 159.980874
155.997510 143.080858 134.223030 145.416743 99.423903 211.118106 145.278984 133.421513 163.624467 100.651796 138.286761 160.013002
155.997510 143.080858 134.355544 145.433742 99.701896 211.293314 145.148621 133.398958 163.826174 100.913354 138.361168 160.045011
155.997510 143.080858 134.483099 145.450105 99.983442 211.470761 145.019440 133.376608 164.027640 101.173447 138.427310 160.077124
155.997217 143.080923 134.620176 145.467689 100.260674 211.645490 144.885924 133.353508 164.234249 101.430766 138.486953 160.114148
155.995364 143.081339 134.749714 145.484306 100.540738 211.821913 144.757630 133.331311 164.440419 101.687538 138.517454 160.133081
155.992632 143.081953 134.887188 145.501941 100.821713 211.998953 144.626577 133.308637 164.648781 101.947040 138.567783 160.086693
155.984045 143.083880 135.061362 145.526163 101.100518 212.170270 144.499071 133.286577 164.853825 102.202409 138.557551 160.006443
155.970775 143.086859 135.277877 145.561969 101.355775 212.378293 144.362402 133.262931 165.058556 102.457388 138.551821 159.961507
155.961701 143.088896 135.465198 145.587458 101.612124 212.582913 144.233648 133.241052 165.265675 102.716220 138.552106 159.824659
155.950090 143.091502 135.599345 145.602606 101.871912 212.790277 144.105325 133.219620 165.473038 102.975753 138.563182 159.749975
155.933601 143.095204 135.735580 145.617990 102.131152 212.997205 143.976214 133.198057 165.677030 103.231067 138.574375 159.674501
155.922575 143.097679 135.866199 145.628530 102.390628 213.204320 143.840296 133.175357 165.883270 103.489194 138.585524 159.599323
155.901207 143.102475 136.001903 145.635831 102.648618 213.410250 143.703787 133.152558 166.089197 103.746930 138.596995 159.521969
155.857007 143.112397 136.129818 145.642713 102.899580 213.626323 143.574971 133.131044 166.299101 103.997976 138.608658 159.443329
155.823832 143.119844 136.265521 145.650013 103.140564 213.850451 143.441322 133.108723 166.517215 104.249866 138.620599 159.362810
155.785818 143.127605 136.401049 145.658605 103.384404 214.077235 143.309350 133.086682 166.728700 104.494100 138.631704 159.287929
155.736295 143.137492 136.578343 145.704334 103.625901 214.301840 143.175701 133.064361 166.983518 104.741891 138.642354 159.216114
155.684027 143.147927 136.873416 145.813260 103.867032 214.526104 143.044617 133.042468 167.197729 104.993048 138.653430 159.141431
155.626953 143.159321 137.005750 145.793685 104.109334 214.751458 142.916787 133.021119 167.413757 105.246334 138.664814 159.064670
155.579784 143.168737 137.138429 145.809408 104.351856 214.977016 142.785604 132.999210 167.628618 105.498252 138.675816 158.990482
155.516434 143.181384 137.265137 145.837572 104.592401 215.200735 142.655309 132.977448 167.844386 105.751234 138.686745 158.916788
155.475737 143.189509 137.400630 145.867689 104.836168 215.427451 142.519983 132.954847 168.047353 106.015157 138.698510 158.837456
155.435824 143.197477 137.558131 145.904260 105.075311 215.652756 142.384362 132.932197 168.244611 106.275332 138.709498 158.763366
