284.502400 278.353000 284.319200 483.398600 232.153200 239.861000 308.868531 285.031997 286.622051 307.757529 285.370556 244.285181
284.530633 278.371216 284.342717 483.353797 232.186596 239.827363 308.802358 284.775805 286.617259 307.486571 285.402368 244.127763
284.594999 278.412745 284.380177 483.282431 232.248174 239.765339 308.736535 284.507892 286.612662 307.226612 285.433943 243.971522
284.692808 278.475852 284.434089 483.179720 232.333989 239.678904 308.693452 284.253920 286.607842 306.954054 285.463417 243.825670
284.829339 278.565571 284.504455 483.045666 232.439249 239.572882 308.647124 283.980822 286.603089 306.685296 285.494754 243.670605
284.981767 278.674930 284.591923 482.879027 232.542255 239.469131 308.604107 283.727245 286.598406 306.420538 285.526685 243.512599
285.160465 278.798368 284.699097 482.674845 232.659070 239.351471 308.561258 283.474653 286.515345 306.012571 285.559646 243.349496
285.363218 278.929949 284.820542 482.442918 232.769967 239.239772 308.504356 283.088390 286.410983 305.755767 285.590230 243.198156
285.596937 279.068163 284.952098 482.190323 232.877623 239.131338 308.480335 282.820063 286.312569 305.513600 285.621527 243.043286
285.847231 279.188687 285.096957 481.912185 232.993593 239.014530 308.456028 282.548548 286.215058 305.273657 285.653102 242.887045
286.093867 279.279113 285.254012 481.610633 233.104489 238.902831 308.431561 282.275241 286.113783 305.024450 285.684676 242.730803
286.355219 279.367834 285.427973 481.276619 233.206368 238.800215 308.409466 282.016599 286.010023 304.769128 285.714706 242.582207
286.616579 279.426022 285.605195 480.915596 233.290774 238.715199 308.394639 281.749811 285.908221 304.518624 285.745765 242.428514
286.884733 279.480859 285.773679 480.527598 233.336429 238.669214 308.379735 281.481625 285.885651 304.252826 285.774487 242.286387
287.149987 279.521832 286.014483 479.957309 233.499018 238.500024 308.458104 280.772735 285.874811 303.977039 285.807131 242.124853
287.419214 279.544454 286.257353 479.383864 233.606229 238.384782 308.352539 280.382985 285.863917 303.699853 285.836685 241.978609
287.681542 279.560199 286.517147 478.887637 233.710850 238.272322 308.334907 280.056060 285.853753 303.441253 285.867507 241.826092
287.955649 279.576652 286.750939 478.519303 233.819287 238.155762 308.315541 279.696982 285.843055 303.169063 285.897893 241.675732
288.215581 279.592254 287.028745 478.182230 233.922274 238.045059 308.294376 279.304552 285.832294 302.895275 285.929745 241.518118
288.490885 279.608779 287.432909 477.658583 234.033435 237.925571 308.255804 278.695298 285.822232 302.639272 285.949513 241.420296
288.747823 279.624201 287.689181 477.312813 234.130973 237.820725 308.211502 278.244670 285.814251 302.436229 285.880875 241.202918
289.022928 279.640714 287.947648 476.958214 234.192819 237.754245 308.165008 277.771750 285.806444 302.237582 285.642835 241.083006
289.291445 279.656831 288.198877 476.599062 234.417993 237.513927 308.113342 277.293989 285.801330 302.107483 285.642337 240.767075
289.561159 279.673020 288.424586 476.222529 234.515317 237.410800 308.027989 276.695052 285.797057 301.998767 285.942676 240.564384
289.828278 279.689054 288.605127 475.829763 234.583953 237.338073 307.979061 276.366474 285.793295 301.903041 286.101810 240.279446
290.087212 279.704596 288.737243 475.421661 234.811711 237.402449 307.935612 276.074692 285.789336 301.802318 286.138462 240.012954
290.356128 279.720737 288.864489 475.000044 234.900551 237.516286 307.888775 275.760160 285.733140 301.311573 286.174705 239.749435
290.612866 279.736148 288.978627 474.582899 234.989882 237.630754 307.801230 275.238599 285.686868 301.128596 286.206207 239.520391
290.875793 279.751929 289.084781 474.159400 235.090657 237.759885 307.697641 274.880897 285.621598 300.909721 286.228280 239.359902
291.140117 279.767795 289.191858 473.732216 235.188233 237.884917 307.598926 274.539481 285.548613 300.664971 286.179420 239.137794
291.413026 279.784176 289.296213 473.315895 235.287039 238.011525 307.522099 274.273765 285.474828 300.417538 286.137708 238.994543
291.680545 279.800233 289.403728 472.886965 235.387568 238.140341 307.295951 274.116303 285.400186 300.167231 286.097283 238.855709
291.957846 279.816878 289.510417 472.461332 235.478622 238.257016 307.037991 274.214450 285.268033 300.086974 285.835036 238.741196
292.215781 279.832360 289.659421 471.848457 235.575829 238.381575 306.780592 274.312384 284.835027 300.244265 285.657929 238.702901
292.483899 279.848453 289.756562 471.427109 235.677957 238.512441 306.525997 274.409251 284.574465 300.320139 285.446612 238.657209
292.750219 279.864439 289.856354 470.994264 235.779101 238.642045 306.274767 274.504838 284.320150 300.393913 285.211056 238.606276
293.027121 279.881059 289.954349 470.569214 235.875077 238.765027 306.038678 274.594663 284.069483 300.466628 284.951846 238.550229
293.290248 279.896853 290.044706 470.177295 235.976344 238.894789 305.880351 274.654903 283.817473 300.539732 284.690877 238.493801
293.560960 279.913102 290.118258 469.858264 236.060754 239.002950 305.785579 274.690961 283.565846 300.612726 284.436749 238.438853
293.818098 279.928537 290.180038 469.590293 236.109111 239.064914 305.728753 274.712582 283.317293 300.684828 284.169525 238.381072
294.083220 279.944450 290.235978 469.347658 236.291745 239.304741 305.714359 274.718059 283.067971 300.757152 283.917939 238.326673
294.356528 279.960855 290.288817 469.118471 236.382285 239.426086 305.511879 274.638510 282.808661 300.832375 283.654819 238.269780
294.621452 279.976757 290.384541 468.703816 236.475694 239.551278 305.453152 274.567173 282.613314 300.889042 283.470870 238.230006
294.890368 279.992898 290.442345 468.454222 236.574008 239.683042 305.222468 274.294944 282.466756 300.931556 283.361596 238.206378
295.162079 280.009207 290.504572 468.185534 236.669570 239.811120 305.119616 274.176855 282.395878 300.952117 283.289072 238.190697
295.437782 280.025756 290.569822 467.903791 236.757837 239.929419 304.987209 274.024832 282.234793 300.887799 283.087049 237.950790
295.711490 280.042185 290.639861 467.583570 236.851725 240.055252 304.984098 273.802826 282.195063 300.743778 283.111875 237.803264
295.988616 280.046338 290.712508 467.243851 236.945733 240.181246 304.878327 273.523964 282.145494 300.564090 283.144268 237.610771
296.263407 280.048556 290.754722 466.869467 237.037468 240.304194 304.621830 273.458171 282.085287 300.345842 283.181142 237.391652
296.537998 280.050771 290.461882 466.360980 237.133389 240.432752 304.363009 273.391782 282.017422 300.099831 283.222729 237.144527
296.808972 280.051978 290.070487 466.180505 237.227876 240.559387 304.103220 273.325145 281.943600 299.832227 283.265611 236.889710
297.082930 280.040465 289.672092 466.040256 237.308966 240.668069 303.851760 273.260644 281.778459 299.445119 283.311645 236.616156
297.347897 280.029331 289.260756 465.910224 237.363146 240.740683 303.596233 273.195100 281.669148 299.259053 283.356286 236.350886
297.541726 280.021186 288.854187 465.781699 237.311985 240.941280 303.204979 273.072800 281.541272 299.223016 283.397906 236.103563
297.840858 280.022243 288.448762 465.653536 237.200602 241.036904 302.947852 272.981069 281.460921 299.220225 283.434282 235.887403
297.958286 280.107429 288.041049 465.524649 237.080872 241.139693 302.695057 272.890883 281.297412 299.337424 283.531645 235.366205
298.056900 280.121411 287.632955 465.395642 236.955073 241.247694 302.441509 272.800429 281.229662 299.483389 283.582347 235.145350
298.117448 280.130314 287.219139 465.264826 236.836709 241.349311 302.209059 272.717502 281.142078 299.627419 283.636138 234.911046
298.134061 280.132813 286.804229 465.128237 236.719711 241.449755 301.888402 272.540884 281.077345 299.719796 283.647187 234.656092
298.136435 280.133170 286.404806 464.964188 236.597098 241.555020 301.820989 272.436571 281.028680 299.789242 283.567185 234.381817
298.138610 280.133498 285.969551 464.954003 236.478431 241.656898 301.777349 272.369045 280.988164 299.847059 283.602016 234.114416
298.139006 280.133557 285.530780 464.959062 236.367958 241.751740 301.757484 272.338306 280.949714 299.901928 283.638796 233.860061
298.139006 280.133557 285.099609 464.964034 236.242158 241.859741 301.745217 272.319324 280.925267 299.936815 283.676611 233.598581
298.157201 280.136295 284.664238 464.969054 236.033986 242.032184 301.733493 272.301183 280.881766 299.998890 283.715772 233.327798
298.179154 280.139598 284.235066 464.974002 235.920124 242.124526 301.723831 272.286233 280.819902 300.087172 283.773778 233.059747
298.194383 280.141889 283.806695 464.978941 235.798340 242.223292 301.710153 272.265069 280.615805 300.316806 283.833468 232.802789
298.197151 280.142305 283.363524 464.984051 235.685099 242.315130 301.697344 272.245248 280.535705 300.455038 283.895421 232.536090
298.198140 280.142454 282.933953 464.989004 235.573256 242.405834 301.676067 272.212324 280.477768 300.588833 283.957057 232.270755
298.198140 280.142454 282.492574 464.993110 235.455356 242.501451 301.636769 272.151517 280.420546 300.720975 284.017155 232.012043
298.198140 280.142454 282.173178 464.994761 235.340562 242.594549 301.591610 272.081640 280.353906 300.801716 284.074311 231.765995
298.198140 280.142454 281.950232 464.999639 235.228408 242.685505 301.533641 271.991941 280.301452 300.847158 284.164857 231.237235
298.198140 280.142454 281.786474 465.003307 235.109420 242.782004 301.486962 271.919712 280.257791 300.879222 284.157393 230.966138
298.198140 280.142454 281.683299 465.005619 234.987481 242.880897 301.392778 271.719003 280.233366 300.896641 284.168650 230.514657
298.198140 280.142454 281.470220 464.823627 234.921152 242.934689 301.354238 271.635685 280.222782 300.904189 284.194183 230.240041
298.198140 280.142454 281.465007 464.649705 234.893780 243.107814 301.316538 271.554182 280.197055 300.922538 284.218309 229.980560
298.220884 280.145876 281.458852 464.444397 234.984139 243.229293 301.284212 271.484296 280.149834 300.956215 284.242527 229.720084
298.245804 280.149625 281.451637 464.203705 235.070082 243.344835 301.262213 271.436738 279.850993 301.074895 284.267097 229.455824
298.252133 280.150577 281.443350 463.927229 235.242427 243.554101 301.244916 271.399344 279.837087 301.079961 284.292426 229.183399
298.308825 280.168142 281.433851 463.610372 235.336228 243.666243 301.234337 271.376473 279.831826 301.081878 284.330752 228.799688
298.308825 280.168142 281.423568 463.267326 235.387170 243.727147 301.215193 271.335086 279.826940 301.083658 284.364732 228.540506
298.308825 280.168142 281.412434 462.895893 235.536078 243.908927 301.208644 271.320927 279.826188 301.083932 284.400766 228.265658
298.308825 280.168142 281.400533 462.498871 235.631145 244.028806 301.207300 271.318023 279.826188 301.083932 284.434382 228.009252
298.308825 280.168142 281.388050 462.082458 235.713040 244.132075 301.207216 271.317841 279.826188 301.083932 284.468206 227.751260
298.354640 280.183749 281.374903 461.643855 235.761257 244.192877 301.207216 271.317841 279.826188 301.083932 284.527757 227.295027
298.354640 280.183749 281.361653 461.201854 235.911063 244.375528 301.207216 271.317841 279.826188 301.083932 284.562561 227.023246
298.354640 280.183749 281.348410 460.760052 236.008566 244.492395 301.207216 271.317841 279.826188 301.083932 284.595561 226.765551
298.354640 280.183749 281.314133 460.329124 236.109785 244.613716 301.207216 271.317841 279.826188 301.083932 284.628892 226.505276
298.354640 280.183749 281.285532 459.900213 236.204213 244.726897 301.207216 271.317841 279.826188 301.083932 284.663416 226.235678
298.354640 280.183749 281.272657 459.460802 236.302870 244.845147 301.207216 271.317841 279.826188 301.083932 284.698449 225.962112
298.399508 280.199034 281.260080 459.031586 236.407292 244.970307 301.207216 271.317841 279.826188 301.083932 284.733405 225.689141
298.471638 280.223605 281.247451 458.600571 236.505052 245.087481 301.207216 271.317841 279.826188 301.083932 284.832415 225.435084
298.578223 280.259914 281.234752 458.167157 236.597292 245.198578 301.207216 271.317841 279.826188 301.083932 284.866076 225.172231
