233.168600 150.171900 101.316438 158.622616 188.654500 261.875500 151.283449 134.579073 242.337206 77.190486 210.288547 152.022286
233.193627 150.173809 101.609340 158.531778 188.631849 261.864686 151.156301 134.530248 242.337206 77.190486 210.288321 152.475148
233.238996 150.177270 101.897736 158.404804 188.591240 261.845299 151.034101 134.483323 242.337206 77.190486 210.302645 152.751777
233.304705 150.182282 102.090091 158.319061 188.529603 261.815873 150.910781 134.443913 242.337206 77.190486 210.393497 153.595442
233.393945 150.189089 102.283725 158.232749 188.448385 261.777098 150.782848 134.411807 242.337206 77.190486 210.410638 153.834729
233.497345 150.196976 102.482657 158.144075 188.348395 261.729361 150.652103 134.378994 242.337206 77.190486 210.424807 154.032522
233.618593 150.206224 102.681314 158.055523 188.231260 261.673439 150.523782 134.346791 242.337206 77.190486 210.436746 154.199195
233.755495 150.216667 102.878967 157.967419 188.102031 261.611744 150.395229 134.318696 242.337206 77.190486 210.445263 154.318090
233.912838 150.228669 103.083519 157.885488 187.958996 261.543457 150.265614 134.291193 242.337206 77.190486 210.451422 154.404070
234.182417 150.248401 103.284777 157.813042 187.802424 261.468708 150.135120 134.263503 242.337206 77.190486 210.455302 154.458231
234.370675 150.294292 103.488102 157.746789 187.632225 261.387452 150.009969 134.233554 242.337206 77.190486 210.457753 154.492444
234.573504 150.308126 103.695307 157.682674 187.444971 261.298055 149.877059 134.209283 242.337206 77.190486 210.463340 154.561914
234.794490 150.323198 103.886220 157.620766 187.248150 261.204090 149.741401 134.187471 242.337206 77.190486 210.468563 154.639037
235.025154 150.338930 104.078393 157.560051 187.040591 261.102263 149.612556 134.166754 242.337206 77.190486 210.474853 154.731925
235.272679 150.355813 104.261111 157.518876 186.823791 260.994065 149.481835 134.145736 242.337206 77.190486 210.482596 154.846263
235.531677 150.373477 104.410759 157.485154 186.594285 260.879526 149.350281 134.124243 242.337206 77.190486 210.491494 154.977662
235.802349 150.391938 104.542944 157.455366 186.355831 260.760521 149.218505 134.101642 242.337206 77.190486 210.501291 155.122331
236.228765 150.396139 104.675088 157.441414 186.112814 260.639239 149.091263 134.079818 242.337206 77.190486 210.512128 155.282364
236.500586 150.389581 104.796948 157.428900 185.865313 260.514205 148.962542 134.057741 242.337206 77.190486 210.524005 155.457762
236.772593 150.400348 104.889093 157.439082 185.619636 260.386036 148.826726 134.034447 242.337206 77.190486 210.536950 155.648925
237.048132 150.423379 104.939138 157.455599 185.374757 260.258284 148.695935 134.012015 242.337206 77.190486 210.596394 155.870729
237.317393 150.445885 104.967437 157.464938 185.132804 260.132058 148.563864 133.989363 242.337206 77.190486 210.701605 156.061978
237.588647 150.468558 104.982061 157.469765 184.887127 260.003889 148.432186 133.966779 242.337206 77.190486 210.866358 156.208885
237.838675 150.489457 104.983960 157.470392 184.644198 259.877154 148.305437 133.945040 242.337206 77.190486 211.196615 156.220783
238.077872 150.509098 104.985290 157.470831 184.400738 259.750141 148.170821 133.921843 242.337206 77.190486 211.400770 156.138404
238.251138 150.521365 104.985479 157.470893 184.159317 259.624193 148.036221 133.898555 242.337206 77.190486 211.548513 155.980286
238.382310 150.530652 105.032585 157.430653 183.918339 259.498475 147.900734 133.875114 242.337206 77.190486 211.655611 155.791990
238.477771 150.537410 105.047000 157.390991 183.675587 259.371833 147.765444 133.851707 242.336871 77.191845 211.739460 155.588985
238.536225 150.541549 105.069544 157.328961 183.429556 259.243479 147.632420 133.828692 242.336512 77.193301 211.808344 155.379683
238.575925 150.544359 105.099705 157.245972 183.187248 259.117068 147.499889 133.805762 242.335507 77.197379 211.828069 155.163983
238.710724 150.553845 105.135559 157.147496 182.945766 258.992108 147.372186 133.783667 242.334621 77.200972 211.728991 154.967829
238.787531 150.559297 105.177755 157.041517 182.703397 258.867773 147.238079 133.760465 242.331558 77.213400 211.557670 154.851491
238.961986 150.604223 105.196979 156.967047 182.461562 258.743712 147.105745 133.737569 242.327131 77.231362 211.351633 154.798355
239.201171 150.787487 105.211782 156.905708 182.215011 258.617232 146.978042 133.715475 242.322201 77.251364 211.133220 154.810274
239.181424 150.911421 105.220721 156.868671 181.972642 258.492898 146.848171 133.693005 242.311289 77.295639 210.919428 154.870823
239.084920 151.016270 105.229870 156.830760 181.727337 258.367057 146.714359 133.669854 242.297193 77.352828 210.712855 154.929335
238.932970 151.143781 105.235759 156.806360 181.486214 258.243361 146.577985 133.646259 242.282907 77.410793 210.503304 154.988707
238.790707 151.257133 105.241694 156.781766 181.245180 258.119711 146.444666 133.623193 242.267926 77.471574 210.292886 155.048324
238.633819 151.382139 105.244650 156.769518 181.000497 257.994190 146.313810 133.600553 242.256583 77.517597 210.079775 155.108704
238.465043 151.516617 105.247794 156.756492 180.759107 257.870357 146.186502 133.578527 242.247657 77.553813 209.874072 155.166985
238.285395 151.659757 105.250538 156.745118 180.516561 257.745931 146.057813 133.556262 242.239712 77.586048 209.665843 155.221307
238.093782 151.812431 105.254269 156.729662 180.274490 257.621456 145.922720 133.532889 242.234710 77.606341 209.454758 155.276180
237.889078 151.965188 105.256967 156.718483 180.017605 257.523607 145.788613 133.509686 242.228010 77.633527 209.266902 155.325015
237.667975 152.115218 105.259876 156.706429 179.771996 257.394447 145.655589 133.486671 242.220878 77.662462 209.121921 155.362704
237.441906 152.268618 105.262550 156.695347 179.526387 257.265286 145.526014 133.464253 242.217384 77.676637 209.005491 155.392971
237.216748 152.421399 105.263981 156.689418 179.286077 257.138083 145.398903 133.442261 242.214919 77.686638 208.918773 155.415514
236.977601 152.550277 105.269377 156.667060 179.046674 257.010877 145.266667 133.419382 242.213244 77.693435 208.849960 155.433402
236.762145 152.665646 105.278855 156.627787 178.802238 256.880996 145.139851 133.397441 242.212072 77.698192 208.814441 155.442636
236.577456 152.764540 105.292626 156.570725 178.557713 256.751069 145.007222 133.374494 242.211689 77.699746 208.792374 155.448372
236.416392 152.850784 105.287724 156.429596 178.319734 256.622267 144.879026 133.352315 242.211569 77.700231 208.779792 155.451643
236.270140 152.929097 105.264219 156.337756 178.078639 256.491447 144.747973 133.329640 242.211473 77.700620 208.767694 155.454788
236.160825 152.987631 105.235755 156.226540 177.838863 256.361342 144.611796 133.306080 242.211473 77.700620 208.753951 155.458361
236.081836 153.029927 105.203771 156.101568 177.597878 256.228900 144.478181 133.282963 242.211473 77.700620 208.743982 155.460952
236.031410 153.056928 105.167418 155.959341 177.361610 256.091332 144.348015 133.260442 242.211473 77.700620 208.730336 155.464500
236.006726 153.070145 105.130908 155.805001 177.128020 255.955324 144.215006 133.237938 242.211473 77.700620 208.710205 155.469733
235.948557 153.133828 105.099491 155.634668 176.890888 255.817253 144.087768 133.216688 242.211473 77.700620 208.702559 155.471721
235.888504 153.157635 105.081885 155.442473 176.654494 255.682929 143.957079 133.194861 242.211473 77.700620 208.696946 155.473180
235.815436 153.186601 105.097622 155.233689 176.416097 255.549289 143.820471 133.172046 242.211473 77.700620 208.690268 155.474916
235.724891 153.222496 105.115715 155.014434 176.180403 255.417165 143.684849 133.149395 242.210444 77.704795 208.680009 155.477583
235.615103 153.266018 105.133332 154.800960 175.943895 255.285940 143.557414 133.128112 242.206974 77.718873 208.661620 155.482363
235.489419 153.315843 105.155560 154.520626 175.696977 255.162396 143.427908 133.106483 242.201614 77.740622 208.651707 155.484286
235.347652 153.372043 105.180219 154.306970 175.449702 255.038674 143.292089 133.083799 242.197857 77.755866 208.635436 155.482230
235.193707 153.433071 105.212543 154.094631 175.210394 254.911778 143.159821 133.061709 242.196493 77.761401 208.630079 155.481554
235.024517 153.500142 105.243163 153.880510 174.966602 254.779638 143.027553 133.039618 242.195440 77.765673 208.622935 155.480651
234.838965 153.573700 105.273853 153.665893 174.726802 254.654173 142.898836 133.018121 242.194028 77.771401 208.601307 155.477919
234.643559 153.651164 105.303761 153.452379 174.455934 254.524055 142.767357 132.996162 242.193645 77.772955 208.580175 155.475249
234.429029 153.710283 105.322141 153.234247 174.206747 254.409877 142.631538 132.973478 242.191683 77.780917 208.544558 155.470749
234.200834 153.767671 105.324638 153.019862 173.957742 254.295782 142.504695 132.952294 242.187303 77.798685 208.506560 155.465948
233.957995 153.828741 105.327159 152.803376 173.709101 254.181853 142.338919 132.924279 242.182876 77.816647 208.474416 155.461887
233.704877 153.892396 105.329712 152.584191 173.457550 254.066592 142.210711 132.901021 242.179454 77.830532 208.427588 155.455971
233.440315 153.958929 105.315705 152.368368 173.211091 253.953663 142.080536 132.877406 242.177851 77.837037 208.308567 155.435351
233.171497 154.015537 105.300842 152.148771 172.961176 253.839152 141.953411 132.854345 242.176750 77.841504 208.222651 155.457398
232.895920 154.042581 105.286113 151.931169 172.710535 253.724307 141.819792 132.830105 242.175793 77.845387 208.118040 155.484242
232.625818 154.069087 105.271675 151.717857 172.461621 253.610253 141.692273 132.806972 242.175553 77.846358 207.992604 155.516430
232.354919 154.095672 105.258875 151.525383 172.215252 253.497366 141.562098 132.783357 242.175553 77.846358 207.853317 155.552173
232.081433 154.122511 105.250136 151.367425 171.965049 253.389450 141.435071 132.760313 242.175553 77.846358 207.694851 155.592837
231.810706 154.146235 105.243606 151.249405 171.706145 253.298847 141.302453 132.734338 242.175553 77.846358 207.527474 155.635787
231.534757 154.124544 105.239263 151.170925 171.432768 253.238028 141.171194 132.699513 242.175553 77.846358 207.344986 155.682613
231.263793 154.103244 105.236650 151.123697 171.173384 253.147282 141.036232 132.697807 242.175553 77.846358 207.149023 155.732852
230.991134 154.081812 105.234772 151.089749 170.917775 253.057856 140.909416 132.664176 242.175553 77.846358 206.946183 155.784855
230.717877 154.060332 105.341203 150.992628 170.656975 252.966614 140.781633 132.630289 242.175553 77.846358 206.738902 155.838056
230.457685 154.072981 105.410185 150.981974 170.396647 252.875538 140.652400 132.596018 242.175553 77.846358 206.529299 155.891868
230.191546 154.029832 105.493201 150.969152 170.140284 252.785848 140.525539 132.558506 242.173041 77.856553 206.322409 155.944983
229.922787 153.971573 105.588076 150.954498 169.878634 252.694309 140.397710 132.520009 242.165646 77.886555 206.112322 155.998919
229.652466 153.912976 105.704001 150.936593 169.614577 252.615206 140.268062 132.480963 242.123172 78.092440 205.903881 156.052432
229.388203 153.855692 105.834158 150.916490 169.348522 252.555829 140.144158 132.441299 242.112657 78.159217 205.666008 156.113432
229.120116 153.794635 105.978546 150.894189 169.077685 252.495384 140.015568 132.399869 242.099079 78.245455 205.456019 156.167346
228.861003 153.706787 106.139043 150.869400 168.807043 252.434983 139.889452 132.359236 242.082779 78.348979 205.241858 156.222303
228.603689 153.619548 106.310905 150.842856 168.540110 252.375410 139.761813 132.318113 242.065489 78.463074 205.034229 156.279041
228.344671 153.531732 106.500754 150.813533 168.276202 252.316511 139.629129 132.277479 242.047410 78.589084 204.822572 156.344677
228.082811 153.442953 106.707898 150.781540 168.011612 252.257461 139.500061 132.242590 242.026676 78.733604 204.614354 156.409247
227.823505 153.356657 106.927443 150.762928 167.741653 252.197212 139.366746 132.206553 242.004067 78.891190 204.410243 156.472544
227.565367 153.275152 107.145575 150.756065 167.468515 252.182768 139.233647 132.174673 241.979030 79.065703 204.206844 156.533573
227.307706 153.193797 107.389077 150.699059 167.194818 252.175247 139.106592 132.146691 241.962883 79.178251 203.992597 156.587785
227.050044 153.112442 107.568231 150.680619 166.920422 252.167706 138.947984 132.109050 241.949761 79.269714 203.780191 156.641531
226.788378 153.029822 107.699338 150.667124 166.648025 252.160220 138.807626 132.143817 241.940388 79.335045 203.573117 156.693928
226.529858 152.948196 107.801797 150.656578 166.376927 252.152770 138.658424 132.190334 241.935204 79.371175 203.364922 156.746350
226.263779 152.877477 107.873120 150.649237 166.104730 252.145290 138.522325 132.292166 241.932066 79.393052 203.147676 156.789552
225.995795 152.823332 107.905449 150.645909 165.831133 252.137771 138.441699 132.456224 241.929623 79.410077 202.937198 156.831408
225.729086 152.769436 107.955569 150.640745 165.580028 252.130870 138.366725 132.642056 241.929083 79.413839 202.727406 156.873128
225.460516 152.715157 108.019330 150.634168 165.360511 252.124837 138.300823 132.841648 241.928998 79.414433 202.511532 156.918960
225.189899 152.660407 108.102489 150.625589 165.153915 252.130183 138.232021 133.052656 241.928956 79.414730 202.298859 156.966400
224.920301 152.626074 108.197667 150.615623 164.936861 252.138135 138.164205 133.227140 241.928941 79.414829 202.086688 157.006267
224.644499 152.597295 108.312684 150.601345 164.720606 252.146058 138.109576 133.367697 241.928941 79.414829 201.869064 157.043208
224.368597 152.568506 108.430381 150.586734 164.499754 252.154149 138.050925 133.521368 241.928941 79.414829 201.656036 157.069955
224.094186 152.539872 108.511756 150.576632 164.279881 252.161605 138.007801 133.646655 241.928941 79.414829 201.443207 157.096677
223.819000 152.522926 108.563856 150.570164 164.065379 252.168081 137.963084 133.776574 241.928941 79.414829 201.225913 157.123960
223.543488 152.510333 108.587177 150.567269 163.851477 252.174538 137.918886 133.904981 241.928941 79.414829 201.011418 157.145686
223.270373 152.497849 108.607323 150.564768 163.632945 252.186806 137.875796 134.030172 241.928941 79.414829 200.793071 157.167152
222.993063 152.485173 108.610895 150.564325 163.397592 252.201317 137.833291 134.153662 241.928941 79.414829 200.578574 157.173338
222.720021 152.474895 108.611900 150.564200 163.148066 252.216702 137.786640 134.280448 241.928941 79.414829 200.358359 157.177963
222.445982 152.480672 108.611900 150.564200 162.887180 252.247640 137.741622 134.401872 241.928941 79.414829 200.143685 157.170617
222.168343 152.486524 108.611900 150.564200 162.617192 252.297753 137.696049 134.524796 241.928941 79.414829 199.930011 157.163263
221.893204 152.492324 108.611900 150.564200 162.351333 252.347100 137.650962 134.646407 241.928941 79.414829 199.711474 157.152543
221.620465 152.498073 108.611900 150.564200 162.084490 252.396629 137.572808 134.999746 241.928941 79.414829 199.496142 157.141819
221.342927 152.503924 108.611900 150.564200 161.814108 252.446815 137.639406 135.131194 241.928941 79.414829 199.279932 157.128829
221.072159 152.522924 108.620910 150.505725 161.547168 252.496362 137.752841 135.302143 241.928941 79.414829 199.062423 157.112502
220.799223 152.553103 108.594377 150.466568 161.281505 252.545672 137.884852 135.425388 241.928941 79.414829 198.842522 157.085120
220.524497 152.583480 108.565371 150.411702 161.010337 252.596004 138.036776 135.545950 241.928941 79.414829 198.623811 157.057886
220.253946 152.613395 108.563948 150.334815 160.719477 252.658986 138.202185 135.672061 241.928941 79.414829 198.409595 157.023205
219.979319 152.643761 108.562241 150.242531 160.448903 252.721488 138.350197 135.784697 241.928941 79.414829 198.193618 156.982928
219.704892 152.674105 108.560202 150.132350 160.182907 252.782932 138.481923 135.875517 241.928941 79.414829 197.980001 156.943091
219.432523 152.717445 108.557883 150.006971 159.914075 252.845417 138.616704 135.944569 241.928941 79.414829 197.772215 156.894948
219.166193 152.764185 108.555352 149.870194 159.648995 252.909005 138.740051 135.999193 241.928941 79.414829 197.556828 156.844572
218.895727 152.811651 108.552563 149.719420 159.384596 252.972430 138.950133 136.323228 241.928941 79.414829 197.346503 156.795381
218.625753 152.859030 108.555904 149.548792 159.122478 253.037136 138.949815 136.608583 241.928941 79.414829 197.135790 156.746099
218.354352 152.909114 108.561707 149.365784 158.856139 253.107200 138.952497 136.722452 241.928941 79.414829 196.925155 156.697361
218.084925 152.965635 108.567951 149.168883 158.594250 253.176095 138.954404 136.803429 241.928941 79.414829 196.709227 156.647543
217.817166 153.023311 108.574759 148.954191 158.327331 253.246312 138.962935 136.966903 241.928941 79.414829 196.497977 156.598805
217.546357 153.085101 108.647638 148.611102 158.063024 253.315843 138.970011 137.040966 241.928941 79.414829 196.281464 156.548853
217.277669 153.151622 108.644074 148.366328 157.799587 253.385144 138.977829 137.122793 241.928941 79.414829 196.066414 156.499238
217.013932 153.216918 108.640305 148.107455 157.533635 253.455107 138.985152 137.199444 241.928941 79.414829 195.858281 156.451220
216.745729 153.283319 108.625801 147.840763 157.267628 253.522318 138.992589 137.277290 241.928941 79.414829 195.642548 156.401447
216.483448 153.348255 108.574695 147.572589 156.995535 253.562881 138.999550 137.350158 241.928941 79.414829 195.427010 156.351720
216.218740 153.413791 108.523795 147.305496 156.727200 253.602883 139.007187 137.430094 241.928941 79.414829 195.211862 156.302083
215.952188 153.479784 108.432256 147.051030 156.454217 253.643578 139.013978 137.501170 241.928941 79.414829 194.996129 156.252310
215.686606 153.545536 108.316336 146.806184 156.184794 253.683742 139.017563 137.538699 241.928941 79.414829 194.787682 156.204324
215.418986 153.611793 108.199903 146.560254 155.914679 253.724009 138.925312 137.636239 241.928941 79.414829 194.574735 156.159568
215.066748 153.701774 108.072408 146.315759 155.645701 253.743607 138.848365 137.643618 241.928941 79.414829 194.360906 156.114627
214.804822 153.768939 107.927665 146.078881 155.373445 253.752446 138.749717 137.653078 241.928941 79.414829 194.150308 156.070364
214.538150 153.837321 107.786858 145.848505 155.100988 253.761292 138.634645 137.664114 241.928941 79.414829 193.902720 156.020250
214.271575 153.905678 107.665242 145.649528 154.827832 253.770160 138.505684 137.676899 241.928941 79.414829 193.689865 155.986593
214.004516 153.974160 107.567670 145.488955 154.556375 253.778973 138.370023 137.694514 241.928941 79.414829 193.482998 155.920472
213.737359 154.042666 107.494121 145.359833 154.281997 253.779751 138.236444 137.711858 241.928941 79.414829 193.264709 155.885961
213.475627 154.109781 107.435420 145.256779 154.007388 253.752071 138.105101 137.724895 241.928941 79.414829 193.050307 155.841090
213.254870 154.166390 107.396418 145.188308 153.733078 253.724421 137.969727 137.730729 241.928941 79.414829 192.836597 155.794171
213.046447 154.219842 107.368750 145.139735 153.461124 253.690757 137.839248 137.736351 241.928941 79.414829 192.627478 155.748259
212.835479 154.273965 107.350239 145.107238 153.195280 253.642995 137.705959 137.734045 241.928941 79.414829 192.417968 155.702261
212.620249 154.329183 107.342468 145.093596 152.923531 253.594172 137.568962 137.718297 241.928941 79.414829 192.201425 155.654720
212.410831 154.382909 107.333262 145.077434 152.654397 253.538465 137.377564 137.694841 241.928941 79.414829 191.986770 155.609351
212.195989 154.438027 107.323462 145.060229 152.395796 253.457431 137.260680 137.679402 241.928941 79.414829 191.777870 155.565758
211.982503 154.492796 107.320294 145.054668 152.133282 253.375172 137.178800 137.670237 241.928941 79.414829 191.568186 155.522002
211.774925 154.546050 107.315543 145.046326 151.873536 253.293780 137.126864 137.664991 241.928941 79.414829 191.358405 155.478225
211.563279 154.600348 107.305050 145.027905 151.643944 253.221837 137.087663 137.661031 241.928941 79.414829 191.144317 155.433550
211.355992 154.653528 107.288271 144.998449 151.429811 253.154737 137.049259 137.657152 241.928941 79.414829 190.934554 155.387347
211.148898 154.706657 107.255078 144.895577 151.232472 253.092901 137.019459 137.654816 241.928941 79.414829 190.724460 155.339380
210.935122 154.761502 107.244912 144.836445 151.437678 253.244979 137.007375 137.654201 241.928941 79.414829 190.513782 155.291279
210.726187 154.815101 107.238423 144.798699 151.266536 253.154045 136.973896 137.707999 241.927422 79.425420 190.298313 155.240904
210.514537 154.869383 107.239857 144.514431 151.095129 253.062971 136.974250 137.750498 241.924425 79.446306 190.090967 155.184427
210.305406 154.923019 107.271973 144.447542 150.917629 252.968660 136.974708 137.805596 241.890535 79.648073 189.882559 155.127661
210.097533 154.976332 107.313786 144.360459 150.740129 252.874348 136.975288 137.875393 241.878440 79.706126 189.647849 155.067198
209.889855 155.029596 107.361181 144.261748 150.549736 252.773186 136.976057 137.967790 241.862837 79.781018 189.444412 154.992840
209.679276 155.083626 107.416022 144.147532 150.359077 252.671883 136.976922 138.071887 241.844235 79.870301 189.237406 154.917177
209.470830 155.137117 107.471322 144.017588 150.161090 252.566686 136.977952 138.195682 241.821534 79.979261 189.036005 154.843080
209.263546 155.190309 107.530274 143.869059 149.949944 252.454497 136.978792 138.296779 241.794550 80.108780 188.831947 154.767803
209.052969 155.244346 107.596568 143.702035 149.729349 252.337288 136.979442 138.374876 241.763568 80.257487 188.624849 154.687982
208.842973 155.298235 107.668137 143.521719 149.496833 252.213745 136.979957 138.436874 241.729302 80.421955 188.423894 154.602962
208.644706 155.315009 107.743838 143.330993 149.261174 252.073491 136.947372 138.617173 241.692711 80.597584 188.220084 154.516734
208.440038 155.367530 107.817805 143.144635 149.039772 251.916202 136.902826 138.676639 241.653938 80.783688 188.020972 154.432493
208.178902 155.434520 107.883730 142.978540 148.818978 251.756154 136.856420 138.740200 241.612085 80.984574 187.819280 154.347161
207.967163 155.488855 107.940358 142.835868 148.600694 251.597925 136.789052 139.036573 241.534129 81.358839 187.593183 154.251638
207.753389 155.543711 107.983743 142.726563 148.384840 251.441457 136.771631 139.087872 241.486339 81.585966 187.390472 154.177045
207.538550 155.598841 108.019011 142.637706 148.159997 251.278474 136.794112 139.222338 241.435851 81.825912 187.105151 154.097214
207.327196 155.653072 108.044761 142.572829 147.939770 251.118837 136.768179 139.286171 241.381966 82.082004 186.903399 154.015160
207.111957 155.708253 108.063096 142.526635 147.715738 250.956441 136.737013 139.362882 241.324828 82.353558 186.698589 153.931863
206.904564 155.761422 108.074606 142.497636 147.494135 250.795806 136.698470 139.457751 241.268575 82.620904 186.492761 153.848151
206.697478 155.814581 108.081505 142.480255 147.274636 250.636697 136.654771 139.565313 241.211745 82.890990 186.288693 153.765156
206.486712 155.868687 108.086264 142.468265 147.057193 250.476417 136.619728 139.651566 241.154916 83.161076 186.087465 153.685349
206.276333 155.922693 108.087002 142.466406 146.850403 250.302814 136.595902 139.710211 241.090515 83.428469 185.885590 153.611089
206.067892 155.976201 108.087407 142.465383 146.638405 250.124839 136.567522 139.780066 241.023252 83.690059 185.682588 153.536416
205.857029 156.030332 108.087813 142.464361 146.426790 249.947186 136.550095 139.822961 240.954395 83.957848 185.477992 153.461155
205.621092 156.090931 108.088477 142.462688 146.216860 249.770947 136.540723 139.846030 240.886857 84.220504 185.274240 153.386205
205.409154 156.145296 108.089363 142.460457 146.009305 249.596701 136.535716 139.858352 240.819021 84.484322 185.067390 153.310116
205.197793 156.199498 108.092277 142.453114 145.803817 249.424191 136.534098 139.862336 240.751434 84.747172 184.861192 153.237032
204.986845 156.259193 108.095081 142.446050 145.598635 249.251938 136.533383 139.864096 240.682452 85.015445 184.622736 153.159071
204.775284 156.324800 108.099434 142.435083 145.388552 249.075570 136.531970 139.919370 240.614142 85.281103 184.415425 153.083662
204.565347 156.389904 108.106185 142.418074 145.179848 248.900360 136.537997 139.956686 240.545733 85.547149 184.208490 153.008390
204.355124 156.455097 108.113231 142.400321 144.972675 248.726436 136.547134 140.013253 240.478623 85.808880 184.001694 152.932448
204.146878 156.514772 108.129390 142.359610 144.764124 248.551354 136.558598 140.084233 240.417167 86.078464 183.796141 152.856889
203.936415 156.568040 108.153295 142.299381 144.552202 248.373443 136.573634 140.177327 240.356778 86.343367 183.595469 152.783124
203.728956 156.620548 108.181185 142.229114 144.343881 248.198554 136.592019 140.291151 240.297501 86.603396 183.388424 152.710041
203.515294 156.674626 108.214830 142.144347 144.131806 248.020515 136.639741 140.453267 240.236156 86.872493 183.180745 152.642455
203.302003 156.725357 108.254931 142.043314 143.923477 247.843472 136.647457 140.595958 240.176012 87.136324 182.969928 152.573846
203.091220 156.767221 108.298315 141.934009 143.716502 247.665761 136.655821 140.750632 240.115734 87.400741 182.767004 152.507807
202.881222 156.808930 108.342548 141.822566 143.510513 247.488897 136.663764 140.897517 240.054679 87.668569 182.563550 152.442107
202.668183 156.851243 108.388662 141.706383 143.303462 247.311121 136.669369 141.001166 240.015964 87.937452 182.357108 152.376552
202.456667 156.897381 108.437175 141.584159 143.095880 247.132889 136.673148 141.071064 240.000268 88.209900 182.149046 152.310483
202.246965 156.943374 108.743209 141.437677 142.887843 246.954267 136.675454 141.113702 239.984515 88.483347 181.941568 152.259048
202.033721 156.982481 108.877001 141.417084 142.678667 246.774667 136.676400 141.140884 239.968699 88.757892 181.728543 152.219511
201.820150 157.016186 109.014322 141.405602 142.470099 246.595588 136.676657 141.149780 239.952831 89.033335 181.509312 152.186092
201.605429 157.043093 109.144129 141.395488 142.259406 246.414685 136.676701 141.151279 239.937141 89.305684 181.291366 152.156843
201.388526 157.070275 109.281120 141.384895 142.067529 246.249938 136.676704 141.151379 239.921411 89.578731 181.078078 152.128219
201.174428 157.096456 109.409536 141.374965 141.882793 246.047773 136.676707 141.151479 239.905468 89.855472 180.863700 152.099448
200.956876 157.117838 109.538252 141.365011 141.684014 245.877095 136.676707 141.151479 239.889502 90.132612 180.652890 152.071157
200.738624 157.136028 109.676240 141.354341 141.487662 245.708502 136.676707 141.151479 239.891887 90.404448 180.437620 152.042267
200.523102 157.141825 109.814527 141.343647 141.288744 245.538299 136.676707 141.151479 239.899023 90.680656 180.219475 152.012992
200.306097 157.143210 109.945237 141.333539 141.085266 245.368998 136.676707 141.151479 239.906012 90.951166 180.008665 151.984700
200.084326 157.135635 110.133482 141.317471 140.880405 245.198545 136.676707 141.151479 239.913105 91.225674 179.799143 151.956582
199.867495 157.127219 110.264552 141.303611 140.673545 245.026430 136.676707 141.151479 239.920243 91.501982 179.587541 151.928184
199.650958 157.116536 110.390430 141.257130 140.482413 244.824488 136.676707 141.151479 239.927240 91.772792 179.375145 151.899680
199.432670 157.104925 110.528063 141.242577 140.272327 244.649683 136.676707 141.151479 239.934384 92.049299 179.160172 151.870830
199.214660 157.091869 110.657675 141.231537 140.060473 244.473407 136.676707 141.151479 239.942862 92.325054 178.946686 151.842179
198.995664 157.071009 110.790640 141.222088 139.848235 244.296811 136.676707 141.151479 239.957317 92.600075 178.727253 151.812731
198.776563 157.043669 110.928392 141.212298 139.639456 244.123093 136.676707 141.151479 239.971882 92.877192 178.512572 151.788596
198.560836 157.016751 111.061357 141.202849 139.427526 243.946753 136.676707 141.151479 239.986096 93.147619 178.296276 151.788578
198.346165 156.977839 111.196616 141.193237 139.215288 243.770156 136.676707 141.151479 240.000624 93.424037 178.082298 151.785546
198.136085 156.938672 111.329980 141.183759 139.006201 243.596183 136.676707 141.151479 240.017025 93.694039 177.865101 151.784782
197.925122 156.896898 111.463942 141.174239 138.795373 243.418527 136.676707 141.151479 240.034172 93.968504 177.645288 151.803401
197.713832 156.847445 111.581645 141.165874 138.587709 243.243013 136.676707 141.151479 240.051181 94.240773 177.446500 151.820239
197.504685 156.798493 111.700513 141.191354 138.375845 243.063949 136.676707 141.151479 240.030301 94.513089 177.259500 151.835114
197.295147 156.749450 111.926494 141.179539 138.168410 242.888628 136.676707 141.151479 239.998575 94.781218 177.054136 151.849801
197.080534 156.699278 112.064245 141.173127 137.959065 242.711694 136.676707 141.151479 239.966473 95.052526 176.593153 151.871294
196.868504 156.650360 112.197800 141.166911 137.749415 242.534501 136.676707 141.151479 239.934736 95.320755 176.375341 151.856696
196.653453 156.600745 112.328459 141.160830 137.539231 242.356857 136.676707 141.151479 239.899321 95.589195 176.158059 151.837994
196.442592 156.552097 112.461215 141.154651 137.332254 242.181924 136.676707 141.151479 239.843054 95.859909 175.945626 151.816329
196.234557 156.504101 112.659465 141.145444 137.122299 242.004473 136.676707 141.151479 239.786625 96.131407 175.731239 151.779665
196.018824 156.454329 112.792423 141.139297 136.913489 241.827990 136.676707 141.151479 239.731111 96.398499 175.521968 151.737054
195.810594 156.406287 112.924182 141.133205 136.708448 241.648661 136.676707 141.151479 239.630141 96.649674 175.305373 151.690223
195.596908 156.356987 113.060237 141.126915 136.504737 241.470239 136.676707 141.151479 239.514429 96.995735 175.089234 151.640468
195.388580 156.308923 113.189998 141.120916 136.297863 241.290591 136.676707 141.151479 239.431041 97.252641 174.874351 151.589695
195.176063 156.259893 113.319260 141.114939 136.088705 241.115611 136.676707 141.151479 239.346943 97.511734 174.666486 151.535713
194.965494 156.211312 113.452717 141.108769 135.877246 240.938706 136.676707 141.151479 239.261950 97.773586 174.459346 151.476285
194.749445 156.162509 113.584976 141.102655 135.667550 240.763276 136.676707 141.151479 239.177883 98.032584 174.248847 151.426040
194.534640 156.117353 113.714266 141.097465 135.416371 240.596736 136.676707 141.151479 239.093075 98.293865 174.033868 151.388179
194.318465 156.071908 113.843829 141.061261 135.203728 240.419688 136.676707 141.151479 239.019481 98.559297 173.818962 151.354691
194.101508 156.026299 113.978786 141.057865 134.995850 240.246607 136.676707 141.151479 238.957385 98.827091 173.601821 151.321259
193.864262 155.980750 114.110545 141.054549 134.785436 240.071415 136.676707 141.151479 238.894905 99.096542 173.388391 151.289364
193.651208 155.947066 114.242903 141.051217 134.577021 239.897886 136.676707 141.151479 238.832732 99.366881 173.172489 151.257100
193.460280 155.916881 114.378160 141.047813 134.365838 239.722053 136.676707 141.151479 238.772278 99.636888 172.954837 151.237486
193.282488 155.888772 114.515316 141.044362 134.154425 239.546029 136.676707 141.151479 238.765580 99.913655 172.733836 151.219896
193.106177 155.853356 114.650973 141.040947 133.943012 239.370004 136.676707 141.151479 238.759453 100.188286 172.520411 151.202910
192.943452 155.817630 114.782532 141.037636 133.713963 239.222189 136.676707 141.151479 238.753262 100.465717 172.248414 151.181173
192.801435 155.786451 114.945197 141.001900 133.502707 239.046288 136.676707 141.151479 238.747154 100.739449 172.049424 151.165591
192.685105 155.760911 114.941524 140.868551 133.294602 238.873011 136.676707 141.151479 238.741062 101.014281 171.855417 151.150399
192.573562 155.736422 114.937704 140.729903 133.085421 238.698839 136.676707 141.151479 238.736310 101.289040 171.680453 151.136698
192.443461 155.707858 114.934135 140.600352 132.871474 238.525011 136.676707 141.151479 238.731605 101.561100 171.509177 151.123287
192.296852 155.675671 114.930937 140.462990 132.656686 238.358453 136.676707 141.151479 238.727254 101.812662 171.349453 151.110954
192.139774 155.641279 114.928000 140.332023 132.442925 238.192693 136.676707 141.151479 238.722654 102.078622 171.178549 151.097925
191.970911 155.606041 114.924941 140.195557 132.224107 238.023010 136.676707 141.151479 238.685521 102.317005 171.003557 151.084584
191.783547 155.566943 114.921930 140.061291 132.004656 237.852838 136.676707 141.151479 238.688670 102.547540 170.794824 151.068754
191.583555 155.525209 114.918982 139.929824 131.791132 237.687261 136.676707 141.151479 238.694420 102.770766 170.605464 151.054451
191.380546 155.449137 114.913798 139.737429 131.574369 237.519172 136.676707 141.151479 238.700497 103.006688 170.398272 151.040109
191.165383 155.404230 114.909268 139.598703 131.359581 237.352614 136.677212 141.168972 238.706997 103.259004 170.178648 151.029088
190.955076 155.358174 114.905038 139.469172 131.143528 237.185077 136.678038 141.197560 238.713517 103.512120 169.959524 151.018092
190.740208 155.309106 114.900639 139.334444 130.928108 237.018029 136.693436 141.347190 238.720092 103.767336 169.744894 151.007321
190.525339 155.260038 114.896393 139.204414 130.710396 236.849204 136.722882 141.411796 238.726638 104.021451 169.524172 150.996245
190.317258 155.211850 114.892172 139.075182 130.491487 236.679981 136.754311 141.497421 238.733243 104.277866 169.310740 150.985534
190.109811 155.155364 114.887923 138.945052 130.269893 236.523977 136.783396 141.595702 238.739957 104.538480 169.091117 150.974513
189.896575 155.097301 114.882808 138.814652 130.042903 236.364173 136.816418 141.708362 238.746722 104.801093 168.872440 150.945707
189.665072 155.038326 114.877400 138.679260 129.821392 236.208226 136.853940 141.836377 238.753500 105.064205 168.655645 150.903842
189.457784 154.962561 114.871956 138.542969 129.596282 236.049747 136.896750 141.982432 238.764341 105.318718 168.438065 150.861825
189.254724 154.888340 114.866683 138.410974 129.383356 235.899844 136.937077 142.248336 238.779605 105.540093 168.225099 150.820699
189.053775 154.814458 114.861439 138.279679 129.215480 235.741316 137.064307 142.610173 238.792956 105.733733 168.008108 150.778796
188.847734 154.738491 114.853151 138.087954 129.012613 235.598492 137.111250 142.792837 238.805413 105.914404 167.793529 150.728698
188.643402 154.660105 114.846572 137.951513 128.796663 235.446458 137.150132 142.990935 238.815539 106.061255 167.586297 150.677760
188.453502 154.579753 114.843253 137.818566 128.553191 235.268473 137.144537 143.264046 238.824295 106.188254 167.373725 150.625510
188.280087 154.506376 114.840922 137.684686 128.325607 235.119693 137.128909 143.456913 238.831931 106.298991 167.151695 150.548946
188.119658 154.438493 114.834210 137.444805 128.093839 234.968178 137.111770 143.668420 238.838204 106.389975 166.948112 150.490164
187.973411 154.376612 114.827206 137.312290 127.866255 234.819398 137.097467 143.844942 238.843906 106.472679 166.697154 150.435358
187.831124 154.316406 114.819891 137.173883 127.639737 234.672099 137.081772 144.057369 238.852473 106.550377 166.493624 150.360674
187.670933 154.245054 114.867530 137.047151 127.409112 234.523414 137.070032 144.227965 238.867571 106.608653 166.294975 150.287780
187.530256 154.193288 114.910109 136.947029 127.179831 234.375596 137.022895 144.518055 238.879685 106.655409 166.091070 150.212958
187.382539 154.138931 114.937542 136.882519 126.950971 234.228049 136.992031 144.708267 238.890069 106.695486 165.883315 150.136723
187.139691 154.075595 114.954605 136.842397 126.722363 234.080664 136.959293 144.910029 238.899650 106.732465 165.683447 150.063382
186.976652 154.009306 114.963488 136.821507 126.489468 233.930516 136.923896 145.128176 238.907701 106.763539 165.481996 149.991777
186.810278 153.941662 114.967676 136.811661 126.259599 233.782318 136.889553 145.360297 238.918937 106.806907 165.273891 149.918287
186.628619 153.867803 114.969437 136.807519 126.027881 233.632929 136.860631 145.610330 238.933685 106.863827 165.067467 149.847575
186.436214 153.789575 114.969632 136.807059 125.797384 233.491891 136.830513 145.870693 238.950388 106.928298 164.857188 149.790168
186.237324 153.708710 115.091307 136.755608 125.563313 233.356313 136.807607 146.146832 238.970955 107.007677 164.641350 149.754907
186.039668 153.632693 115.125781 136.772523 125.324224 233.217829 136.797914 146.420261 238.986104 107.066147 164.437796 149.733885
185.833858 153.556964 115.174349 136.796355 125.087211 233.080547 136.788228 146.693489 239.002983 107.131296 164.218249 149.687624
185.629268 153.481684 115.237820 136.827499 124.850718 232.943566 136.783346 146.963474 239.015875 107.181053 164.039996 149.694869
185.431061 153.408752 115.317809 136.866748 124.615436 232.807287 136.798289 147.236365 239.022270 107.205738 163.844957 149.702797
185.250684 153.342381 115.417280 136.915556 124.378337 232.669955 136.813423 147.511750 239.027663 107.226550 163.666805 149.710038
185.060453 153.272384 115.527972 136.969871 124.138209 232.530869 136.830154 147.785439 239.034209 107.251816 163.503895 149.753855
184.859150 153.201666 115.645847 137.027709 123.899725 232.392736 136.854611 148.057290 239.043639 107.288214 163.339654 149.767424
184.625206 153.124848 115.778833 137.056190 123.661888 232.252315 136.884523 148.289371 239.048104 107.305445 163.162359 149.782072
184.421386 153.050666 115.902630 137.116942 123.428462 232.113662 136.921391 148.477774 239.049358 107.310286 162.985522 149.802124
184.214183 152.975253 116.021269 137.174985 123.194004 231.974396 136.966259 148.626661 239.050010 107.312802 162.804894 149.845230
184.007952 152.899511 116.142688 137.233076 122.956538 231.833343 136.997450 148.730163 238.993499 107.504884 162.613372 149.890935
183.802394 152.823968 116.262123 137.290217 122.723284 231.694792 137.019033 148.801781 238.977446 107.536098 162.417395 149.941773
183.595427 152.747907 116.384805 137.348912 122.488912 231.555577 137.034095 148.851761 238.951742 107.586075 162.251373 149.981936
183.388227 152.675273 116.501534 137.404758 122.253251 231.415596 137.042232 148.878762 238.916936 107.653749 162.066408 150.071711
183.190909 152.611072 116.579383 137.442003 122.020169 231.277148 137.048031 148.898007 238.872754 107.739654 161.877756 150.163276
182.987314 152.544828 116.632064 137.467207 121.785712 231.137882 137.056630 148.926540 238.819425 107.843343 161.695906 150.253363
182.780011 152.477378 116.660660 137.480889 121.553232 230.999791 137.060438 148.939178 238.776229 107.968753 161.514533 150.360199
182.574083 152.410881 116.720599 137.483816 121.320064 230.861291 137.065315 148.955359 238.766111 108.099563 161.091623 150.680222
182.365450 152.344628 116.730317 137.487228 121.087300 230.716970 137.067075 148.961200 238.755638 108.234958 161.026532 150.876323
182.156721 152.278345 116.777737 137.442987 120.855372 230.570137 137.067334 148.962062 238.745597 108.364771 161.052481 151.084823
181.942656 152.225616 116.788049 137.402789 120.625810 230.424802 137.067450 148.962445 238.735163 108.499668 161.194225 151.245247
181.729900 152.186282 116.804424 137.338956 120.395657 230.279093 137.067508 148.962636 238.725060 108.630277 161.396683 151.312195
181.514312 152.153510 116.827226 137.258337 120.162462 230.131457 137.067508 148.962636 238.714502 108.766770 161.606787 151.258682
181.299240 152.124644 116.865150 137.166239 119.930196 229.984411 137.067508 148.962636 238.704083 108.901467 161.790293 151.154765
181.086845 152.096137 116.909280 137.059070 119.699705 229.838487 137.067508 148.962636 238.693402 109.039555 161.973941 151.033995
180.873954 152.067564 116.960340 136.935071 119.470827 229.689421 137.067508 148.962636 238.682875 109.175648 162.157923 150.913005
180.655909 152.038298 117.084760 136.711891 119.244600 229.531141 137.067508 148.962636 238.672549 109.309150 162.198957 150.650274
180.436080 152.008794 117.145170 136.553414 119.018045 229.372631 137.067508 148.962636 238.694133 109.458853 162.062509 150.482394
180.221504 151.979995 117.209462 136.384752 118.796734 229.217791 137.067508 148.962636 238.683742 109.593252 161.886934 150.360114
180.001576 151.950477 117.276033 136.210110 118.574522 229.062320 137.067508 148.962636 238.673597 109.724460 161.705207 150.236830
179.783333 151.921185 117.343531 136.033039 118.349769 228.905072 137.067508 148.962636 238.663145 109.859657 161.522478 150.112528
179.570343 151.892598 117.398526 135.888765 118.122805 228.746277 137.067508 148.962636 238.654779 109.984245 161.343303 149.990645
179.353685 151.863520 117.443905 135.769721 117.901494 228.591436 137.067508 148.962636 238.645231 110.128730 161.163799 149.868536
179.136235 151.834334 117.534943 135.535403 117.685504 228.428302 137.067508 148.962636 238.634628 110.289180 160.980242 149.743672
178.922353 151.805628 117.563151 135.466018 117.469779 228.263618 137.071836 148.976998 238.623233 110.461604 160.801812 149.622295
178.708273 151.776895 117.581642 135.420533 117.257177 228.096010 137.077866 148.997009 238.610685 110.651490 160.606463 149.541174
178.495382 151.755877 117.590982 135.397559 117.045990 227.916919 137.102784 149.060340 238.598328 110.838482 160.402840 149.602147
178.274688 151.755273 117.594861 135.388017 116.838616 227.741062 137.131162 149.110809 238.585899 111.026572 160.271272 149.761749
178.060210 151.752230 117.597007 135.382737 116.631624 227.565528 137.320373 149.248424 238.573290 111.217356 160.248775 149.972731
177.844883 151.753516 117.597158 135.382366 116.424784 227.390124 137.405916 149.223313 238.560799 111.406343 160.308335 150.180843
177.632638 151.771432 117.598928 135.378012 116.217258 227.214137 137.481549 149.046544 238.548387 111.594133 160.469786 150.319039
177.418600 151.789500 117.600020 135.375326 116.008282 227.036922 137.499358 148.914641 238.535566 111.788110 160.676748 150.348734
177.202506 151.805489 117.602129 135.370138 115.799230 226.859642 137.516564 148.787197 238.522963 111.978794 160.845990 150.314824
176.735106 151.836126 117.603334 135.367174 115.592085 226.683979 137.534440 148.654798 238.510340 112.169777 160.969657 150.269293
176.519127 151.833457 117.607590 135.356706 115.380288 226.504371 137.552944 148.517742 238.497757 112.360162 161.061158 150.235332
176.301666 151.818217 117.614632 135.339382 115.171465 226.327285 137.557496 148.386816 238.485265 112.549150 161.111971 150.216473
176.087982 151.798405 117.619302 135.327895 114.960812 226.148647 137.558152 148.253517 238.471193 112.743034 161.141315 150.205582
175.872455 151.770423 117.627738 135.307145 114.758604 225.961891 137.558797 148.122319 238.458692 112.934926 161.215089 150.174768
175.666618 151.734279 117.633236 135.293619 114.562475 225.771558 137.551711 147.985998 238.446303 113.127027 161.281077 150.144020
175.455818 151.689040 117.640655 135.275370 114.365630 225.580529 137.541119 147.847804 238.433797 113.320924 161.359211 150.107612
