161.404246 371.294750 409.349706 242.184289 375.411829 233.772775 243.467240 321.923496 307.170800 329.506600 261.052641 288.813454
161.238415 370.480331 408.871259 242.077588 374.765387 233.613395 243.484815 321.890030 307.200947 329.478225 261.103212 288.827916
161.128644 369.941396 408.459182 241.985689 374.118556 233.453918 243.499972 321.861167 307.250463 329.431619 261.827560 289.091606
161.019990 369.407949 408.087318 241.902757 373.475221 233.295304 243.518104 321.826639 307.323718 329.362669 261.957157 289.138052
160.911935 368.877442 407.741025 241.825529 372.831498 233.136594 243.528426 321.806984 307.420711 329.271375 262.123049 289.216252
160.802163 368.338508 407.372968 241.707327 372.187968 232.977932 243.540607 321.783788 307.547706 329.151844 262.419122 289.314625
160.693071 367.802905 407.051173 241.626463 371.548322 232.820227 243.557717 321.751207 307.696546 329.011751 262.612118 289.450451
160.583100 367.262991 406.742373 241.548865 370.862883 232.651019 243.573060 321.721991 307.869317 328.844086 262.826867 289.601585
160.475005 366.732287 406.397108 241.462103 370.225012 232.500537 243.585985 321.697378 308.061039 328.648054 263.073509 289.775165
160.366431 366.199232 406.040980 241.372611 369.583944 232.353120 243.594819 321.680557 308.246468 328.458457 263.300087 289.936773
160.257817 365.665981 405.667976 241.278879 368.935273 232.203955 243.603001 321.664975 308.422719 328.264135 263.451168 290.070857
160.147048 365.122147 405.261028 241.176617 368.288552 232.055238 243.610161 321.651341 308.586265 328.079837 263.539124 290.148918
160.038194 364.587720 404.844770 241.072016 367.647483 231.907821 243.616392 321.639477 308.688485 327.943961 263.596415 290.199764
159.927545 364.044475 404.416679 240.964441 366.963832 231.747519 243.623923 321.625134 308.737459 327.871088 264.251569 290.698443
159.818053 363.506912 403.958523 240.849311 366.316292 231.595258 243.628294 321.616812 308.762113 327.834403 264.379730 290.764539
159.707323 362.963274 403.471272 240.726869 365.673230 231.444050 243.635547 321.603001 308.775165 327.814981 264.540336 290.847134
159.598151 362.427280 402.973114 240.593959 365.033284 231.293574 243.637779 321.598751 308.782751 327.803693 264.732180 290.919434
159.489976 361.896184 402.457009 240.453795 364.396841 231.143923 243.640103 321.594324 308.788441 327.795228 264.959895 291.018432
159.381163 361.361953 401.919286 240.307760 363.760399 230.994271 243.642335 321.590075 308.789333 327.793900 265.231769 291.025902
159.278816 360.859471 401.353770 240.154177 363.122507 230.840387 243.647263 321.580690 308.789400 327.793800 265.674830 290.939806
159.193683 360.423510 400.770889 240.003756 362.476636 230.681197 243.650704 321.574138 308.789400 327.793800 265.941076 290.866401
158.629772 358.779113 400.161106 239.850284 361.836591 230.523443 243.654702 321.566524 308.789400 327.793800 266.137301 290.803697
158.520989 358.511584 399.527466 239.690808 361.201982 230.367029 243.659352 321.557671 308.789400 327.793800 266.262466 290.763700
158.442495 358.310223 398.890530 239.530502 360.562714 230.209466 243.664745 321.547401 308.789400 327.793800 266.353339 290.734661
158.397576 358.174672 398.247193 239.368586 359.925335 230.045053 243.668743 321.539787 308.789400 327.793800 266.391060 290.722607
158.374425 358.104808 397.610256 239.208280 359.295512 229.852500 243.675531 321.526861 308.789400 327.793800 266.399442 290.719929
158.365428 358.077660 396.970410 239.047242 358.663776 229.659362 243.681668 321.515174 308.789400 327.793800 266.401728 290.719198
158.361150 358.064751 396.335748 238.880505 358.037587 229.467919 243.688549 321.502071 308.789400 327.793800 266.402109 290.719076
158.360521 358.062852 395.701924 238.713723 357.414240 229.244120 243.693943 321.491801 308.789400 327.793800 266.402300 290.719015
158.360395 358.062472 395.059783 238.544752 356.800797 229.019715 243.699615 321.481000 308.789400 327.793800 266.402300 290.719015
158.360395 358.062472 394.415808 238.379072 356.181593 228.781636 243.708821 321.463470 308.789400 327.793800 266.402300 290.719015
158.360395 358.062472 393.773869 238.233668 355.564998 228.544010 243.716910 321.448065 308.789400 327.793800 266.402300 290.719015
158.360395 358.062472 393.135247 238.089016 354.943176 228.304371 243.726953 321.428942 308.789400 327.793800 266.402300 290.719015
158.360395 358.062472 392.488432 237.942509 354.333112 228.069262 243.732160 321.419026 308.789400 327.793800 266.402300 290.719015
158.360395 358.062472 391.842787 237.796266 353.735254 227.803097 243.735880 321.411943 308.789400 327.793800 266.402300 290.719015
158.360395 358.062472 391.200848 237.650863 353.141284 227.513975 243.746480 321.391757 308.789400 327.793800 266.402300 290.719015
158.360395 358.062472 390.561454 237.505147 352.547673 227.225028 243.750758 321.383612 308.789400 327.793800 266.402300 290.719015
158.360018 358.061333 389.923532 237.342216 351.965424 226.928375 243.753361 321.378654 308.789400 327.793800 266.402300 290.719015
158.358319 358.056207 389.285029 237.179136 351.389383 226.618287 243.756616 321.372457 308.789400 327.793800 266.402300 290.719015
158.357187 358.052790 388.642263 237.014967 350.812461 226.307725 243.765822 321.354927 308.789400 327.793800 266.402300 290.719015
158.354104 358.043488 388.005892 236.852431 350.228143 225.993182 243.774097 321.339168 308.789400 327.793800 266.402300 290.719015
158.349952 358.030958 387.370566 236.691477 349.663884 225.663917 243.780978 321.326065 308.789400 327.793800 266.402300 290.719015
158.342339 358.007986 386.676467 236.517905 349.112483 225.308540 243.792788 321.303577 308.789400 327.793800 266.402300 290.719015
158.331707 357.975902 386.034533 236.351308 348.558224 224.951321 243.801064 321.287818 308.789400 327.793800 266.402300 290.719015
158.316734 357.930718 385.395696 236.185515 348.003629 224.593885 243.810362 321.270111 308.789400 327.793800 266.402300 290.719015
158.298238 357.874903 384.761311 236.020878 347.451892 224.238292 243.818359 321.254883 308.789400 327.793800 266.402300 290.719015
158.269298 357.787573 384.123055 235.855235 346.902377 223.881600 243.829053 321.234520 308.789400 327.793800 266.402300 290.719015
158.229034 357.666071 383.483444 235.689241 346.374203 223.476690 243.843652 321.206720 308.887177 327.553818 266.402300 290.719015
158.176314 357.506979 382.847203 235.533729 345.856835 223.064325 243.854903 321.185295 309.228332 327.560151 266.402300 290.719015
158.110634 357.308778 382.207419 235.381696 345.343064 222.654827 243.876662 321.143861 309.333307 327.635126 266.402300 290.719015
158.033503 357.076025 381.560046 235.227861 344.826635 222.243210 243.898700 321.101895 309.459114 327.724979 266.402300 290.719015
157.943602 356.804733 380.914230 235.074395 344.325099 221.823471 243.921947 321.057628 309.622517 327.841685 266.402300 290.719015
157.845895 356.494516 380.271721 234.921716 343.827608 221.385211 243.934965 321.032839 309.816029 327.979894 266.402300 290.719015
157.676922 355.526521 379.631353 234.769545 343.333719 220.950124 243.957840 320.989280 310.034279 328.135773 266.402300 290.719015
157.591597 355.177222 378.969857 234.676995 342.839979 220.515169 243.994142 320.924124 310.282476 328.313039 266.402300 290.719015
157.489512 354.796470 378.327615 234.509992 342.356190 220.067967 244.046096 320.834031 310.559643 328.510996 266.402300 290.719015
157.382352 354.396786 377.685566 234.343041 341.813852 219.538944 244.117033 320.711019 310.867569 328.730923 266.402300 290.719015
157.270892 353.981069 377.043130 234.175988 341.347465 219.075633 244.208253 320.552836 311.199095 328.967704 266.402300 290.719015
157.154719 353.547772 376.399649 234.016322 340.899353 218.586438 244.311962 320.372997 311.556661 329.223084 266.402300 290.719015
157.027209 353.092336 375.753983 233.857133 340.455440 218.089954 244.401883 320.217067 311.892421 329.544066 266.402300 290.719015
156.847432 352.627704 375.109871 233.698327 340.013926 217.596153 244.487907 320.067893 312.294249 329.831072 266.402300 290.719015
156.656397 352.133973 374.466924 233.539809 339.582152 217.096814 244.559144 319.944362 312.717886 330.133655 266.474733 290.822998
156.466877 351.644160 373.853300 233.388519 339.159992 216.595224 244.616094 319.845606 313.156658 330.447049 266.475456 290.896195
156.206674 351.024572 373.288998 233.249391 338.731522 216.086137 244.682136 319.731084 313.592183 330.787017 266.542211 290.972191
