139.177034 156.269432 149.707945 190.822353 126.838500 113.922100 179.502701 151.916798 225.807122 77.943836 139.492036 244.043370
139.188091 156.261863 149.695090 190.845461 126.819176 113.934939 179.283467 151.887376 225.752830 78.171712 139.283946 243.870232
139.192630 156.258756 149.682644 190.864803 126.786443 113.956687 179.065223 151.858087 225.718263 78.325782 139.073319 243.694982
139.194610 156.257401 149.674798 190.876996 126.737717 113.989061 178.849358 151.829118 225.679318 78.499367 138.864595 243.520265
139.195848 156.256554 149.660079 190.899870 126.671750 114.032890 178.635178 151.800374 225.638250 78.682416 138.654871 243.343006
139.195931 156.256497 149.648986 190.917110 126.506688 114.140373 178.416172 151.788867 225.594577 78.877077 138.442855 243.163810
139.195931 156.256497 149.637677 190.934685 126.408200 114.203162 178.194986 151.787143 225.557476 79.089777 138.234505 242.987713
139.195931 156.256497 149.632428 190.942843 126.296558 114.274336 177.979108 151.784084 225.526807 79.313283 138.023940 242.809744
139.195931 156.256497 149.628262 190.949318 126.183229 114.346586 177.758483 151.793813 225.496451 79.534510 137.817194 242.635003
139.195931 156.256497 149.530460 191.025050 126.069226 114.419265 177.538969 151.812406 225.466747 79.750981 137.610295 242.460132
139.195931 156.256497 149.528255 191.026428 125.952187 114.493880 177.324138 151.830603 225.437912 79.980555 137.400036 242.282422
139.195931 156.256497 149.526644 191.027435 125.835655 114.568173 177.107161 151.845491 225.416141 80.181178 137.193137 242.107551
139.195931 156.256497 149.520623 191.031198 125.635995 114.696619 176.651531 151.873748 225.393603 80.388858 136.982114 241.929195
139.195931 156.256497 149.516553 191.033742 125.523532 114.770573 176.437602 151.860869 225.370569 80.601112 136.773845 241.749785
139.195931 156.256497 149.507310 191.039519 125.415497 114.841616 176.216308 151.843399 225.388101 80.946642 136.569992 241.571221
139.195931 156.256497 149.492666 191.040772 125.303619 114.915186 176.001830 151.823498 225.456765 81.155093 136.365688 241.392262
139.195931 156.256497 149.479785 191.040078 125.189903 114.989964 175.786240 151.789071 225.617816 81.296383 136.155742 241.214665
139.195931 156.256497 149.450128 191.038478 125.080281 115.062051 175.571248 151.747618 225.866904 81.347226 135.944118 241.037645
139.195931 156.256497 149.423766 191.037056 124.967317 115.136335 175.356777 151.701374 226.104513 81.331932 135.734488 240.862293
139.195931 156.256497 149.377833 191.034578 124.857779 115.208366 175.148210 151.654403 226.356691 81.315700 135.482011 240.694339
139.195931 156.256497 149.327426 191.025170 124.742391 115.284244 174.940626 151.605355 226.621742 81.298640 135.268988 240.516967
139.195931 156.256497 149.268137 191.008092 124.634942 115.354902 174.727380 151.552628 226.898486 81.281090 135.058501 240.341707
139.195931 156.256497 149.220283 190.994308 124.524568 115.427483 174.514454 151.492341 227.187712 81.262860 134.847014 240.165614
139.195931 156.256497 149.162242 190.977590 124.444273 115.480284 174.303544 151.436017 227.492208 81.243667 134.635451 239.989458
139.195931 156.256497 149.124863 190.965810 124.395394 115.512426 174.085541 151.396253 227.809578 81.223663 134.423119 239.812661
139.197664 156.255311 149.075388 190.950128 124.370412 115.528854 173.872120 151.362975 228.131372 81.209962 134.210710 239.635801
139.199974 156.253729 149.025569 190.947285 124.254508 115.489037 173.653547 151.328988 228.466929 81.197187 133.998840 239.459389
139.207649 156.248476 148.991425 190.945337 124.227604 115.432956 173.434776 151.296296 228.815077 81.183932 133.787046 239.283041
139.216313 156.242546 148.943544 191.015499 124.193997 115.362900 173.218676 151.264002 229.174118 81.170291 133.577865 239.108868
139.227618 156.234807 148.936835 191.093177 124.152171 115.275714 173.003683 151.241374 229.495787 81.158115 133.369299 238.935207
139.238346 156.227464 148.928116 191.184662 124.103078 115.173380 172.790856 151.224435 229.784581 81.147184 133.156583 238.758091
139.245690 156.222437 148.904054 191.283130 124.045075 115.052473 172.577331 151.207440 230.041197 81.137471 132.946389 238.583104
139.251797 156.218258 148.867129 191.390700 123.985861 114.929042 172.359022 151.190064 230.280026 81.128431 132.728598 238.414218
139.256418 156.215094 148.826083 191.508558 123.929070 114.810660 172.088703 151.168666 230.530846 81.118938 132.510570 238.245148
139.264835 156.209333 148.790241 191.636015 123.871499 114.690654 171.875456 151.151968 230.823092 81.108167 132.294280 238.077426
139.281504 156.197923 148.756993 191.781360 123.812805 114.568305 171.659118 151.135028 231.092173 81.100158 132.077754 237.909521
139.308488 156.179453 148.720199 191.942206 123.772925 114.485176 171.439690 151.117846 231.374648 81.091751 131.859725 237.740451
139.330686 156.164259 148.667192 192.116376 123.745199 114.427382 171.222222 151.101254 231.663266 81.081584 131.643041 237.572423
139.360393 156.143925 148.616816 192.305032 123.729455 114.394563 171.006548 151.084812 231.960037 81.069931 131.424855 237.403231
139.371203 156.136525 148.564756 192.506722 123.653506 114.368297 170.755835 151.065809 232.266201 81.057911 131.207222 237.234468
139.385975 156.126415 148.512247 192.710154 123.591227 114.404626 170.537657 151.049329 232.547185 81.046878 130.991643 237.067298
139.400085 156.116756 148.454342 192.921143 123.511400 114.451890 170.320070 151.036185 232.803587 81.036811 130.772825 236.897615
139.417415 156.104894 148.396359 193.127553 123.419510 114.506319 170.103842 151.025334 233.037307 81.027634 130.559380 236.732100
139.428225 156.097495 148.339458 193.330113 123.310843 114.570686 169.886216 151.014413 233.254040 81.019125 130.334327 236.569339
139.438127 156.090717 148.280826 193.538834 123.194690 114.639487 169.664595 151.003291 233.464702 81.011567 130.113470 236.413853
139.441098 156.088684 148.224384 193.739757 123.079054 114.707982 169.445471 150.992295 233.674815 81.005541 129.891876 236.257848
139.442913 156.087441 148.156020 193.938528 122.967750 114.775515 169.229842 150.981475 233.885979 80.999092 129.667830 236.100117
139.443326 156.087158 148.079013 194.140335 122.851339 114.848691 169.008321 150.970358 234.090266 80.987767 129.445500 235.943595
139.443656 156.086933 148.001186 194.344290 122.740516 114.918355 168.791829 150.930141 234.303641 80.975989 129.224561 235.788051
139.443656 156.086933 147.923502 194.547872 122.630200 114.987699 168.577194 150.888692 234.524005 80.963825 129.001741 235.631183
139.443656 156.086933 147.843155 194.750089 122.514166 115.057448 168.366193 150.847946 234.748829 80.943506 128.776795 235.472819
139.443656 156.086933 147.762331 194.951152 122.394819 115.127328 168.148514 150.805910 235.017899 80.924595 128.539776 235.299140
139.443656 156.086933 147.682027 195.154332 122.282289 115.193216 167.939096 150.764478 235.259508 80.910856 128.308673 235.148068
139.443656 156.086933 147.609061 195.363575 122.226193 115.332667 167.724969 150.711846 235.509105 80.896663 128.082341 235.000115
139.443656 156.086933 147.538203 195.566774 122.284946 115.452543 167.516670 150.660646 235.754409 80.882714 127.852494 234.849864
139.443656 156.086933 147.466686 195.771863 122.343743 115.572509 167.308370 150.609445 235.997416 80.868895 127.621200 234.699455
139.443656 156.086933 147.392603 195.976720 122.400384 115.688076 167.072145 150.525977 236.240686 80.842231 127.387967 234.549093
139.443656 156.086933 147.307835 196.180817 122.458432 115.806515 166.823046 150.481554 236.480133 80.813206 127.159945 234.402091
139.453394 156.080267 147.225253 196.379649 122.520724 115.921051 166.621206 150.407489 236.724408 80.779796 126.930830 234.254384
139.520096 156.038129 147.141866 196.580421 122.584177 116.035658 166.415422 150.331978 236.960507 80.728061 126.703565 234.107869
139.534807 156.028837 147.057175 196.784333 122.649956 116.154463 166.214709 150.258327 237.206248 80.682464 126.474366 233.960108
139.542162 156.024191 146.972560 196.988060 122.715638 116.273094 166.010240 150.183298 237.444763 80.614169 126.243318 233.811156
139.547320 156.020933 146.888929 197.189381 122.782773 116.394349 165.809339 150.109578 237.683278 80.545875 126.010422 233.661011
139.548419 156.020239 146.804302 197.393102 122.848988 116.513942 165.604380 150.035024 237.914679 80.479618 125.778814 233.519297
139.549095 156.019812 146.721725 197.591937 122.915058 116.633273 165.398176 149.962156 238.144350 80.413856 125.544490 233.383560
139.549095 156.019812 146.639876 197.789016 122.977882 116.746742 165.192060 149.890255 238.376460 80.338355 125.309559 233.247472
139.549095 156.019812 146.560879 197.991555 123.043079 116.864498 164.989324 149.820807 238.608706 80.249675 125.072812 233.110331
139.549095 156.019812 146.480795 198.196891 123.108132 116.981991 164.776656 149.777011 238.840577 80.161138 124.836757 232.973591
139.549095 156.019812 146.401748 198.399626 123.170375 117.094410 164.564952 149.745663 239.070113 80.073493 124.598278 232.835448
139.549095 156.019812 146.323298 198.600876 123.233925 117.209192 164.356345 149.726341 239.298970 79.976142 124.360925 232.697956
139.549095 156.019812 146.244987 198.801751 123.300528 117.329484 164.122229 149.691527 239.532614 79.841033 124.122966 232.560113
139.549095 156.019812 146.166498 199.002986 123.367275 117.450040 163.912002 149.700072 239.739705 79.677141 123.887344 232.423624
139.568034 156.007850 146.088772 199.202264 123.431892 117.566746 163.703774 149.708535 239.929238 79.476509 123.652577 232.285084
139.592552 155.992363 146.008321 199.408530 123.498156 117.686426 163.492630 149.721694 240.058206 79.239121 123.417690 232.145561
139.607094 155.983178 145.929618 199.610861 123.562191 117.802082 163.278861 149.739386 240.149572 78.991198 123.181944 232.005528
139.610814 155.980828 145.850637 199.817266 123.629327 117.923337 163.068281 149.756814 240.194843 78.718899 122.946456 231.865648
139.612083 155.980027 145.772122 200.021493 123.694477 118.041005 162.860923 149.798269 240.206433 78.445245 122.713633 231.727351
139.612336 155.979867 145.691778 200.227908 123.760062 118.159460 162.652336 149.847854 240.271677 78.181279 122.480208 231.588696
139.612505 155.979760 145.613073 200.430132 123.826762 118.279928 162.438537 149.901653 240.425119 77.955366 122.247127 231.450246
139.612505 155.979760 145.533868 200.633663 123.886412 118.395764 162.261533 149.940316 240.636192 77.812177 122.013186 231.311285
139.612505 155.979760 145.455424 200.835238 123.949339 118.519143 162.092312 150.022449 240.865495 77.753949 121.776236 231.170537
139.612505 155.979760 145.375820 201.039795 124.009949 118.637979 161.942073 150.095370 241.059735 77.780164 121.539114 231.029687
139.612505 155.979760 145.296869 201.242674 124.068469 118.752717 161.785088 150.171565 241.234054 77.803690 121.302336 230.889041
139.612505 155.979760 145.217707 201.446115 124.130033 118.873424 161.619707 150.260019 241.371607 77.822253 121.068743 230.744158
139.612505 155.979760 145.137608 201.651981 124.188689 118.988429 161.455006 150.356936 241.494592 77.838851 120.840363 230.599573
139.612505 155.979760 145.058779 201.854586 124.247292 119.103350 161.027360 150.627092 241.584973 77.851049 120.611139 230.454452
139.612505 155.979760 144.983140 202.048990 124.306074 119.218628 160.873632 150.742417 241.654839 77.860478 120.381661 230.309171
139.612505 155.979760 144.906559 202.245816 124.368580 119.341212 160.718699 150.869049 241.707462 77.867580 120.149311 230.162072
139.612505 155.979760 144.830784 202.440596 124.429320 119.460318 160.575168 151.012626 241.741752 77.872208 119.915693 230.014170
139.612505 155.979760 144.733399 202.685425 124.490889 119.581022 160.434528 151.161363 241.771086 77.876166 119.681400 229.865840
139.612505 155.979760 144.666190 202.887860 124.552321 119.701460 160.290279 151.319820 241.788627 77.878534 119.450981 229.715658
139.612505 155.979760 144.598918 203.090485 124.610712 119.815927 160.157800 151.484151 241.797744 77.879764 119.224495 229.557225
139.612505 155.979760 144.529692 203.298993 124.670879 119.933866 160.045117 151.667373 241.806663 77.880968 118.997681 229.398563
139.612505 155.979760 144.462295 203.501998 124.730183 120.050113 159.934530 151.845189 241.821627 77.882987 118.776111 229.243570
139.612505 155.979760 144.394617 203.705857 124.791260 120.169833 159.820838 152.027434 241.843826 77.885983 118.549461 229.085022
139.612505 155.979760 144.326278 203.911710 124.852836 120.290533 159.710057 152.205013 241.876431 77.890384 118.324040 228.927335
139.612505 155.979760 144.257308 204.119461 124.913959 120.410343 159.600970 152.379876 241.927864 77.897325 118.099274 228.770106
139.621221 155.896571 144.189985 204.329847 124.974672 120.529351 159.478156 152.573532 241.997235 77.906687 117.876639 228.614367
139.591348 155.869971 144.131626 204.541667 125.032794 120.643282 159.364478 152.750579 242.081379 78.145720 117.660597 228.450796
139.551616 155.834592 144.078062 204.753912 125.094598 120.764427 159.250692 152.927793 242.066215 78.242034 117.443215 228.284822
139.499495 155.783625 144.025525 204.962085 125.287800 121.132500 159.134312 153.109047 242.050257 78.343385 117.228368 228.114742
139.420986 155.735029 143.972646 205.171616 125.347240 121.251255 159.022791 153.326128 242.032787 78.458666 117.018168 227.936497
139.323027 155.684115 143.921686 205.370078 125.406948 121.370547 158.915960 153.519103 242.020173 78.546566 116.810790 227.760645
139.208476 155.624577 143.874091 205.555259 125.465045 121.486619 158.805065 153.701582 242.008283 78.629417 116.602649 227.584147
139.081058 155.558353 143.826620 205.739956 125.526947 121.610292 158.680092 153.877389 241.997217 78.706527 116.394356 227.407519
138.936338 155.483135 143.775664 205.938212 125.586297 121.728868 158.556900 154.052862 241.988637 78.766315 116.186444 227.231214
138.800934 155.412760 143.696022 206.231484 125.644439 121.845030 158.433437 154.229245 241.980526 78.822836 115.975862 227.052645
138.675291 155.347458 143.642384 206.403097 125.705109 121.964844 158.298864 154.404191 241.974517 78.864707 115.764594 226.873495
138.520259 155.199497 143.600559 206.536913 125.763990 122.080184 158.161456 154.576769 241.970028 78.895986 115.555691 226.696349
138.511188 155.080630 143.571203 206.630832 125.825690 122.201046 158.018709 154.737145 241.965482 78.927662 115.345491 226.518104
138.556964 154.996999 143.550546 206.696981 125.884762 122.316510 157.868302 154.900565 241.963820 78.939243 115.137045 226.341347
138.644173 154.958819 143.537702 206.738123 125.948465 122.431093 157.718436 155.063396 241.961846 78.953002 114.926768 226.163037
138.746753 154.914829 143.496386 206.949067 126.014403 122.549696 157.572499 155.221959 241.960880 78.959733 114.725170 225.975313
138.813911 154.887783 143.489077 207.031443 126.079515 122.666813 157.424461 155.382804 241.960383 78.963198 114.529403 225.785325
138.882925 154.859990 143.480565 207.127366 126.143704 122.782269 157.277440 155.542545 241.960312 78.963692 114.333349 225.595060
138.956484 154.830366 143.470746 207.238031 126.208135 122.898163 157.127710 155.705229 241.960269 78.963989 114.137941 225.405421
139.024849 154.802834 143.459759 207.361845 126.273101 123.015018 156.996649 155.848128 241.960269 78.963989 113.943680 225.216896
139.092007 154.775788 143.446970 207.505978 126.336692 123.129434 156.859297 155.998689 241.960269 78.963989 113.746981 225.026004
139.168813 154.744857 143.432811 207.665551 126.402417 123.247698 156.730939 156.137534 241.960269 78.963989 113.552433 224.837201
139.240516 154.715980 143.417140 207.842158 126.466684 123.363340 156.639735 156.279426 241.960269 78.963989 113.355590 224.646169
139.312962 154.686805 143.399967 208.035697 126.531291 123.479593 156.529412 156.393647 241.960269 78.963989 113.159321 224.455694
139.381048 154.659385 143.381627 208.242385 126.597696 123.599081 156.427148 156.499524 241.960269 78.963989 112.963267 224.265428
139.454647 154.622390 143.362447 208.458536 126.660360 123.711838 156.327594 156.602596 241.960269 78.963989 112.772142 224.073245
139.517888 154.587209 143.343073 208.676878 126.723996 123.826344 156.222343 156.711566 241.960269 78.963989 112.582880 223.873320
139.575301 154.540521 143.335997 208.896089 126.791081 123.947055 156.105698 156.832332 241.960269 78.963989 112.396986 223.676954
139.632548 154.480543 143.338658 209.113973 126.881586 124.093736 155.982083 156.961101 241.960269 78.963989 112.206074 223.475287
139.733910 154.358472 143.341280 209.328657 126.918279 124.142340 155.866082 157.082208 241.960269 78.963989 112.018874 223.277541
139.811654 154.221327 143.343922 209.545041 126.936958 124.167081 155.760318 157.192628 241.960269 78.963989 111.828924 223.076890
139.804995 154.093601 143.346539 209.759325 126.921043 124.313865 155.659258 157.298136 241.960269 78.963989 111.639936 222.877256
139.797940 153.958284 143.349203 209.977509 126.870396 124.337991 155.562625 157.399023 241.960269 78.963989 111.453286 222.680091
139.790943 153.824067 143.351908 210.198992 126.742587 124.400181 155.466476 157.499404 241.960269 78.963989 111.263543 222.479658
139.784238 153.695441 143.354572 210.417176 126.663424 124.439971 155.379389 157.590325 241.960269 78.963989 111.073662 222.279080
139.766495 153.497977 143.367878 210.637360 126.571128 124.486362 155.291671 157.681193 241.960269 78.963989 110.885980 222.080826
139.751046 153.361650 143.389730 210.853860 126.464267 124.540074 155.205349 157.769794 241.960269 78.963989 110.695325 221.880155
139.735608 153.231361 143.411893 211.073445 126.341949 124.601555 155.119654 157.857751 241.960269 78.963989 110.504188 221.679252
139.720052 153.100080 143.433886 211.291338 126.226868 124.659398 155.053988 157.925150 241.960269 78.963989 110.317876 221.483421
139.704920 152.972373 143.455376 211.504256 126.022131 124.761648 154.989229 157.991619 241.960269 78.963989 110.131771 221.287807
139.688681 152.835332 143.477429 211.722746 125.906638 124.825232 154.925865 158.056655 241.960269 78.963989 109.941323 221.087628
139.673160 152.704348 143.499452 211.940937 125.760403 124.932173 154.869689 158.114314 241.960269 78.963989 109.753977 220.890710
139.654298 152.508048 143.521575 212.160123 125.656063 125.013677 154.820352 158.164953 241.960269 78.963989 109.566700 220.693864
139.633810 152.307144 143.550255 212.375082 125.553457 125.093827 154.764665 158.222110 241.960269 78.963989 109.379423 220.497019
139.612408 152.170004 143.592811 212.584195 125.449589 125.174962 154.713095 158.275042 241.960269 78.963989 109.188838 220.296695
139.591146 152.033753 143.635746 212.795171 125.310637 125.302649 154.678691 158.310353 241.960269 78.963989 109.001768 220.100067
139.570778 151.903232 143.678800 213.006734 125.204242 125.382622 154.647428 158.342442 241.960269 78.963989 108.811802 219.900396
139.549624 151.767673 143.721595 213.217024 125.096488 125.463617 154.616793 158.373885 241.960269 78.963989 108.620985 219.700571
139.519646 151.577886 143.764331 213.427020 124.991691 125.542388 154.585739 158.405759 241.960269 78.963989 108.428880 219.500594
139.498154 151.442380 143.758343 213.799957 124.884897 125.622662 154.556221 158.436056 241.960269 78.963989 108.236845 219.300688
139.481427 151.314133 143.546636 213.790299 124.777622 125.703296 154.534309 158.458547 241.960269 78.963989 108.046265 219.102296
139.468699 151.176721 143.332614 213.747893 124.670987 125.783449 154.519375 158.473875 241.960269 78.963989 107.854991 218.903184
139.456138 151.041102 143.092258 213.727713 124.564672 125.863362 154.508070 158.485478 241.960269 78.963989 107.665381 218.705802
139.444286 150.913150 142.872258 213.737108 124.464912 125.938348 154.494253 158.499660 241.960269 78.963989 107.477502 218.510223
139.431678 150.777032 142.656855 213.746307 124.386015 125.997652 154.477086 158.517280 241.960269 78.963989 107.287961 218.312914
139.419116 150.641413 142.439253 213.755599 124.338406 126.081510 154.466200 158.528453 241.960269 78.963989 107.097242 218.114378
139.566919 150.573431 142.220952 213.764921 124.334118 126.109383 154.402008 158.546918 241.960269 78.963989 106.909364 217.918799
139.689179 150.533565 142.000653 213.774329 124.332081 126.122627 154.312672 158.642856 241.960269 78.963989 106.717075 217.721645
139.723486 150.379620 141.779654 213.783766 124.331624 126.125592 154.235113 158.727088 241.960269 78.963989 106.526422 217.526386
139.815025 150.285139 141.559055 213.793186 124.331351 126.127371 154.168054 158.799916 241.960269 78.963989 106.334861 217.330198
139.913411 150.193215 141.341148 213.802328 124.331153 126.128656 154.111900 158.860901 241.960269 78.963989 106.142811 217.133508
140.014415 150.106533 141.122952 213.809067 124.331107 126.128952 154.065162 158.911661 241.960269 78.963989 105.949084 216.935101
140.120008 150.020489 140.909354 213.815662 124.331107 126.128952 154.028042 158.951974 241.960269 78.963989 105.758571 216.739986
140.214620 149.979513 140.691957 213.822374 124.331107 126.128952 154.001353 158.980958 241.960269 78.963989 105.568966 216.545801
140.284687 149.958673 140.473758 213.829011 124.331107 126.128952 153.980152 159.003984 241.960269 78.963989 105.376357 216.348539
140.324909 149.946937 140.253464 213.835666 124.331107 126.128952 153.962337 159.023332 241.960269 78.963989 105.183538 216.151062
140.457481 149.883947 139.941022 213.845458 124.331107 126.128952 153.945742 159.041355 241.960028 78.965672 104.990301 215.953156
140.511675 149.820268 139.720126 213.852257 124.331107 126.128952 153.932601 159.055626 241.959388 78.970127 104.795980 215.759513
140.568048 149.735466 139.498031 213.859093 124.331107 126.128952 153.920882 159.068353 241.957314 78.984578 104.595425 215.573556
140.616304 149.623959 139.280834 213.865778 124.331107 126.128952 153.909096 159.081153 241.955624 78.996358 104.393991 215.386782
140.647605 149.495017 139.065599 213.874140 124.331107 126.128952 153.896023 159.095351 241.952541 79.017838 104.190577 215.198173
140.674383 149.348220 138.852284 213.883032 124.331107 126.128952 153.881121 159.111535 241.948493 79.046049 103.989143 215.011399
140.731767 149.192747 138.638370 213.891948 124.331107 126.128952 153.868115 159.125660 241.942157 79.090196 103.786682 214.823674
140.850325 149.057088 138.418061 213.901132 124.345821 126.217054 153.854432 159.140520 241.933549 79.150182 103.585761 214.637376
141.013212 148.943816 138.202049 213.910136 124.371168 126.252406 153.840614 159.155527 241.922767 79.225312 103.384400 214.450671
141.189164 148.821658 137.981341 213.919336 124.408577 126.304581 153.826999 159.170313 241.910124 79.313410 103.184359 214.265189
141.366534 148.675389 137.770224 213.928136 124.456066 126.370816 153.798279 159.201505 241.894299 79.423680 102.985125 214.080455
141.526939 148.540318 137.590780 213.935615 124.513577 126.451029 153.753640 159.249984 241.843814 79.710586 102.782444 213.892526
141.662268 148.434115 137.396049 213.943732 124.579770 126.543351 153.717469 159.289267 241.812789 79.859488 102.581665 213.708526
141.773489 148.351244 137.123144 214.017391 124.655869 126.649489 153.697722 159.359459 241.778113 80.025914 102.365705 213.539405
141.870436 148.279008 137.106487 214.234073 124.735348 126.760341 153.636281 159.426178 241.741030 80.203892 102.151005 213.371271
141.932284 148.217456 137.112507 214.450990 124.810573 126.865260 153.567998 159.500327 241.700887 80.396555 101.937407 213.204000
141.965404 148.179466 137.106749 214.669812 124.891391 126.977981 153.488469 159.586687 241.658276 80.601063 101.721683 213.035064
141.983707 148.155601 137.037451 214.878271 124.968772 127.085908 153.399187 159.683639 241.613259 80.817122 101.506275 212.866375
141.991757 148.141658 136.879406 215.023194 125.049008 127.197816 153.298794 159.792656 241.531829 81.209461 101.292440 212.698919
141.993307 148.138973 136.677453 215.089231 125.126739 127.306230 153.189014 159.909323 241.480456 81.453615 101.075141 212.528751
142.019699 148.074589 136.460115 215.099127 125.204061 127.414074 153.087292 160.016688 241.426509 81.710001 100.856808 212.357795
142.029433 148.035379 136.243575 215.104219 125.283190 127.524439 152.987222 160.122311 241.370236 81.977445 100.634431 212.200110
142.048049 147.985599 136.030234 215.109236 125.370116 127.688357 152.887082 160.228006 241.313798 82.245672 100.406327 212.053234
142.244668 147.923503 135.812494 215.114356 125.420309 127.811642 152.794989 160.325207 241.257915 82.511256 100.178816 211.906731
142.323487 147.891417 135.593264 215.119791 125.566896 128.059956 152.704341 160.420884 241.202218 82.775960 99.945277 211.756291
142.421942 147.851337 135.377979 215.129411 125.614659 128.192824 152.627792 160.501680 241.145450 83.045752 99.714176 211.607420
142.533011 147.807258 135.177578 215.163052 125.688485 128.305252 152.555714 160.577757 241.085784 83.314457 99.484505 211.459471
142.659780 147.758008 135.037138 215.237723 125.764507 128.421023 152.488106 160.649116 241.018350 83.576726 99.252815 211.310222
142.755510 147.720817 134.947161 215.323964 125.839541 128.535289 152.421392 160.719531 240.949323 83.845194 99.020201 211.160377
142.831851 147.691158 134.885022 215.395161 125.910129 128.642785 152.359217 160.785155 240.880519 84.112790 98.790781 211.012590
142.885821 147.670191 134.848527 215.436975 125.985437 128.757469 152.303026 160.844463 240.811516 84.381161 98.545353 210.838817
142.926749 147.654312 134.795088 215.597799 126.060581 128.871903 152.250962 160.899416 240.743883 84.644206 98.312735 210.701547
142.969733 147.637654 134.795874 215.686695 126.135342 128.987897 152.195665 160.957780 240.675055 84.911899 98.074088 210.560720
143.029222 147.614599 134.798247 215.797165 126.205189 129.096352 152.141538 161.014911 240.607148 85.176008 97.834925 210.419588
143.072438 147.598480 134.801885 215.927915 126.278338 129.209935 152.092844 161.066306 240.539390 85.439537 97.602307 210.282319
143.121034 147.581430 134.805918 216.072859 126.348726 129.319231 152.056529 161.104635 240.470387 85.707908 97.364952 210.142254
143.157646 147.568585 134.810513 216.237995 126.474289 129.502778 152.021866 161.141222 240.407671 85.971939 97.128200 210.002545
143.190861 147.556932 134.815902 216.417313 126.559188 129.612079 151.987614 161.177373 240.346601 86.239765 96.891276 209.862735
143.216622 147.547894 134.822047 216.608715 126.643630 129.721102 151.960585 161.205902 240.285241 86.508858 96.654611 209.723077
143.233324 147.542034 134.828695 216.815808 126.725561 129.826883 151.929979 161.238206 240.225104 86.772588 96.408907 209.602020
143.255310 147.534320 134.835757 217.035795 126.783244 129.901357 151.906704 161.261875 240.163611 87.042266 96.159066 209.481708
143.263897 147.531307 134.843125 217.265276 126.817964 129.946184 151.884475 161.283911 240.102118 87.311944 95.910667 209.362090
143.270690 147.528924 134.850938 217.508651 126.833322 129.969789 151.868213 161.300034 240.042004 87.575577 95.662088 209.242385
143.280032 147.525646 134.859197 217.765919 126.789620 130.131531 151.853512 161.314607 239.988794 87.842606 95.414320 209.123071
143.293715 147.520846 134.867912 218.037379 126.737903 130.175837 151.841723 161.326294 239.973009 88.115850 95.168624 209.004755
143.311108 147.513458 134.876604 218.308139 126.670846 130.233284 151.833343 161.334602 239.957258 88.388495 94.922027 208.886004
143.329579 147.505531 134.885405 218.582298 126.589967 130.302573 151.827023 161.340867 239.941514 88.661041 94.676421 208.767731
143.343915 147.499379 134.894168 218.855257 126.496786 130.382401 151.822549 161.345303 239.925550 88.937380 94.429180 208.649189
143.355034 147.494607 134.903011 219.130715 126.392593 130.471663 151.818430 161.349386 239.909885 89.208528 94.178739 208.541785
143.383430 147.482420 134.911858 219.406273 126.287640 130.561575 151.812535 161.355230 239.894221 89.479676 93.927104 208.433869
143.445765 147.419249 134.920662 219.680532 126.186561 130.648169 151.806783 161.360932 239.878546 89.751024 93.677306 208.326741
143.468457 147.375356 134.929461 219.954591 126.082520 130.737301 151.802096 161.365579 239.862749 90.024468 93.422913 208.217642
143.487209 147.326001 134.938246 220.228250 125.981213 130.824091 151.797622 161.370014 239.856337 90.300360 93.174127 208.110948
143.508767 147.192166 134.946980 220.500310 125.882336 130.908798 151.786969 161.380575 239.863472 90.577368 92.921112 208.002441
143.493004 147.114551 134.955862 220.776967 125.777004 130.999036 151.781075 161.386418 239.870534 90.851577 92.666995 207.893460
143.473001 147.016062 134.964756 221.054025 125.676380 131.085240 151.771203 161.396204 239.877624 91.126886 92.415819 207.785741
143.450669 146.902436 134.973426 221.324085 125.574805 131.168903 151.744288 161.422887 239.884652 91.399796 92.179623 207.684446
143.426053 146.775297 134.982106 221.594446 125.470058 131.254385 151.709206 161.457666 239.891797 91.677204 91.978524 207.562350
143.401993 146.585461 134.990933 221.869405 125.364303 131.340688 151.660417 161.506033 239.898815 91.949713 91.751976 207.465200
143.423870 146.473419 134.999644 222.140765 125.263352 131.423071 151.614043 161.552006 239.905926 92.225822 91.495039 207.339104
143.417239 146.345991 135.008388 222.413124 125.161704 131.506023 151.527434 161.624787 239.918986 92.499696 91.246796 207.227199
143.401086 146.099416 135.017260 222.689482 125.058507 131.590240 151.483897 161.686470 239.933279 92.771821 90.999555 207.115747
143.409418 145.838207 135.026170 222.967039 124.968247 131.663898 151.439096 161.755841 239.947771 93.047741 90.748760 207.002692
143.406476 145.666032 135.034860 223.237700 124.913239 131.708789 151.388532 161.836149 239.962269 93.323760 90.496687 206.889061
143.403290 145.479559 135.043741 223.514357 124.876051 131.739137 151.345560 161.904569 239.977959 93.597108 90.247350 206.776664
143.400036 145.289087 135.052430 223.785018 124.858542 131.753426 151.298680 161.997068 239.994978 93.869877 89.998834 206.664636
143.396787 145.098915 135.061097 224.054979 124.852498 131.758358 151.267543 162.085561 240.012049 94.143245 89.752505 206.553595
143.393582 144.911342 135.069966 224.331236 124.848005 131.762025 151.247242 162.173549 240.008511 94.416639 89.503077 206.441156
143.390317 144.720270 135.078777 224.605695 124.864175 131.857252 151.238861 162.262019 239.975913 94.692218 89.250549 206.327320
143.389972 144.533307 135.087674 224.882852 124.864175 131.857252 151.242022 162.341305 239.943633 94.965116 89.000482 206.214594
143.394505 144.346462 135.096476 225.157011 124.877390 131.869177 151.251261 162.426103 239.911447 95.237219 88.751336 206.102994
143.398998 144.161317 135.105386 225.434568 124.901297 131.890748 151.262808 162.503602 239.879343 95.508626 88.502432 205.992814
143.403588 143.972173 135.114258 225.710925 124.936267 131.922300 151.288874 162.572218 239.827302 95.774257 88.254168 205.882917
143.422067 143.785624 135.122938 225.981286 124.986382 131.967518 151.319142 162.642475 239.771842 96.040849 88.001149 205.770916
143.441688 143.598047 135.131627 226.251947 125.048154 132.023254 151.339796 162.690416 239.715628 96.311064 87.751697 205.660493
143.461080 143.412659 135.140367 226.524206 125.119651 132.087766 151.366722 162.728410 239.627977 96.572114 87.499684 205.548936
143.480513 143.226872 135.149265 226.801364 125.200430 132.160652 151.394254 162.765136 239.508931 96.905734 87.250231 205.438513
143.499426 143.035420 135.157977 227.072724 125.298306 132.246183 151.417648 162.796341 239.425420 97.163020 87.002882 205.329021
143.512538 142.850083 135.133736 227.345183 125.402097 132.333757 151.438042 162.823545 239.340087 97.425918 86.752606 205.218233
143.525819 142.662352 135.142487 227.617843 125.502677 132.418622 151.453458 162.844109 239.256267 97.684155 86.502971 205.107729
143.538951 142.476716 135.151271 227.891502 125.604634 132.504647 151.469339 162.859328 239.172787 97.941346 86.253610 204.997347
143.552565 142.284598 135.160049 228.164961 125.709189 132.592866 151.480516 162.868877 239.090233 98.195683 86.000865 204.885467
143.572889 142.095789 135.168769 228.436621 125.808776 132.676892 151.490019 162.876997 239.009808 98.455382 85.751831 204.774843
143.592731 141.911454 135.177495 228.708481 125.912408 132.764188 151.495341 162.881544 238.948415 98.720055 85.500280 204.661031
143.612702 141.725925 135.186276 228.982040 126.017222 132.852255 151.499523 162.885117 238.892309 98.961933 85.253557 204.549404
143.632641 141.534663 135.195152 229.258598 126.123184 132.941287 151.500435 162.885897 238.841445 99.181211 85.003099 204.436088
143.651321 141.349201 135.204065 229.536255 126.200664 133.006388 151.501271 162.886611 238.792462 99.397426 84.750910 204.321987
143.670752 141.156278 135.212669 229.804317 126.341472 133.131604 151.501499 162.886806 238.743135 99.616434 84.502183 204.209454
143.689712 140.968030 135.220093 230.035598 126.388382 133.176308 151.501727 162.887001 238.734162 99.842991 84.256098 204.098115
143.708451 140.781971 135.225286 230.255800 126.423782 133.210044 151.502108 162.887326 238.728904 100.078432 84.004273 203.984180
143.727361 140.594221 135.225932 230.475099 126.449988 133.235017 151.502640 162.887781 238.723513 100.319872 83.752539 203.870286
143.739369 140.402604 135.226579 230.694798 126.449988 133.235017 151.503552 162.888560 238.717992 100.567110 83.502719 203.757258
143.750830 140.213852 135.227232 230.916597 126.449988 133.235017 151.505605 162.890314 238.712862 100.796853 83.255814 203.645549
143.760073 139.988010 135.227883 231.137496 126.449988 133.235017 151.511231 162.895121 238.708190 101.006201 83.008089 203.533468
143.755177 139.776166 135.228535 231.358795 126.449988 133.235017 151.516629 162.899733 238.704425 101.223868 82.756173 203.419492
143.749904 139.548027 135.257229 231.614838 126.449988 133.235017 151.524612 162.906554 238.700457 101.453334 82.505988 203.306299
143.744380 139.308991 135.234515 231.829640 126.468810 133.252954 151.536852 162.917012 238.696829 101.663103 82.254801 203.192652
143.739038 139.077853 135.211884 232.043647 126.478004 133.261716 151.553503 162.931238 238.693200 101.872971 82.006245 203.080225
143.734126 138.865309 135.188738 232.262527 126.483868 133.267304 151.576463 162.950856 238.690056 102.054744 81.753278 202.965904
143.769568 138.655202 135.165477 232.482500 126.486040 133.269373 151.616980 162.977507 238.686869 102.239017 81.504776 202.853600
143.770361 138.588607 135.142565 232.698790 126.486619 133.269925 151.679616 163.010298 238.684946 102.402988 81.255727 202.741050
143.770852 138.547310 135.117065 232.910963 126.486908 133.270201 151.749158 163.045903 238.689293 102.571732 81.007225 202.628746
143.771017 138.533511 135.090694 233.130384 126.486981 133.270270 151.844368 163.072297 238.693526 102.736078 80.760637 202.517308
143.771161 138.521412 135.064908 233.344940 126.486981 133.270270 151.957818 163.093496 238.697356 102.884728 80.512135 202.405004
143.771178 138.519912 135.038884 233.561482 126.486981 133.270270 152.089596 163.096017 238.701517 103.046275 80.263998 202.292866
143.771193 138.518712 134.979322 233.769399 126.486981 133.270270 152.221957 163.063231 238.705797 103.212420 80.015131 202.180397
143.771193 138.518712 134.917492 233.979698 126.486981 133.270270 152.351924 163.003108 238.709585 103.359471 79.768270 202.068835
143.771193 138.518712 134.856227 234.188078 126.486981 133.270270 152.520801 162.928903 238.713008 103.492327 79.515211 201.954473
143.770761 138.502806 134.794594 234.397706 126.486981 133.270270 152.590318 162.889541 238.716736 103.637079 79.263702 201.840810
143.764549 138.302105 134.711147 234.601442 126.486981 133.270270 152.629602 162.858771 238.720056 103.765936 79.015382 201.728589
143.763007 138.252829 134.624533 234.800952 126.486981 133.270270 152.654400 162.839348 238.723458 103.897992 78.767454 201.616529
143.760950 138.187462 134.539312 234.997252 126.486981 133.270270 152.665422 162.830715 238.727179 104.042444 78.511029 201.500162
143.754193 137.982000 134.449974 235.195434 126.486981 133.270270 152.672114 162.825474 238.730624 104.176200 78.245568 201.371263
143.752057 137.891625 134.343898 235.390679 126.486981 133.270270 152.675971 162.822452 238.734345 104.320652 77.967874 201.236424
143.749489 137.782956 134.240113 235.581706 126.486981 133.270270 152.681954 162.817766 238.737897 104.458506 77.678036 201.095689
143.746460 137.654791 134.122445 235.798117 126.486981 133.270270 152.690220 162.811291 238.741291 104.590263 77.379022 200.950498
143.752484 137.509231 134.019221 235.986375 126.486981 133.270270 152.709508 162.796184 238.744888 104.729916 77.069123 200.800021
143.759882 137.343196 133.908831 236.171231 126.486981 133.270270 152.743439 162.769607 238.748135 104.855974 76.748340 200.644260
143.767824 137.164973 133.790766 236.358997 126.486981 133.270270 152.794222 162.729841 238.751166 104.973635 76.423288 200.473558
143.745077 136.869989 133.676588 236.540583 126.486981 133.270270 152.854763 162.682424 238.753994 105.083399 76.091724 200.295606
143.718396 136.662598 133.483944 236.766033 126.486981 133.270270 152.836773 162.575737 238.756652 105.186565 75.752935 200.113776
143.690477 136.445587 133.342427 236.926026 126.486981 133.270270 152.663792 162.419008 238.762463 105.291483 75.408331 199.928824
143.661166 136.217765 133.199915 237.087143 126.486981 133.270270 152.573273 162.333093 238.768812 105.383564 75.059186 199.730703
143.629041 135.979682 133.056874 237.248859 126.486981 133.270270 152.484858 162.249175 238.775113 105.474947 74.725463 199.495810
143.574341 135.728263 132.976700 237.339500 126.486981 133.270270 152.390423 162.159542 238.781049 105.561043 74.385444 199.256486
143.486350 135.400659 132.811972 237.518246 126.486981 133.270270 152.290330 162.064540 238.785637 105.627585 74.037573 199.011636
143.388622 135.040640 132.652806 237.664268 126.486981 133.270270 152.191833 161.971052 238.790308 105.695324 73.683243 198.762239
143.347191 134.771821 132.491283 237.812453 126.486981 133.270270 152.014982 161.812283 238.794208 105.751890 73.328162 198.503802
143.310083 134.407283 132.324723 237.956887 126.486981 133.270270 151.827986 161.648982 238.797455 105.798978 72.982357 198.232062
143.322245 133.889032 132.155201 238.100226 126.486981 133.270270 151.708628 161.536803 238.799305 105.825814 72.636207 197.956017
143.332678 133.617232 131.991827 238.237466 126.486981 133.270270 151.579286 161.415242 238.801740 105.861130 72.301185 197.668318
143.346867 133.343820 131.786113 238.380484 126.486981 133.270270 151.443314 161.287449 238.803494 105.886570 71.976208 197.370498
143.351521 133.069109 131.624377 238.530842 126.486981 133.270270 151.303494 161.156011 238.804141 105.895948 71.663175 197.058591
143.333220 132.794017 131.522563 238.716657 126.486981 133.270270 151.166310 161.027025 238.805565 105.916599 71.373754 196.765266
143.317006 132.516991 131.571906 238.925454 126.486981 133.270270 151.026794 160.895847 238.808254 105.955606 71.116096 196.495698
143.308751 132.243879 131.738098 239.063540 126.486981 133.270270 150.891869 160.768984 238.812423 106.016063 70.886699 196.255697
143.304952 131.966205 131.936218 239.158068 126.486981 133.270270 150.750386 160.635957 238.817602 106.091184 70.688463 196.048298
143.314644 131.689437 132.142333 239.239237 126.486981 133.270270 150.615058 160.505198 238.822039 106.155531 70.509068 195.854223
143.327270 131.366208 132.346691 239.301146 126.486981 133.270270 150.479320 160.369972 238.826751 106.223869 70.336369 195.644082
143.388630 130.918262 132.566071 239.312592 126.486981 133.270270 150.344787 160.235947 238.831415 106.291509 70.164431 195.434869
143.428156 130.645208 132.751500 239.216940 126.486981 133.270270 150.212096 160.103756 238.835040 106.344084 69.991478 195.224420
143.507159 130.380233 132.876510 239.038642 126.486981 133.270270 150.078059 159.970224 238.838293 106.391272 69.820511 195.006263
143.609107 130.124300 132.886073 238.829877 126.486981 133.270270 149.943668 159.836340 238.842338 106.449933 69.658573 194.781283
143.763358 129.836884 132.794441 238.633148 126.486981 133.270270 149.663531 159.535234 238.845543 106.496422 69.497979 194.558169
143.890410 129.597060 132.643231 238.474909 126.486981 133.270270 149.547987 159.387058 238.855457 106.561896 69.338086 194.336030
144.025961 129.359336 132.493371 238.322562 126.486981 133.270270 149.433427 159.240144 238.873240 106.630530 69.175973 194.110806
144.165660 129.120375 132.305844 238.153024 126.486981 133.270270 149.316185 159.094839 238.895386 106.716008 69.017811 193.887097
144.325576 128.825929 132.132059 238.018775 126.486981 133.270270 149.180052 158.963445 238.917031 106.799549 68.864792 193.659565
144.461183 128.543784 131.960410 237.886177 126.486981 133.270270 149.046437 158.834481 238.937647 106.879122 68.711103 193.431037
144.559030 128.334780 131.786624 237.751928 126.486981 133.270270 148.934912 158.726837 238.954251 106.943206 68.560372 193.206908
144.656340 128.144193 131.617587 237.621347 126.486981 133.270270 148.770629 158.567144 238.968798 106.999352 68.407950 192.977245
144.756005 127.972296 131.418687 237.471287 126.486981 133.270270 148.668884 158.467231 238.984975 107.061791 68.271622 192.735886
144.844126 127.811696 131.246929 237.343802 126.486981 133.270270 148.507900 158.270801 239.003786 107.134393 68.137408 192.498270
144.927798 127.672255 131.069630 237.212205 126.486981 133.270270 148.428363 158.165204 239.023248 107.209513 68.002014 192.258565
145.124154 127.258663 130.897310 237.084303 126.486981 133.270270 148.338472 158.047253 239.047376 107.302638 67.866325 192.018338
145.188145 127.105560 130.725070 236.956460 126.486981 133.270270 148.260351 157.944975 238.952702 107.584208 67.732160 191.780809
145.260100 126.970536 130.551867 236.827903 126.486981 133.270270 148.175554 157.833954 238.893976 107.698391 67.566904 191.522633
145.328235 126.848979 130.373685 236.695650 126.486981 133.270270 148.078930 157.636547 238.834884 107.813286 67.459819 191.268362
145.411958 126.721014 130.197510 236.564887 126.486981 133.270270 148.025478 157.554407 238.784848 107.910573 67.354753 191.018883
145.495554 126.613373 130.022781 236.435197 126.486981 133.270270 147.964991 157.461456 238.770954 108.036950 67.248794 190.767285
