181.371457 182.315360 64.041172 245.712998 114.156818 178.990165 93.904223 142.393724 70.064658 211.053812 238.019900 48.517700
181.382675 182.325166 64.414748 245.144444 114.144749 178.979358 94.097971 142.369445 70.188065 210.878978 238.016712 48.534297
181.410307 182.349319 64.820227 244.596695 114.132681 178.968551 94.235809 142.356983 70.313383 210.702190 238.009977 48.569355
181.451721 182.381334 65.226003 244.048544 114.120836 178.957944 94.369962 142.344853 70.439281 210.524532 237.998601 48.628573
181.481191 182.402529 65.632137 243.499911 114.114056 178.951873 94.498537 142.333228 70.506278 210.318869 237.984640 48.701244
181.530550 182.438029 66.038568 242.950876 114.100871 178.940066 94.628208 142.321504 70.543098 210.109997 237.973530 48.783022
181.592360 182.441907 66.469243 242.365164 114.094687 178.934529 94.766245 142.309023 70.541948 209.894100 237.969628 48.858617
181.645628 182.480194 66.916501 241.847786 114.085375 178.926190 94.902489 142.296704 70.540789 209.676303 237.966665 48.936361
181.709453 182.526067 67.364086 241.330030 114.075765 178.917584 95.034822 142.280051 70.539619 209.456606 237.963786 49.011906
181.786189 182.581220 67.811998 240.811896 114.071593 178.913849 95.162983 142.263728 70.538437 209.234709 237.960647 49.094246
181.950500 182.682211 68.260302 240.293308 114.066006 178.908845 95.295367 142.248149 70.537288 209.018812 237.957908 49.166094
182.062018 182.745041 68.785951 239.720611 114.063473 178.906577 95.423933 142.234384 70.536116 208.798715 237.954695 49.247329
182.176412 182.809490 69.254162 239.218965 114.060121 178.903575 95.619046 142.221205 70.526311 208.583437 237.949816 49.326278
182.290283 182.873645 69.722714 238.716953 114.057811 178.901507 95.751558 142.214149 70.511491 208.366944 237.944931 49.405327
182.399369 182.946056 70.191607 238.214576 114.054832 178.898839 95.886467 142.206966 70.496856 208.153144 237.940193 49.481981
182.503737 183.034804 70.660637 237.712052 114.052150 178.896437 96.095474 142.195376 70.482029 207.936551 237.935258 49.561829
182.606811 183.122451 71.129940 237.209236 114.050064 178.894569 96.294651 142.186733 70.467217 207.720157 237.930367 49.640978
182.711027 183.211069 71.602540 236.709032 114.046413 178.891301 96.430482 142.182395 70.452458 207.504562 237.925463 49.720326
182.842311 183.223601 72.086233 236.219200 114.042316 178.887632 96.568411 142.177990 70.437598 207.287470 237.921688 49.802433
182.903891 183.099209 72.570067 235.729225 114.036878 178.882762 96.701644 142.173735 70.440800 207.067266 237.918847 49.883283
182.961079 182.983690 73.054182 235.238966 114.027789 178.874623 96.837974 142.169382 70.448053 206.850487 237.915943 49.965932
183.018222 182.868260 73.538507 234.748494 114.021904 178.869353 96.964909 142.165328 70.455403 206.630810 237.913201 50.043984
183.075898 182.751754 74.023043 234.257808 114.018552 178.866351 97.097142 142.161105 70.462712 206.412333 237.910367 50.124634
183.134359 182.633879 74.507931 233.766766 114.010729 178.859347 97.225876 142.156994 70.479462 206.196624 237.907667 50.201486
183.192516 182.509545 74.992959 233.275582 114.004844 178.854077 97.424380 142.148307 70.511479 205.983617 237.904785 50.283736
183.246849 182.390124 75.478198 232.784184 114.001343 178.850941 97.553918 142.141825 70.544180 205.766061 237.901990 50.363487
183.303087 182.266516 75.946502 232.276407 113.993968 178.844337 97.683855 142.135323 70.576049 205.554042 237.899392 50.437642
183.369367 182.151741 76.413158 231.766787 113.990019 178.840801 97.816090 142.128706 70.608438 205.338563 237.896702 50.514394
183.453853 182.049022 76.879882 231.257092 113.979143 178.831062 97.952020 142.121904 70.641273 205.120117 237.894678 50.572159
183.540625 181.943523 77.346808 230.747177 113.972066 178.824724 98.089048 142.115047 70.673543 204.905429 237.893469 50.606638
183.627016 181.838487 77.806576 230.245079 113.964318 178.817786 98.225478 142.108220 70.705798 204.691042 237.886615 50.756555
183.740199 181.769834 78.244313 229.763915 113.955304 178.809714 98.362506 142.101363 70.739184 204.472679 237.882093 50.835425
183.859059 181.711507 78.651399 229.304800 113.949418 178.804444 98.553491 142.094254 70.771799 204.259358 237.877732 50.911500
183.976573 181.653841 79.034070 228.873220 113.941298 178.797173 98.690964 142.091562 70.804550 204.045147 237.873400 50.987076
184.106632 181.607899 79.417225 228.490823 113.934296 178.790902 98.824039 142.088956 70.836450 203.827374 237.869382 51.057161
184.233338 181.569487 79.779201 228.082591 113.926995 178.784365 98.930818 142.086865 70.867688 203.608088 237.866915 51.100190
184.365594 181.529392 80.124523 227.693139 113.919247 178.777427 99.012303 142.085270 70.898941 203.388703 237.865439 51.125948
184.491709 181.491448 80.440787 227.336460 113.914628 178.773291 99.054795 142.084437 70.929150 203.176644 237.864998 51.133636
184.617073 181.453781 80.728722 227.011730 113.906657 178.766153 99.076890 142.084005 70.960135 202.959139 237.864889 51.135532
184.740521 181.416690 80.986136 226.721417 113.898761 178.759081 99.086988 142.083807 70.990992 202.742526 237.864809 51.136930
184.865023 181.379283 81.217967 226.458687 113.891534 178.752611 99.090988 142.083729 71.022231 202.523240 237.864798 51.137130
184.989157 181.334160 81.411895 226.226267 113.874922 178.737734 99.093787 142.083674 71.053244 202.305538 237.864798 51.137130
185.110655 181.281799 81.588014 226.015193 113.857489 178.722124 99.101386 142.083525 71.083946 202.090014 237.864798 51.137130
185.235825 181.227854 81.761759 225.806953 113.826573 178.694440 99.114883 142.083261 71.114226 201.877460 237.864798 51.137130
185.353833 181.176997 81.937422 225.596411 113.801691 178.672158 99.127081 142.083022 71.144336 201.666094 237.864798 51.137130
185.474136 181.125150 82.112957 225.386022 113.774202 178.647542 99.144377 142.082683 71.199696 201.346409 237.864798 51.137130
185.594440 181.073303 82.289453 225.174481 113.751331 178.627062 99.172372 142.082135 71.247242 201.138066 237.864798 51.137130
185.615133 180.882063 82.467295 224.961328 113.732409 178.610118 99.207165 142.081454 71.295383 200.927089 237.864798 51.137130
185.598491 180.750511 82.643726 224.749864 113.708943 178.589104 99.257729 142.088580 71.344392 200.712309 237.864798 51.137130
185.581298 180.614594 82.817916 224.541088 113.692851 178.574695 99.322009 142.098231 71.393534 200.496945 237.864798 51.137130
185.565083 180.486416 82.993579 224.330546 113.679367 178.562621 99.398749 142.109751 71.442810 200.280995 237.864798 51.137130
185.548455 180.354963 83.169435 224.119773 113.675047 178.558751 99.492102 142.123766 71.491641 200.066996 237.864798 51.137130
185.531550 180.221328 83.344842 223.909538 113.667895 178.552347 99.601576 142.140201 71.539315 199.858066 237.864798 51.137130
185.514544 180.086900 83.520313 223.699226 113.662606 178.547611 99.725487 142.158804 71.586855 199.649721 237.864798 51.137130
185.497112 179.949098 83.696360 223.488223 113.654486 178.540339 100.077815 142.105944 71.635708 199.435624 237.864798 51.137130
185.480044 179.814173 83.869525 223.280675 113.648451 178.534936 100.206823 142.071220 71.684584 199.221429 237.864798 51.137130
185.463629 179.684407 84.043650 223.071975 113.633924 178.521927 100.333345 142.052095 71.750040 199.021194 237.864088 51.149509
185.446435 179.548490 84.216623 222.864658 113.623441 178.512649 100.463231 142.035050 71.885539 198.852467 237.862148 51.183354
185.433383 179.445313 84.384612 222.651392 113.604614 178.496508 100.592919 142.018030 72.016036 198.690111 237.910799 51.243667
185.425138 179.380132 84.551620 222.437207 113.587684 178.481993 100.724094 142.000816 72.142148 198.439834 237.979494 51.242865
185.419666 179.336877 84.721412 222.221407 113.562099 178.460059 100.854877 141.988291 72.216445 198.249957 238.062488 51.241896
185.340622 179.244611 84.896320 222.008034 113.533402 178.435456 100.985079 141.976887 72.289291 198.060799 238.159682 51.240761
185.262056 179.223320 85.070530 221.795511 113.501440 178.408054 101.118568 141.965195 72.366125 197.861283 238.273567 51.241206
185.169012 179.198105 85.241758 221.579465 113.461203 178.373558 101.251658 141.953538 72.442457 197.663073 238.401943 51.243687
185.063904 179.169620 85.410884 221.360469 113.424610 178.342186 101.386243 141.941750 72.520263 197.461037 238.545617 51.279465
184.944221 179.137186 85.580438 221.141046 113.388397 178.311139 101.516544 141.930337 72.597313 197.260960 238.703488 51.282519
184.817106 179.102738 85.748027 220.924147 113.343909 178.272998 101.647543 141.918863 72.674543 197.060417 238.872856 51.285797
184.684103 179.066695 85.914265 220.708986 113.204124 178.139084 101.780035 141.907258 72.752600 196.857728 239.045724 51.289151
184.550618 179.030520 86.081604 220.492401 113.167954 178.102846 101.910436 141.895837 72.831088 196.653919 239.176899 51.291696
184.454196 179.004390 86.248637 220.276211 113.139414 178.074252 102.102846 141.881402 72.910379 196.448061 239.266382 51.293432
184.391845 178.987493 86.415059 220.060812 113.119068 178.053869 102.236968 141.872770 72.989136 196.243605 239.323471 51.294540
184.347253 178.975408 86.580442 219.846758 112.913152 177.894994 102.365802 141.864479 73.068289 196.038123 239.359365 51.295236
184.300606 178.962222 86.745824 219.632705 112.901941 177.883861 102.494635 141.856187 73.198189 195.749869 239.372762 51.295496
184.256491 178.949547 86.914508 219.414378 112.888886 177.870895 102.627361 141.847645 73.326927 195.569992 239.377461 51.295588
184.207666 178.935519 87.080074 219.200088 112.867670 177.849826 102.758789 141.839187 73.455840 195.389870 239.378100 51.295600
184.164512 178.923121 87.246704 218.985230 112.858233 177.840454 102.889219 141.830793 73.549640 195.149899 239.378100 51.295600
184.116841 178.909424 87.417293 218.766864 112.846313 177.828616 103.026335 141.821968 73.471605 194.942814 239.378100 51.295600
184.064460 178.894375 87.587327 218.549206 112.838933 177.821287 103.158362 141.813471 73.394980 194.739472 239.378100 51.295600
184.015635 178.880347 87.755576 218.333834 112.833754 177.816143 103.283403 141.805423 73.318286 194.535942 239.378100 51.295600
183.971904 178.867783 87.925549 218.116256 112.832902 177.815298 103.395072 141.798237 73.240498 194.329512 239.378100 51.295600
183.927500 178.855026 88.095398 217.898835 112.832689 177.815086 103.516621 141.790414 73.164508 194.127855 239.378100 51.295600
183.881635 178.841928 88.262635 217.684702 112.829354 177.811775 103.623999 141.783503 73.088801 193.926945 239.378100 51.295600
183.830732 178.828673 88.436111 217.435841 112.819988 177.802473 103.721098 141.777254 73.012952 193.725662 239.378100 51.295600
183.785926 178.817005 88.606890 217.217242 112.797638 177.780276 103.830871 141.770189 72.936680 193.523256 239.378100 51.295600
183.735992 178.804002 88.775637 217.001244 112.777203 177.759982 103.954415 141.762238 72.860938 193.322253 239.378100 51.295600
183.686831 178.791200 88.919278 216.763741 112.742577 177.725595 104.089037 141.753574 72.783150 193.115823 239.378100 51.295600
183.643477 178.779911 89.094249 216.543763 112.704261 177.687544 104.213779 141.745546 72.705996 192.911077 239.378100 51.295600
183.591026 178.766252 89.254671 216.332460 112.743372 177.549762 104.345406 141.737075 72.658165 192.701517 239.378100 51.295600
183.540995 178.753224 89.413884 216.122751 112.814044 177.499757 104.480327 141.728391 72.617362 192.485640 239.378100 51.295600
183.490673 178.740120 89.579385 215.904758 112.908167 177.449323 104.612554 141.719881 72.577487 192.274675 239.378100 51.295600
183.441996 178.727444 89.741379 215.691384 112.983681 177.349460 104.769808 141.709187 72.568036 192.058264 239.378100 51.295600
183.392836 178.714643 89.905853 215.474745 113.066072 177.240504 104.904516 141.698905 72.571178 191.746900 239.378100 51.295600
183.347836 178.702925 90.068391 215.260655 113.129257 177.106241 105.039324 141.688615 72.570032 191.529703 239.378100 51.295600
183.303321 178.691333 90.232260 215.044812 113.199276 176.954628 105.168452 141.678992 72.599727 191.213082 239.378100 51.295600
183.258128 178.679565 90.396066 214.829678 113.296892 176.809581 105.631568 141.650034 72.624870 190.992510 239.378100 51.295600
183.209354 178.666864 90.565372 214.611706 113.452200 176.699331 105.759146 141.629001 72.649764 190.774125 239.378100 51.295600
183.161812 178.644954 90.732285 214.396815 113.642221 176.615232 105.889686 141.610201 72.674567 190.556534 239.378100 51.295600
183.126007 178.611064 90.899382 214.181686 113.840472 176.527490 106.021402 141.592500 72.699540 190.337452 239.378100 51.295600
183.096866 178.568601 91.067216 213.965610 114.043113 176.437805 106.152721 141.574852 72.723754 190.125028 239.378100 51.295600
183.086743 178.521680 91.234558 213.750166 114.238255 176.351439 106.289393 141.556485 72.748670 189.906444 239.378100 51.295600
183.086780 178.453119 91.399508 213.537801 114.404807 176.219513 106.417638 141.542105 72.773597 189.687760 239.491897 51.297750
183.104128 178.393075 91.565869 213.323620 114.535996 176.052767 106.552750 141.531861 72.829440 189.317806 239.526091 51.298388
183.126111 178.316987 91.734991 213.105886 114.652305 175.867913 106.683774 141.521926 72.897487 189.107543 239.581081 51.299413
183.152370 178.226104 91.901107 212.892021 114.773712 175.648660 106.814698 141.512000 72.989618 188.806420 239.649069 51.300680
183.182181 178.122925 92.042195 212.710378 114.875460 175.458693 106.951207 141.501650 73.051697 188.597446 239.735154 51.302285
183.217071 178.002164 92.217188 212.532288 114.976454 175.270136 107.081832 141.491746 73.113178 188.390485 239.835537 51.304156
183.255154 177.870355 92.330438 212.341812 115.060577 175.038113 107.204280 141.482462 73.171698 188.193493 239.948617 51.306263
183.291155 177.745752 92.443074 212.152368 115.161181 174.829283 107.297413 141.475401 73.220478 188.029285 240.077995 51.308675
183.327323 177.620572 92.554331 211.965244 115.267688 174.608200 107.431348 141.416509 73.264276 187.881853 240.221970 51.311359
183.365183 177.489532 92.666201 211.777089 115.380661 174.373694 107.436205 141.290903 73.301495 187.756565 240.383342 51.314366
183.420273 177.368854 92.765704 211.609735 115.498452 174.129188 107.441278 141.159701 73.329430 187.662526 240.564610 51.317745
183.479926 177.249422 92.849568 211.468683 115.615853 173.885493 107.446336 141.028898 73.356483 187.571460 240.725282 51.320740
183.538819 177.131512 92.964065 211.307978 115.744041 173.639352 107.451521 140.894799 73.428789 187.374765 240.846761 51.323004
183.599812 177.009397 93.063284 211.177522 115.874168 173.400385 107.456772 140.759000 73.491094 187.253314 240.929647 51.324549
183.660806 176.887282 93.163048 211.046349 116.006974 173.156500 107.460454 140.663771 73.558373 187.122164 240.985637 51.325593
183.719029 176.770714 93.259483 210.919554 116.138010 172.915864 107.463027 140.597221 73.633687 186.975355 241.010733 51.326061
183.778547 176.651551 93.356038 210.792601 116.268806 172.675668 107.464469 140.559949 73.753079 186.723425 241.020831 51.326249
183.838692 176.531136 93.451625 210.666920 116.405910 172.442659 107.553872 140.458394 73.835160 186.547314 241.029630 51.326413
183.890113 176.409508 93.551571 210.535509 116.549010 172.205252 107.626791 140.454969 73.923241 186.358332 241.032929 51.326474
183.941226 176.284558 93.646734 210.410386 116.689374 171.972384 107.719289 140.450624 74.016433 186.158383 241.034029 51.326495
183.990711 176.163588 93.747648 210.277701 116.830875 171.737632 107.825372 140.445641 74.108780 185.960247 241.034300 51.326500
183.928668 176.044889 93.843658 210.151463 116.972168 171.503222 107.949236 140.439822 74.221371 185.777534 241.034300 51.326500
183.799942 176.006251 93.944512 210.018858 117.112274 171.270783 108.081090 140.433628 74.342095 185.597577 241.034300 51.326500
183.667576 175.966519 94.044518 209.887367 117.253310 171.036801 108.211447 140.427505 74.464880 185.414548 241.034300 51.326500
183.535498 175.926874 94.145311 209.754842 117.396358 170.799480 108.345898 140.421189 74.588613 185.230106 241.034300 51.326500
183.402557 175.886971 94.243198 209.626137 117.538955 170.568582 108.479052 140.414934 74.708947 185.050730 241.034300 51.326500
183.274406 175.848504 94.341146 209.497352 117.687875 170.334426 108.608609 140.408848 74.832067 184.867202 241.034300 51.326500
183.145105 175.809693 94.424686 209.387511 117.833038 170.106177 108.726479 140.403312 74.951342 184.689404 241.034300 51.326500
183.015805 175.770882 94.488855 209.303141 117.978256 169.877843 108.809220 140.275893 75.073682 184.507039 241.034300 51.326500
182.886600 175.732099 94.529898 209.249175 118.124600 169.647737 108.820068 140.140426 75.193236 184.328826 241.034300 51.326500
182.762688 175.694813 94.551691 209.220521 118.271320 169.417041 108.830461 140.010642 75.314852 184.147540 241.034300 51.326500
182.637448 175.655385 94.601317 209.155263 118.416752 169.188370 108.840926 139.879960 75.434517 183.969160 241.034300 51.326500
182.510300 175.615356 94.643331 209.099900 118.565404 168.954636 108.851526 139.747584 75.598699 183.690429 241.034300 51.326500
182.379719 175.574247 94.693869 209.033305 118.722290 168.690716 108.862366 139.612217 75.747785 183.528823 241.034300 51.326500
182.253811 175.534608 94.757041 208.950061 118.856058 168.453997 108.872991 139.479542 75.937959 183.421230 241.034300 51.326500
182.126663 175.494580 94.830128 208.853754 118.991399 168.214493 108.883280 139.351053 76.128829 183.313244 241.034300 51.326500
181.998942 175.454371 94.911194 208.746931 119.121139 167.977096 108.893657 139.221468 76.286753 183.174430 241.034300 51.326500
181.871404 175.414252 94.999877 208.630071 119.232647 167.723750 108.904449 139.086699 76.408662 182.996121 241.034300 51.326500
181.746154 175.374854 95.096117 208.503254 119.343792 167.471227 108.915481 138.948940 76.529555 182.819298 241.034300 51.326500
181.616139 175.328755 95.193989 208.374286 119.455179 167.218156 108.911683 138.723756 76.657732 182.639566 241.034300 51.326500
181.495250 175.271411 95.310925 208.222846 119.564230 166.970393 108.918486 138.586725 76.817582 182.385197 241.062175 51.450380
181.375445 175.214581 95.414288 208.093849 119.675158 166.711187 108.924898 138.457584 76.916054 182.195875 241.060259 51.498942
181.254466 175.157195 95.516650 207.966100 119.756675 166.481419 108.931766 138.319254 77.017663 182.000520 241.057437 51.570486
181.132312 175.099251 95.614885 207.843502 119.833745 166.264185 108.938565 138.182323 77.118257 181.807117 241.053700 51.665213
181.010158 175.041307 95.715371 207.718095 119.904433 166.061574 108.944250 138.053950 77.217144 181.616996 241.049352 51.775427
180.884842 174.981864 95.817734 207.590346 119.963461 165.847876 108.947183 137.824422 77.315985 181.426964 241.044223 51.905426
180.765037 174.925034 95.918845 207.464159 120.021264 165.638613 108.957764 137.691590 77.415795 181.235069 241.038960 52.038822
180.644795 174.867961 96.021332 207.336254 120.079014 165.429542 108.970822 137.554109 77.515697 181.042997 241.033587 52.175016
180.522748 174.810026 96.125383 207.206399 120.136631 165.220953 108.984200 137.416860 77.613055 180.848110 241.028191 52.311810
180.400146 174.751859 96.226369 207.080367 120.193928 165.013521 108.997426 137.283012 77.693830 180.645842 241.023050 52.442108
180.275860 174.744194 96.326605 206.955272 120.252929 164.799920 109.010700 137.148666 77.774829 180.443018 241.017795 52.575305
180.151350 174.777547 96.430218 206.825962 120.305500 164.608513 109.023808 137.016012 77.718036 180.264841 241.012497 52.709600
180.017954 174.813281 96.531142 206.700009 120.345458 164.443173 109.036749 136.885050 77.545202 180.218652 241.007333 52.840498
179.889386 174.847721 96.629815 206.576865 120.382857 164.288428 109.050073 136.750207 77.392559 180.177859 241.002244 52.969498
179.763138 174.881540 96.728488 206.453720 120.416473 164.149332 109.061174 136.637854 77.269478 180.144966 240.997072 53.100596
179.634088 174.916110 96.829849 206.327220 120.446612 164.024623 109.071224 136.536149 77.162724 180.116437 240.991734 53.235891
179.500971 174.948844 96.925083 206.208368 120.478044 163.894567 109.081008 136.437131 77.064279 180.090127 240.986318 53.373184
179.367598 174.983089 96.994554 206.121668 120.507314 163.773454 109.087842 136.367968 76.983320 180.068492 240.981028 53.507280
179.238229 175.016448 97.038075 206.067353 120.566461 163.669317 109.093289 136.312837 76.900719 180.046417 240.975938 53.636279
179.113652 175.048763 97.064588 206.034265 120.610059 163.471206 109.097872 136.266463 76.847777 180.032268 240.970672 53.769776
178.982590 175.082760 97.126707 205.954380 120.602715 163.374757 109.102090 136.223770 76.820340 180.024936 240.965212 53.908168
178.857688 175.114153 97.178430 205.885048 120.606966 163.359540 109.103683 136.207649 76.740568 179.897997 240.960139 54.036768
178.723366 175.143484 97.240558 205.801769 120.613154 163.337388 109.105365 136.190632 76.769454 179.836658 240.954734 54.173761
178.688546 175.009123 97.315063 205.701899 120.614687 163.331898 109.108767 136.156200 76.807389 179.756037 240.949621 54.303360
178.654755 174.878730 97.401946 205.585437 120.619503 163.314658 109.118378 136.112990 76.853854 179.657216 240.944150 54.442053
178.620161 174.745240 97.498038 205.456631 120.620391 163.311479 109.140421 136.051417 76.906489 179.545273 240.930957 54.673368
178.585968 174.613299 97.594309 205.327585 120.622866 163.302619 109.157106 136.004814 76.969266 179.421745 240.918611 54.810815
178.553155 174.486681 97.691528 205.199130 120.630076 163.276807 109.282537 135.941810 77.039374 179.289364 240.906203 54.948959
178.520015 174.358806 97.787076 205.074553 120.643851 163.227495 109.358819 135.965583 77.116081 179.144521 240.893919 55.085708
178.485797 174.226767 97.885789 204.945849 120.661419 163.164602 109.454004 135.995247 77.202982 178.985210 240.882146 55.216780
178.452282 174.097440 97.987058 204.813813 120.684744 163.081099 109.560836 136.028540 77.302243 178.819274 240.870579 55.345562
178.419795 173.972081 98.082828 204.689028 120.703846 163.012717 109.679220 136.065434 77.437937 178.663483 240.858287 55.482411
178.357969 173.856018 98.184022 204.557187 120.717648 162.963308 109.810207 136.106255 77.665714 178.471503 240.846612 55.612388
178.285842 173.745585 98.284243 204.426615 120.726795 162.930562 109.936324 136.145559 77.862528 178.346058 240.834597 55.746149
178.211255 173.631385 98.384458 204.266648 120.733856 162.905436 110.101638 136.143477 78.053806 178.253954 240.821770 55.883849
178.139073 173.520869 98.470593 204.114083 120.742935 162.878315 110.142062 136.017609 78.223038 178.189194 240.806885 56.018328
178.067056 173.410604 98.564052 203.943826 120.748872 162.860583 110.183710 135.887933 78.349682 178.140732 240.792022 56.152608
177.995531 173.301092 98.640056 203.752794 120.754618 162.843419 110.224165 135.761970 78.451760 178.115453 240.777687 56.282117
177.919685 173.184966 98.666842 203.538925 120.761062 162.824169 110.265384 135.633627 78.516073 178.102026 240.763088 56.414011
177.846192 173.072441 98.610276 203.335142 120.767665 162.804445 110.381244 135.624059 78.562766 178.092278 240.748180 56.548689
177.772370 172.959413 98.460388 203.177559 120.774015 162.785480 110.511468 135.645016 78.576373 178.089437 240.733636 56.680086
177.698165 172.845799 98.288626 203.046587 120.780903 162.764902 110.638928 135.665528 78.584889 178.087659 240.732181 56.813396
177.628808 172.734093 98.112332 202.912158 120.786967 162.746790 110.772806 135.687073 78.588218 178.086964 240.744063 56.910572
177.557125 172.616172 97.939377 202.780276 120.791856 162.732187 110.902932 135.708014 78.589490 178.086699 240.751770 56.973602
177.486948 172.500728 97.763480 202.646150 120.797729 162.714644 111.030534 135.755209 78.589784 178.086637 240.756819 57.014895
177.419057 172.389044 97.593743 202.504068 120.802808 162.699471 111.155591 135.803063 78.589784 178.086637 240.811858 57.138640
177.349036 172.273857 97.438464 202.355745 120.813729 162.666851 111.279808 135.850595 78.589784 178.086637 240.832900 57.264500
177.281508 172.162771 97.201387 202.170350 120.822427 162.640868 111.401035 135.896984 78.589784 178.086637 240.918516 57.353834
177.212786 172.049720 97.060849 202.145103 120.830269 162.617446 111.521796 135.943194 78.589784 178.086637 241.010919 57.416235
177.141623 171.932653 96.876067 202.159472 120.840554 162.586722 111.642183 135.989261 78.589784 178.086637 241.113184 57.485296
177.070043 171.814902 96.792716 202.262085 120.849253 162.560739 111.795817 135.924872 78.589784 178.086637 241.232936 57.566166
176.932548 171.819676 96.710121 202.363766 120.854745 162.544334 111.872476 135.819385 78.589784 178.086637 241.366029 57.656046
176.827811 171.917184 96.627211 202.465835 120.864967 162.513800 111.937437 135.729997 78.589784 178.086637 241.511471 57.754265
176.707655 172.024079 96.539761 202.573494 120.873634 162.487912 111.988171 135.660184 78.589784 178.086637 241.672410 57.862950
176.496282 172.189372 96.454834 202.678047 120.883697 162.457852 112.033261 135.598138 78.589784 178.086637 241.921752 58.054769
176.346551 172.303059 96.368330 202.784541 120.891157 162.435567 112.068534 135.549601 78.592721 178.086024 242.095095 58.198373
176.190847 172.421281 96.284789 202.887386 120.905267 162.406184 112.089874 135.520236 78.599279 178.084655 242.278835 58.350589
176.013761 172.554847 96.199925 202.991862 120.922821 162.377417 112.099515 135.506969 78.612103 178.081978 242.470968 58.509759
175.919534 172.623163 96.053763 203.154581 120.935738 162.356246 112.115623 135.484804 78.639805 178.076194 242.673959 58.677924
175.852798 172.670637 95.976249 203.227905 120.949801 162.333198 112.136316 135.456329 78.680234 178.067754 242.885190 58.852915
175.804164 172.705433 95.931135 203.270580 120.969751 162.300504 112.275657 135.390439 78.736520 178.056003 243.098346 59.029501
175.772690 172.727952 95.906217 203.294151 120.986627 162.272846 112.342647 135.423037 78.812874 178.040062 243.317346 59.318286
175.752440 172.742441 95.892196 203.307414 121.003867 162.244591 112.427260 135.464212 79.056404 177.987684 243.382679 59.576458
175.737150 172.753380 95.883842 203.315317 121.019858 162.218384 112.530667 135.514531 79.321145 177.915267 243.375760 59.850170
175.713077 172.770604 95.882389 203.316691 121.035745 162.192348 112.648191 135.571720 79.527087 177.886559 243.368783 60.126182
175.692745 172.785151 95.881372 203.317653 121.053298 162.163580 112.768143 135.630091 79.678960 177.873903 243.361773 60.403494
175.667452 172.803247 95.881081 203.317928 121.070226 162.135837 112.891782 135.690255 79.846479 177.859943 243.354761 60.680905
175.644030 172.820005 95.880936 203.318066 121.084289 162.112789 113.010115 135.747838 80.031125 177.855008 243.347930 60.951119
175.627376 172.831784 95.880936 203.318066 121.098561 162.089399 113.129617 135.805990 80.229809 177.857823 243.341039 61.223732
175.603836 172.847492 95.880936 203.318066 121.117156 162.058924 113.245714 135.862224 80.440527 177.878195 243.334166 61.495645
175.595185 172.853265 95.880936 203.318066 121.125594 162.045095 113.364661 135.919228 80.663963 177.892991 243.327214 61.770657
175.586950 172.858760 95.880936 203.318066 121.135647 162.028620 113.481262 135.975108 80.853180 177.901104 243.320589 62.043576
175.577634 172.864977 95.880936 203.318066 121.148564 162.007450 113.689301 136.073303 81.029174 177.895001 243.314991 62.319719
175.514073 172.899034 95.880936 203.318066 121.163044 161.983719 113.812997 136.129589 81.171989 177.890049 243.309520 62.593364
175.501765 172.904074 95.880936 203.318066 121.171691 161.969548 113.937057 136.186041 81.292681 177.881658 243.305615 62.867436
175.469006 172.917490 95.880936 203.318066 121.181827 161.952890 114.071986 136.211150 81.397670 177.873561 243.301730 63.140109
175.414036 172.940002 95.880936 203.318066 121.191364 161.937154 114.188901 136.264949 81.480623 177.867163 243.297862 63.411581
175.383035 172.952697 95.880936 203.318066 121.205202 161.914320 114.305926 136.319699 81.540943 177.861762 243.293996 63.682954
175.355273 172.964067 95.661238 203.251271 121.212355 161.902518 114.427230 136.376626 81.582460 177.853659 243.290087 63.957326
175.336487 172.971760 95.621295 203.231881 121.227178 161.878060 114.543669 136.436869 81.618579 177.846610 243.286158 64.233098
175.327696 172.975360 95.563321 203.197322 121.245681 161.847529 114.661351 136.497755 81.630454 177.844293 243.282311 64.503070
175.323994 172.976876 95.496074 203.153804 121.254388 161.833161 114.784451 136.561445 81.642625 177.841917 243.278379 64.779042
175.323717 172.976990 95.417409 203.102898 121.268848 161.809301 114.905508 136.624077 81.647434 177.840979 243.274521 65.049815
175.323624 172.977028 95.321953 203.041125 121.285123 161.782448 115.105089 136.725556 81.648317 177.840806 243.309441 65.322075
175.299471 172.986919 95.209288 202.968213 121.301138 161.756022 115.224127 136.783974 81.648612 177.840749 243.387798 65.582231
175.268655 172.999539 95.083654 202.886626 121.311970 161.738148 115.342089 136.841862 81.648612 177.840749 243.460878 65.842464
175.087553 173.078917 94.948209 202.798667 121.327882 161.711894 115.463013 136.901204 81.655188 177.839465 243.534039 66.102986
175.026213 173.105195 94.793638 202.710826 121.345970 161.682047 115.584744 136.960943 81.683455 177.833949 243.600852 66.504196
174.891867 173.149849 94.275151 202.462574 121.355507 161.666311 115.708272 137.021563 81.697882 177.831133 243.598549 66.775187
174.797775 173.179654 94.088394 202.377311 121.371367 161.640142 115.829016 137.080817 81.713390 177.828106 243.596198 67.051777
174.722939 173.203359 93.887719 202.285693 121.380955 161.624321 115.948614 137.140322 81.720751 177.826670 243.593884 67.324067
174.677085 173.217884 93.658523 202.217390 121.392046 161.606019 116.071424 137.198981 81.721732 177.826478 243.591588 67.594257
174.654396 173.225071 93.428832 202.112519 121.408321 161.579166 116.192212 137.256769 81.722223 177.826382 243.589246 67.869847
174.540075 173.162513 93.186586 202.001916 121.419743 161.559444 116.312549 137.314342 81.722223 177.826382 243.586916 68.143937
174.513717 173.101351 92.936427 201.887699 121.429181 161.541472 116.395834 137.390830 81.722223 177.826382 243.584590 68.417627
174.480235 173.023658 92.687542 201.774064 121.437643 161.525358 116.507150 137.444087 81.722223 177.826382 243.582246 68.693417
174.437888 172.925395 92.436382 201.659391 121.443780 161.513672 116.584368 137.481030 81.722223 177.826382 243.579911 68.968207
174.392335 172.819692 92.184403 201.544344 121.453962 161.494283 116.631095 137.503386 81.722223 177.826382 243.577573 69.243297
174.362019 172.749347 91.936337 201.431083 121.461866 161.479232 116.857900 137.570202 81.722223 177.826382 243.575237 69.518188
174.337323 172.692042 91.690453 201.318818 121.468700 161.466217 116.949049 137.710342 81.722223 177.826382 243.568394 69.890046
174.322324 172.657236 91.441749 201.205266 121.473908 161.456301 116.930374 137.814786 81.722223 177.826382 243.561788 70.166867
174.313815 172.637492 91.225612 201.106583 121.483392 161.438240 116.908232 137.938622 81.722223 177.826382 243.555306 70.438490
174.305503 172.618206 91.040949 201.022271 121.488042 161.429387 116.927122 138.086020 81.722223 177.826382 243.548748 70.713312
174.297786 172.600298 90.891945 200.954239 121.493993 161.418055 116.926932 138.245220 81.722223 177.826382 243.542294 70.983735
174.286309 172.573666 90.785059 200.905438 121.497433 161.411503 116.926723 138.421120 81.722223 177.826382 243.535746 71.258157
174.276353 172.548684 90.629801 200.832426 121.503896 161.399197 116.926498 138.610920 81.722223 177.826382 243.529249 71.530379
174.263597 172.514912 90.542294 200.833750 121.512079 161.383615 116.926265 138.802019 81.722223 177.826382 243.522705 71.804601
174.247732 172.472908 90.529486 200.857177 121.517472 161.373345 116.926017 138.995519 81.722223 177.826382 243.516123 72.080423
174.234376 172.437547 90.484987 200.938272 121.523191 161.362455 116.926506 139.181219 81.722223 177.826382 243.509658 72.351345
174.217663 172.393298 90.456426 200.990241 121.526724 161.355726 116.926994 139.366318 81.722223 177.826382 243.472833 72.712898
174.202116 172.352136 90.421605 201.053603 121.531374 161.346873 116.927355 139.503217 81.722223 177.826382 243.403795 72.977748
174.185863 172.309103 90.375851 201.136859 121.536813 161.336514 116.927636 139.609717 81.722223 177.826382 243.335360 73.240274
174.170280 172.267848 90.320657 201.237292 121.545368 161.320224 116.929250 139.679691 81.722223 177.826382 243.270124 73.490511
174.156359 172.230989 90.259394 201.348767 121.548623 161.314027 116.930813 139.725664 81.730075 177.824850 243.215230 73.701073
174.139717 172.186928 90.189752 201.475491 121.552342 161.306944 116.931207 139.737257 81.751766 177.820617 243.169545 73.876316
174.125265 172.148666 90.112596 201.615887 121.556806 161.298444 116.931472 139.745053 81.781701 177.814774 243.134101 74.012272
174.107810 172.102452 90.026289 201.772934 121.559270 161.293752 116.931656 139.750450 81.828125 177.805714 243.101079 74.138938
174.092546 172.062039 89.936466 201.936379 121.560850 161.290742 116.931720 139.752349 81.988267 177.775256 243.074541 74.240736
174.078730 172.025461 89.844091 202.104468 121.564337 161.284102 116.931731 139.752649 82.067043 177.760754 243.056504 74.309923
174.065763 171.991128 89.752389 202.271331 121.567917 161.277285 116.931731 139.752649 82.161698 177.729061 243.048356 74.341178
174.054597 171.961567 89.659243 202.440822 121.570847 161.271707 116.931731 139.752649 82.272876 177.690424 243.042604 74.363241
174.045297 171.937073 89.567013 202.608649 121.577030 161.259932 116.931731 139.752649 82.396918 177.646773 243.040510 74.371273
174.038225 171.918686 89.473578 202.778666 121.579866 161.254531 116.931771 139.753848 82.487916 177.614060 243.039955 74.373401
174.033128 171.905433 89.382214 202.944915 121.587212 161.240543 116.931815 139.755147 82.547861 177.592511 243.039879 74.373692
174.027241 171.890126 89.291861 203.109324 121.592141 161.231158 116.931873 139.756846 82.584749 177.579250 243.039879 74.373692
174.021030 171.873979 89.202381 203.280094 121.598464 161.219118 116.931982 139.760044 82.598489 177.574311 243.039879 74.373692
174.018733 171.868005 89.107196 203.446340 121.602974 161.210530 116.932638 139.779333 82.602441 177.572891 243.039879 74.373692
174.017225 171.864085 89.021034 203.611848 121.608553 161.199906 116.934089 139.822008 82.604605 177.572112 243.039879 74.373692
174.016579 171.862405 88.932591 203.782378 121.613946 161.189636 116.935027 139.849593 82.604888 177.572011 243.039879 74.373692
174.016507 171.862219 88.843411 203.954327 121.616736 161.184323 116.935027 139.849593 82.605170 177.571909 243.039879 74.373692
174.016507 171.862219 88.754692 204.125389 121.622640 161.173080 116.935737 139.870681 82.605170 177.571909 243.039879 74.373692
174.016507 171.862219 88.665696 204.296984 121.629335 161.160331 116.936842 139.908965 82.626837 177.561535 243.039879 74.373692
174.016507 171.862219 88.580016 204.462187 121.635705 161.148201 116.936842 139.908965 82.661158 177.543870 243.039879 74.373692
174.016507 171.862219 88.493507 204.628988 121.644818 161.130849 116.936842 139.908965 82.712372 177.517510 243.039879 74.373692
174.016507 171.862219 88.404419 204.800760 121.650676 161.119693 116.937396 139.928157 82.781280 177.482043 243.039879 74.373692
174.016507 171.862219 88.318140 204.967117 121.657650 161.106413 116.938426 139.963842 82.864948 177.438978 243.039879 74.373692
174.016507 171.862219 88.228012 205.135375 121.663787 161.094727 116.939982 140.017719 82.966042 177.386944 243.039678 74.374466
174.016507 171.862219 88.133603 205.303937 121.668064 161.086581 116.942074 140.090189 83.081719 177.327405 243.038441 74.379207
174.016507 171.862219 88.042321 205.466915 121.675224 161.072947 116.944680 140.180451 83.215186 177.258727 243.036549 74.386465
174.016507 171.862219 87.950307 205.631202 121.683547 161.057099 116.947646 140.283209 83.366085 177.181090 243.033093 74.399722
174.016507 171.862219 87.855653 205.800200 121.688754 161.047184 116.953419 140.476665 83.532812 177.095310 243.030016 74.411527
174.016507 171.862219 87.761684 205.967977 121.697448 161.030628 116.957523 140.601097 83.708521 177.004909 243.026030 74.426816
174.016507 171.862219 87.670004 206.131992 121.704701 161.016816 116.960555 140.693047 83.893832 176.909567 243.023356 74.437073
174.016507 171.862219 87.578361 206.296945 121.714465 160.998224 116.962628 140.755913 84.091593 176.807820 243.021817 74.442976
174.016507 171.862219 87.484484 206.465918 121.722415 160.983085 116.958955 140.782274 84.301447 176.699852 243.021817 74.442976
174.016507 171.862219 87.390850 206.634455 121.729482 160.969627 116.954833 140.797630 84.521972 176.586393 243.020051 74.449750
174.016507 171.862219 87.298722 206.800281 121.738735 160.952009 116.953330 140.803232 84.755035 176.466484 243.018916 74.454104
174.016507 171.862219 87.204714 206.969092 121.744918 160.940234 116.953019 140.804391 84.992828 176.329135 242.984939 74.453772
174.016507 171.862219 87.105453 207.148801 121.750637 160.929344 116.952863 140.804971 85.227704 176.195360 242.978632 74.477963
174.016507 171.862219 86.998940 207.341641 121.758401 160.914559 116.952786 140.805260 85.463448 176.061091 242.967835 74.519379
174.016507 171.862219 86.894620 207.530551 121.767839 160.896586 116.952786 140.805260 85.702842 175.924742 242.995556 74.543709
174.016507 171.862219 86.789140 207.721562 121.777696 160.877817 116.952786 140.805260 85.937891 175.790869 242.986600 74.578061
174.016507 171.862219 86.687180 207.908938 121.784903 160.864094 116.952786 140.805260 86.173635 175.656599 242.980445 74.601672
174.016507 171.862219 86.608151 208.107273 121.792481 160.849663 116.952786 140.805260 86.414593 175.519360 242.968210 74.648603
174.016507 171.862219 86.526901 208.311181 121.801547 160.832399 116.952786 140.805260 86.655725 175.382022 242.956934 74.691858
174.016507 171.862219 86.407379 208.600270 121.810149 160.816020 116.952786 140.805260 86.892425 175.247208 242.941773 74.750014
174.016507 171.862219 86.316821 208.800877 121.815356 160.806104 116.952786 140.805260 87.186544 175.079090 242.886676 74.963986
174.016507 171.862219 86.227373 208.999023 121.818424 160.800261 116.952786 140.805260 87.521163 174.886350 242.867827 75.039159
174.016507 171.862219 86.121579 209.191167 121.822888 160.791762 116.952786 140.805260 87.755844 174.751029 242.846133 75.125680
174.016507 171.862219 85.984935 209.363714 121.828606 160.780872 116.952786 140.805260 87.991824 174.614958 242.824030 75.215295
174.016507 171.862219 85.787941 209.608588 121.838556 160.761925 116.952786 140.805260 88.195287 174.422372 242.796653 75.326371
174.016507 171.862219 85.647390 209.778747 121.849807 160.740500 116.952786 140.805260 88.413122 174.259486 242.767026 75.446574
174.016507 171.862219 85.527364 209.921561 121.856224 160.728282 116.952786 140.805260 88.632719 174.095282 242.734074 75.580273
174.016435 171.862032 85.423860 210.030956 121.861617 160.718012 116.952786 140.805260 88.850954 173.932096 242.698321 75.725332
174.016399 171.861939 85.357083 210.122871 121.872589 160.697118 116.952786 140.805260 89.068629 173.769329 242.659362 75.883401
174.016292 171.861659 85.330818 210.195040 121.879703 160.683572 116.952786 140.805260 89.290322 173.607312 242.616071 76.059045
174.016220 171.861472 85.313719 210.242026 121.884027 160.675339 116.952786 140.805260 89.507792 173.438553 242.576657 76.218959
174.016112 171.861192 85.301439 210.372100 121.891559 160.660996 116.952786 140.805260 89.720820 173.264486 242.541120 76.363145
174.015610 171.859885 85.337557 210.450919 121.896766 160.651080 116.952786 140.805260 89.935783 173.088837 242.508024 76.497426
174.014999 171.858299 85.380131 210.543829 121.901369 160.642315 116.952786 140.805260 90.149817 172.913947 242.478469 76.617338
174.014030 171.855779 85.408999 210.606830 121.906018 160.633462 116.952786 140.805260 90.363851 172.739057 242.449848 76.733463
174.013133 171.853445 85.426412 210.644831 121.913643 160.618942 116.952786 140.805260 90.577111 172.564801 242.427042 76.825993
174.011876 171.850178 85.421887 210.771948 121.921454 160.604068 116.952786 140.805260 90.866148 172.336782 242.407299 76.906096
174.011015 171.847938 85.433777 210.842249 121.928242 160.591142 116.952786 140.805260 91.082356 172.168792 242.390906 76.972606
174.008251 171.840752 85.413471 210.927175 121.932891 160.582289 116.952786 140.805260 91.296432 172.002458 242.377553 77.026785
174.006456 171.836085 85.383456 211.024031 121.937541 160.573435 116.952786 140.805260 91.519558 171.809280 242.365300 77.076497
174.004302 171.830485 85.340189 211.138118 121.948839 160.551922 116.952786 140.805260 91.693179 171.642715 242.353814 77.123102
174.001251 171.822551 85.263807 211.251126 121.955441 160.539350 116.952786 140.805260 91.987718 171.402092 242.348238 77.145725
173.996333 171.809765 85.180929 211.373744 121.960043 160.530585 116.952786 140.805260 92.133062 171.282848 242.343236 77.166018
173.989620 171.792311 85.087076 211.512601 121.964972 160.521200 116.952786 140.805260 92.255908 171.182062 242.338091 77.186893
173.983302 171.775884 84.982862 211.666786 121.969063 160.513409 116.952786 140.805260 92.371101 171.087555 242.335794 77.196214
173.973825 171.751244 84.871986 211.830829 121.976642 160.498978 116.952786 140.805260 92.554990 170.938865 242.334358 77.202040
173.963163 171.723523 84.706656 212.091415 121.982546 160.487734 116.952786 140.805260 92.649195 170.863247 242.333975 77.203593
173.953291 171.697856 84.593877 212.278093 121.987579 160.478521 116.952786 140.805260 92.746208 170.785376 242.332826 77.208254
173.940547 171.664723 84.482287 212.462801 121.991626 160.471504 116.952786 140.805260 92.839321 170.710635 242.331534 77.213497
173.921234 171.614509 84.377678 212.635955 121.997770 160.460849 116.952786 140.805260 92.944547 170.658171 242.330768 77.216604
173.905224 171.572881 84.278499 212.800122 122.006862 160.445083 116.952786 140.805260 93.137850 170.537277 242.329476 77.221847
173.886988 171.525468 84.117219 213.018147 122.017103 160.427324 116.952786 140.805260 93.244005 170.435693 242.327131 77.231362
173.871372 171.484867 83.988392 213.146565 122.027844 160.408699 116.952786 140.805260 93.370902 170.331016 242.323206 77.247286
173.857695 171.449307 83.859353 213.275196 122.038484 160.390247 116.952786 140.805260 93.504742 170.220611 242.318588 77.266025
173.841038 171.405999 83.723585 213.410532 122.044529 160.379765 116.952786 140.805260 93.646295 170.103843 242.312892 77.289134
173.821940 171.356345 83.578611 213.555047 122.057368 160.357502 116.952786 140.805260 93.796952 169.979566 242.305952 77.317291
173.802525 171.301281 83.427191 213.705986 122.069507 160.336451 116.952786 140.805260 93.958022 169.846699 242.294058 77.365547
