404.838600 377.264800 248.285699 262.683869 430.779000 221.166400 268.798000 206.926800 465.501241 228.841448 489.096000 149.412600
404.864147 377.242669 248.083128 262.504757 430.773636 221.213697 268.794406 206.895808 465.755165 228.784648 489.051659 149.417396
404.922194 377.192382 247.876962 262.322465 430.764824 221.291399 268.787771 206.838591 466.026242 228.724828 488.967748 149.426472
405.006847 377.119048 247.679335 262.147725 430.750715 221.415801 268.780598 206.755342 466.297570 228.666154 488.844666 149.439785
405.121279 377.019915 247.486803 261.977489 430.731626 221.584122 268.774548 206.638498 466.550279 228.611271 488.695735 149.455895
405.258084 376.901402 247.282134 261.796522 430.709223 221.781656 268.767060 206.493892 466.810647 228.575161 488.511211 149.475854
405.422400 376.759054 246.883392 261.560151 430.681863 222.022909 268.758156 206.321922 467.086355 228.546439 488.293083 149.499447
405.615287 376.591956 246.648739 261.450049 430.649792 222.305697 268.747751 206.120992 467.356095 228.518340 488.046323 149.526138
405.839466 376.397751 246.403222 261.334850 430.613889 222.622267 268.736106 205.896093 467.628620 228.489950 487.774508 149.555539
406.055632 376.210486 246.164223 261.222709 430.575170 222.963679 268.723085 205.644630 467.891597 228.462555 487.510647 149.584076
406.113074 375.944920 245.915628 261.106065 430.532145 223.343047 268.709702 205.386176 468.150026 228.432280 487.245195 149.612785
405.921987 375.755587 245.669395 260.990056 430.485222 223.756794 268.695668 205.115139 468.424667 228.399417 486.982328 149.641215
405.736441 375.571745 245.438066 260.871367 430.435459 224.195582 268.912680 205.041828 468.699307 228.366555 486.712700 149.670376
405.541803 375.378893 245.203179 260.750852 430.382149 224.655095 269.179008 205.001259 468.973353 228.333764 486.450429 149.698741
405.357677 375.196458 244.957259 260.624676 430.321213 225.143911 269.450872 204.959847 469.232901 228.302708 486.220769 149.723579
405.070310 374.919088 244.715787 260.500783 430.256120 225.666069 269.710675 204.920272 469.502379 228.270464 486.078995 149.738912
404.870534 374.727206 244.275769 260.183537 430.188455 226.208868 269.871815 204.678760 469.772873 228.238294 485.983353 149.749256
404.672923 374.537402 244.062432 260.033690 430.120134 226.757430 269.852790 204.404619 470.036633 228.207087 485.953527 149.752482
404.475888 374.348152 243.854128 259.851102 430.053076 227.296475 269.834401 204.139657 470.309163 228.175132 485.928274 149.755213
404.285200 374.164998 243.651538 259.673524 429.986318 227.832332 269.815888 203.872898 470.574137 228.149614 485.923303 149.755751
404.326371 373.881177 243.444588 259.492122 429.913760 228.380526 269.797735 203.611327 470.841699 228.123846 485.921911 149.755901
404.507791 373.693262 243.237637 259.310721 429.836081 228.916728 269.779001 203.341377 471.101696 228.098807 485.921000 149.756000
404.699074 373.495131 243.042117 259.139339 429.757887 229.456494 269.763811 203.122503 471.560410 228.063325 485.921000 149.756000
404.890635 373.296712 242.845243 258.966771 429.680266 229.992301 269.754104 202.982640 471.831330 228.034967 485.921000 149.756000
405.076083 373.104624 242.518598 258.709821 429.601125 230.538598 269.747499 202.887468 472.087767 228.008494 485.921000 149.756000
405.259587 372.914551 242.275785 258.594517 429.522002 231.084089 269.869023 202.719438 472.346203 227.981908 485.921000 149.756000
405.440591 372.727067 242.039295 258.482215 429.442060 231.630674 270.039126 202.701952 472.606231 227.955158 485.921000 149.756000
405.620066 372.541166 241.822533 258.306196 429.362717 232.173506 270.244444 202.680846 472.871829 227.927834 485.921000 149.756000
