98.240000 278.545000 363.653968 427.261231 338.762200 274.164400 430.091435 226.988454 206.930344 238.847397 256.137400 280.491000
98.237790 278.574918 363.775888 428.137187 338.802893 274.154004 430.091189 226.990439 206.839598 238.734560 256.154854 280.526100
98.231606 278.649061 363.898002 429.014529 338.875171 274.135538 430.088452 227.012470 206.741581 238.612684 256.189228 280.595225
98.222563 278.757485 364.019426 429.886919 338.993956 274.105191 430.083860 227.049385 206.675151 238.530083 256.238473 280.694256
98.210062 278.907364 364.121511 430.768559 339.143164 274.067072 430.079854 227.081537 206.729348 238.302436 256.306152 280.830358
98.195533 279.081559 364.182477 431.647046 339.294686 273.951598 430.077209 227.102772 206.846774 238.191124 256.389148 280.997261
98.178445 279.286448 364.248635 432.524111 339.475676 273.799210 430.073450 227.132939 206.960572 238.083252 256.489687 281.199443
98.157948 279.532195 364.329500 433.404405 339.687418 273.620930 430.067566 227.180174 207.078579 237.971390 256.600734 281.422756
98.135523 279.801061 364.410640 434.287686 339.895028 273.446128 430.058936 227.249439 207.164652 237.889798 256.718015 281.658605
98.113430 280.065941 364.476200 435.171640 340.093766 273.278797 430.045140 227.360182 207.271337 237.788667 256.916400 282.067616
98.062798 280.513195 364.525619 436.052150 340.299999 273.105155 430.029192 227.488193 207.347976 237.716019 257.032480 282.308950
98.024536 280.778651 364.536372 436.939285 340.496136 272.940014 430.008373 227.655301 207.578666 237.724154 257.144226 282.541273
98.048998 281.049094 364.547051 437.820220 340.639031 272.819701 429.984315 227.848408 207.661837 237.805302 257.256491 282.774677
98.102787 281.308986 364.557797 438.706755 340.744443 272.730947 429.955608 228.078827 207.759610 237.900696 257.373694 283.018356
98.232077 281.529630 364.568445 439.592491 340.802427 272.682126 429.920641 228.333021 207.837628 237.976815 257.491852 283.264018
98.383548 281.754346 364.578981 440.473228 340.820939 272.666540 429.879752 228.615275 207.827158 238.170867 257.603334 283.495801
98.540433 282.250395 364.589583 441.359564 340.830424 272.658553 429.835192 228.922864 207.723390 238.273286 257.716723 283.731550
98.783351 282.348553 364.560999 442.244090 340.832107 272.657136 429.786102 229.261727 207.606383 238.388771 257.847188 283.960641
98.996478 282.483163 364.513862 443.126231 340.870355 272.624932 429.731421 229.639187 207.501334 238.492455 257.987474 284.185699
99.181967 282.672141 364.469131 444.009099 340.915488 272.586932 429.673958 230.035846 207.387601 238.604709 258.189517 284.542519
99.376002 282.869827 364.424650 444.888575 341.119171 272.721145 429.613369 230.454080 207.315860 238.675518 258.303028 284.773085
99.503660 283.098542 364.380088 445.769648 341.102201 272.862933 429.547763 230.906953 207.247250 238.743235 258.535404 284.756426
99.612394 283.333392 364.324781 446.653815 341.081642 273.034707 429.477486 231.388451 207.182057 238.807581 258.542799 284.498332
99.718150 283.581119 364.218208 447.536001 341.056497 273.244808 429.402779 231.899419 207.135795 238.853241 258.550228 284.239038
99.794732 283.833767 364.111994 448.415208 341.027905 273.483703 429.325258 232.429783 207.150815 239.033286 258.625200 283.907053
99.849790 284.015406 364.005829 449.294019 340.997269 273.739676 429.254498 232.967582 207.229571 239.148550 258.888174 283.910735
99.885876 284.134457 363.901767 450.173077 340.965183 274.007763 429.190504 233.516666 207.315662 239.274546 259.165346 283.914556
99.895296 284.210471 363.800986 451.048697 340.932314 274.282403 429.126996 234.061577 207.413096 239.397269 259.428748 283.904344
99.896582 284.231231 363.699655 451.929084 340.899420 274.557242 429.063859 234.603310 207.523520 239.505472 259.697746 283.893916
99.897904 284.252590 363.599272 452.807970 340.866835 274.829499 429.000838 235.144050 207.628801 239.608635 259.964346 283.883580
99.898151 284.256582 363.501020 453.683272 340.835486 275.091429 428.937631 235.686380 207.731796 239.709559 260.226149 283.873431
99.898374 284.260175 363.402256 454.563147 340.803543 275.358324 428.872738 236.234136 207.843791 239.819301 260.491550 283.863142
100.004875 284.315027 363.303402 455.443816 340.772408 275.618468 428.795162 236.775809 207.961786 239.934922 260.755152 283.852922
100.081438 284.308995 363.205106 456.319516 340.747263 275.828569 428.716792 237.323026 208.066496 240.037525 261.031744 283.842200
100.187709 284.300623 363.104568 457.195969 340.730198 275.971151 428.639613 237.861927 208.178919 240.147688 261.294746 283.832003
100.320896 284.290131 363.003449 458.075978 340.720121 276.055350 428.561612 238.406570 208.290486 240.257010 261.567541 283.821428
100.491966 284.276654 362.902695 458.952808 340.715486 276.094074 428.484206 238.947056 208.395910 240.360313 261.830744 283.811224
100.707690 284.259567 362.801735 459.831427 340.713585 276.109960 428.410490 239.486217 208.505048 240.467256 262.071163 283.801904
100.961687 284.239352 362.701301 460.705476 340.712277 276.120882 428.342475 240.035623 208.615186 240.575178 262.245632 283.795140
101.219273 284.218851 362.600136 461.585882 340.712040 276.122868 428.274976 240.580861 208.728609 240.686320 262.343958 283.791328
101.488023 284.197461 362.494575 462.522433 340.712016 276.123067 428.207443 241.126699 208.820320 240.776186 262.492884 283.909800
101.750792 284.176547 362.395871 463.403723 340.712016 276.123067 428.143692 241.674592 208.894316 240.848694 262.492523 284.100200
102.017748 284.155300 362.297745 464.279845 340.712016 276.123067 428.084540 242.208727 208.941886 240.895306 262.492111 284.317599
102.481190 284.085751 362.199353 465.158352 340.712016 276.123067 428.023714 242.757969 209.103268 241.055589 262.491652 284.559799
102.749863 284.029007 362.100782 466.038449 340.712016 276.123067 427.958196 243.296480 209.194981 241.147159 262.491127 284.836598
103.013179 283.980567 362.002901 466.912385 340.712016 276.123067 427.861544 243.837109 209.448022 241.395357 262.490633 285.096998
103.271892 283.937947 361.904041 467.795066 340.712016 276.123067 427.740277 244.370292 209.563178 241.503245 262.833090 285.161249
103.542643 283.893343 361.805256 468.676548 340.712016 276.123067 427.578226 244.894051 209.677459 241.610313 263.024857 285.151784
103.804513 283.850202 361.706081 469.553357 340.712016 276.123067 427.410891 245.421965 209.798016 241.723260 263.151987 285.148208
104.059279 283.808231 361.606658 470.432352 340.712016 276.123067 427.209620 245.924673 209.919156 241.836755 263.208782 285.147455
104.278129 283.772178 361.507459 471.309360 340.712016 276.123067 426.993385 246.424983 210.020447 241.931652 263.327706 285.249138
104.465405 283.741326 361.407946 472.189150 340.712016 276.123067 426.750080 246.907064 210.087147 241.994143 263.335252 285.388333
104.580651 283.722340 361.308456 473.068741 340.712016 276.123067 426.502813 247.397004 210.276188 241.991185 263.345200 285.571864
104.656430 283.709856 361.206785 473.943251 340.712016 276.123067 426.210147 247.854113 210.383628 241.886225 263.356849 285.786748
104.875353 283.877671 361.104582 474.821323 340.712016 276.123067 425.899010 248.309587 210.439995 241.831160 263.573977 285.879636
104.901809 284.032425 361.002310 475.699991 340.712016 276.123067 425.575984 248.749973 210.656477 241.844539 263.827790 285.992561
104.933017 284.214977 360.900407 476.575480 340.712016 276.123067 425.241687 249.193301 210.758614 241.945480 264.085067 286.031181
104.969247 284.426903 360.798251 477.453155 340.712016 276.123067 424.883253 249.607029 210.879101 242.064556 264.361493 286.040999
105.012452 284.679636 360.696394 478.328247 340.712016 276.123067 424.527699 250.017432 211.023487 242.207251 264.622728 286.050278
105.060714 284.961941 360.593636 479.211087 340.712016 276.123067 424.169003 250.431463 211.193051 242.374829 264.881765 286.059479
105.115479 285.282293 360.495850 480.051215 340.712016 276.123067 423.813318 250.842018 211.391493 242.570946 265.157591 286.069277
105.174963 285.630245 360.402595 480.852406 340.712016 276.123067 423.468030 251.258238 211.618811 242.795603 265.420825 286.078627
105.239839 286.009740 360.312555 481.625984 340.712016 276.123067 423.129755 251.696212 211.870455 243.044299 265.687856 286.088112
105.310445 286.422748 360.225451 482.374332 340.712016 276.123067 422.795026 252.129596 212.143578 243.314224 265.948692 286.097377
105.384858 286.858033 360.142902 483.083544 340.712016 276.123067 422.458707 252.565038 212.379717 243.547597 266.253833 286.195113
105.458531 287.288981 360.060354 483.792756 340.712016 276.123067 422.131103 252.995280 212.564786 243.730499 266.274968 286.466893
105.525025 287.677938 359.974568 484.524103 340.712016 276.123067 421.810378 253.430711 212.741463 243.905107 266.293875 286.743238
