413.029723 337.258357 291.419160 246.124354 338.950200 416.607600 389.283400 418.575600 319.718000 422.934000 403.928400 402.212200
413.296196 337.326307 291.472621 246.238891 338.949570 416.577006 389.283218 418.622400 319.766264 422.947806 403.965220 402.247489
413.550308 337.392422 291.497322 246.291810 338.948175 416.509221 389.282925 418.697399 319.847987 422.971182 404.024565 402.304366
413.811694 337.472580 291.512971 246.325338 338.946179 416.412241 389.282501 418.806198 319.975858 423.007758 404.106146 402.382555
414.058929 337.548398 291.515847 246.331500 338.943540 416.284069 389.281979 418.940197 320.130074 423.051870 404.325924 402.495174
414.313431 337.626444 291.517201 246.334399 338.940165 416.120103 389.281405 419.087396 320.311786 423.103847 404.489862 402.378876
414.561973 337.633609 291.517793 246.335668 338.935926 415.914147 389.280828 419.235395 320.536379 423.168090 404.683978 402.241170
414.818580 337.712295 291.517877 246.335849 338.931196 415.684396 389.280237 419.386994 320.795198 423.242123 404.899213 402.090802
415.080158 337.792506 291.517877 246.335849 338.925631 415.414053 389.279613 419.547193 321.094207 423.327651 405.153804 401.929479
415.327204 337.868260 291.518300 246.336755 338.919346 415.108718 389.279026 419.697791 321.422058 423.421430 405.408226 401.768262
415.584767 337.947239 291.519231 246.338749 338.913991 414.848573 389.278443 419.847390 321.785675 423.525439 405.601830 401.645583
415.847493 338.027801 291.522107 246.344911 338.975731 414.643217 389.277808 420.010189 322.198740 423.559830 405.733265 401.562299
416.108307 338.107777 291.525660 246.352522 338.970967 414.412066 389.277220 420.161188 322.623510 423.571170 406.067328 401.510101
416.370267 338.188104 291.528620 246.358866 338.965618 414.152521 389.276600 420.320187 323.040784 423.434777 406.200074 401.594971
416.617505 338.263917 291.529974 246.361765 338.959466 413.853985 389.276007 420.472186 323.452165 423.300311 406.321596 401.679799
416.882143 338.345065 291.531496 246.365027 338.952864 413.533653 389.275485 420.606185 323.861414 423.168345 406.442462 401.764168
417.150695 338.383334 291.535557 246.373726 338.945821 413.191925 389.275160 420.689584 324.260258 423.008215 406.578220 401.850395
417.422156 338.392019 291.538940 246.380976 338.937983 412.811606 389.052781 420.879436 324.656398 422.848834 406.729635 401.914945
417.680224 338.400275 291.550614 246.405985 338.930041 412.426288 388.907461 420.902887 325.053719 422.681307 406.870746 401.975103
418.075956 338.377804 291.560511 246.427189 338.922174 412.044569 388.743187 420.929398 325.445012 422.498981 407.013514 402.035968
418.333232 338.313460 291.576414 246.461261 338.978649 411.665948 388.601026 420.952340 326.005448 422.200896 407.171756 402.057615
418.582941 338.251008 291.587496 246.485002 339.042318 411.286655 388.436751 420.978851 326.380646 421.982762 407.321319 402.069052
418.847202 338.184917 291.606106 246.524872 339.105192 410.912095 388.285113 421.003322 326.767766 421.768201 407.465299 402.080063
419.091372 338.081663 291.626408 246.568367 339.168066 410.537536 388.140386 421.026678 327.126412 421.513648 407.619249 402.091836
419.299449 337.903085 291.636305 246.589571 339.230179 410.167513 387.976901 421.053061 327.474620 421.266504 407.784167 402.104448
419.504338 337.727243 291.646625 246.611681 339.293550 409.789995 387.817760 421.078743 327.829515 421.014614 407.934130 402.115916
419.710290 337.550490 291.653308 246.625999 339.355331 409.421944 387.663357 421.103661 328.346697 420.647753 408.082496 402.127262
419.800357 337.319996 291.658045 246.636148 339.418106 409.047976 387.518813 421.158112 328.697346 420.399211 408.238841 402.141380
419.857816 337.060890 291.660244 246.640860 339.481212 408.672036 387.425928 421.279440 329.056179 420.144922 408.404078 402.159249
419.917786 336.790460 291.661513 246.643578 339.545278 408.290376 387.337542 421.394891 329.406364 419.896762 408.550226 402.175054
419.964521 336.528925 291.664051 246.649015 339.608682 407.912660 387.239916 421.522412 329.761933 419.644786 408.693590 402.190559
419.902757 336.273898 291.671664 246.665326 339.670827 407.542440 387.149707 421.640245 330.112118 419.396626 408.856007 402.208448
419.837415 336.004097 291.678600 246.680186 339.735092 407.159596 387.050500 421.769831 330.471603 419.141874 409.019194 402.226662
419.773909 335.741878 291.691966 246.708821 339.799357 406.776752 386.959561 421.888617 330.829131 418.888510 409.183772 402.245031
419.709132 335.474410 291.709645 246.746698 339.872054 406.403226 386.864002 422.013438 331.205654 418.686038 409.284944 402.256323
419.644967 335.209470 291.748388 246.829701 339.948619 406.035717 386.768808 422.137783 331.812126 418.423892 409.329865 402.261337
419.582544 334.951721 291.778164 246.893494 340.025511 405.666642 386.670088 422.266733 332.409294 418.236343 409.356301 402.264288
419.520309 334.694750 291.801173 246.942789 340.103219 405.293650 386.578176 422.386790 332.837232 418.120272 409.374587 402.266329
419.456144 334.429809 291.818006 246.978854 340.112679 404.925202 386.479820 422.515263 333.253396 418.007395 409.379159 402.266839
419.395416 334.179058 291.838562 247.022893 340.190099 404.553581 386.390948 422.631350 333.679597 417.891795 409.380351 402.266972
419.330874 333.912562 291.848375 247.043915 340.267233 404.183330 386.299279 422.751089 334.102130 417.777190 409.380351 402.266972
419.267133 333.649371 291.852266 247.052252 340.344531 403.812296 386.207489 422.870987 334.526227 417.663005 409.380351 402.266972
419.204192 333.389484 291.873583 247.097922 340.421992 403.440480 386.115091 422.991680 334.949383 417.549169 409.380351 402.266972
419.141008 333.128627 291.893462 247.140511 340.501003 403.061222 386.022571 423.112530 335.373891 417.434970 409.380351 402.266972
419.079152 332.861758 291.914779 247.186181 340.578586 402.688818 385.893179 423.169325 335.791832 417.322537 409.380351 402.266972
419.028318 332.592108 291.935673 247.230945 340.654252 402.325616 385.747726 423.221715 336.210159 417.210001 409.380351 402.266972
418.983050 332.336297 291.946585 247.254323 340.730326 401.960456 385.596253 423.276274 336.627146 417.097871 409.380351 402.266972
418.939517 332.075100 291.954537 247.271359 340.808970 401.582961 385.448730 423.329409 337.240348 416.940541 409.380351 402.266972
418.928103 331.810624 291.960289 247.283683 340.885901 401.213690 385.295186 423.384713 337.856889 416.815746 409.380351 402.266972
418.940500 331.552321 291.961473 247.286220 340.964749 400.835216 385.193576 423.421311 338.288691 416.732251 409.380351 402.266972
418.953395 331.283631 291.961896 247.287126 341.042985 400.459678 385.143712 423.439272 338.667862 416.693484 409.380351 402.266972
418.966615 331.008148 291.962150 247.287670 341.119752 400.091190 384.936471 423.292688 338.946376 416.421839 409.380351 402.266972
419.113268 330.793423 291.962234 247.287851 341.197213 399.719373 384.929205 423.163292 338.938478 416.038121 409.380351 402.266972
419.276651 330.571226 291.962234 247.287851 341.273817 399.351668 384.920480 423.007936 338.930781 415.664200 409.380351 402.266972
419.433400 330.358052 291.962234 247.287851 341.352461 398.974173 384.911666 422.850984 338.922812 415.277082 409.380351 402.266972
419.590504 330.144395 291.962234 247.287851 341.430575 398.599223 384.903524 422.706012 338.915164 414.905561 409.380351 402.266972
419.814214 329.984137 291.962234 247.287851 341.509586 398.219966 384.894486 422.545066 338.907257 414.521442 409.380351 402.266972
420.032177 329.829579 291.962234 247.287851 341.648033 397.878662 384.861001 422.403767 338.899289 414.134324 409.380351 402.266972
420.248672 329.676063 291.962234 247.287851 341.717664 397.544438 384.811458 422.248688 338.891374 413.749805 409.380351 402.266972
420.464840 329.522778 291.962234 247.287851 341.769551 397.295386 384.764228 422.100849 338.883566 413.370486 409.380351 402.266972
420.676767 329.372501 291.962234 247.287851 341.806141 397.119757 384.717971 421.956059 338.875873 412.996765 409.380351 402.266972
420.876920 329.187289 291.962234 247.287851 341.832533 396.993077 384.668915 421.802504 338.867982 412.613446 409.380351 402.266972
421.041898 328.989451 291.962234 247.287851 341.848197 396.917891 384.618581 421.644949 338.860269 412.238725 409.380351 402.266972
421.218788 328.777328 291.962234 247.287851 341.852235 396.898507 384.572203 421.499777 338.879837 411.856612 409.380351 402.266972
421.297430 328.531144 291.962234 247.287851 341.854397 396.888130 384.527894 421.361083 338.943901 411.474952 409.380351 402.266972
421.378744 328.248612 291.962234 247.287851 341.855621 396.882256 384.483342 421.221627 339.007931 411.093488 409.380351 402.266972
421.445593 327.942559 291.962234 247.287851 341.856355 396.878732 384.438121 421.080075 339.071001 410.717745 409.380351 402.266972
421.448275 327.599770 291.962234 247.287851 341.856519 396.877949 384.389308 420.927283 339.134236 410.341015 409.380351 402.266972
421.451181 327.228381 291.962234 247.287851 341.856600 396.877557 384.343295 420.783254 339.198498 409.958171 409.445652 402.128600
421.454114 326.853393 291.962234 247.287851 341.856600 396.877557 384.298500 420.643036 339.261038 409.585583 409.445392 402.054601
421.457042 326.479204 291.962234 247.287851 341.856600 396.877557 384.250904 420.494053 339.323148 409.215560 409.444976 401.936201
421.460062 326.093216 291.962234 247.287851 341.856600 396.877557 384.189713 420.160879 339.387145 408.834293 409.444408 401.774402
421.463044 325.712027 291.962234 247.287851 341.856600 396.877557 384.242062 420.004403 339.450315 408.457958 409.443722 401.579204
421.466073 325.324839 291.962234 247.287851 341.856600 396.877557 384.327067 419.872717 339.513219 408.083201 409.442904 401.346405
421.469052 324.944051 291.962234 247.287851 341.856600 396.877557 384.436150 419.749988 339.576388 407.706866 409.475735 401.088771
421.471983 324.569462 291.962234 247.287851 341.856600 396.877557 384.538723 419.634583 339.639226 407.332503 409.516990 400.803135
421.474971 324.187474 291.962234 247.287851 341.856600 396.877557 384.643820 419.516338 339.701403 406.962085 409.563306 400.482463
