395.962501 187.064283 238.436439 301.210788 245.705913 171.863003 313.133107 265.598270 237.604504 294.728947 254.188751 266.516851
395.775324 186.994964 238.405974 301.229207 245.140873 172.190723 312.873652 265.615090 237.300106 295.030675 254.120323 266.267638
395.654916 186.950372 238.338028 301.270289 244.575487 172.518643 312.603818 265.632584 237.033634 295.294810 254.124507 266.118297
395.585334 186.924604 238.230718 301.335171 244.008890 172.847265 312.340932 265.672405 237.181905 295.945188 254.128804 265.964957
395.294727 186.804515 237.942376 301.523725 243.440736 173.176791 312.076373 265.715213 237.356395 296.284782 254.133454 265.799022
395.166042 186.745433 237.820936 301.606202 242.873063 173.521244 311.822475 265.756297 237.528874 296.620463 254.138087 265.633687
395.000097 186.669243 237.684380 301.699172 242.319131 173.880442 311.552091 265.818578 237.703730 296.960769 254.142563 265.473950
394.808820 186.568543 237.563264 301.781771 241.766373 174.238877 311.292233 265.882481 237.879500 297.302854 254.147123 265.311214
394.582137 186.447449 237.444462 301.862792 241.207910 174.601013 311.032082 265.944234 238.051157 297.636934 254.151779 265.145079
394.343458 186.319947 237.314589 301.951363 240.653512 174.961697 310.804615 265.993781 238.223453 297.972259 254.156249 264.985541
394.116245 186.198571 237.191160 302.035539 240.098363 175.323426 310.568319 265.977805 238.395750 298.307584 254.160725 264.825804
393.883211 186.074085 237.063931 302.122308 239.543549 175.684937 310.314861 266.033011 238.568503 298.643799 254.165067 264.670865
393.631747 185.993746 236.941328 302.205920 238.994432 176.042736 310.065308 266.129755 238.737783 298.973253 254.169201 264.523323
393.371365 186.045936 236.807654 302.297083 238.446823 176.399551 309.810609 266.233454 238.909531 299.307511 254.172876 264.392174
393.155339 186.176402 236.680590 302.383739 237.899382 176.756258 309.559615 266.335644 239.045998 299.573103 254.174395 264.337996
393.016286 186.399871 236.547925 302.475660 237.370586 177.146120 309.308065 266.438060 239.156871 299.788885 254.175014 264.141394
392.869520 186.635736 236.418216 302.565880 236.851545 177.546958 309.058552 266.539647 239.235112 299.941160 254.218453 263.954612
392.731841 186.856998 236.282761 302.660098 236.326965 177.952074 308.819276 266.645432 239.274690 300.018187 254.221967 263.796451
392.600212 187.084538 236.150426 302.752145 235.804663 178.347939 308.591945 266.774063 239.297084 300.061770 254.225588 263.633491
392.482349 187.330785 236.026956 302.838026 235.279657 178.737249 308.360261 266.905155 239.305037 300.077247 254.229107 263.475130
392.369581 187.566387 235.901353 302.925391 234.746137 179.132872 308.123704 267.039006 239.310155 300.087209 254.232470 263.323767
392.273272 187.821789 235.781003 303.009102 234.211653 179.529210 307.885621 267.173812 239.312257 300.091300 254.236051 263.162607
392.181268 188.082003 235.649981 303.100236 233.676526 179.926025 307.663585 267.309857 239.312257 300.091300 254.239591 263.003247
392.250921 188.329724 235.532094 303.182233 233.144498 180.327636 307.438821 267.447573 239.312257 300.091300 254.242848 262.856683
392.422237 188.759925 235.464777 303.229057 232.622715 180.727203 307.216273 267.583931 239.312257 300.091300 254.246304 262.701121
392.511574 189.011324 235.431611 303.252126 232.104107 181.124338 306.988780 267.723319 239.312257 300.091300 254.249581 262.554758
392.586110 189.221074 235.415028 303.263660 231.584070 181.522567 306.752078 267.868350 239.312257 300.091300 254.253605 262.398210
392.642297 189.379188 235.407475 303.268913 231.058951 181.924687 306.530724 268.003976 239.312257 300.091300 254.257851 262.233064
392.671027 189.460035 235.403206 303.271883 230.537168 182.324254 306.310513 268.139554 239.312257 300.091300 254.261839 262.077915
392.588025 189.769124 235.401600 303.273000 230.010462 182.727590 306.090872 268.274912 239.312257 300.091300 254.265848 261.921967
392.446782 189.805291 235.239719 303.165610 229.481172 183.130509 305.939677 268.368089 239.312257 300.091300 254.270747 261.762043
392.307283 189.841012 235.192620 303.080354 228.951086 183.533702 305.835986 268.431990 239.312257 300.091300 254.276156 261.601134
392.230171 189.860758 235.131497 302.969715 228.430392 183.929751 305.774691 268.469764 239.312257 300.091300 254.281182 261.451618
392.169334 189.876336 235.060607 302.841395 227.903967 184.330160 305.727868 268.498620 239.312257 300.091300 254.284575 261.350675
392.138334 189.884274 234.985655 302.705722 227.383273 184.726209 305.683770 268.525796 239.312257 300.091300 254.286793 261.284713
392.098034 189.894593 234.913024 302.574250 226.853983 185.128797 305.651590 268.545628 239.312257 300.091300 254.282439 261.022063
392.074397 189.900646 234.843004 302.447505 226.325807 185.530537 305.601702 268.576372 239.312257 300.091300 254.203410 260.901447
392.063353 189.903474 234.769503 302.314458 225.801929 185.929008 305.548069 268.609424 239.312257 300.091300 254.106187 260.753061
392.053859 189.905905 234.696098 302.181586 225.264883 186.309189 305.472642 268.655908 239.312257 300.091300 253.985506 260.568876
392.037197 189.910171 234.621919 302.047314 224.729403 186.687784 305.381210 268.712255 239.312257 300.091300 253.900669 260.439394
392.040084 189.977637 234.545807 301.909540 224.192956 187.068774 305.279850 268.762282 239.312257 300.091300 253.856715 260.372311
391.987195 189.991198 234.475400 301.782095 223.665871 187.474572 305.157256 268.818813 239.312257 300.091300 253.835122 260.339355
391.894591 190.014942 234.395999 301.638369 223.144331 187.876099 305.059000 268.864122 239.312257 300.091300 253.830000 260.328600
391.764789 190.048224 234.324238 301.508473 222.625644 188.275430 304.985262 268.898124 239.312257 300.091300 253.830000 260.328600
391.476225 190.120483 234.248899 301.372099 222.106641 188.675005 304.891364 268.941422 239.312257 300.091300 253.830000 260.328600
391.277816 190.170435 234.170949 301.230999 221.585418 189.076288 304.805276 268.981120 239.312257 300.091300 253.830000 260.328600
391.050703 190.227614 234.094740 301.093051 221.059125 189.481475 304.721730 269.017734 239.312257 300.091300 253.830000 260.328600
390.359482 190.430765 234.019179 300.956800 220.539962 189.881172 304.627495 269.037079 239.312257 300.091300 253.830000 260.328600
390.125545 190.509401 233.938341 300.811355 220.013669 190.286359 304.534436 269.056184 239.312257 300.091300 253.830000 260.328600
389.866015 190.596640 233.862750 300.675350 219.487058 190.691790 304.452348 269.073036 239.312257 300.091300 253.830000 260.328600
389.617291 190.680247 233.790948 300.546163 218.928584 191.124770 304.346555 269.094755 239.312257 300.091300 253.830000 260.328600
389.369704 190.763471 233.710888 300.402117 218.402988 191.525276 304.281315 269.108149 239.312257 300.091300 253.851913 259.945819
389.119653 190.847524 233.637046 300.269258 217.879142 191.924450 304.214704 269.121824 239.312257 300.091300 253.898873 259.906574
388.684520 190.995229 233.567090 300.143393 217.349251 192.328229 304.153790 269.135306 239.312257 300.091300 253.975759 259.842320
388.269536 191.134359 233.496843 300.017003 216.819996 192.731524 304.099799 269.148586 239.312257 300.091300 254.088403 259.748184
388.014160 191.216300 233.417171 299.873655 216.299173 193.128394 304.071056 269.155656 239.312257 300.091300 254.220383 259.637888
387.767924 191.295307 233.339345 299.733630 215.777077 193.526234 304.031631 269.165354 239.312257 300.091300 254.378759 259.505532
387.512167 191.377370 233.262782 299.595877 215.247504 193.929771 304.008326 269.171086 239.312257 300.091300 254.570131 259.345603
387.259838 191.458333 233.190786 299.466340 214.717295 194.333793 303.993760 269.174669 239.312257 300.091300 254.771938 259.176953
387.003721 191.545848 233.115098 299.330160 214.196948 194.730300 303.974727 269.179350 239.312257 300.091300 254.978656 259.004198
386.759483 191.645009 233.073902 299.256039 213.675170 195.127897 303.969872 269.180545 239.312257 300.091300 255.178928 258.836830
386.511725 191.745600 233.060299 299.231565 213.145757 195.531313 303.969095 269.180736 239.312257 300.091300 255.382576 258.666641
386.275611 191.849586 233.048348 299.210063 212.617297 195.934002 303.968512 269.180879 239.312257 300.091300 255.589755 258.493502
386.026018 191.959690 233.045628 299.205168 212.045780 196.359011 303.968124 269.180975 239.312257 300.091300 255.790334 258.325877
385.781365 192.067615 233.044073 299.202371 211.545611 196.779130 303.967930 269.181022 239.312257 300.091300 255.990913 258.158253
385.538176 192.174894 233.043393 299.201148 211.039468 197.204267 303.967736 269.181070 239.312257 300.091300 256.193794 257.988705
385.285289 192.286452 233.043296 299.200973 210.524172 197.625783 303.967736 269.181070 239.312257 300.091300 256.398057 257.818002
384.915772 192.472160 233.043296 299.200973 210.006236 198.037112 303.967736 269.181070 239.312257 300.091300 256.595720 257.652815
384.689487 192.625953 233.043296 299.200973 209.490805 198.446452 303.967736 269.181070 239.312257 300.091300 256.803205 257.479419
384.476104 192.770976 233.092226 298.995169 208.973339 198.857408 303.967736 269.181070 239.312257 300.091300 257.014834 257.302560
384.263991 192.927399 233.149845 298.951331 208.455403 199.268738 303.967736 269.181070 239.312257 300.091300 257.227690 257.124676
384.048681 193.089318 233.239139 298.883394 207.937259 199.673987 303.967736 269.181070 239.312257 300.091300 257.428883 256.956539
383.845198 193.242341 233.363928 298.788452 207.413926 200.082990 303.967736 269.181070 239.312257 300.091300 257.627928 256.790197
383.644962 193.403697 233.507976 298.678857 206.895319 200.488298 303.967347 269.181166 239.312257 300.091300 257.961888 256.405493
383.450643 193.579138 233.675741 298.551219 206.374034 200.895700 303.966570 269.181357 239.312257 300.091300 258.075161 256.169653
383.260184 193.751093 233.872303 298.400997 205.857003 201.299777 303.965405 269.181643 239.312257 300.091300 258.220882 255.950713
383.069427 193.923317 234.082098 298.231355 205.334930 201.707794 303.963269 269.182169 239.312257 300.091300 258.374470 255.719953
382.865905 194.107067 234.314754 298.043229 204.806312 202.109575 303.960744 269.182790 239.312257 300.091300 258.519144 255.499618
382.674851 194.279559 234.562692 297.833854 204.281978 202.503796 303.955500 269.184080 239.312257 300.091300 258.661872 255.274678
382.484892 194.455302 234.820477 297.579327 203.756366 202.898979 303.950839 269.185226 239.312257 300.091300 258.802778 255.052609
382.307746 194.622223 235.099553 297.296127 203.233471 203.292118 303.946372 269.186325 239.312257 300.091300 258.948827 254.822435
382.146174 194.774468 235.399196 296.991085 202.706580 203.688262 303.932972 269.189621 239.312257 300.091300 259.087911 254.603237
382.033220 194.880903 235.780142 296.587187 202.182246 204.082484 303.916464 269.193682 239.326608 300.119229 259.233211 254.374244
381.945010 194.964020 236.022394 296.317385 201.657913 204.476705 303.888303 269.200608 239.356314 300.177044 259.360937 254.172947
381.881837 195.023547 236.211599 296.106663 201.128784 204.874532 303.861114 269.207296 239.899781 300.898860 259.448159 254.035484
381.829290 195.073061 236.351097 295.951300 200.597097 205.274282 303.819358 269.217567 239.983769 301.003529 259.503986 253.947501
381.813278 195.088148 236.442431 295.848653 200.073243 205.668142 303.763425 269.231325 240.090037 301.135964 259.582742 253.831057
381.800906 195.099807 236.494548 295.789549 199.547790 206.063205 303.685935 269.250385 240.219211 301.296946 259.689499 253.690127
381.796248 195.104196 236.519416 295.761347 199.024534 206.465776 303.577177 269.277137 240.363279 301.476491 259.792994 253.553501
381.793337 195.106939 236.532380 295.746647 198.499943 206.869896 303.444697 269.308744 240.530379 301.684737 259.860864 253.463906
381.793045 195.107213 236.536480 295.741996 197.980422 207.270111 303.315023 269.339189 240.715879 301.915915 259.896611 253.416716
381.793045 195.107213 236.538993 295.739146 197.457732 207.672766 303.173472 269.372422 240.921280 302.171894 260.004861 253.199529
381.793045 195.107213 236.540052 295.737946 196.932349 208.077497 303.016344 269.409313 241.142953 302.448152 259.984773 253.064819
381.793045 195.107213 236.540448 295.737496 196.414729 208.476247 302.871615 269.447467 241.377644 302.740634 260.032038 252.890286
381.793045 195.107213 236.540713 295.737196 195.888237 208.881832 302.746386 269.503025 241.612710 303.033583 260.274521 252.653681
381.793045 195.107213 236.540713 295.737196 195.370776 209.280460 302.625545 269.556637 241.855411 303.336048 260.430938 252.562187
381.793045 195.107213 236.540713 295.737196 194.849987 209.681651 302.514229 269.632090 242.093732 303.633053 260.650786 252.583788
381.793045 195.107213 236.540713 295.737196 194.324129 210.086747 302.446283 269.696757 242.327983 303.924604 261.116655 252.342407
381.793045 195.107213 236.540713 295.737196 193.798746 210.491478 302.383553 269.756461 242.560790 304.213981 261.338366 252.176022
381.793045 195.107213 236.540713 295.737196 193.274155 210.895598 302.335540 269.809590 242.798360 304.509280 261.556878 252.012038
381.793045 195.107213 236.540713 295.737196 192.746078 211.302404 302.297805 269.857772 243.031417 304.798969 261.766119 251.854693
381.793045 195.107213 236.540713 295.737196 192.213382 211.701472 302.264017 269.900916 243.274503 305.101124 261.979053 251.694272
381.793045 195.107213 236.540713 295.737196 191.687447 212.095226 302.243670 269.926897 243.511823 305.396111 262.199974 251.527835
381.793045 195.107213 236.540713 295.737196 191.163434 212.487541 302.229982 269.944375 243.753530 305.696552 262.407796 251.371265
381.793045 195.107213 236.540713 295.737196 190.629974 212.886928 302.222090 269.954452 243.989471 305.989825 262.626321 251.206633
381.793045 195.107213 236.540713 295.737196 190.104360 213.280442 302.216911 269.961065 244.232432 306.291825 262.846127 251.052183
381.793045 195.107213 236.540713 295.737196 189.572341 213.678750 302.214074 269.964687 244.464987 306.580890 263.072696 250.904593
381.793045 195.107213 236.540713 295.737196 189.044486 214.073942 302.213581 269.965317 244.707948 306.882890 263.304794 250.753401
381.793045 195.107213 236.540713 295.737196 188.520792 214.466017 302.213581 269.965317 244.941632 307.173358 263.521811 250.612034
381.793045 195.107213 236.540713 295.737196 187.996939 214.858212 302.213581 269.965317 245.234211 307.431742 263.744023 250.467282
381.793045 195.107213 236.540713 295.737196 187.470364 215.252445 302.213581 269.965317 245.471011 307.717014 263.965564 250.322967
381.793045 195.107213 236.540713 295.737196 186.947151 215.644161 302.213581 269.965317 245.717368 308.003178 264.344272 250.055894
381.793045 195.107213 236.540713 295.737196 186.413692 216.043548 302.213581 269.965317 245.954387 308.356577 264.565979 249.895572
381.793045 195.107213 236.540713 295.737196 185.885195 216.439219 302.213581 269.965317 246.205603 308.654817 264.779420 249.741227
381.793045 195.107213 236.540713 295.737196 185.351896 216.838486 302.213581 269.965317 246.429784 308.911769 265.002262 249.580085
381.793045 195.107213 236.540713 295.737196 184.823240 217.234277 302.213581 269.965317 246.634636 309.146566 265.225427 249.418709
381.793045 195.107213 236.540713 295.737196 184.293839 217.639013 302.213581 269.965317 246.819005 309.361041 265.434654 249.267411
381.793045 195.107213 236.540713 295.737196 183.772569 218.039906 302.213581 269.965317 246.997907 309.577732 265.801552 249.003743
381.793045 195.107213 236.540713 295.737196 183.250824 218.441166 302.213581 269.965317 247.208442 309.798349 266.019717 248.849818
381.793045 195.107213 236.540713 295.737196 182.732566 218.839743 302.213581 269.965317 247.433947 310.033493 266.232489 248.699698
381.793045 195.107213 236.540713 295.737196 182.214943 219.237832 302.213581 269.965317 247.669143 310.278741 266.452289 248.544620
381.793045 195.107213 236.540713 295.737196 181.694942 219.637751 302.213581 269.965317 247.919013 310.539291 266.670781 248.390465
381.793045 195.107213 236.540713 295.737196 181.176526 220.036450 302.213581 269.965317 248.193108 310.825102 266.886495 248.238270
381.793045 195.107213 236.540713 295.737196 180.652244 220.439660 302.213581 269.965317 248.481099 311.125851 267.252419 247.976668
381.793045 195.107213 236.540713 295.737196 180.124475 220.845553 302.213581 269.965317 248.789459 311.448908 267.464649 247.823378
381.793045 195.107213 236.540713 295.737196 179.596546 221.251567 302.213581 269.965317 249.121085 311.841616 267.687255 247.662594
381.789843 195.110231 236.540713 295.737196 179.074326 221.653193 302.213581 269.965317 249.458622 312.181765 267.907754 247.503332
381.774996 195.124221 236.540713 295.737196 178.555751 222.052014 302.213581 269.965317 249.814847 312.543083 268.121996 247.349767
381.747194 195.150418 236.540713 295.737196 178.028774 222.457297 302.213581 269.965317 250.247295 312.999347 268.345860 247.193168
381.706728 195.188548 236.540713 295.737196 177.502273 222.862214 302.213581 269.965317 250.626254 313.386553 268.568577 247.037372
381.632638 195.258361 236.540713 295.737196 176.974503 223.268107 302.211978 269.967364 251.146618 313.756236 268.785066 246.885932
381.534094 195.351217 236.540713 295.737196 176.453075 223.669122 302.208415 269.973526 251.649902 313.975994 268.975850 246.756010
381.413862 195.464509 236.540713 295.737196 175.930220 224.071235 302.202884 269.988113 252.072897 314.155099 269.138259 246.672546
381.266540 195.596120 236.540713 295.737196 175.409109 224.472007 302.196858 270.004009 252.532563 314.267462 269.243566 246.618427
380.960730 195.897434 236.540713 295.737196 174.882132 224.877290 302.184804 270.035800 252.909462 314.352560 269.300667 246.589082
380.796068 196.068446 236.540713 295.737196 174.358485 225.280013 302.165093 270.087789 253.214755 314.446241 269.337845 246.569976
380.628076 196.242916 236.540713 295.737196 173.827415 225.680913 302.131698 270.175871 253.461781 314.549656 269.344249 246.566684
380.455923 196.421708 236.540713 295.737196 173.297257 226.081032 302.102961 270.273803 253.710310 314.688075 269.349230 246.564125
380.267124 196.617788 236.540713 295.737196 172.772847 226.476813 302.096766 270.400852 253.899378 314.878560 269.350297 246.563576
380.095387 196.796148 236.540713 295.737196 172.246521 226.874040 302.101497 270.564752 254.058757 315.095098 269.350831 246.563302
379.917327 196.969579 236.540713 295.737196 171.719556 227.271749 302.149266 270.750302 254.198285 315.322506 269.351187 246.563119
379.732617 197.146253 236.540713 295.737196 171.188920 227.672229 302.210548 270.904465 254.300986 315.579600 269.351187 246.563119
379.538368 197.332051 236.540713 295.737196 170.663073 228.069094 302.312540 271.067843 254.356080 315.846229 269.351187 246.563119
379.342963 197.518955 236.540713 295.737196 170.136268 228.466682 302.448931 271.173411 254.399102 316.110753 269.351187 246.563119
379.148859 197.704615 236.540713 295.737196 169.605312 228.867403 302.745930 271.324517 254.423177 316.367073 269.351187 246.563119
378.960247 197.885021 236.554602 295.721445 169.082498 229.261980 302.934358 271.369879 254.440821 316.642639 269.351187 246.563119
378.772399 198.063885 236.587275 295.684393 168.550904 229.663182 303.133579 271.359076 254.446710 316.903772 269.351187 246.563119
378.574446 198.230284 236.976471 295.258753 168.025855 230.059445 303.315805 271.307443 254.425833 317.160085 269.351187 246.563119
378.377106 198.396168 237.055879 295.179773 167.499529 230.456672 303.490983 271.225706 254.383951 317.421552 269.351187 246.563119
378.171039 198.569387 237.160138 295.076428 166.968892 230.857152 303.641760 271.126295 254.355400 317.599800 269.351187 246.563119
377.807672 198.845192 237.283856 294.953792 166.439054 231.257030 303.777377 270.977267 254.353307 317.775399 269.351187 246.563119
377.575544 198.979134 237.428029 294.810882 165.916879 231.651124 303.880937 270.795037 254.352939 317.860598 269.351187 246.563119
377.355487 199.106782 237.594786 294.645586 165.395502 232.044616 303.956778 270.595974 254.405947 318.290348 269.351187 246.563119
377.118116 199.244841 237.779723 294.465720 164.870612 232.440759 303.994667 270.409173 254.493717 318.413951 269.351187 246.563119
376.893539 199.375460 237.995529 294.262835 164.340774 232.840636 303.981021 270.202022 254.626167 318.550444 269.351187 246.563119
376.661182 199.510603 238.232755 294.039812 163.810298 233.240996 303.902735 270.019245 254.784775 318.707465 269.351187 246.563119
376.427788 199.646349 238.488633 293.799255 163.283971 233.638223 303.785892 269.851761 254.978090 318.877852 269.351187 246.563119
376.203037 199.777068 238.766076 293.538422 162.758444 234.034847 303.635280 269.704700 255.198909 319.044093 269.351187 246.563119
375.979152 199.907284 239.058630 293.263587 162.227009 234.435929 303.463892 269.592588 255.415290 319.183035 269.351187 246.563119
375.775494 200.025735 239.378068 292.970955 161.704993 234.829903 303.291332 269.479709 255.938124 319.334046 269.351187 246.563119
375.598633 200.128601 239.721246 292.698812 161.176827 235.232304 302.950955 269.305624 256.200344 319.366326 269.351187 246.563119
375.441999 200.219702 240.056600 292.430337 160.655564 235.633534 302.736242 269.223174 256.473681 319.399974 269.351187 246.563119
375.287440 200.309596 240.406787 292.163610 160.136519 236.033056 302.491282 269.129109 256.746819 319.433598 269.351187 246.563119
375.144245 200.390286 240.746053 291.897792 159.616841 236.433067 302.236986 269.031459 257.008311 319.461625 269.351187 246.563119
375.009013 200.460990 241.116495 291.686452 159.098589 236.831979 301.979703 268.932662 257.272538 319.488600 269.351187 246.563119
374.888669 200.523911 241.494835 291.488946 158.573205 237.236381 301.714871 268.861050 257.530198 319.514904 269.351187 246.563119
374.762653 200.589796 241.886778 291.287240 158.045127 237.642856 301.462497 268.797714 257.994147 319.496902 269.351187 246.563119
374.665882 200.640392 242.267696 291.091209 157.525607 238.042744 301.196156 268.730873 258.261555 319.522168 269.351187 246.563119
374.570174 200.690432 242.829850 290.793048 157.007356 238.441657 300.938755 268.668859 258.525801 319.546884 269.364884 246.556080
374.473580 200.740935 243.204377 290.573764 156.485617 238.843253 300.683440 268.614684 258.798212 319.572364 269.399393 246.538345
374.352527 200.804226 243.586152 290.350236 155.963561 239.245093 300.421864 268.559180 259.071639 319.594760 269.462009 246.506166
374.265326 200.849818 243.945603 290.142974 155.440396 239.647787 300.152279 268.500140 259.330975 319.606453 269.555932 246.457898
373.977093 200.947827 244.270084 289.978910 154.918341 240.049627 299.889973 268.440409 259.599502 319.618561 269.959563 246.132429
373.851355 201.037088 244.561546 289.831542 154.397394 240.450613 299.622607 268.397420 259.866231 319.630587 270.082178 245.993732
373.687945 201.153093 244.806424 289.707727 153.869792 240.856722 299.350897 268.353733 260.129564 319.642461 270.255010 245.849357
373.492773 201.283983 244.975719 289.395095 153.345359 241.260392 299.086888 268.311284 260.397491 319.654542 270.455010 245.682286
373.260652 201.418735 244.965137 289.123902 152.822986 241.662476 298.826433 268.269406 260.671413 319.666893 270.657158 245.513421
373.006910 201.566039 244.954392 288.848511 152.293531 242.055719 298.573024 268.226611 260.942338 319.679109 270.865517 245.373237
372.729125 201.727300 244.944029 288.582913 151.762226 242.438443 298.302376 268.180192 261.219057 319.691586 271.086540 245.226314
372.427990 201.902117 244.933377 288.309921 151.231732 242.820583 298.028968 268.133299 261.495176 319.704036 271.312559 245.076070
372.092953 202.096614 244.923597 288.032498 150.694423 243.207633 297.766599 268.088300 261.759308 319.715945 271.520923 244.937562
371.781588 202.310579 244.916915 287.771984 150.154355 243.596670 297.505215 268.043470 262.033030 319.728287 271.740113 244.791857
371.517583 202.492121 244.909986 287.501873 149.614287 243.985707 297.235553 267.997220 262.292166 319.739972 271.960268 244.664213
371.292635 202.646806 244.903238 287.238759 149.078275 244.371822 296.962342 267.950361 262.549305 319.751566 272.335730 244.394606
371.105426 202.775541 244.896591 286.979645 148.537883 244.761093 296.696622 267.904787 262.824026 319.763953 272.520035 244.211079
370.972600 202.866878 245.006990 286.382393 148.002034 245.147091 296.423230 267.857802 263.098347 319.776322 272.714706 244.080876
370.887070 202.925693 244.917565 286.138552 147.467080 245.534996 296.150679 267.810646 263.359058 319.788518 272.865322 243.980138
370.821481 202.970795 244.911498 285.920637 146.986014 245.889540 295.881479 267.764071 263.621256 319.806284 273.016770 243.878843
370.785225 202.995726 244.906928 285.756500 146.524912 246.229370 295.609913 267.717086 263.892634 319.824671 273.158575 243.783998
370.771712 203.005018 244.903867 285.646543 146.082090 246.555713 295.352537 267.672556 264.156829 319.842572 273.292234 243.694602
370.759517 203.013404 244.901702 285.568773 145.646556 246.876634 295.089052 267.626969 264.416633 319.860175 273.439717 243.661272
