391.435604 190.553439 419.667800 189.513800 292.618123 139.266629 466.332200 300.409600 228.280227 455.826364 350.179800 338.494000
391.452831 190.599525 419.710004 189.504578 292.655460 138.341413 466.369891 300.412475 228.022597 455.728477 350.208617 338.486411
391.461304 190.622193 419.736577 189.498772 292.711378 137.407788 466.449858 300.418575 227.778988 455.635917 350.286560 338.465883
391.462775 190.626127 419.765495 189.492453 292.775297 136.461143 466.568514 300.427625 227.523012 455.544251 350.408018 338.433896
391.463400 190.627800 419.816101 189.481395 292.839836 135.505320 466.719674 300.439156 227.263214 455.504641 350.559261 338.394064
391.463400 190.627800 419.893280 189.464531 292.885722 134.540071 466.907130 300.453454 227.004548 455.472040 350.742029 338.345929
391.463400 190.627800 420.013640 189.438232 292.905657 133.560474 467.134868 300.470826 226.732296 455.525237 350.952840 338.290409
391.321637 190.697087 420.165458 189.405058 292.925832 132.569079 467.404485 300.491391 226.468870 455.600636 351.190148 338.227911
391.256274 190.647241 420.311414 189.373166 292.936730 131.566642 467.715183 300.515091 226.228640 455.691950 351.612498 338.086443
391.153643 190.574612 420.449946 189.342896 292.882945 130.553869 468.246898 300.554860 225.978619 455.790020 351.896821 337.970115
391.022575 190.487819 420.585546 189.313266 292.796569 129.531042 468.624022 300.580581 225.724304 455.896742 352.206843 337.836676
390.480053 190.390236 420.727790 189.282185 292.689406 128.501211 469.030478 300.608303 225.479210 455.999594 352.513744 337.642819
390.276448 190.458676 420.872770 189.250506 292.596421 127.491684 469.467862 300.638135 225.234554 456.117973 352.850237 337.430271
390.049146 190.535082 421.025760 189.217077 292.508371 126.535730 469.935375 300.670022 225.001025 456.231358 353.216151 337.199138
389.789805 190.622257 421.179727 189.183434 292.434563 125.667073 470.421446 300.703174 224.744255 456.314494 353.573442 336.973452
389.532171 190.708859 421.322166 189.152310 292.370720 124.878051 470.939243 300.738490 224.481042 456.392854 353.871720 336.785042
389.276054 190.794951 421.466560 189.120759 292.313982 124.172130 471.478790 300.775289 224.215466 456.425700 354.111769 336.660787
389.023159 190.879959 421.628733 189.085323 292.270432 123.555466 472.330168 300.795352 223.942942 456.459404 354.352962 336.433504
388.601080 191.024424 421.782505 189.051723 292.232729 123.021595 472.880608 300.782071 223.680649 456.469547 354.341765 336.237423
388.178888 191.163445 421.933151 189.018806 292.200761 122.568923 473.421418 300.790351 223.420227 456.414758 354.334638 336.112627
387.921798 191.245935 422.078716 188.986999 292.208350 122.076401 473.959740 300.835347 223.173209 456.306326 354.331936 336.065304
387.676134 191.324759 422.230143 188.953911 292.102017 121.650267 474.509025 300.881259 222.944007 456.187008 354.330088 336.032956
387.424566 191.405478 422.378249 188.921549 292.030082 121.213758 475.006291 300.922823 222.535304 455.974269 354.516906 335.732420
387.160049 191.490351 422.531435 188.888077 291.993079 120.781539 475.423835 300.957723 222.299144 455.836801 354.622658 335.701428
386.907360 191.584971 422.684620 188.854604 291.955258 120.339755 475.782185 300.987676 222.073083 455.688434 354.753745 335.663012
386.659602 191.685562 422.827060 188.823480 291.918152 119.906341 476.147165 301.017589 221.686528 455.432818 354.910368 335.617149
386.418706 191.786461 422.973602 188.791460 291.880552 119.467147 476.422077 301.037052 221.467323 455.285697 355.107494 335.559437
386.174785 191.894063 423.121708 188.759098 291.843464 119.033932 476.643523 301.052730 221.238817 455.132334 355.336673 335.492340
385.934707 191.999970 423.269032 188.726907 291.800243 118.595879 476.812899 301.064721 221.023265 454.987664 355.520363 335.438561
385.687493 192.109025 423.412532 188.710592 291.754198 118.160708 476.958734 301.075046 220.807048 454.842549 355.684125 335.308240
385.450526 192.213560 423.558049 188.701517 291.708132 117.725339 477.090803 301.084396 220.582694 454.691972 355.560896 335.207763
385.211545 192.318983 423.717539 188.691570 291.662066 117.289969 477.156838 301.089072 220.354022 454.538497 355.443092 335.111710
384.848118 192.518140 423.870642 188.682022 291.616779 116.861958 477.434415 301.108611 220.127343 454.386360 355.327613 335.017552
384.632089 192.664963 423.978831 188.675274 291.571092 116.430169 477.595211 301.120025 219.745401 454.100879 355.208879 334.920741
384.413446 192.815006 424.197400 188.862800 291.489445 116.003468 477.949172 301.222390 219.550197 453.913188 355.084255 334.819126
384.200533 192.975121 424.197400 189.053000 291.364401 115.590075 478.408996 301.600934 219.362201 453.732428 354.956686 334.715111
383.992255 193.131751 424.197400 189.268200 291.162556 115.211403 478.350704 301.844642 219.030643 453.413467 354.830357 334.612106
383.772149 193.297275 424.197400 189.524200 290.844922 114.924552 478.151255 302.051848 218.833435 453.223820 354.716428 334.519212
383.565245 193.475669 424.176868 189.780427 290.428553 114.783630 477.853739 302.297283 218.637092 453.035005 354.592579 334.418230
383.372411 193.649770 424.125444 190.045484 290.002772 114.829395 477.584698 302.511650 218.445945 452.844317 354.474930 334.322303
383.176607 193.826550 424.076458 190.297976 289.627718 115.058812 477.297982 302.740100 218.263001 452.661546 354.352166 334.222205
382.981694 194.002527 423.997725 190.553210 289.353933 115.393940 476.990463 302.985126 217.938868 452.337565 354.226302 334.119580
382.778617 194.185875 423.818976 190.760083 289.158327 115.787475 476.657447 303.250468 217.746322 452.145162 354.101368 334.017712
382.586348 194.359703 423.647529 190.958463 289.029024 116.203566 476.307694 303.529145 217.555898 451.954880 353.973024 333.913065
382.392171 194.542671 423.475025 191.158045 288.907734 116.618606 475.931572 303.826276 217.373113 451.772232 353.858940 333.820045
382.211385 194.713022 423.247662 191.306637 288.783079 117.045165 475.508066 304.113647 217.214804 451.614040 353.740362 333.723359
382.061604 194.854157 423.017966 191.435553 289.035135 117.368141 475.067680 304.412472 217.093844 451.493170 353.623333 333.627938
381.910221 194.996801 422.779549 191.569364 289.467064 117.574065 474.611902 304.721741 217.029331 451.428706 353.503049 333.529862
