404.963000 132.089600 377.426519 262.299664 119.700371 285.374902 373.304968 374.645699 488.450619 227.287928 414.356600 152.710600
404.975129 132.123283 377.245713 262.026560 119.957840 285.355496 373.304968 374.645699 488.453421 227.292070 414.359704 152.756295
405.001080 132.195353 377.071207 261.757375 120.226279 285.335262 373.304968 374.645699 488.455998 227.295880 414.364651 152.829127
405.036044 132.292450 376.900510 261.494064 120.418733 285.320756 373.304968 374.645699 488.457006 227.297371 414.372174 152.939872
405.083475 132.424170 376.723176 261.220515 120.549163 285.310925 373.304968 374.645699 488.457455 227.298034 414.382462 153.091323
405.204588 132.776283 376.549432 260.952505 120.604207 285.306776 373.304968 374.645699 488.457455 227.298034 414.395610 153.284877
405.273957 132.992844 376.371663 260.678285 120.626144 285.305123 373.304968 374.645699 488.457455 227.298034 414.410885 153.509758
405.351440 133.234737 376.203451 260.397594 120.641700 285.303950 373.304968 374.645699 488.457455 227.298034 414.428018 153.761977
405.478920 133.734069 376.046762 260.118351 120.646886 285.303559 373.304968 374.645699 488.457455 227.298034 414.456397 154.182776
405.528460 134.064375 375.884396 259.828992 120.788556 285.453112 373.304968 374.645699 488.457455 227.298034 414.477017 154.486477
405.583043 134.428304 375.727315 259.549052 120.794521 285.532889 373.304968 374.645699 488.457455 227.298034 414.499410 154.816318
405.639287 134.803310 375.566417 259.262310 120.803676 285.655348 373.304968 374.645699 488.457455 227.298034 414.524148 155.180679
405.686572 135.118584 375.412762 258.988474 120.814801 285.804132 373.304968 374.645699 488.457455 227.298034 414.550376 155.566990
405.723297 135.363445 375.250494 258.699289 120.829086 285.995199 373.304968 374.645699 488.457455 227.298034 414.578988 155.988419
405.751182 135.549365 375.090362 258.424828 120.845444 286.213988 373.304968 374.645699 488.457455 227.298034 414.605482 156.558681
405.767023 135.654984 374.922535 258.146981 120.863994 286.462096 373.304968 374.645699 488.457455 227.298034 414.619328 157.026876
405.776427 135.717683 374.758947 257.876153 120.884423 286.735333 373.304968 374.645699 488.457455 227.298034 414.651438 157.811123
405.779838 135.740428 374.593394 257.602072 120.907476 287.043673 373.304968 374.645699 488.457455 227.298034 414.676467 158.264232
405.781648 135.752493 374.426394 257.325594 120.937469 287.563482 373.304968 374.645699 488.457455 227.298034 414.703128 158.731270
405.782063 135.755262 374.257016 257.045179 120.951850 287.932402 373.304968 374.645699 488.458015 227.298862 414.666293 159.201370
405.782122 135.755658 374.137073 256.741071 120.963264 288.225179 373.304968 374.645699 488.459359 227.300850 414.697590 159.702193
405.782152 135.755856 374.028782 256.444844 120.971257 288.430223 373.304968 374.645699 488.462049 227.304826 414.736432 160.350189
405.782152 135.755856 373.917538 256.140540 120.976975 288.576912 373.304968 374.645699 488.467427 227.312778 414.767015 160.903144
405.782152 135.755856 373.804715 255.831916 120.980824 288.675637 373.304968 374.645699 488.475383 227.324540 414.791506 161.449994
405.782152 135.755856 373.690382 255.519159 121.126583 288.771669 373.304968 374.645699 488.487709 227.342762 414.815830 162.000257
