303.129200 269.452400 331.658800 266.443400 182.966000 343.699400 415.509400 143.290800 253.142687 420.241506 193.876232 412.799033
303.129200 269.452400 331.658800 266.443400 182.966000 343.699400 415.509400 143.290800 253.142687 420.241506 193.876232 412.799033
303.129200 269.452400 331.658800 266.443400 182.966000 343.699400 415.509400 143.290800 253.142687 420.241506 193.876232 412.799033
303.129200 269.452400 331.658800 266.443400 182.966000 343.699400 415.509400 143.290800 253.142687 420.241506 193.876232 412.799033
303.129200 269.452400 331.658800 266.443400 182.966000 343.699400 415.509400 143.290800 253.142687 420.241506 193.876232 412.799033
303.129200 269.452400 331.658800 266.443400 182.966000 343.699400 415.509400 143.290800 253.142687 420.241506 193.876232 412.799033
303.129200 269.452400 331.658800 266.443400 182.966000 343.699400 415.509400 143.290800 253.142687 420.241506 193.876232 412.799033
303.129200 269.452400 331.658800 266.443400 182.966000 343.699400 415.509400 143.290800 253.142687 420.241506 193.876232 412.799033
303.129200 269.452400 331.658800 266.443400 182.966000 343.699400 415.509400 143.290800 253.142687 420.241506 193.876232 412.799033
303.129200 269.452400 331.658800 266.443400 182.966000 343.699400 415.509400 143.290800 253.142687 420.241506 193.876232 412.799033
303.129200 269.452400 331.658800 266.443400 182.966000 343.699400 415.509400 143.290800 253.142687 420.241506 193.876232 412.799033
303.129200 269.452400 331.658800 266.443400 182.966000 343.699400 415.509400 143.290800 253.142687 420.241506 193.876232 412.799033
303.129200 269.452400 331.658800 266.443400 182.966000 343.699400 415.509400 143.290800 253.142687 420.241506 193.876232 412.799033
303.129200 269.452400 331.658800 266.443400 182.966000 343.699400 415.509400 143.290800 253.142687 420.241506 193.876232 412.799033
303.129200 269.452400 331.658800 266.443400 182.966000 343.699400 415.509400 143.290800 253.142687 420.241506 193.876232 412.799033
303.129200 269.452400 331.658800 266.443400 182.966000 343.699400 415.509400 143.290800 253.142687 420.241506 193.876232 412.799033
303.129200 269.452400 331.658800 266.443400 182.966000 343.699400 415.509400 143.290800 253.142687 420.241506 193.876232 412.799033
303.129200 269.452400 331.658800 266.443400 182.966000 343.699400 415.509400 143.290800 253.142687 420.241506 193.876232 412.799033
303.129200 269.452400 331.658800 266.443400 182.966000 343.699400 415.509400 143.290800 253.142687 420.241506 193.876232 412.799033
303.129200 269.452400 331.658800 266.443400 182.966000 343.699400 415.509400 143.290800 253.142687 420.241506 193.876232 412.799033
303.129200 269.452400 331.658800 266.443400 182.966000 343.699400 415.509400 143.290800 253.142687 420.241506 193.876232 412.799033
303.129200 269.452400 331.658800 266.443400 182.966000 343.699400 415.509400 143.290800 253.142687 420.241506 193.876232 412.799033
303.129200 269.452400 331.658800 266.443400 182.966000 343.699400 415.509400 143.290800 253.142687 420.241506 193.876232 412.799033
303.129200 269.452400 331.658800 266.443400 182.966000 343.699400 415.509400 143.290800 253.142687 420.241506 193.876232 412.799033
303.129200 269.452400 331.658800 266.443400 182.966000 343.699400 415.509400 143.290800 253.142687 420.241506 193.876232 412.799033
303.129200 269.452400 331.658800 266.443400 182.966000 343.699400 415.509400 143.290800 253.142687 420.241506 193.876232 412.799033
303.129200 269.452400 331.658800 266.443400 182.966000 343.699400 415.509400 143.290800 253.142687 420.241506 193.876232 412.799033
303.129200 269.452400 331.658800 266.443400 182.966000 343.699400 415.509400 143.290800 253.142687 420.241506 193.876232 412.799033
303.129200 269.452400 331.658800 266.443400 182.966000 343.699400 415.509400 143.290800 253.142687 420.241506 193.876232 412.799033
303.129200 269.452400 331.658800 266.443400 182.966000 343.699400 415.509400 143.290800 253.142687 420.241506 193.876232 412.799033
303.129200 269.452400 331.658800 266.443400 182.966000 343.699400 415.509400 143.290800 253.142687 420.241506 193.876232 412.799033
303.129200 269.452400 331.658800 266.443400 182.966000 343.699400 415.509400 143.290800 253.142687 420.241506 193.876232 412.799033
303.129200 269.452400 331.658800 266.443400 182.966000 343.699400 415.509400 143.290800 253.142687 420.241506 193.876232 412.799033
303.129200 269.452400 331.658800 266.443400 182.966000 343.699400 415.509400 143.290800 253.142687 420.241506 193.876232 412.799033
303.129200 269.452400 331.658800 266.443400 182.966000 343.699400 415.509400 143.290800 253.142687 420.241506 193.876232 412.799033
303.129200 269.452400 331.658800 266.443400 182.966000 343.699400 415.509400 143.290800 253.142687 420.241506 193.876232 412.799033
303.129200 269.452400 331.658800 266.443400 182.966000 343.699400 415.509400 143.290800 253.142687 420.241506 193.876232 412.799033
303.129200 269.452400 331.658800 266.443400 182.966000 343.699400 415.509400 143.290800 253.142687 420.241506 193.876232 412.799033
303.129200 269.452400 331.658800 266.443400 182.966000 343.699400 415.509400 143.290800 253.142687 420.241506 193.876232 412.799033
303.129200 269.452400 331.658800 266.443400 182.966000 343.699400 415.509400 143.290800 253.142687 420.241506 193.876232 412.799033
303.129200 269.452400 331.658800 266.443400 182.966000 343.699400 415.509400 143.290800 253.142687 420.241506 193.876232 412.799033
303.129200 269.452400 331.658800 266.443400 182.966000 343.699400 415.509400 143.290800 253.142687 420.241506 193.876232 412.799033
303.129200 269.452400 331.658800 266.443400 182.966000 343.699400 415.509400 143.290800 253.142687 420.241506 193.876232 412.799033
303.129200 269.452400 331.658800 266.443400 182.966000 343.699400 415.509400 143.290800 253.142687 420.241506 193.876232 412.799033
303.129200 269.452400 331.658800 266.443400 182.966000 343.699400 415.509400 143.290800 253.142687 420.241506 193.876232 412.799033
303.129200 269.452400 331.658800 266.443400 182.966000 343.699400 415.509400 143.290800 253.142687 420.241506 193.876232 412.799033
303.129200 269.452400 331.658800 266.443400 182.966000 343.699400 415.509400 143.290800 253.142687 420.241506 193.876232 412.799033
303.129200 269.452400 331.658800 266.443400 182.966000 343.699400 415.509400 143.290800 253.142687 420.241506 193.876232 412.799033
303.129200 269.452400 331.658800 266.443400 182.966000 343.699400 415.509400 143.290800 253.142687 420.241506 193.876232 412.799033
303.129200 269.452400 331.658800 266.443400 182.966000 343.699400 415.509400 143.290800 253.142687 420.241506 193.876232 412.799033
303.129200 269.452400 331.658800 266.443400 182.966000 343.699400 415.509400 143.290800 253.142687 420.241506 193.876232 412.799033
303.129200 269.452400 331.658800 266.443400 182.966000 343.699400 415.509400 143.290800 253.142687 420.241506 193.876232 412.799033
303.129200 269.452400 331.658800 266.443400 182.966000 343.699400 415.509400 143.290800 253.142687 420.241506 193.876232 412.799033
303.129200 269.452400 331.658800 266.443400 182.966000 343.699400 415.509400 143.290800 253.142687 420.241506 193.876232 412.799033
303.129200 269.452400 331.658800 266.443400 182.966000 343.699400 415.509400 143.290800 253.142687 420.241506 193.876232 412.799033
303.129200 269.452400 331.658800 266.443400 182.966000 343.699400 415.509400 143.290800 253.142687 420.241506 193.876232 412.799033
303.129200 269.452400 331.658800 266.443400 182.966000 343.699400 415.509400 143.290800 253.142687 420.241506 193.876232 412.799033
303.129200 269.452400 331.658800 266.443400 182.966000 343.699400 415.509400 143.290800 253.142687 420.241506 193.876232 412.799033
303.129200 269.452400 331.658800 266.443400 182.966000 343.699400 415.509400 143.290800 253.142687 420.241506 193.876232 412.799033
303.129200 269.452400 331.658800 266.443400 182.966000 343.699400 415.509400 143.290800 253.142687 420.241506 193.876232 412.799033
303.129200 269.452400 331.658800 266.443400 182.966000 343.699400 415.509400 143.290800 253.142687 420.241506 193.876232 412.799033
303.129200 269.452400 331.658800 266.443400 182.966000 343.699400 415.509400 143.290800 253.142687 420.241506 193.876232 412.799033
303.129200 269.452400 331.658800 266.443400 182.966000 343.699400 415.509400 143.290800 253.142687 420.241506 193.876232 412.799033
303.129200 269.452400 331.658800 266.443400 182.966000 343.699400 415.509400 143.290800 253.142687 420.241506 193.876232 412.799033
303.129200 269.452400 331.658800 266.443400 182.966000 343.699400 415.509400 143.290800 253.142687 420.241506 193.876232 412.799033
303.129200 269.452400 331.658800 266.443400 182.966000 343.699400 415.509400 143.290800 253.142687 420.241506 193.876232 412.799033
303.129200 269.452400 331.658800 266.443400 182.966000 343.699400 415.509400 143.290800 253.142687 420.241506 193.876232 412.799033
303.129200 269.452400 331.658800 266.443400 182.966000 343.699400 415.509400 143.290800 253.142687 420.241506 193.876232 412.799033
303.129200 269.452400 331.658800 266.443400 182.966000 343.699400 415.509400 143.290800 253.142687 420.241506 193.876232 412.799033
303.129200 269.452400 331.658800 266.443400 182.966000 343.699400 415.509400 143.290800 253.142687 420.241506 193.876232 412.799033
303.129200 269.452400 331.658800 266.443400 182.966000 343.699400 415.509400 143.290800 253.142687 420.241506 193.876232 412.799033
303.129200 269.452400 331.658800 266.443400 182.966000 343.699400 415.509400 143.290800 253.142687 420.241506 193.876232 412.799033
303.129200 269.452400 331.658800 266.443400 182.966000 343.699400 415.509400 143.290800 253.142687 420.241506 193.876232 412.799033
303.129200 269.452400 331.658800 266.443400 182.966000 343.699400 415.509400 143.290800 253.142687 420.241506 193.876232 412.799033
303.129200 269.452400 331.658800 266.443400 182.966000 343.699400 415.509400 143.290800 253.142687 420.241506 193.876232 412.799033
303.129200 269.452400 331.658800 266.443400 182.966000 343.699400 415.509400 143.290800 253.142687 420.241506 193.876232 412.799033
303.129200 269.452400 331.658800 266.443400 182.966000 343.699400 415.509400 143.290800 253.142687 420.241506 193.876232 412.799033
303.129200 269.452400 331.658800 266.443400 182.966000 343.699400 415.509400 143.290800 253.142687 420.241506 193.876232 412.799033
303.129200 269.452400 331.658800 266.443400 182.966000 343.699400 415.509400 143.290800 253.142687 420.241506 193.876232 412.799033
303.129200 269.452400 331.658800 266.443400 182.966000 343.699400 415.509400 143.290800 253.142687 420.241506 193.876232 412.799033
303.129200 269.452400 331.658800 266.443400 182.966000 343.699400 415.509400 143.290800 253.142687 420.241506 193.876232 412.799033
303.129200 269.452400 331.658800 266.443400 182.966000 343.699400 415.509400 143.290800 253.142687 420.241506 193.876232 412.799033
303.129200 269.452400 331.658800 266.443400 182.966000 343.699400 415.509400 143.290800 253.142687 420.241506 193.876232 412.799033
303.129200 269.452400 331.658800 266.443400 182.966000 343.699400 415.509400 143.290800 253.142687 420.241506 193.876232 412.799033
303.129200 269.452400 331.658800 266.443400 182.966000 343.699400 415.509400 143.290800 253.142687 420.241506 193.876232 412.799033
303.129200 269.452400 331.658800 266.443400 182.966000 343.699400 415.509400 143.290800 253.142687 420.241506 193.876232 412.799033
303.129200 269.452400 331.658800 266.443400 182.966000 343.699400 415.509400 143.290800 253.142687 420.241506 193.876232 412.799033
303.129200 269.452400 331.658800 266.443400 182.966000 343.699400 415.509400 143.290800 253.142687 420.241506 193.876232 412.799033
303.129200 269.452400 331.658800 266.443400 182.966000 343.699400 415.509400 143.290800 253.142687 420.241506 193.876232 412.799033
303.129200 269.452400 331.658800 266.443400 182.966000 343.699400 415.509400 143.290800 253.142687 420.241506 193.876232 412.799033
303.129200 269.452400 331.658800 266.443400 182.966000 343.699400 415.509400 143.290800 253.142687 420.241506 193.876232 412.799033
303.129200 269.452400 331.658800 266.443400 182.966000 343.699400 415.509400 143.290800 253.142687 420.241506 193.876232 412.799033
303.129200 269.452400 331.658800 266.443400 182.966000 343.699400 415.509400 143.290800 253.142687 420.241506 193.876232 412.799033
303.129200 269.452400 331.658800 266.443400 182.966000 343.699400 415.509400 143.290800 253.142687 420.241506 193.876232 412.799033
303.129200 269.452400 331.658800 266.443400 182.966000 343.699400 415.509400 143.290800 253.142687 420.241506 193.876232 412.799033
303.129200 269.452400 331.658800 266.443400 182.966000 343.699400 415.509400 143.290800 253.142687 420.241506 193.876232 412.799033
303.129200 269.452400 331.658800 266.443400 182.966000 343.699400 415.509400 143.290800 253.142687 420.241506 193.876232 412.799033
303.129200 269.452400 331.658800 266.443400 182.966000 343.699400 415.509400 143.290800 253.142687 420.241506 193.876232 412.799033
303.129200 269.452400 331.658800 266.443400 182.966000 343.699400 415.509400 143.290800 253.142687 420.241506 193.876232 412.799033
303.129200 269.452400 331.658800 266.443400 182.966000 343.699400 415.509400 143.290800 253.142687 420.241506 193.876232 412.799033
302.946960 269.374752 331.633469 266.456678 182.985989 343.677299 415.513518 143.335812 253.337676 419.733867 194.203680 412.363884
302.734487 269.293162 331.575544 266.487040 183.025432 343.633690 415.520369 143.410699 253.532552 419.226613 194.529527 411.929269
302.490647 269.199527 331.473865 266.540336 183.084863 343.567979 415.529954 143.515462 253.728387 418.717156 194.862692 411.484893
302.238031 269.102523 331.338353 266.611367 183.174078 343.469340 415.542034 143.647510 253.923652 418.208980 195.192259 411.045318
301.980188 269.003511 331.168652 266.700318 183.304326 343.355372 415.556848 143.809434 254.133268 417.663807 195.523147 410.607007
301.720150 268.930002 330.974507 266.802083 183.466866 343.216787 415.575343 144.011590 254.337095 417.134345 195.863456 410.172134
301.456492 268.863974 330.780006 266.904033 183.759852 342.972536 415.596935 144.247604 254.494896 416.724258 196.204218 409.734832
301.190894 268.797460 330.592592 267.002269 184.116759 342.688239 415.621334 144.514290 254.776173 415.929638 196.539984 409.294176
300.934341 268.735323 330.228445 267.206121 184.335858 342.508485 415.638863 144.705890 254.909768 415.536307 196.867507 408.864338
300.678824 268.681134 330.018805 267.331361 184.578458 342.309449 415.650506 144.833159 255.040212 415.152255 197.201091 408.426546
300.414502 268.625078 329.624051 267.548045 184.990821 341.973380 415.656027 144.893507 255.267464 414.482959 197.536493 407.986368
300.159609 268.569964 329.383118 267.672982 185.268601 341.750407 415.438164 145.027405 255.404721 414.079677 197.870562 407.547939
299.898700 268.508395 329.155501 267.791013 185.572115 341.506777 415.301367 144.983728 255.546483 413.663140 198.205601 407.108238
299.635273 268.466106 328.922557 267.911806 185.931070 341.314903 415.121322 144.926243 255.695687 413.224417 198.536154 406.674423
299.375203 268.424356 328.525069 268.125359 186.426143 340.922421 414.918413 144.861457 255.851266 412.766948 198.869496 406.236949
299.115330 268.382638 328.298053 268.249203 186.771735 340.637341 414.683995 144.903124 256.040601 412.304758 199.200170 405.802975
298.858420 268.341395 328.069105 268.374101 187.133680 340.338772 414.427996 144.981745 256.274176 411.836591 199.536542 405.361524
298.604537 268.299009 327.837875 268.500245 187.521082 340.019203 414.173143 145.060013 256.514041 411.356363 199.872066 404.921187
298.330929 268.252098 327.480183 268.694586 187.926536 339.684743 413.920777 145.137517 256.756515 410.871178 200.200316 404.490394
298.076246 268.208433 327.332677 268.774580 188.344129 339.352292 413.668983 145.214846 256.999259 410.385682 200.529173 404.058806
297.815057 268.163651 327.221741 268.834742 188.794092 339.029448 413.406675 145.295404 257.246676 409.902229 200.865302 403.617673
297.555445 268.119141 327.087246 268.907681 189.181654 338.751375 413.151058 145.373907 257.520366 409.422166 201.200704 403.177495
297.284597 268.072703 327.002850 268.976821 189.629197 338.518834 412.898691 145.451412 257.794803 408.940917 201.535743 402.737794
297.024393 268.028091 326.725010 269.130850 190.525610 337.910009 412.645177 145.529269 258.068985 408.460674 201.866296 402.303979
296.759262 267.982634 326.582643 269.095751 190.930903 337.551730 412.399119 145.604836 258.337626 407.989935 202.198668 401.867778
296.501227 267.938394 326.481757 268.992718 191.328837 337.194187 412.151827 145.674952 258.606356 407.519015 202.552709 401.408182
296.243648 267.893863 326.373735 268.882398 192.001094 336.597207 411.898037 145.731438 258.879936 407.039580 202.884200 400.967551
295.990411 267.850043 326.265993 268.772363 192.406983 336.240435 411.650785 145.810129 259.153806 406.559619 203.216172 400.526281
295.726533 267.804382 326.179110 268.651549 192.821134 335.876400 411.399199 145.912987 259.518302 405.922259 203.550068 400.082454
295.457333 267.757799 326.100037 268.528577 193.228110 335.518745 411.151686 146.014180 259.793452 405.449502 203.880117 399.643741
295.190893 267.711694 325.985548 268.420058 193.629251 335.166266 410.986368 146.081768 260.065138 404.986300 204.205115 399.211740
294.922088 267.665180 325.872598 268.346863 194.155174 334.725066 410.863075 146.132175 260.337322 404.522231 204.532759 398.776223
294.668457 267.621292 325.753993 268.266263 194.591112 334.382549 410.801058 146.157530 260.612136 404.053677 204.863769 398.336232
294.408914 267.576381 325.654936 268.234519 195.021388 334.044481 410.509141 146.079274 260.892719 403.575289 205.195380 397.895441
294.136561 267.529253 325.600602 268.219395 195.542858 333.633277 410.448487 145.957548 261.172221 403.100444 205.528314 397.452892
293.879383 267.484751 325.370497 268.213320 195.974648 333.292604 410.370976 145.801990 261.548441 402.463278 205.861128 397.010503
293.616293 267.439226 325.266963 268.277851 196.401413 332.955896 410.273930 145.607229 261.824566 401.995030 206.186968 396.577384
293.362071 267.395235 325.147331 268.391197 196.830219 332.617577 410.161168 145.380530 262.104733 401.519878 206.519421 396.135475
293.092477 267.348585 325.041928 268.491063 197.256670 332.281116 410.052139 145.126543 262.365021 401.044040 206.851633 395.693885
292.827614 267.302753 324.936379 268.591066 197.681237 331.946142 409.934431 144.852339 262.626523 400.563141 207.178075 395.259967
292.556246 267.255796 324.816312 268.704825 198.210572 331.532805 409.805521 144.552039 262.888216 400.081891 207.494526 394.816251
292.290988 267.209895 324.704666 268.810606 198.622375 331.217584 409.666807 144.227878 263.148341 399.597416 207.811670 394.371555
292.025927 267.164029 324.616830 268.893827 198.979547 330.944182 409.528642 143.870667 263.368979 399.101482 208.125678 393.931256
291.759684 267.117959 324.565435 268.942522 199.297968 330.700442 409.381570 143.490097 263.579102 398.600825 208.444563 393.484118
291.491076 267.071479 324.537269 268.969208 199.553181 330.505085 409.222408 143.077106 263.788706 398.092331 208.764378 393.035677
291.231139 267.026499 324.531897 268.974297 199.859579 330.269335 409.033342 142.651700 263.996024 397.589384 209.084889 392.586259
290.958983 266.979405 324.527687 268.978286 200.048885 330.123771 408.807456 142.206978 264.237726 397.003187 209.405749 392.136352
290.687222 266.932380 324.526961 268.978974 200.539256 329.772786 408.568071 141.744249 264.493717 396.382435 209.727770 391.684818
290.426102 266.887196 324.526816 268.979112 200.681218 329.692281 408.313522 141.262347 264.698225 395.886334 210.048282 391.235400
290.160647 266.841261 324.526671 268.979249 200.835706 329.604673 408.058880 140.780268 264.876512 395.453840 210.367051 390.788424
289.899134 266.796009 324.526671 268.979249 201.126048 329.440469 407.806256 140.290824 265.054341 395.022456 210.686169 390.340960
289.626978 266.748915 324.526671 268.979249 201.259796 329.356731 407.552927 139.797013 265.235296 394.583491 211.000585 389.888851
289.364282 266.703459 324.526671 268.979249 201.505257 329.213913 407.277323 139.324657 265.423492 394.126960 211.297618 389.429763
289.100207 266.657763 324.526671 268.979249 201.646283 329.135829 406.995410 138.850306 265.611612 393.670614 211.597476 388.966310
288.828051 266.610669 324.526671 268.979249 201.775061 329.064526 406.718914 138.385067 265.898214 393.007682 211.897226 388.503024
288.572236 266.566500 324.526671 268.979249 201.912937 328.988185 406.463671 137.955589 266.118909 392.520323 212.192738 388.046287
288.310660 266.522809 324.526671 268.979249 202.046789 328.914072 406.250015 137.596086 266.344051 392.023561 212.492705 387.582666
288.055199 266.480139 324.526671 268.979249 202.187115 328.836375 406.073450 137.298993 266.568063 391.522572 212.794084 387.116862
287.794412 266.436580 324.526671 268.979249 202.327616 328.758581 405.941742 137.077377 266.671932 391.000844 213.094920 386.651897
287.525340 266.391637 324.526671 268.979249 202.464170 328.682745 405.810543 136.821456 266.863925 390.487260 213.393583 386.190291
287.272643 266.282581 324.526671 268.979249 202.590328 328.612492 405.767408 136.307708 267.070821 389.985437 213.691160 385.730364
287.000808 266.237181 324.526671 268.979249 202.721554 328.539416 405.746125 135.959837 267.281071 389.475479 213.987324 385.272619
286.742979 266.194120 324.526671 268.979249 202.847712 328.469163 405.688983 135.578899 267.549815 388.997540 214.286531 384.810173
286.479626 266.150137 324.526671 268.979249 202.972930 328.397664 405.626263 135.160777 267.834508 388.538658 214.584976 384.348903
286.207594 266.104704 324.526671 268.979249 203.108453 328.324983 405.559923 134.718525 268.074875 387.776471 214.879076 383.894349
285.945426 266.060918 324.526671 268.979249 203.249312 328.246176 405.488866 134.244825 268.235311 387.266871 215.174101 383.435647
285.684440 266.017330 324.526671 268.979249 203.384850 328.152078 405.414100 133.746401 268.665070 386.251806 215.461736 382.971084
285.413592 265.972095 324.526671 268.979249 203.503651 328.070348 405.218821 133.036890 268.833047 385.434204 215.752109 382.502099
285.156749 265.929199 324.526671 268.979249 203.637283 327.978416 404.983116 132.340499 268.870365 384.889481 216.039638 382.037706
284.897934 265.885973 324.526671 268.979249 203.761522 327.892945 404.755886 131.645343 268.908311 384.335579 216.330116 381.568551
284.577279 265.830316 324.526671 268.979249 203.887079 327.806567 404.614794 131.203657 268.930114 383.787218 216.615119 381.108239
284.305908 265.781087 324.526671 268.979249 203.988529 327.766230 404.488378 130.838734 268.951586 383.237637 216.907176 380.636534
284.042409 265.733286 324.526671 268.979249 204.130081 327.678754 404.386707 130.545245 268.972551 382.701046 217.193126 380.174691
283.770841 265.684021 324.526671 268.979249 204.255130 327.601477 404.310242 130.324515 268.993797 382.157261 217.477813 379.714889
283.503800 265.635578 324.526671 268.979249 204.094678 327.225804 404.257933 130.173518 269.022708 381.419310 217.769554 379.243694
283.242465 265.588169 324.526671 268.979249 203.958705 327.098889 404.230241 130.093579 269.044780 380.868352 218.054978 378.782702
282.982508 265.541011 324.526671 268.979249 203.857497 326.772830 404.393850 129.819230 269.090388 380.160649 218.345456 378.313547
282.713302 265.492175 324.526671 268.979249 203.718438 326.556701 404.544503 129.748101 269.142149 379.625748 218.636249 377.843883
282.461275 265.430568 324.526671 268.979249 203.564662 326.317698 404.727528 129.661687 269.194759 379.082087 218.922516 377.381530
282.204364 265.362404 324.526671 268.979249 203.390108 326.046402 404.943289 129.559817 269.247888 378.533052 219.206992 376.922068
281.949773 265.294856 324.526671 268.979249 203.199487 325.749296 405.193050 129.441895 269.332450 377.782532 219.497996 376.452063
281.686676 265.225051 324.526671 268.979249 202.994298 325.425187 405.428524 129.330718 269.424233 377.242070 219.783315 375.991241
281.422917 265.223360 324.510265 268.994793 202.774453 325.077928 405.838993 129.134955 269.516015 376.701608 220.065502 375.514734
281.159086 265.149541 324.484277 269.019416 202.543696 324.713432 406.080351 129.018003 269.601101 376.200581 220.346270 375.039473
280.908408 265.074045 324.441302 269.060132 202.298497 324.326124 406.325308 128.899308 269.680173 375.735251 220.626021 374.565934
280.655623 264.997915 324.429833 269.070999 202.036287 323.911947 406.554967 128.788026 269.756400 375.286682 220.902415 374.098077
280.391303 264.915778 324.420832 269.079528 201.659315 323.338766 406.713353 128.711279 269.826396 374.874787 221.180844 373.626777
280.130315 264.831691 324.418654 269.081591 201.409169 322.986312 406.847081 128.646481 269.900010 374.441597 221.462121 373.150654
279.870468 264.747973 324.417800 269.082400 201.167126 322.645275 406.812441 128.437916 269.974040 373.848140 221.741973 372.676943
279.619950 264.667260 324.417800 269.082400 200.935385 322.318754 406.742826 128.309810 270.052152 373.522580 221.987179 372.182704
279.374761 264.588264 324.417800 269.082400 200.706885 321.996799 406.668913 128.173795 270.139224 373.159679 222.228314 371.691946
279.120212 264.517642 324.417800 269.082400 200.368907 321.522024 406.592709 128.033563 270.218036 372.831202 222.467245 371.205675
278.862077 264.447864 324.417800 269.082400 200.134143 321.196683 406.514786 127.890167 270.291716 372.524117 222.708557 370.714557
278.611439 264.381092 324.417800 269.082400 199.897390 320.868584 406.435717 127.744663 270.360262 372.238425 222.948193 370.226850
278.342094 264.321773 324.417800 269.082400 199.632216 320.517063 406.360372 127.606012 270.487668 371.719833 223.188181 369.738425
278.084858 264.265121 324.417800 269.082400 199.357392 320.165035 406.283404 127.464374 270.569499 371.395807 223.427465 369.251436
277.761240 264.251472 324.417800 269.082400 199.160105 319.912325 406.223911 127.354895 270.657453 371.047541 223.635705 368.744674
277.463298 264.330695 324.417800 269.082400 198.990879 319.695559 406.193067 127.298134 270.753438 370.667474 223.840643 368.236438
277.156584 264.473273 324.417800 269.082400 198.839745 319.501968 406.054232 127.041517 270.855936 370.261617 224.043935 367.732282
276.953263 264.770289 324.417800 269.082400 198.684303 319.302858 405.990723 126.923750 270.962890 369.838114 224.246254 367.230537
276.789516 265.132549 324.417800 269.082400 198.523446 319.096812 405.913733 126.780987 271.075427 369.392505 224.453361 366.716921
276.644349 265.539920 324.417800 269.082400 198.433927 318.826175 405.840920 126.645969 271.349531 368.714181 224.658373 366.208499
276.527598 265.931902 324.417800 269.082400 198.234584 318.190760 405.770671 126.515704 271.465707 368.215741 224.863460 365.699891
276.404486 266.258544 324.417800 269.082400 198.106152 317.878327 405.694830 126.375047 271.589191 367.685941 225.066512 365.198232
276.294068 266.542641 324.417800 269.082400 197.968138 317.542587 405.636740 126.267310 271.701916 367.202305 225.279884 364.695216
276.196981 266.792437 324.417800 269.082400 197.818567 317.178730 405.607505 126.213089 271.967095 366.364797 225.496069 364.185572
276.084860 267.092095 324.417800 269.082400 197.658882 316.790271 405.475518 125.963633 272.089842 365.847151 225.704690 363.625556
275.996141 267.349854 324.417800 269.082400 197.495624 316.393117 405.419622 125.855416 272.206543 365.354998 225.884548 363.109182
275.905728 267.612529 324.417800 269.082400 197.334342 316.000773 405.350050 125.720723 272.319461 364.878803 226.062497 362.598286
275.822086 267.855537 324.417800 269.082400 197.197091 315.585068 405.279836 125.584785 272.432655 364.401440 226.241894 362.083235
275.733691 268.112350 324.417800 269.082400 197.070301 315.181727 405.214119 125.457555 272.548527 363.912790 226.420699 361.569883
275.647532 268.360618 324.417800 269.082400 196.941473 314.771898 405.178599 125.388787 272.667138 363.421096 226.601544 361.050677
275.552978 268.615654 324.417800 269.082400 196.811924 314.359781 405.037852 125.126449 272.833111 362.709721 226.782585 360.530904
275.456686 268.875379 324.417800 269.082400 196.681716 313.945564 404.967405 124.999942 272.949703 362.183892 226.945871 360.012014
275.360811 269.133978 324.417800 269.082400 196.550968 313.529630 404.895789 124.871337 273.068849 361.646543 227.095716 359.486146
275.268760 269.382264 324.133221 269.052571 196.508428 313.098045 404.816390 124.728754 273.187633 361.111984 227.246164 358.958163
275.179682 270.097257 324.075938 269.025871 196.481976 312.657238 404.745650 124.601722 273.309802 360.627823 227.397434 358.427294
275.349987 270.458930 323.999962 268.978795 196.463641 312.225421 404.665472 124.457741 273.429081 360.178630 227.546522 357.904122
275.605677 270.697641 323.913509 268.879311 196.489809 311.800426 404.593370 124.328263 273.525077 359.759696 227.697092 357.375758
275.888580 270.950875 323.807191 268.759568 196.516863 311.361058 404.516501 124.190223 273.633266 359.323516 227.846128 356.852779
276.218125 271.202126 323.670069 268.628337 196.543523 310.928078 404.435642 124.045019 273.744716 358.875160 227.995218 356.329608
276.515066 271.428520 323.505348 268.470695 196.570319 310.492903 404.367237 123.922181 273.856842 358.424087 228.147318 355.803615
276.790132 271.631265 323.319098 268.292448 196.592154 310.060062 404.336490 123.866965 273.975288 357.947588 228.328651 355.283096
277.050904 271.808317 323.125768 268.107426 196.611934 309.636724 404.184066 123.615623 274.085532 357.504084 228.511299 354.758800
277.328684 271.931331 322.924148 267.930276 196.632283 309.201199 404.106765 123.499379 274.184631 357.105417 228.689013 354.248668
277.924374 272.494314 322.716027 267.748086 196.652697 308.764275 404.015178 123.361651 274.269304 356.764783 228.869622 353.730227
277.898907 272.760647 322.516785 267.573668 196.673326 308.322757 403.926581 123.228419 274.341095 356.475972 229.051678 353.207631
277.900864 273.269552 322.308466 267.414733 196.693022 307.901217 403.835437 123.091357 274.403189 356.226174 229.231761 352.690700
277.904928 273.442104 322.090000 267.262281 196.709182 307.466919 403.751208 122.966516 274.452304 356.028587 229.412765 352.171126
277.908597 273.597861 321.863497 267.104221 196.724921 307.037207 403.661974 122.835159 274.495823 355.853514 229.593900 351.651173
277.926955 273.945154 321.645851 266.952342 196.740878 306.601499 403.576336 122.709096 274.529451 355.718231 229.773061 351.136887
277.942438 274.107216 321.433453 266.804125 196.755862 306.192373 403.481486 122.575152 274.556228 355.610509 229.955578 350.612969
277.958168 274.271867 321.216464 266.652703 196.760596 305.851612 403.392357 122.455538 274.568821 355.559851 230.190367 350.084668
277.973841 274.435920 320.981746 266.532819 196.748842 305.551642 403.308673 122.338596 274.577216 355.526079 230.427440 349.592600
277.987878 274.582851 320.722631 266.477810 196.740722 305.344401 403.217423 122.211082 274.584067 355.498518 230.668247 349.092785
278.001592 274.726397 320.478682 266.357506 196.733745 305.166338 403.133739 122.094140 274.586865 355.487260 230.906535 348.598194
278.012529 274.840876 320.237244 266.238441 196.729172 305.049627 403.043770 121.968415 274.594874 355.455041 231.144477 348.104325
278.023866 274.959536 319.990906 266.133722 196.725836 304.964492 402.954849 121.844154 274.604234 355.417387 231.385624 347.604909
278.034498 275.070829 319.747345 266.035020 196.724739 304.936514 402.863483 121.716478 274.612532 355.384002 231.647988 347.123113
277.827331 275.274711 319.508048 265.938046 196.723494 304.904738 402.766996 121.581645 274.616344 355.368669 231.910352 346.641318
277.633221 275.293327 319.207910 265.819239 196.723111 304.894946 402.673069 121.450390 274.620879 355.350424 232.170899 346.162860
277.398498 275.315836 318.957741 265.741396 196.723001 304.892148 402.586825 121.329870 274.623340 355.340526 232.434985 345.677902
277.136898 275.340924 318.695733 265.659868 196.722985 304.891748 402.493713 121.199754 274.624449 355.336061 232.703970 345.192066
276.867972 275.372417 318.442890 265.581193 196.722978 304.891548 402.399787 121.068499 274.624546 355.335673 232.985418 344.725129
276.609343 275.405998 318.194440 265.503885 196.722978 304.891548 402.311913 120.945702 274.624594 355.335479 233.271306 344.250827
276.342582 275.440635 317.922480 265.464572 196.722978 304.891548 402.253951 120.864705 274.624594 355.335479 233.551826 343.785432
276.071331 275.455775 317.658157 265.458165 196.722978 304.891548 402.293003 120.578494 274.624594 355.335479 233.836062 343.313871
275.799982 275.467468 317.343814 265.453933 196.722978 304.891548 402.429842 120.471667 274.624594 355.335479 234.120401 342.842138
275.533630 275.478945 317.086328 265.461588 196.722978 304.891548 402.605100 120.364747 274.624594 355.335479 234.407012 342.366637
275.265086 275.451211 316.809850 265.469808 196.722978 304.891548 402.816206 120.238452 274.624594 355.335479 234.692900 341.892335
275.012747 275.422206 316.533172 265.478033 196.722978 304.891548 403.051511 120.097680 274.624594 355.335479 234.977652 341.419917
274.698421 275.382192 316.293078 265.485171 196.722978 304.891548 403.322002 119.935859 274.624594 355.335479 235.273854 340.952002
274.558635 275.363727 316.108160 265.490669 196.722766 304.886153 403.789519 119.665852 274.624594 355.335479 235.569360 340.487420
274.425255 275.347307 315.988013 265.494241 196.722296 304.874162 404.283279 119.372522 274.624594 355.335479 235.866476 340.020306
274.332328 275.337921 315.937235 265.495751 196.721192 304.845983 404.638374 119.151261 274.624594 355.335479 236.160050 339.558762
274.257907 275.330404 315.920243 265.496256 196.720206 304.820803 405.014209 118.929072 274.624594 355.335479 236.456521 339.092660
274.199404 275.324495 315.904850 265.496714 196.719430 304.801018 405.383330 118.710853 274.624594 355.335479 236.749880 338.631453
274.158214 275.320334 315.901251 265.496821 196.718702 304.782432 405.760025 118.488156 274.624594 355.335479 237.045494 338.166702
274.094538 275.313903 315.893255 265.497058 196.717856 304.760849 406.132933 118.267698 274.624594 355.335479 237.367669 337.651708
273.947462 275.376200 315.867866 265.497813 196.717426 304.749857 406.515337 118.046050 274.624594 355.335479 237.638820 337.171814
273.948479 275.498596 315.833881 265.498823 196.717214 304.744461 406.885150 117.832585 274.624594 355.335479 237.907019 336.697143
273.949775 275.654390 315.793099 265.500036 196.717144 304.742663 407.419435 117.524563 274.624594 355.335479 238.178071 336.217422
273.951361 275.845184 315.702339 265.502734 196.717120 304.742063 407.795907 117.307430 274.624594 355.335479 238.416725 335.720796
273.953217 276.068376 315.601584 265.505730 196.717112 304.741863 408.173168 117.088869 274.624594 355.335479 238.637882 335.218531
273.889062 276.290768 315.538212 265.507614 196.717112 304.741863 408.551045 116.868976 274.624594 355.335479 238.860893 334.712055
273.891137 276.540360 315.501028 265.508719 196.717112 304.741863 409.098780 116.550391 274.624594 355.335479 239.079955 334.214548
273.893544 276.829750 315.474840 265.509498 196.717112 304.741863 409.480291 116.328392 274.624594 355.335479 239.300307 333.714113
273.797774 277.253769 315.461246 265.509902 196.717112 304.741863 409.866378 116.125583 274.624594 355.335479 239.518308 333.146184
273.705265 277.379126 315.422863 265.511043 196.717112 304.741863 410.273628 115.959006 274.624594 355.335479 239.685622 332.674585
273.654628 277.448141 315.363887 265.512744 196.717112 304.741863 410.675897 115.794516 274.624594 355.335479 239.832139 332.261605
273.110294 277.994325 315.323703 265.513876 196.717112 304.741863 411.253321 115.558351 274.624594 355.335479 239.958146 331.830564
273.066658 278.026809 315.308709 265.514298 196.716760 304.732870 411.659810 115.392029 274.624594 355.335479 240.072155 331.417820
272.857442 278.126083 315.301712 265.514495 196.716040 304.714484 412.057229 115.229416 274.624594 355.335479 240.190051 330.991003
272.741068 278.146775 315.299513 265.514557 196.714622 304.678312 412.455017 115.066652 274.624594 355.335479 240.306242 330.570356
272.585902 278.174366 315.168600 265.526533 196.712586 304.626352 413.031307 114.793008 274.624594 355.335479 240.421795 330.152021
272.406712 278.206228 315.100801 265.526845 196.710245 304.566598 413.420552 114.591308 274.624594 355.335479 240.474174 329.714545
272.071900 278.229799 314.998202 265.527317 196.707833 304.505045 413.802339 114.393473 274.624594 355.335479 240.586159 329.309127
271.817916 278.232606 314.859804 265.527955 196.706964 304.482862 414.181297 114.197133 274.624594 355.335479 240.676352 328.946611
271.551710 278.245313 314.676006 265.528801 196.705805 304.453285 414.564736 113.998574 274.624594 355.335479 240.750773 328.638676
271.276716 278.263584 314.467808 265.529760 196.705061 304.434299 414.950483 113.798818 274.624594 355.335479 240.823173 328.339101
271.013896 278.281046 314.232210 265.530845 196.703456 304.393331 415.342802 113.595660 274.624594 355.335479 240.904971 328.000645
270.749692 278.364800 313.899897 265.548558 196.700989 304.330379 415.736008 113.392042 274.624594 355.335479 240.971357 327.725953
270.475899 278.383033 313.629864 265.566065 196.699862 304.301601 416.120868 113.192746 274.624594 355.335479 241.030837 327.479838
270.219067 278.400135 313.354243 265.583933 196.699642 304.296005 416.513542 112.989404 274.624594 355.335479 241.079935 327.276687
269.949173 278.436317 313.094388 265.600780 196.699533 304.293208 416.906749 112.785786 274.624594 355.335479 241.118883 327.115527
269.676931 278.481710 312.819366 265.618610 196.699478 304.291809 417.296581 112.583915 274.624594 355.335479 241.144000 327.011600
269.277902 278.537469 312.563043 265.636464 196.698781 304.274022 417.685703 112.382413 274.624594 355.335479 241.172069 326.868942
269.015937 278.573267 312.303617 265.678443 196.696917 304.226459 418.085428 112.191210 274.624594 355.335479 241.192462 326.795937
268.771013 278.606736 312.030569 265.722625 196.698181 303.920215 418.475911 112.011147 274.624594 355.335479 241.207851 326.740846
268.569594 278.652212 311.769610 265.765086 196.708130 303.789994 418.873478 111.827819 274.624594 355.335479 241.226845 326.672849
268.442893 278.685498 311.518297 265.826888 196.721034 303.621086 419.264507 111.647505 274.624594 355.335479 241.237230 326.635672
268.287371 278.726355 311.255721 265.891460 196.736133 303.423462 419.653719 111.468029 274.624594 355.335479 241.249660 326.591176
268.040940 278.808194 311.004918 265.950150 196.753257 303.199315 420.054011 111.283444 274.627441 355.324028 241.263757 326.540708
267.962603 278.938258 310.736024 266.008722 196.772226 302.951039 420.447582 111.101958 274.637090 355.285209 241.272743 326.508539
268.017807 279.256388 310.480222 266.064441 196.793936 302.666867 420.851142 110.915866 274.658656 355.198449 241.285926 326.461346
268.037583 279.415766 310.217433 266.137985 196.818435 302.346202 421.252342 110.730862 274.687797 355.081217 241.302660 326.401439
268.056670 279.569586 309.975766 266.236563 196.845113 301.997019 421.640646 110.551805 274.808245 354.581390 241.313637 326.362143
268.071670 279.729521 309.719838 266.340958 196.873573 301.624505 422.032401 110.371156 274.850027 354.403223 241.325098 326.321114
268.062694 279.886264 309.464652 266.445050 196.904699 301.217092 422.431421 110.187158 274.898840 354.195070 241.339464 326.269683
268.021656 280.036964 309.226688 266.542118 196.938156 300.779168 422.834436 110.001317 274.956923 353.947390 241.352539 326.222875
267.898890 280.143859 308.983539 266.641300 196.979312 300.337084 423.235454 109.816397 275.014230 353.703019 241.370726 326.157767
267.832138 280.230029 308.751926 266.758791 197.020821 299.896837 423.630842 109.634073 275.062541 353.497008 241.385685 326.104217
267.712430 280.322102 308.522054 266.889023 197.062122 299.458779 424.031134 109.449490 275.098478 353.343765 241.400374 326.051630
267.576600 280.402498 308.296010 267.017087 197.102185 299.033864 424.419634 109.270381 275.129802 353.210189 241.412481 326.008289
267.437963 280.438011 308.064398 267.148305 197.143749 298.593019 424.822120 109.084823 275.156013 353.098421 241.431529 325.940100
267.291794 280.458513 307.831802 267.284156 197.184000 298.166112 425.220973 108.900941 275.176424 353.011383 241.448747 325.878460
267.145625 280.479015 307.595434 267.428966 197.225658 297.724272 425.611835 108.720742 275.188753 352.958809 241.461553 325.832615
266.996089 280.499989 307.375096 267.563954 197.265815 297.298361 426.003604 108.540125 275.193137 352.940116 241.477997 325.780148
266.839224 280.521991 307.155270 267.698629 197.320172 296.682936 426.398098 108.358252 275.196470 352.925902 241.492854 325.735769
266.680181 280.544299 306.927941 267.837901 197.354915 296.249927 426.786598 108.179141 275.198434 352.917529 241.508347 325.689493
266.517771 280.567079 306.735571 267.955755 197.389481 295.819112 427.184724 107.995591 275.205374 352.887932 241.529172 325.627286
266.353380 280.590136 306.593341 268.042892 197.423904 295.390090 427.582123 107.812377 275.214187 352.850351 241.546061 325.576838
266.204438 280.611027 306.504700 268.097285 197.458566 294.958079 427.982610 107.627739 275.223959 352.808682 241.571013 325.502304
266.061042 280.631140 306.449196 268.131496 197.525665 294.311373 428.382915 107.443184 275.466994 352.736953 241.589299 325.447684
265.723383 280.739731 306.436767 268.139157 197.576594 293.886213 428.781586 107.259383 275.585969 352.739427 241.615077 325.370684
265.576522 280.756364 306.426552 268.145454 197.626619 293.468598 429.184071 107.073824 275.747134 352.742778 241.636283 325.307340
265.419724 280.774122 306.417018 268.151330 197.678262 293.037480 429.584013 106.889437 275.945291 352.746898 241.653299 325.256512
265.257164 280.792533 306.412931 268.153849 197.731172 292.601076 429.972694 106.710242 276.126452 352.750665 241.677236 325.185013
265.097981 280.810562 306.403908 268.159411 197.783406 292.174059 430.365008 106.529372 276.247226 352.753177 241.689172 325.149358
264.946748 280.827690 306.394544 268.165183 197.836782 291.737712 430.768219 106.343478 276.387995 352.756104 241.710061 325.086961
264.794323 280.844953 306.385861 268.170535 197.888677 291.313474 431.185433 106.192722 276.490573 352.758237 241.727394 325.035186
264.646514 280.838502 306.378540 268.175047 197.942441 290.873950 431.601061 106.047101 276.548760 352.759446 241.743712 324.986445
264.498902 280.864763 306.364238 268.183862 198.048526 290.327896 432.009327 105.904059 276.836719 352.753969 241.757490 324.945290
264.353511 280.872575 306.358279 268.187535 198.152963 289.912834 432.419117 105.760524 276.977720 352.746459 241.768474 324.912479
264.207095 280.849504 306.337508 268.200338 198.260670 289.484776 432.831213 105.616314 277.154269 352.737057 241.787013 324.857100
263.853235 280.896200 306.320993 268.210518 198.371806 289.062766 433.243686 105.471971 277.359179 352.726144 241.801159 324.827734
