184.927100 67.457300 180.353107 198.481949 243.940600 48.177900 152.409463 163.816184 123.694500 136.912500 242.876501 151.377203
184.944399 67.439391 180.321469 198.662701 243.959632 48.171436 152.314583 163.721986 123.681853 136.902060 242.901059 151.334109
184.977122 67.405514 180.286573 198.862070 243.996850 48.158815 152.213015 163.638518 123.621876 136.955798 242.915219 151.309261
185.023184 67.357828 180.261967 199.075948 244.050839 48.140532 152.101299 163.569531 123.622936 137.017189 242.919527 151.301702
185.080987 67.297986 180.236585 199.300015 244.117708 48.117887 151.985291 163.497789 123.624301 137.096278 242.920863 151.299356
185.150115 67.226421 180.209244 199.541371 244.165635 48.101656 151.867416 163.424882 123.625897 137.188764 242.921557 151.298140
185.234111 67.139464 180.180609 199.794155 244.187514 48.094247 151.759144 163.354025 123.627815 137.299847 242.921656 151.297966
185.329709 67.040495 180.165562 200.063713 244.203699 48.127841 151.646002 163.279647 123.630059 137.429828 242.921755 151.297792
185.423292 66.943612 180.154289 200.345888 244.154327 48.156125 151.486604 163.229278 123.632351 137.562608 242.921755 151.297792
185.517708 66.845866 180.147115 200.641862 244.086734 48.194849 151.367593 163.168569 123.634572 137.691289 242.921755 151.297792
185.612056 66.748192 180.144811 200.946754 244.012463 48.250175 151.250632 163.108906 123.636888 137.825469 242.921755 151.297792
185.704388 66.652603 180.142403 201.265345 243.956061 48.336121 151.132334 163.048562 123.647350 138.046712 242.921755 151.297792
185.797554 66.556152 180.139904 201.594635 243.933707 48.408637 151.035250 162.925526 123.656882 138.176863 242.921755 151.297792
185.891554 66.458838 180.137197 201.935524 243.922366 48.446892 150.982787 162.879638 123.666304 138.305519 242.921755 151.297792
185.985832 66.361235 180.134406 202.286913 243.912951 48.575687 150.951098 162.851921 123.674529 138.417818 242.921755 151.297792
186.078720 66.265072 180.131517 202.650602 243.915223 48.660457 150.950818 162.664107 123.680628 138.501095 242.921755 151.297792
186.168413 66.172217 180.157565 203.021046 243.918098 48.767718 150.993389 162.593673 123.686625 138.582975 242.921755 151.297792
186.232955 66.105398 180.190474 203.399317 243.906835 48.887009 151.059329 162.518314 123.693067 138.670940 242.921755 151.297792
186.272765 66.064185 180.223956 203.784164 243.866195 49.021018 151.147715 162.437148 123.697187 138.727189 242.921755 151.297792
186.261902 65.972444 180.266581 204.178813 243.798234 49.166260 151.243319 162.349353 123.702358 138.797800 242.921755 151.297792
186.183365 65.923010 180.325624 204.582721 243.705185 49.314237 151.318520 162.280294 123.706449 138.853650 242.921755 151.297792
186.089171 65.863720 180.385722 204.993851 243.608772 49.476792 151.373687 162.229632 123.709955 138.901522 242.921755 151.297792
185.981860 65.796173 180.447281 205.414976 243.508760 49.650948 151.409189 162.197031 123.713432 138.948995 242.921755 151.297792
185.870910 65.726336 180.521486 205.840851 243.458816 49.863253 151.428339 162.179445 123.716273 138.987791 242.921755 151.297792
185.753781 65.652611 180.597346 206.272434 243.448686 50.084238 151.438724 162.169908 123.718581 139.019307 242.921755 151.297792
185.643677 65.583306 180.672090 206.706339 243.441816 50.298228 151.447784 162.161588 123.720641 139.047431 242.923587 151.294578
185.524042 65.526690 180.743953 207.140431 243.434956 50.511918 151.449773 162.159762 123.722511 139.072963 242.927795 151.287193
185.401842 65.475213 180.815881 207.574917 243.427837 50.733704 151.451761 162.157935 123.723848 139.091214 242.939084 151.267384
185.275678 65.422068 180.888218 208.011870 243.420800 50.952891 151.457359 162.152795 123.726470 139.127018 242.956512 151.236801
185.106553 65.433853 180.960261 208.447047 243.413716 51.173577 151.460747 162.149684 123.729348 139.166313 242.980652 151.193934
185.021206 65.538323 181.032696 208.884592 243.293017 51.443944 151.470322 162.140891 123.731700 139.198427 243.014100 151.130853
184.937695 65.640548 181.104853 209.320459 243.073644 51.460710 151.486674 162.125875 123.735841 139.254976 243.056681 151.050543
184.856018 65.740526 181.178446 209.756290 242.837673 51.452921 151.495218 162.118029 123.739807 139.309130 242.958570 150.990990
184.774025 65.840892 181.252118 210.192411 242.590214 51.444567 151.516105 162.099232 123.744380 139.371563 242.850385 150.984171
184.692664 65.940483 181.325524 210.626954 242.331562 51.435834 151.525480 162.090813 123.747302 139.411456 242.733118 150.976780
184.606686 66.045728 181.400123 211.063222 242.064114 51.426823 151.534780 162.082461 123.758665 139.563144 242.596988 150.968199
184.523743 66.147255 181.475174 211.497687 241.794366 51.417740 151.547205 162.071303 123.763762 139.635364 242.449913 150.957103
184.440169 66.249557 181.550735 211.935109 241.564996 51.410016 151.554124 162.065089 123.769078 139.712681 242.284392 150.943251
184.357669 66.350542 181.624638 212.370882 241.374504 51.403602 151.566921 162.053596 123.772700 139.765357 242.106215 150.928339
184.271121 66.456484 181.695521 212.808275 241.223990 51.398533 151.585670 162.036758 123.775540 139.806659 241.916976 150.912502
184.184889 66.562038 181.766165 213.244188 241.062554 51.440787 151.613943 162.011368 123.777385 139.833496 241.716677 150.895740
184.099732 66.666276 181.833808 213.679643 241.057441 51.570386 151.636858 161.990789 123.778867 139.855045 241.506412 150.878143
184.016411 66.768268 181.894740 214.117423 241.052233 51.702384 151.667660 161.963126 123.779608 139.865820 241.281199 150.859295
183.930875 66.872971 181.955976 214.557381 241.047136 51.831583 151.690055 161.943015 123.780746 139.882380 241.036721 150.852091
183.871025 66.946232 182.016647 214.993279 241.041818 51.966378 151.702554 161.931789 123.782118 139.902333 240.782184 150.853251
183.829838 66.996647 182.063968 215.430568 241.036729 52.095378 151.717062 161.918760 123.783545 139.923084 240.512058 150.830292
183.807695 67.023752 182.094728 215.873802 241.031533 52.227076 151.725916 161.910809 123.784992 139.944135 240.242231 150.807358
183.709995 67.140142 182.129047 216.313539 241.026310 52.359473 151.728595 161.908403 123.786296 139.963090 239.956830 150.808295
183.662493 67.195309 182.169306 216.751794 241.020850 52.497865 151.730380 161.906800 123.787668 139.983043 239.730775 150.831521
183.601353 67.266314 182.209555 217.189949 241.015714 52.628064 151.730603 161.906599 123.788964 140.001898 239.536260 150.875841
183.532319 67.346487 182.241357 217.631103 241.010388 52.763059 151.730603 161.906599 123.790528 140.024645 239.389002 150.936696
183.452583 67.439089 182.263352 218.070872 241.005232 52.893757 151.730603 161.906599 123.791996 140.045994 239.271705 150.997458
183.364431 67.541467 182.268705 218.512439 240.999772 53.032149 151.730603 161.906599 123.794013 140.075325 239.169859 151.050216
183.278645 67.641132 182.274037 218.952307 240.994679 53.161249 151.730603 161.906599 123.795110 140.091287 239.064284 151.104906
183.192599 67.741100 182.279382 219.393275 240.989550 53.291248 151.730603 161.906599 123.796867 140.116827 238.942464 151.178430
183.074725 67.801250 182.284678 219.834343 240.984236 53.425943 151.730603 161.906599 123.798540 140.141169 238.848456 151.253333
182.857754 67.899064 182.289960 220.275911 240.978990 53.558940 151.730603 161.906599 123.800708 140.172695 238.742795 151.337522
182.735064 67.947760 182.295270 220.719779 240.973849 53.689238 151.730603 161.906599 123.803418 140.212102 238.633224 151.424827
182.510000 68.012780 182.278488 221.159691 240.968689 53.820036 151.730603 161.906599 123.806916 140.262982 238.513407 151.520295
182.378562 68.043587 182.254932 221.601864 240.963454 53.952733 151.730603 161.906599 123.810147 140.309971 238.379747 151.626793
182.249281 68.055228 182.232591 222.043599 240.958353 54.082033 151.730603 161.906599 123.812774 140.348181 238.238266 151.739523
182.168484 68.009785 182.210239 222.485535 240.952936 54.219326 151.730603 161.906599 123.815299 140.384894 238.085132 151.861537
182.109564 67.976646 182.188004 222.925173 240.947772 54.350224 151.730603 161.906599 123.816622 140.404149 237.916719 151.986226
182.079058 67.959488 182.157725 223.365527 240.942695 54.478924 151.730603 161.906599 123.817960 140.423603 237.735433 152.109271
181.980529 67.978540 182.104822 223.803443 240.927423 54.712710 151.730603 161.906599 123.818571 140.432482 237.545046 152.238495
181.925984 68.033247 182.052003 224.240664 240.915453 54.845973 151.730603 161.906599 123.819407 140.444653 237.347212 152.372772
181.896937 68.095394 181.998789 224.681161 240.903286 54.981428 151.730603 161.906599 123.820882 140.466102 237.133025 152.504328
181.884912 68.121123 181.947076 225.119620 240.890878 55.119572 151.730603 161.906599 123.822385 140.487951 236.919434 152.618732
181.828205 68.246734 181.896662 225.557629 240.878863 55.253333 151.730603 161.906599 123.823585 140.505409 236.731936 152.719159
181.802967 68.305330 181.846226 225.995836 240.867304 55.382015 151.730603 161.906599 123.824504 140.518778 236.575026 152.803204
181.771321 68.378804 181.795921 226.437077 240.855477 55.513685 151.730603 161.906599 123.826939 140.554194 236.440860 152.875066
181.732633 68.468627 181.746651 226.876020 240.843266 55.649638 151.730603 161.906599 123.829978 140.598390 236.322385 152.938524
181.689199 68.569471 181.697302 227.315659 240.830965 55.786586 151.730603 161.906599 123.832386 140.633407 236.238817 152.983285
181.638209 68.687857 181.647908 227.755696 240.818195 55.916152 151.730603 161.906599 123.843616 140.785858 236.173938 153.018035
181.586942 68.806886 181.598745 228.193645 240.803607 56.047947 151.735588 161.902123 123.848202 140.856809 236.101036 153.057083
181.533697 68.930507 181.548517 228.630769 240.788974 56.180140 151.746302 161.892501 123.854221 140.949915 236.051848 153.083429
181.440610 69.146627 181.497991 229.070475 240.773737 56.317799 151.773533 161.868046 123.861019 141.055096 236.024433 153.098113
181.389348 69.265549 181.447272 229.511871 240.759083 56.450190 151.806493 161.838446 123.868966 141.178039 235.956660 153.166013
181.334958 69.391726 181.396712 229.951876 240.744891 56.578407 151.846223 161.802766 123.877662 141.312558 235.889727 153.192547
181.283785 69.511012 181.346004 230.393172 240.730743 56.706227 151.880373 161.772097 123.886505 141.449373 235.803459 153.226746
181.231943 69.635552 181.295627 230.831587 240.734657 56.833645 151.892947 161.760805 123.894846 141.578404 235.705942 153.265404
181.182138 69.755200 181.242869 231.300670 240.745689 56.923873 151.894400 161.759500 123.903767 141.716415 235.597548 153.308374
181.129528 69.881588 181.193917 231.737737 240.753384 56.986804 151.894400 161.759500 123.910377 141.912069 235.476233 153.356467
181.076225 70.009637 181.144955 232.174904 240.756989 57.016284 151.894400 161.759500 123.913394 142.042434 235.337720 153.411377
181.024691 70.133439 181.095948 232.612468 240.809897 57.135741 151.894400 161.759500 123.915888 142.150205 235.185727 153.471631
180.976192 70.249948 181.046896 233.050430 240.832900 57.264500 151.894400 161.759500 123.918171 142.248879 235.020162 153.537265
180.940875 70.334791 180.997443 233.491969 240.892660 57.336373 151.894400 161.759500 123.920149 142.334356 234.845208 153.606621
180.921238 70.381967 180.948102 233.932514 240.969980 57.388588 151.894400 161.759500 123.922255 142.425332 234.658634 153.680584
180.911054 70.406432 180.898975 234.370568 241.063709 57.451885 151.894400 161.759500 123.923564 142.481916 234.453747 153.737755
180.852872 70.545705 180.849489 234.808078 241.170367 57.523912 151.894400 161.759500 123.924311 142.514208 234.233131 153.793296
180.828798 70.603057 180.799991 235.245688 241.287963 57.603327 151.894400 161.759500 123.970889 142.604681 234.000490 153.851864
180.797099 70.678574 180.750504 235.683198 241.422217 57.693991 151.894400 161.759500 124.024231 142.645057 233.757570 153.913020
180.760059 70.766815 180.701006 236.120808 241.566830 57.791650 151.894400 161.759500 124.092562 142.696781 233.498843 153.978155
180.715471 70.873037 180.651523 236.558117 241.724039 57.897816 151.894400 161.759500 124.175086 142.759247 233.235048 154.042090
180.663220 70.997515 180.600618 236.995464 241.970035 58.094769 151.894400 161.759500 124.318526 142.820875 232.962366 154.068937
180.604738 71.136838 180.549667 237.433209 242.142301 58.237479 151.894400 161.759500 124.452727 142.807167 232.688789 154.095872
180.540024 71.291007 180.498380 237.873834 242.327811 58.391163 151.880681 161.653166 124.583348 142.793824 232.413719 154.122954
180.468460 71.461496 180.447406 238.311778 242.525335 58.554799 151.851752 161.625977 124.717848 142.780086 232.138848 154.150017
180.389657 71.649228 180.396570 238.748529 242.731715 58.725771 151.811601 161.588242 124.854536 142.766123 231.864475 154.177030
180.306598 71.847102 180.345700 239.185579 242.939711 58.898083 151.758335 161.538180 124.985356 142.752760 231.595371 154.162466
180.223035 72.046175 180.294506 239.625409 243.147862 59.070522 151.696105 161.479693 125.115379 142.739479 231.321716 154.140941
180.141138 72.248072 180.243427 240.064247 243.343421 59.372768 151.622727 161.410729 125.247989 142.725933 231.049955 154.119566
180.064369 72.448363 180.192441 240.502289 243.381107 59.638638 151.533900 161.327246 125.383186 142.712123 230.775702 154.097995
179.987304 72.649398 180.141178 240.942716 243.374264 59.909351 151.434581 161.233900 125.518283 142.698323 230.500652 154.076361
179.910335 72.850149 180.090331 241.379567 243.367338 60.183364 151.327327 161.133081 125.621446 142.687785 230.227706 154.037670
179.833474 73.050620 180.039056 241.820093 243.360421 60.456976 151.206525 161.019518 125.700037 142.679757 229.963834 153.980471
179.754143 73.257533 179.986781 242.266523 243.353470 60.731989 151.073410 160.894380 125.769078 142.672705 229.694685 153.922128
179.674919 73.464166 179.940543 242.677531 243.346482 61.008400 150.938474 160.767529 125.855130 142.663915 229.430227 153.864802
179.597162 73.666971 179.894327 243.088339 243.339607 61.280413 150.800404 160.637732 126.055468 142.645662 229.165964 153.807518
179.517759 73.874071 179.847753 243.502328 243.332748 61.551727 150.660657 160.503916 126.175226 142.635362 228.908924 153.723033
179.438213 74.081544 179.800878 243.918999 243.325733 61.829238 150.526540 160.370323 126.307836 142.623956 228.647443 153.634382
179.359884 74.285843 179.755268 244.338017 243.319369 62.103764 150.393841 160.238140 126.443934 142.612250 228.388235 153.546502
179.283416 74.485286 179.707396 244.762993 243.313763 62.380307 150.259937 160.104758 126.580828 142.600476 228.129217 153.458686
179.170828 74.777825 179.653509 245.186780 243.308700 62.650858 150.127096 159.972435 126.697099 142.590475 227.871567 153.371833
179.092465 74.980503 179.598017 245.610962 243.304756 62.927730 149.991704 159.837571 126.773118 142.583937 227.607802 153.288550
179.014355 75.182529 179.555799 246.034663 243.300884 63.199503 149.787575 159.630768 126.832200 142.578855 227.344515 153.205419
178.934406 75.389312 179.513388 246.464878 243.296972 63.474075 149.595835 159.394690 126.866274 142.575925 227.079701 153.121806
178.856873 75.589845 179.471717 246.890844 243.293105 63.745447 149.477073 159.242430 126.905238 142.572662 226.818893 153.039457
178.778943 75.791404 179.428282 247.325278 243.289151 64.023019 149.358434 159.090328 126.935334 142.570162 226.561232 152.958102
178.698850 75.998560 179.383810 247.756491 243.285286 64.294292 149.219552 158.956029 126.974101 142.566940 226.294852 152.883755
178.619262 76.204410 179.339358 248.187505 243.281422 64.565464 149.080326 158.821503 127.013864 142.563636 226.025298 152.829293
178.540322 76.408581 179.295613 248.622409 243.277500 64.840736 148.946422 158.692119 127.076847 142.558403 225.755061 152.774685
178.460553 76.614897 179.253042 249.059139 243.273585 65.115508 148.763839 158.514240 127.124383 142.554453 225.488843 152.720882
178.382191 76.817576 179.210606 249.494475 243.326465 65.378566 148.575087 158.305160 127.174306 142.486177 225.217538 152.666000
178.315693 76.989568 179.168093 249.930608 243.404994 65.643462 148.462450 158.155638 127.160086 142.413047 224.949443 152.629114
178.262466 77.127237 179.029837 251.831770 243.480074 65.910820 148.346216 158.003071 127.142715 142.323720 224.675132 152.600491
178.222942 77.229462 178.985517 252.275314 243.553911 66.173749 148.228513 157.848983 127.164391 142.262457 224.405297 152.572335
178.193263 77.306224 178.945559 252.725939 243.600225 66.577994 148.066931 157.618108 127.150287 142.190221 224.136358 152.544273
178.178225 77.345118 178.903882 253.179126 243.597864 66.855784 147.962264 157.457265 127.109706 142.003443 223.859658 152.524785
178.152601 77.464133 178.859481 253.598168 243.595564 67.126374 147.858142 157.297260 127.083759 141.892641 223.586743 152.512310
178.095404 77.507866 178.807473 253.975114 243.593212 67.403164 147.763074 157.151169 127.054826 141.769083 223.310132 152.499666
178.028039 77.559373 178.754842 254.308181 243.590905 67.674554 147.624415 156.935248 127.023134 141.633744 223.033421 152.487018
177.945581 77.622421 178.707876 254.605394 243.588595 67.946444 147.542369 156.806581 126.988980 141.487890 222.762204 152.474621
177.850491 77.695126 178.651645 254.861879 243.586287 68.218035 147.469194 156.691826 126.958496 141.357711 222.486273 152.479822
177.744757 77.775971 178.603716 255.077414 243.583961 68.491725 147.394729 156.575047 126.937369 141.240330 222.215333 152.485534
177.629172 77.864347 178.562060 255.264738 243.581662 68.762215 147.314051 156.451216 126.918512 141.101808 221.941994 152.491296
177.503021 77.960802 178.528957 255.413602 243.579312 69.038705 147.228098 156.321511 126.897118 140.944657 221.667055 152.497091
177.365670 78.065821 178.500976 255.539428 243.576974 69.313795 147.142531 156.192389 126.873149 140.768581 221.392516 152.502878
177.214496 78.181409 178.480159 255.633042 243.574655 69.586685 147.050226 156.053098 126.943325 140.644024 221.118079 152.517847
177.050294 78.306958 178.465832 255.697468 243.566791 69.957227 146.953335 155.906888 127.009719 140.827701 220.843851 152.548169
176.805035 78.498796 178.451071 255.763847 243.560304 70.229050 146.851970 155.753926 127.082169 141.027531 220.574592 152.577941
176.639894 78.642925 178.439263 255.816950 243.553712 70.505271 146.749445 155.599213 127.127370 141.259977 220.305929 152.607647
176.477455 78.792479 178.433293 255.843794 243.547245 70.776294 146.524149 155.230390 127.175015 141.504988 220.032396 152.637892
176.318842 78.938510 178.420056 255.916449 243.540620 71.053915 146.429940 155.068054 127.224665 141.760305 219.758167 152.668214
176.089218 79.149815 178.402686 255.988073 243.534173 71.324038 146.346465 154.901491 127.276585 142.027304 219.485907 152.708076
175.929741 79.296384 178.382228 256.072428 243.527560 71.601159 146.256395 154.736208 127.328525 142.294400 219.213569 152.755870
175.772186 79.441351 178.356101 256.170790 243.520954 71.877980 146.161752 154.568007 127.381173 142.565129 218.941626 152.803596
175.606067 79.579930 178.322618 256.285608 243.514460 72.150103 146.066913 154.399456 127.432984 142.831537 218.672439 152.850837
175.339627 79.750752 178.286282 256.411569 243.505699 72.515390 145.975622 154.230218 127.482847 143.174307 218.403194 152.899391
175.157987 79.867086 178.246323 256.558119 243.454848 72.781892 145.884718 154.064986 127.547270 143.487200 218.133999 152.955064
174.975842 79.983743 178.201261 256.723386 243.385937 73.046258 145.821857 153.953485 127.593381 143.703234 217.864774 153.013056
174.790497 80.102450 178.134653 256.931922 243.316894 73.311107 145.779278 153.877961 127.632229 143.885234 217.601201 153.071522
174.523295 80.273762 178.096494 257.128146 243.258570 73.534829 145.748486 153.823343 127.666630 144.046403 217.335716 153.137251
174.343197 80.389351 178.055033 257.341352 243.209126 73.724490 145.733311 153.796426 127.695561 144.181950 217.068970 153.203292
174.157208 80.508721 178.047678 257.572274 243.170075 73.874284 145.729333 153.789370 127.719901 144.295981 216.802030 153.269381
173.973071 80.626902 178.182430 257.764464 243.141089 73.985467 145.727172 153.785537 127.741402 144.396712 216.532953 153.335998
173.791096 80.740430 178.409027 257.838390 243.121488 74.060654 145.687128 153.706156 127.757391 144.471625 216.266401 153.401991
173.604023 80.854100 178.661807 257.766400 243.107638 74.113779 145.665137 153.660252 127.769853 144.530010 216.002179 153.467407
173.418317 80.966939 178.920180 257.672814 243.102467 74.133616 145.636363 153.600188 127.780270 144.578810 215.733491 153.533929
173.234919 81.078376 179.086636 257.451677 243.099036 74.146776 145.600718 153.528348 127.786803 144.609421 215.469656 153.599248
173.048017 81.191942 178.998087 257.185430 243.097144 74.154033 145.531309 153.380139 127.793003 144.638467 215.115859 153.689180
172.858579 81.306727 178.760441 256.991486 243.096816 74.155291 145.485304 153.278792 127.803336 144.686876 214.850446 153.757239
172.669441 81.420847 178.525498 256.845130 243.096766 74.155485 145.433595 153.164879 127.816299 144.747608 214.584452 153.825448
172.479443 81.535479 178.257532 256.697215 243.062889 74.154765 145.375644 153.037217 127.823313 144.780468 214.320008 153.893258
172.292012 81.648558 178.016249 256.565427 243.056684 74.178570 145.313147 152.899538 127.827863 144.801788 214.051980 153.961988
172.013390 81.823013 177.777024 256.425586 243.056684 74.178570 145.248417 152.756941 127.829450 144.809220 213.789957 154.029178
171.835392 81.945906 177.541337 256.287814 243.052773 74.193569 145.197866 152.645578 127.831537 144.819000 213.527644 154.096443
171.658876 82.067776 177.284194 256.131686 243.047905 74.212244 145.161533 152.565538 127.834209 144.831518 213.295844 154.155883
171.479068 82.191918 177.052523 255.988212 243.043793 74.228017 145.143552 152.525928 127.840534 144.861151 213.087905 154.209206
171.300083 82.315493 176.816600 255.842106 243.039933 74.242822 145.081911 152.383822 127.851096 144.910636 212.875387 154.263727
171.080457 82.511830 176.574429 255.711822 243.030347 74.279593 145.051547 152.308405 128.025922 144.976137 212.665000 154.317702
170.952763 82.688270 176.335041 255.583314 243.023788 74.304752 145.012630 152.211745 128.098590 144.946711 212.450448 154.372745
170.823076 82.867465 176.093590 255.459131 243.018188 74.326234 144.967961 152.100800 128.179786 144.913832 212.236090 154.427739
170.695969 83.043096 175.847431 255.343416 243.013420 74.344523 144.916607 151.973250 128.240404 144.889285 212.022895 154.482434
170.566810 83.221561 175.612856 255.233147 243.008173 74.364650 144.860248 151.833270 128.299848 144.868041 211.808827 154.537353
170.441403 83.394842 175.411313 255.138406 243.003253 74.383520 144.798324 151.679467 128.346849 144.854188 211.599312 154.591104
170.315351 83.569014 175.213123 255.036708 242.993415 74.421258 144.734313 151.509994 128.409868 144.835614 211.388635 154.645153
170.188772 83.743916 175.069677 254.959719 242.985569 74.451352 144.669621 151.327204 128.459267 144.821054 211.181444 154.698308
170.061829 83.919665 174.955309 254.898336 242.984813 74.454255 144.605562 151.146206 128.621484 144.717201 210.967571 154.753177
169.880061 84.173598 174.867374 254.851140 242.979717 74.473802 144.511517 150.874152 128.698024 144.677552 210.755731 154.807524
169.754863 84.353038 174.798471 254.814159 242.973158 74.498961 144.451634 150.693519 128.791967 144.628887 210.543209 154.862029
169.632297 84.528706 174.747431 254.778264 242.967558 74.520443 144.360520 150.521767 128.901094 144.572357 210.334853 154.915467
169.507557 84.707490 174.706215 254.739618 242.962260 74.540764 144.306772 150.335049 129.016202 144.528601 210.127852 154.968556
169.382015 84.887423 174.680245 254.715268 242.957038 74.560795 144.253246 150.149100 129.107636 144.499022 209.916299 155.022814
169.259792 85.062598 174.662081 254.698236 242.952346 74.578793 144.176148 149.869636 129.183847 144.474367 209.705332 155.076940
169.132992 85.244335 174.648075 254.685104 242.946947 74.599501 144.125782 149.682391 129.245502 144.454422 209.490299 155.132121
169.008137 85.423284 174.644573 254.681821 242.941751 74.619435 144.076845 149.500458 129.321738 144.431982 209.281950 155.185586
168.885285 85.599361 174.641728 254.679153 242.970783 74.638733 144.034480 149.342956 129.373241 144.423480 209.073600 155.239052
168.759229 85.780032 174.639831 254.677375 242.962610 74.670085 143.987828 149.169521 129.860473 144.345381 208.865832 155.292369
168.633344 85.960457 174.639175 254.676759 242.956883 74.692051 143.939359 148.989326 129.954183 144.339679 208.652446 155.347127
168.510034 86.137191 174.639175 254.676759 242.950526 74.716436 143.902963 148.835411 130.067072 144.338110 208.437413 155.402307
168.383977 86.317861 174.639175 254.676759 242.948332 74.724855 143.870619 148.687609 130.179588 144.347828 208.175092 155.469602
168.207707 86.580184 174.639175 254.676759 242.946919 74.730274 143.843449 148.563447 130.289217 144.366450 207.967033 155.522992
168.088842 86.759937 174.639175 254.676759 242.946061 74.733564 143.819420 148.453645 130.369566 144.380099 207.756746 155.576954
167.967715 86.943111 174.639175 254.676759 242.945531 74.735596 143.799176 148.361134 130.425564 144.389612 207.543069 155.631786
167.814626 87.174612 174.639175 254.676759 242.945229 74.736757 143.782801 148.286305 130.470520 144.397248 207.334524 155.685296
167.695440 87.354873 174.639175 254.676759 242.945203 74.736854 143.775682 148.253775 130.507786 144.403579 207.120448 155.740178
167.576198 87.535217 174.632026 254.670056 242.945203 74.736854 143.767730 148.217435 130.543376 144.409624 206.911408 155.793770
167.458060 87.713892 174.613205 254.652409 242.945203 74.736854 143.791073 148.170047 130.917938 144.545209 206.696865 155.848848
167.336502 87.897740 174.547327 254.602209 242.945203 74.736854 143.778037 148.110456 130.990971 144.574868 206.487940 155.902486
167.162862 88.160436 174.486690 254.574425 242.945203 74.736854 143.762073 148.037482 131.074730 144.577836 206.278435 155.956273
167.041623 88.343775 174.414415 254.541309 242.945203 74.736854 143.742134 147.946338 131.228043 144.670320 206.069704 156.009860
166.922535 88.523861 174.324323 254.500028 242.945203 74.736854 143.718113 147.836534 131.333373 144.744448 205.856517 156.064592
166.801406 88.707033 174.216139 254.450457 242.945203 74.736854 143.695525 147.733276 131.454731 144.829857 205.616223 156.126214
166.647359 88.928595 174.090045 254.392681 242.945203 74.736854 143.681805 147.670559 131.573391 144.913367 205.401197 156.181422
166.521745 89.102961 173.946588 254.326948 242.945203 74.736854 143.671675 147.624254 131.653858 144.971772 205.194006 156.234571
166.338332 89.360407 173.787493 254.254051 242.945203 74.736854 143.668597 147.610187 131.702324 145.014785 204.981792 156.295302
166.214713 89.535458 173.615854 254.175405 242.945203 74.736854 143.665435 147.595729 131.735756 145.044456 204.777777 156.358569
166.090055 89.711979 173.427032 254.088886 242.945203 74.736854 143.664400 147.591000 131.748845 145.056072 204.567457 156.423790
165.964013 89.890460 173.224027 253.995868 242.945203 74.736854 143.664400 147.591000 131.752809 145.059590 204.361627 156.487620
165.838312 90.068571 173.006932 253.896394 242.945203 74.736854 143.664400 147.591000 131.756847 145.063175 204.154203 156.546893
165.713543 90.245380 172.780018 253.792422 242.945203 74.736854 143.664400 147.591000 131.757221 145.063506 203.940053 156.601080
165.589351 90.421373 172.545195 253.684825 242.945203 74.736854 143.664400 147.591000 131.757296 145.063573 203.726678 156.655072
165.427993 90.649732 172.295736 253.570522 242.945203 74.736854 143.664400 147.591000 131.765449 145.070808 203.517859 156.707911
165.266448 90.876016 172.049549 253.457718 242.945203 74.736854 143.664400 147.591000 131.785119 145.088266 203.304505 156.758365
165.140799 91.050232 171.794282 253.364506 242.945203 74.736854 143.664400 147.591000 131.805612 145.106453 203.087259 156.801567
165.014039 91.225990 171.534803 253.273726 242.945203 74.736854 143.664400 147.591000 132.123118 145.347847 202.875996 156.843579
164.887747 91.401099 171.278062 253.183904 242.945203 74.736854 143.664400 147.591000 132.181066 145.377732 202.660908 156.886352
164.874819 91.419023 171.019433 253.093422 242.945203 74.736854 143.664400 147.591000 132.254858 145.415728 202.443992 156.934026
164.864115 91.433866 170.762031 253.003369 242.945203 74.736854 143.664400 147.591000 132.346058 145.455859 202.233247 156.979406
164.861482 91.437515 170.504252 252.913184 242.945203 74.736854 143.664400 147.591000 132.465303 145.475382 202.017737 157.018905
164.860780 91.438489 170.244207 252.822206 242.945203 74.736854 143.664400 147.591000 132.600546 145.480894 201.798716 157.052041
164.860780 91.438489 169.986994 252.732219 242.945203 74.736854 143.664400 147.591000 132.796108 145.446919 201.578545 157.079685
164.860780 91.438489 169.726666 252.641142 242.945203 74.736854 143.664400 147.591000 132.896087 145.419767 201.366509 157.106307
164.860780 91.438489 169.458028 252.580268 242.945203 74.736854 143.664400 147.591000 132.966144 145.400017 201.150548 157.132008
164.860780 91.438489 169.191095 252.520694 242.945203 74.736854 143.664400 147.591000 133.008717 145.386393 200.929613 157.153728
164.860780 91.438489 168.927578 252.461883 242.945203 74.736854 143.664400 147.591000 133.035766 145.377736 200.714425 157.169672
164.860780 91.438489 168.656643 252.401417 242.945203 74.736854 143.664400 147.591000 133.047195 145.374079 200.500103 157.175456
164.860780 91.438489 168.390198 252.341953 242.945203 74.736854 143.664400 147.591000 133.049100 145.373469 200.284003 157.175418
164.860780 91.438489 168.126193 252.283033 242.945203 74.736854 143.664400 147.591000 133.049576 145.373316 200.066830 157.167987
164.860780 91.438489 167.857308 252.223024 242.945203 74.736854 143.664400 147.591000 133.049576 145.373316 199.845313 157.159109
164.860780 91.438489 167.584971 252.185968 242.945203 74.736854 143.664400 147.591000 133.049576 145.373316 199.629473 157.148521
164.860780 91.438489 167.312474 252.178480 242.945203 74.736854 143.664400 147.591000 133.049576 145.373316 199.408200 157.136536
164.860780 91.438489 167.037878 252.170934 242.945203 74.736854 143.664400 147.591000 133.049576 145.373316 199.188696 157.123348
164.860780 91.438489 166.765680 252.163453 242.945203 74.736854 143.664400 147.591000 133.049576 145.373316 198.970533 157.101060
164.860780 91.438489 166.494283 252.155995 242.945203 74.736854 143.664400 147.591000 133.049576 145.373316 198.750135 157.073616
164.860780 91.438489 166.219287 252.148438 242.945203 74.736854 143.664400 147.591000 133.049576 145.373316 198.535622 157.046707
164.860780 91.438489 165.951188 252.141070 242.945203 74.736854 143.664400 147.591000 133.049576 145.373316 198.323873 157.007219
164.860780 91.438489 165.719475 252.134702 242.945203 74.736854 143.664400 147.591000 133.049576 145.373316 198.112713 156.967840
164.860780 91.438489 165.490662 252.128414 242.945203 74.736854 143.664400 147.591000 133.049576 145.373316 197.898604 156.924508
164.860780 91.438489 165.285527 252.125361 242.911352 74.736037 143.664400 147.591000 133.049576 145.373316 197.682827 156.874042
164.860780 91.438489 165.064175 252.133470 242.905525 74.758390 143.664400 147.591000 133.049576 145.373316 197.470556 156.824395
164.860780 91.438489 164.846022 252.141463 242.896317 74.793710 143.664400 147.591000 133.049576 145.373316 197.254584 156.773883
164.860780 91.438489 164.626069 252.149521 242.895434 74.797097 143.664400 147.591000 133.049576 145.373316 197.040427 156.723955
164.860780 91.438489 164.412512 252.157345 242.893400 74.804900 143.664400 147.591000 133.049576 145.373316 196.830248 156.675464
164.860780 91.438489 164.193321 252.164218 242.893400 74.804900 143.664400 147.591000 133.049576 145.373316 196.616367 156.626119
164.860780 91.438489 163.977419 252.170736 242.893400 74.804900 143.664400 147.591000 133.058528 145.370451 196.403167 156.576932
164.860780 91.438489 163.755413 252.179255 242.893400 74.804900 143.664400 147.591000 133.073005 145.365818 196.193671 156.528598
164.860780 91.438489 163.517764 252.193908 242.893400 74.804900 143.664400 147.591000 133.100625 145.356979 195.985246 156.480512
164.860780 91.438489 163.265343 252.209471 242.893400 74.804900 143.664400 147.591000 133.143198 145.343354 195.773118 156.431571
164.860780 91.438489 163.003297 252.226087 242.893400 74.804900 143.664400 147.591000 133.320094 145.334154 195.558165 156.381979
164.860780 91.438489 162.736356 252.275635 242.893400 74.804900 143.644581 147.483429 133.401130 145.344549 195.342627 156.332252
164.860780 91.438489 162.466564 252.325711 242.893400 74.804900 143.630968 147.353476 133.497243 145.356879 195.130012 156.283199
164.860780 91.438489 162.197854 252.375587 242.893400 74.804900 143.623586 147.330115 133.608531 145.371155 194.915643 156.233741
164.860780 91.438489 161.927767 252.425718 242.893400 74.804900 143.616625 147.308088 133.737474 145.387695 194.704793 156.186903
164.860780 91.438489 161.658663 252.475667 242.893400 74.804900 143.578009 147.295482 133.869790 145.404669 194.490573 156.141879
164.860780 91.438489 161.391919 252.525178 242.893400 74.804900 143.540817 147.183903 133.997841 145.421095 194.281736 156.097987
164.860780 91.438489 161.121046 252.575455 242.893400 74.804900 143.494656 147.122685 134.121329 145.436936 194.072605 156.054033
164.860780 91.438489 160.831624 252.633080 242.893400 74.804900 143.478156 147.041443 134.250768 145.453540 193.816590 156.006631
164.860780 91.438489 160.561829 252.695402 242.893400 74.804900 143.459185 146.946419 134.382985 145.470501 193.603932 155.973006
164.860780 91.438489 160.295054 252.757026 242.893400 74.804900 143.437192 146.832829 134.513912 145.487296 193.384755 155.938350
164.860780 91.438489 160.029156 252.818448 242.893400 74.804900 143.412063 146.703039 134.651385 145.504931 193.170328 155.901162
164.860780 91.438489 159.762086 252.881877 242.893400 74.804900 143.346086 146.513074 134.783304 145.521854 192.957984 155.854550
164.860780 91.438489 159.497201 252.945418 242.893400 74.804900 143.311241 146.385029 134.914628 145.538700 192.746226 155.808067
164.860780 91.438489 159.230274 253.009450 242.893400 74.804900 143.185951 146.253477 135.174557 145.581445 192.529877 155.760575
164.860780 91.438489 158.966582 253.078147 242.893400 74.804900 143.064994 146.193979 135.307575 145.599217 192.317826 155.714028
164.860780 91.438489 158.704982 253.146965 242.893400 74.804900 142.880209 146.159023 135.497276 145.624243 192.106380 155.667993
164.860780 91.438489 158.439804 253.216724 242.850639 74.972087 142.748265 146.142212 135.631718 145.639450 191.899940 155.591231
164.860780 91.438489 158.172886 253.286942 242.840399 75.012923 142.617697 146.152764 135.755895 145.686625 191.690844 155.547598
164.860780 91.438489 157.904517 253.357541 242.826853 75.066951 142.487718 146.164407 135.888246 145.695654 191.476266 155.502820
164.860780 91.438489 157.639339 253.427300 242.810193 75.133600 142.358037 146.176024 136.026643 145.703153 191.262570 155.458226
164.860780 91.438489 157.374838 253.496882 242.797101 75.186710 142.220189 146.188372 136.163043 145.710544 191.045499 155.412677
164.860780 91.438489 157.102948 253.546868 242.787935 75.223897 142.087221 146.200284 136.292145 145.717680 190.830531 155.363597
164.860780 91.438489 156.829173 253.587681 242.774077 75.280115 141.957541 146.211900 136.430159 145.726580 190.614685 155.314316
164.860780 91.438489 156.561927 253.627521 242.788995 75.357441 141.827960 146.223508 136.599646 145.785590 190.406541 155.266794
164.860780 91.438489 156.291416 253.667847 242.768702 75.439777 141.698080 146.235143 136.807607 145.976280 190.198644 155.213756
164.860780 91.438489 156.019422 253.708395 242.743670 75.541338 141.594196 146.244449 136.824330 146.109613 189.992359 155.157568
164.860780 91.438489 155.745849 253.740356 242.714618 75.659210 141.521188 146.250989 136.824411 146.248313 189.782891 155.100513
164.860780 91.438489 155.468295 253.749367 242.680684 75.796890 141.478913 146.242633 136.824491 146.385713 189.550545 155.031632
164.860780 91.438489 155.194939 253.758242 242.642754 75.950785 141.462063 146.238713 136.824569 146.518613 189.349362 154.958098
164.860780 91.438489 154.921883 253.767106 242.600157 76.123613 141.376301 146.192166 136.821181 146.651439 189.146149 154.883713
164.860780 91.438489 154.650426 253.775919 242.555167 76.306150 141.370700 146.188136 136.815813 146.776324 188.943123 154.808816
164.860780 91.438489 154.379069 253.784729 242.506612 76.503155 141.369564 146.187318 136.812123 146.862145 188.741692 154.734507
164.860780 91.438489 154.103004 253.761709 242.455208 76.711713 141.258221 146.142021 136.787114 146.919161 188.536344 154.650537
164.860780 91.438489 153.831579 253.734350 242.401221 76.930758 141.222938 146.144883 136.771986 146.942842 188.332074 154.564114
164.860780 91.438489 153.555976 253.706570 242.349291 77.141453 141.165722 146.149476 136.763803 146.955651 188.127804 154.477692
164.860780 91.438489 153.285634 253.659228 242.303463 77.327389 141.084668 146.144197 136.760735 146.960454 187.924638 154.391736
164.860780 91.438489 153.012507 253.610157 242.266323 77.478079 140.988743 146.133472 136.759765 146.961971 187.721750 154.305898
164.860780 91.438489 152.740266 253.561245 242.233705 77.610419 140.874400 146.128185 136.759496 146.962393 187.496050 154.215896
164.790876 91.534231 152.474617 253.482130 242.210731 77.703630 140.742100 146.128325 136.759335 146.962646 187.202785 154.136922
164.771195 91.560845 152.214298 253.400559 242.194698 77.768683 140.607300 146.128468 136.759335 146.962646 187.001774 154.055170
164.743011 91.598956 151.952738 253.318598 242.183905 77.812472 140.470700 146.128613 136.759335 146.962646 186.798261 153.972400
164.702520 91.653710 151.691942 253.236877 242.168063 77.876749 140.336200 146.128756 136.759335 146.962646 186.597899 153.890911
164.650791 91.723661 151.429238 253.154558 242.159544 77.911314 140.203000 146.128898 136.759335 146.962646 186.395868 153.808744
164.586218 91.810978 151.165484 253.071910 242.125909 78.075054 140.072610 146.128187 136.759335 146.962646 186.198192 153.728348
164.511597 91.911884 151.307246 253.175676 242.125380 78.078412 139.940589 146.123841 136.759335 146.962646 185.996147 153.651758
164.423300 92.028524 151.075083 253.052320 242.125365 78.078511 139.810327 146.117843 136.759335 146.962646 185.788547 153.575392
164.325893 92.154700 150.847424 252.931357 242.125365 78.078511 139.675412 146.109159 136.759335 146.962646 185.588267 153.501720
164.218647 92.293619 150.631660 252.779340 242.125365 78.078511 139.546418 146.102459 136.759335 146.962646 185.382169 153.425907
164.103213 92.443146 150.388728 252.650251 242.125365 78.078511 139.442944 146.100172 136.759335 146.962646 185.177666 153.350681
163.979957 92.602804 150.144648 252.520551 242.125365 78.078511 139.355065 146.098229 136.759335 146.962646 184.972318 153.275144
163.811013 92.821639 149.903924 252.392635 242.125349 78.078610 139.289281 146.096774 136.759335 146.962646 184.762685 153.204950
163.618240 93.071509 149.662404 252.264297 242.125271 78.079104 139.257388 146.096246 136.759335 146.962646 184.526129 153.123931
163.482697 93.247201 149.420002 252.135489 242.125147 78.079894 139.094725 146.125066 136.759335 146.962646 184.317784 153.048145
163.349353 93.420043 149.191500 251.985045 242.124882 78.081573 139.023524 146.121303 136.759335 146.962646 184.116484 152.974644
163.156923 93.669282 148.969542 251.824563 242.124369 78.084833 138.882420 146.115788 136.759335 146.962646 183.912339 152.899602
163.021702 93.844339 148.751179 251.666273 242.124058 78.086809 138.772563 146.107105 136.759335 146.962646 183.706787 152.824043
162.889477 94.015517 148.530144 251.506047 242.123374 78.091155 138.693235 146.100543 136.759335 146.962646 183.504425 152.749657
162.708198 94.273321 148.306924 251.344235 242.122129 78.099058 138.625912 146.094431 136.759335 146.962646 183.299038 152.680952
162.595512 94.455954 148.086860 251.184713 242.120979 78.106368 138.579801 146.090245 136.759335 146.962646 183.088697 152.612498
162.480777 94.641907 147.863639 251.022902 242.118334 78.123161 138.547036 146.087270 136.759335 146.962646 182.881683 152.545128
162.366831 94.826582 147.641390 250.861795 242.114959 78.144597 138.519549 146.084775 136.759335 146.962646 182.671057 152.476582
162.253672 95.009982 147.421165 250.702155 242.110682 78.171762 138.501922 146.083175 136.759335 146.962646 182.465380 152.410934
162.126126 95.187838 147.197863 250.540285 242.103512 78.217301 138.483697 146.081520 136.759335 146.962646 182.258843 152.345349
162.005565 95.337010 146.981179 250.369612 242.093713 78.279535 138.470750 146.080345 136.759335 146.962646 182.051544 152.282263
161.903484 95.463316 146.769109 250.191568 242.081333 78.358166 138.453521 146.078781 136.759335 146.962646 181.835882 152.237884
161.820826 95.565590 146.559182 250.015324 242.068584 78.441495 138.440474 146.077596 136.759335 146.962646 181.622584 152.201374
161.748713 95.650537 146.349180 249.839016 242.054525 78.539491 138.426133 146.076294 136.759335 146.962646 181.403758 152.171926
161.675963 95.716943 146.142087 249.665152 242.039060 78.647288 138.414282 146.075219 136.759335 146.962646 181.186506 152.142770
161.597747 95.788337 145.934305 249.490709 242.026392 78.735583 138.402929 146.074188 136.759335 146.962646 180.973416 152.114173
161.517464 95.861619 145.726447 249.316201 242.014335 78.819623 138.377334 146.071864 136.759335 146.962646 180.760525 152.085602
161.424772 95.946227 145.518589 249.141694 242.005189 78.883370 138.362694 146.070535 136.759335 146.962646 180.546543 152.056885
161.326377 96.036008 145.305905 248.963135 241.996313 78.945237 138.344569 146.068890 136.759335 146.962646 180.331372 152.028008
161.258482 96.097943 145.096975 248.787727 241.989752 78.990969 138.331622 146.067715 136.759335 146.962646 180.117093 151.999252
161.204403 96.147275 144.889653 248.613670 241.984185 79.029771 138.316285 146.066322 136.759335 146.962646 179.898453 151.969909
161.167390 96.181039 144.681794 248.439162 241.978760 79.067584 138.281130 146.063131 136.759335 146.962646 179.683877 151.941113
161.149732 96.197146 144.473553 248.264333 241.975281 79.091836 138.258423 146.061069 136.759335 146.962646 179.469102 151.912289
161.135178 96.210423 144.265695 248.089826 241.973108 79.106981 138.221973 146.057760 136.759335 146.962646 179.249471 151.882814
161.129046 96.216016 144.055326 247.913177 241.972270 79.112821 138.188311 146.054704 136.759335 146.962646 179.032318 151.853671
161.126313 96.218510 143.848960 247.735985 241.971915 79.115296 138.153654 146.051558 136.759335 146.962646 178.816652 151.824728
161.114935 96.228888 143.642670 247.558857 241.971716 79.116681 138.134732 146.049840 136.759335 146.962646 178.601679 151.795878
