421.272939 299.564699 350.877190 304.017799 470.172021 101.342595 148.891400 270.937000 262.643000 261.410000 345.421560 342.712389
421.670579 299.076616 350.770442 303.775659 470.279895 101.066092 148.847029 270.938602 262.679986 261.408986 345.368693 342.542002
421.982055 298.619437 350.579524 303.597764 470.392263 100.694353 148.765082 270.941562 262.756757 261.406882 345.318967 342.381740
422.292855 298.163249 350.334795 303.496089 470.479490 100.359115 148.642962 270.945972 262.863117 261.403967 345.271137 342.227589
422.603768 297.706896 350.074269 303.419359 470.575480 99.990199 148.489662 270.951509 263.012861 261.399863 345.188329 341.951687
422.911754 297.254841 349.818556 303.348311 470.677311 99.598830 148.295788 270.958511 263.203390 261.394641 345.143571 341.797867
423.214896 296.809893 349.569202 303.279029 470.784633 99.186364 148.060935 270.966738 263.438301 261.388202 345.102390 341.656336
423.522346 296.357238 349.305936 303.206029 470.891350 98.776220 147.788357 270.970188 263.700403 261.381019 345.061152 341.514614
423.821339 295.902533 349.053821 303.140074 470.975958 98.451047 147.150269 270.989158 263.958306 261.373950 345.018462 341.367899
424.118135 295.451170 348.785646 303.069917 471.040471 98.203102 146.887919 271.000612 264.217009 261.366860 344.977616 341.227521
424.418997 294.993625 348.534549 303.012193 471.088265 98.019418 146.619175 271.012345 264.494105 261.359265 344.933864 341.077157
424.723814 294.530063 348.279426 302.964189 471.118834 97.901930 146.348433 271.024165 264.756007 261.352087 344.887486 340.917767
425.025445 294.071348 348.018389 302.917489 471.135454 97.838057 146.080088 271.035881 265.017308 261.344925 344.846696 340.777581
425.329384 293.609123 347.754683 302.874415 471.141497 97.814830 145.432859 271.054248 265.274412 261.337878 344.805849 340.637203
425.628377 293.154418 347.481824 302.845715 471.157714 97.685463 145.162924 271.066214 265.461941 261.332738 344.765224 340.497802
425.932395 292.696841 347.215370 302.818894 471.163205 97.576802 144.887594 271.078418 265.589494 261.329242 344.721049 340.352154
426.243958 292.252852 346.939365 302.791112 471.170907 97.424397 144.627450 271.089950 265.644673 261.327730 344.678210 340.210907
426.556900 291.806898 346.665644 302.767066 471.180417 97.236237 144.366106 271.101535 265.674861 261.326903 344.634094 340.065450
426.866970 291.365038 346.321745 302.690626 471.192116 97.004732 144.096171 271.113500 265.689456 261.326503 344.590036 339.920184
427.185541 290.911063 346.050367 302.654283 471.205068 96.748459 143.641443 271.126110 265.692255 261.326426 344.546616 339.777024
427.503537 290.457906 345.794650 302.620038 471.220119 96.450639 143.374097 271.131470 265.693200 261.326400 344.500178 339.623911
427.944774 290.150003 345.532402 302.584843 471.236695 96.122658 143.113949 271.136686 265.693200 261.326400 344.452057 339.465248
428.478111 290.145735 345.292461 302.547693 471.255077 95.758922 142.838805 271.142202 265.693200 261.326400 344.409102 339.323619
428.901645 290.367614 345.111814 302.519723 471.275034 95.364026 142.564660 271.147698 265.693200 261.326400 344.362432 339.169741
429.259338 290.636689 345.009236 302.503840 471.296485 94.939568 142.099003 271.156768 265.693200 261.326400 344.315828 339.026962
429.633946 290.618688 344.952116 302.494996 471.319723 94.479755 141.823246 271.161598 265.693200 261.326400 344.270350 338.889910
430.015737 290.477674 344.936700 302.492610 471.344102 93.997370 141.552287 271.166344 265.693200 261.326400 344.229282 338.766146
430.282991 290.223771 344.931166 302.491753 471.369823 93.488420 141.280729 271.171101 265.693200 261.326400 344.190229 338.648456
430.499612 290.051132 344.928992 302.491416 471.396827 92.954102 141.018769 271.175689 265.693200 261.326400 344.156908 338.548040
430.667435 289.917383 344.927806 302.491232 471.425294 92.390821 140.741611 271.180544 265.693200 261.326400 344.127493 338.459393
430.787085 289.822026 344.927609 302.491202 471.454679 91.809363 140.483651 271.185062 265.693200 261.326400 344.101605 338.381376
431.011367 289.293160 344.927609 302.491202 471.485367 91.202138 140.219292 271.189693 265.693200 261.326400 344.068221 338.280771
431.042036 289.142562 344.927609 302.491202 471.516933 90.577535 139.983328 271.193826 265.693200 261.326400 344.039687 338.194781
431.051621 288.981848 344.927609 302.491202 471.549671 89.929762 139.803755 271.196971 265.693200 261.326400 344.032863 337.963515
431.060336 288.835707 344.927609 302.491202 471.583094 89.268406 139.681774 271.199108 265.693200 261.326400 344.080868 337.925234
431.038233 288.680698 344.927609 302.491202 471.616588 88.605651 139.510849 271.319102 265.693200 261.326400 344.305080 337.755655
430.993126 288.537851 344.927609 302.491202 471.649628 87.951886 139.478959 271.504986 265.693200 261.326400 344.408351 337.681050
430.947116 288.392142 344.927609 302.491202 471.682799 87.295523 139.442842 271.715510 265.693200 261.326400 344.528968 337.593913
430.902130 288.249676 344.927609 302.491202 471.713234 86.631430 139.401247 271.957968 265.693200 261.326400 344.657206 337.501272
430.853892 288.096911 344.927609 302.491202 471.727418 85.970047 139.337659 272.226648 265.693200 261.326400 344.785929 337.408279
430.807943 287.951393 344.927609 302.491202 471.712492 85.316818 139.255991 272.525282 265.693200 261.326400 344.916923 337.313647
430.759464 287.799547 344.911006 302.488631 471.697273 84.650792 139.168150 272.846488 265.693200 261.326400 345.049861 337.217609
430.713040 287.660071 344.880964 302.483980 471.682076 83.985765 139.074347 273.189493 265.693200 261.326400 345.177450 337.125436
430.662574 287.508449 344.846772 302.478686 471.666311 83.331366 138.982927 273.546565 265.693200 261.326400 345.296933 337.039119
