290.699400 184.113800 147.090400 319.492600 132.859219 293.288361 137.386600 435.447200 211.085000 351.737200 292.425917 228.998708
290.703557 184.082878 147.094111 319.449359 132.821727 292.854579 137.391739 435.480607 211.129647 351.726127 292.319548 229.233098
290.712352 184.017467 147.101842 319.359290 132.713704 292.052131 137.403171 435.554933 211.203413 351.707832 292.209733 229.474274
290.726396 183.913007 147.112633 319.233552 132.642356 291.621603 137.420229 435.665829 211.305519 351.682508 292.102240 229.710353
290.745450 183.771282 147.125546 319.083105 132.542013 291.196279 137.444067 435.820806 211.448196 351.647122 291.993503 229.949163
290.698425 183.575250 147.140665 318.906953 132.402799 290.571911 137.480577 436.017133 211.625039 351.603263 291.882363 230.193251
290.661216 183.503077 147.168180 318.706164 132.318228 290.151330 137.572364 436.228678 211.840899 351.549727 291.774372 230.430423
290.643162 183.468057 146.925050 318.574791 132.253441 289.720891 137.676810 436.469395 212.096942 351.486225 291.664558 230.671599
290.633814 183.449925 146.661126 318.544999 132.200251 289.340189 137.797415 436.747358 212.389285 351.413720 291.554661 230.912957
290.595493 183.395632 146.397798 318.515275 132.156207 288.854767 137.933306 437.060548 212.713075 351.333416 291.441118 231.162324
290.586523 183.383860 146.139637 318.486134 132.140953 288.631889 138.178809 437.602428 213.069664 351.247476 291.332795 231.400223
290.611119 183.307115 145.883067 318.457173 132.129918 288.470666 138.350141 437.973813 213.447348 351.161324 291.223810 231.639579
290.509042 183.126742 145.622720 318.427785 132.123213 288.372695 138.535296 438.375163 213.849852 351.084883 291.108691 231.892404
290.400954 183.080918 145.365156 318.398711 132.119744 288.322014 138.702522 438.737649 214.288579 351.015365 290.999872 232.131396
290.260459 183.021356 145.100238 318.368808 132.117354 288.287095 138.843931 439.032022 214.726910 350.945909 290.891483 232.369485
290.099253 182.933048 144.844065 318.339891 132.117054 288.282705 138.964263 439.276849 215.155957 350.877924 290.781938 232.610125
289.722294 182.732235 144.576167 318.309651 132.116849 288.279712 139.251658 439.250209 215.593103 350.808656 290.667504 232.861503
289.570847 182.507857 144.308467 318.279433 132.116800 288.279000 139.484345 439.114836 216.030842 350.739295 290.560445 233.096682
289.735197 181.995450 144.048517 318.250090 132.116800 288.279000 139.716339 438.979865 216.510954 350.601964 290.450072 233.339141
289.805357 181.728381 143.778631 318.219626 132.116800 288.279000 139.738171 438.686333 216.795134 350.162084 290.341560 233.576507
289.935474 181.488711 143.505367 318.188780 132.116800 288.279000 139.617944 438.442123 216.756808 349.730777 290.223294 233.813653
290.113561 181.301411 143.246610 318.159572 132.116800 288.279000 139.495422 438.193248 216.683636 349.367068 290.104938 234.050977
290.325488 181.140984 142.979109 318.129376 132.116800 288.279000 139.378817 437.956395 216.625254 349.071988 289.917052 234.474271
290.493364 180.837023 142.708428 318.098822 132.116800 288.279000 139.264598 437.724386 216.586927 348.851153 289.813911 234.709883
290.655661 180.594521 142.436555 318.068133 132.116800 288.279000 139.143931 437.479279 216.583004 348.712748 289.708544 234.950418
290.746455 180.288837 142.180978 318.039284 132.116800 288.279000 139.025295 437.238299 216.601519 348.612834 289.587205 235.194983
290.837841 179.947457 141.913874 318.009133 132.116800 288.279000 138.842407 436.811408 216.880093 348.455998 289.484343 235.388097
290.885329 179.572319 141.656906 317.980127 132.116800 288.279000 138.745308 436.556901 217.048676 348.462653 289.392952 235.559675
290.897798 179.159308 141.396957 317.950784 132.116800 288.279000 138.647211 436.299779 217.254661 348.434190 289.282380 235.767263
290.911348 178.710512 141.196430 317.928149 132.116800 288.279000 138.554247 436.056110 217.503764 348.396087 288.943018 236.239363
290.925670 178.236128 141.065263 317.913343 132.151689 287.964837 138.438995 435.829053 217.775800 348.354477 288.778985 236.437466
290.942174 177.744006 141.001866 317.906187 132.167921 287.886705 138.202135 435.724773 218.032415 348.315226 288.612147 236.638959
290.959869 177.232312 140.831788 317.710567 132.189646 287.782138 137.952094 435.614690 218.289624 348.275883 288.437910 236.849387
290.978365 176.697431 140.848873 317.576451 132.219832 287.636841 137.754222 435.527575 218.716017 348.224472 288.267627 237.055039
291.005085 176.144493 140.869219 317.416742 132.258602 287.450226 137.614192 435.465926 218.871244 348.211124 288.090967 237.268394
291.035568 175.566296 140.894974 317.214576 132.302661 287.238154 137.531090 435.429339 218.965695 348.203002 287.794336 237.615166
291.066894 174.972121 140.925506 316.974913 132.351806 287.001605 137.283161 435.206033 219.018501 348.198461 287.615599 237.810543
291.099430 174.354978 140.960562 316.699737 132.406727 286.737250 137.259984 435.050551 219.039822 348.196628 287.436053 238.006806
291.136256 173.652226 140.991548 316.456502 132.467303 286.445676 137.230377 434.851945 219.053173 348.195479 287.251782 238.208234
291.169348 172.982443 141.013967 316.280525 132.533981 286.124729 137.194284 434.609821 219.060944 348.194811 287.068456 238.408629
291.203260 172.296080 141.025719 316.188270 132.642228 285.581502 137.152912 434.332288 219.062139 348.194708 286.964634 238.734504
291.259127 171.537282 141.217950 315.999012 132.712166 285.196604 137.107559 434.028049 219.062937 348.194640 287.118085 238.959569
291.319143 170.821277 141.386461 316.018200 132.788433 284.776877 137.072291 433.791464 219.062937 348.194640 287.269621 239.181826
291.327902 170.087529 141.585773 316.040896 132.866165 284.349082 137.047875 433.627674 219.062937 348.194640 287.422396 239.405900
291.336930 169.331183 141.822245 316.067822 132.945399 283.913022 137.033691 433.532525 219.430217 348.341473 287.576974 239.632618
291.346121 168.561238 142.091306 316.098460 133.022739 283.487392 137.023812 433.466257 219.481263 348.406157 287.729637 239.856526
291.355558 167.770694 142.348643 316.127762 133.100578 283.059006 136.858507 433.332732 219.555974 348.500828 287.876891 240.072503
291.378149 166.968477 142.604788 316.156929 133.153825 282.623335 136.732261 433.286051 219.657702 348.630483 288.022343 240.285836
291.409550 166.144675 143.061866 316.206434 133.174376 281.992794 136.568122 433.225360 219.780165 348.787085 288.167570 240.498839
291.451333 165.301216 143.337474 316.234172 133.193642 281.558822 136.365715 433.150519 219.921355 348.967634 288.323162 240.727044
291.513006 164.442227 143.606117 316.261208 133.212731 281.128845 136.132732 433.064372 220.088295 349.181111 288.440447 240.899065
291.575925 163.565883 143.875357 316.288304 133.232209 280.690077 135.868046 432.966503 220.276055 349.421213 288.517398 241.011929
291.640204 162.670587 144.138826 316.314820 133.251458 280.256505 135.582539 432.860935 220.532100 349.641549 288.566295 241.083646
291.702493 161.803021 144.414633 316.342577 133.270493 279.827727 135.264203 432.743228 220.758557 349.930091 288.865579 241.165873
291.760757 160.991510 144.867139 316.387521 133.290087 279.386362 135.267184 432.232057 221.009401 350.239863 288.987936 241.197158
291.836403 160.188861 145.126521 316.412686 133.309436 278.950591 135.365061 431.843392 221.272706 350.565023 289.116083 241.317437
291.903512 159.453717 145.391676 316.438410 133.328662 278.518018 135.469532 431.428544 221.547938 350.910010 289.255863 241.455500
291.903031 158.746769 145.666387 316.465062 133.348262 278.077053 135.575664 431.007102 221.846044 351.271181 289.289980 241.593135
291.902830 157.154749 145.927760 316.490419 133.367577 277.642482 135.767240 430.634052 222.179564 351.643693 289.278566 241.770162
291.930651 156.484526 146.200678 316.516897 133.386563 277.215304 136.027711 430.278193 222.534561 352.040194 289.185011 241.951366
291.957741 155.831888 146.647131 316.560757 133.405869 276.780933 136.183385 429.876311 222.902342 352.451021 288.827761 242.130547
291.984907 155.177452 146.912957 316.587818 133.691002 276.157147 136.306987 429.454863 223.262874 352.853843 288.675496 242.431302
292.012163 154.520817 147.100986 316.606959 134.073185 275.957714 136.428901 429.039171 223.624206 353.257559 288.617026 242.702061
292.048310 153.861824 147.216389 316.618706 134.487051 275.808923 136.549463 428.628086 224.081151 353.768539 288.559359 242.969105
292.087466 153.192168 147.269913 316.624155 134.908528 275.686033 136.734595 427.992774 224.359177 354.079599 288.502958 243.230285
292.126633 152.522312 147.435040 316.797262 135.509155 275.519338 136.852302 427.578367 224.593410 354.339102 288.446726 243.490683
292.165894 151.850859 147.422500 316.922033 136.106298 275.356441 136.969682 427.165113 224.783818 354.541108 288.390494 243.751080
292.205855 151.167426 147.407261 317.073669 136.519762 275.247405 137.087662 426.749744 224.961011 354.726843 288.333248 244.016170
292.245793 150.484392 147.389381 317.251573 136.946446 275.132085 137.207337 426.328410 225.146172 354.918653 288.278451 244.269920
292.271716 149.780501 147.367001 317.474251 137.363447 275.016963 137.358287 425.925208 225.327027 355.106002 288.220573 244.537942
292.295208 149.061885 147.342002 317.722998 137.784496 274.900724 137.616089 425.573343 225.635869 354.995849 288.165523 244.792866
292.318856 148.338471 147.316242 317.979307 138.329060 274.763581 137.877910 425.215994 225.866998 354.831645 288.126557 244.973307
292.343034 147.598866 147.290283 318.237606 138.804282 274.373215 138.134293 424.866065 226.067245 354.566833 288.180578 245.173125
292.367499 146.850466 147.238179 318.687668 138.861407 273.948842 138.390440 424.516459 226.240570 354.251338 288.345845 245.166487
292.392631 146.081677 147.203139 318.951360 138.921342 273.521350 138.644696 424.169434 226.401906 353.901993 288.491927 245.160621
292.418246 145.298095 147.184495 319.168561 139.030467 273.099248 138.898006 423.823700 226.639624 353.574787 288.654197 245.154104
292.444319 144.500522 147.171102 319.324587 139.145316 272.679684 139.153680 423.474740 227.013401 353.350421 288.810670 245.147820
292.479625 143.691903 147.162294 319.427210 139.259795 272.261469 139.415382 423.117551 227.417585 353.171537 288.969143 245.141455
292.517388 142.873574 147.288018 319.582648 139.356516 271.828673 139.667638 422.761698 227.808966 352.998320 289.119222 245.135428
292.555695 142.043457 147.464043 319.607704 139.431438 271.391040 139.916296 422.409416 228.210590 352.820569 289.268302 245.129441
292.594906 141.193761 147.663632 319.636113 139.420792 270.787041 140.163801 422.058769 228.598432 352.632191 289.418780 245.123398
292.634818 140.328882 147.888453 319.734777 139.279262 270.382694 140.410614 421.709101 228.919853 352.338192 289.565862 245.117491
292.675430 139.448818 148.153574 319.772562 139.129518 269.966932 140.662467 421.354181 229.153684 351.975696 289.716940 245.111423
292.714894 138.554111 148.441314 319.806146 138.819606 269.657702 140.895845 420.996008 229.415033 351.544498 289.883006 245.104754
292.761325 137.647446 148.767473 319.834626 138.507853 269.346635 141.031078 420.580880 229.622496 351.157159 290.029088 245.098887
292.823158 136.731531 149.115748 319.865037 138.176204 269.072856 141.085845 420.154194 229.823915 350.781103 290.178768 245.092876
292.885840 135.803044 149.421185 319.891708 137.801124 268.850178 141.083512 419.716000 230.031568 350.393412 290.340437 245.086383
292.945093 134.860598 149.673226 319.913716 137.428795 268.629133 141.081220 419.285406 230.190597 349.932081 290.445952 245.082146
292.964690 133.899598 149.832022 319.927582 137.027021 268.446568 141.078859 418.842013 230.387378 349.523610 290.501507 245.079915
292.984480 132.929199 149.931444 319.936264 136.862144 267.953450 141.076529 418.404419 230.597179 349.088112 290.791298 245.065462
293.004469 131.949003 149.991615 319.941518 136.923377 267.526620 141.074220 417.970825 230.814706 348.636577 290.864974 245.061196
292.970343 130.957696 150.147605 320.193923 136.984241 267.102364 141.071942 417.543031 231.046642 348.155132 291.021581 245.272572
