284.258473 236.160019 270.457400 407.338762 350.301233 210.955475 360.432189 258.416884 182.039874 268.777096 257.420152 265.397377
284.258473 236.160019 270.558627 407.157744 350.082747 211.107198 360.036671 258.600355 181.904587 269.303179 257.420152 265.397377
284.258473 236.160019 270.676742 406.946526 349.870503 211.254585 359.645216 258.772106 181.769648 269.827907 257.420152 265.397377
284.258473 236.160019 270.827079 406.725446 349.645117 211.411099 359.241446 258.915272 181.634012 270.355346 257.420152 265.397377
284.258473 236.160019 271.004336 406.476260 349.420388 211.567156 358.825990 259.062583 181.496434 270.890339 257.420152 265.397377
284.258473 236.160019 271.203736 406.195946 349.199712 211.728161 358.411780 259.177666 181.361096 271.416616 257.420152 265.397377
284.258473 236.160019 271.422612 405.888253 348.987943 211.907649 357.985552 259.186620 181.223633 271.947714 257.420152 265.397377
284.258473 236.160019 271.644502 405.576323 348.786397 212.078473 357.563634 259.107128 181.084392 272.484137 257.398807 265.378044
284.258473 236.160019 271.874434 405.284556 348.580054 212.259251 357.156622 258.949138 180.946308 273.017967 257.362785 265.345418
284.258473 236.160019 272.117994 404.983811 348.383885 212.441848 356.781229 258.733017 180.808323 273.551410 257.145895 265.165407
284.258473 236.160019 272.355764 404.690216 348.189472 212.622810 356.317191 258.307346 180.672693 274.075753 257.051132 265.094090
284.258473 236.160019 272.596555 404.392890 347.990961 212.807587 356.024396 257.995793 180.535109 274.607647 256.931601 265.004133
284.258473 236.160019 272.832688 404.101315 347.795816 212.989230 355.734855 257.659982 180.399128 275.133344 256.567098 264.722214
284.258473 236.160019 273.073479 403.803989 347.603746 213.168011 355.504813 257.352048 180.262496 275.661559 256.443134 264.666277
284.258473 236.160019 273.312130 403.509306 347.411090 213.347338 355.317278 257.099952 180.125514 276.191130 256.308049 264.605323
284.258473 236.160019 273.545368 403.221305 347.216239 213.528708 355.175701 256.909637 179.985602 276.721996 256.154284 264.560396
284.258473 236.160019 273.790955 402.921206 347.023729 213.707899 355.085217 256.788002 179.858520 277.256693 256.014185 264.532754
284.258473 236.160019 274.041756 402.627524 346.835173 213.883410 355.030305 256.714187 179.686649 277.781557 255.858781 264.502092
284.258473 236.160019 274.290869 402.335818 346.653206 214.069090 355.061656 256.444375 179.347434 278.536867 255.714169 264.473560
284.258473 236.160019 274.531279 402.054303 346.474380 214.279321 355.203058 256.385941 179.074163 279.016708 255.562885 264.443711
284.258473 236.160019 274.775586 401.768225 346.297757 214.486963 355.371077 256.316509 178.779679 279.485662 255.420235 264.415566
284.254515 236.153767 275.022491 401.479105 346.127095 214.687597 355.575324 256.232105 178.467307 279.927614 255.278566 264.387614
284.244459 236.137882 275.270564 401.188617 345.955526 214.889298 355.813767 256.133571 178.146854 280.380998 255.134543 264.359197
284.228948 236.113379 275.516949 400.900106 345.778125 215.097854 356.063485 256.030377 177.773425 280.795357 255.040359 264.340614
284.201884 236.070625 275.757230 400.618742 345.605234 215.299956 356.307288 255.929627 177.460800 281.237619 254.951669 264.323115
284.161127 236.006241 276.004913 400.328710 345.406067 215.491316 356.557746 255.826128 177.141940 281.688700 254.846692 264.302403
284.100581 235.910594 276.245454 400.047043 345.208770 215.685460 356.548004 255.552761 176.825390 282.136516 254.740343 264.281420
284.024737 235.790782 276.481593 399.680899 345.067006 215.911415 356.400355 255.331502 176.509532 282.583351 254.635955 264.260824
283.908645 235.716282 276.740490 399.410994 344.990333 216.166008 356.248043 255.103256 176.305247 282.982275 254.535296 264.240963
283.765447 235.658544 277.004371 399.135894 344.997807 216.440906 356.105278 254.889316 176.169839 283.348227 254.426591 264.219515
283.561494 235.236187 277.271574 398.857329 344.914770 216.684870 355.957740 254.668223 176.062262 283.638963 254.359523 264.201800
283.604499 235.048860 277.536840 398.580785 344.803826 216.923529 355.812422 254.450458 175.984251 283.849793 254.220254 264.190185
283.654038 234.833074 277.800444 398.305973 344.794916 217.125332 355.663662 254.227535 175.927687 284.002664 254.009688 264.136875
283.643651 234.586582 278.065432 398.029718 344.788803 217.263798 355.515458 254.005444 175.901313 284.073941 253.882360 264.120315
283.640478 234.309651 278.322114 397.762123 344.785292 217.343320 355.361481 253.774702 175.841218 284.288650 253.738968 264.101665
283.678665 234.046002 278.587794 397.485146 344.878504 217.447520 355.209391 253.546788 175.816951 284.423890 253.577329 264.080641
283.716709 233.782938 278.851121 397.210623 344.993866 217.368909 355.058078 253.320039 175.784983 284.602044 253.412716 264.059231
283.756184 233.509978 279.115002 396.935522 345.145423 217.265633 354.911206 253.099944 175.745490 284.822129 253.260597 264.039446
283.798417 233.244653 279.372515 396.667061 345.317475 217.148391 354.767775 252.885007 175.701477 285.067411 253.108478 264.019661
283.858151 232.987705 279.641380 396.386764 345.512334 217.015608 354.613798 252.654265 175.667389 285.343307 252.988489 264.004055
283.918111 232.729783 279.904430 396.112530 345.744420 216.870655 354.435932 252.777692 175.662191 285.649663 252.867310 263.988294
283.979792 232.464458 280.169695 395.835986 346.017427 216.724644 354.247857 252.965797 175.656574 285.980615 252.588132 263.949042
284.042561 232.194458 280.435653 395.558720 346.308953 216.568730 354.061902 253.151781 175.650358 286.346963 252.424373 263.923106
284.105102 231.925432 280.697457 395.285785 346.634339 216.394705 353.867322 253.346392 175.643567 286.747105 252.266343 263.898077
284.101690 231.648133 280.955246 395.017035 346.973835 216.213135 353.678256 253.535487 175.641200 286.886600 252.108313 263.873047
284.161306 231.108284 281.217881 394.743233 347.307511 216.034678 353.530482 253.683284 175.623292 288.272743 251.949690 263.847924
284.153848 230.837387 281.475255 394.474917 347.634485 215.859804 353.419051 253.794733 175.639697 288.744858 251.793635 263.823208
284.179648 230.396367 281.742043 394.196785 347.979896 215.684478 353.365740 253.848053 175.656922 289.240559 251.634420 263.797991
284.204552 230.128522 281.999140 393.928757 348.364449 215.567509 353.096369 253.854372 175.675111 289.764043 251.491797 263.775402
284.228603 229.869838 282.258037 393.658852 348.709569 215.396421 353.037189 253.791973 175.593583 290.723991 251.337915 263.751030
284.253377 229.603387 282.527179 393.378267 349.044296 215.230485 353.016820 253.770496 175.435994 291.356476 251.183046 263.726502
284.277669 229.342114 282.788290 393.106053 349.391387 215.058420 352.987092 253.739151 175.299882 291.886890 251.029757 263.702223
284.301739 229.083231 283.055356 392.827633 349.737403 214.886887 352.962044 253.712740 175.164466 292.414593 250.869949 263.676913
284.344895 228.691811 283.318267 392.553543 350.082702 214.715710 352.919104 253.667464 174.998787 292.938620 250.727129 263.654293
284.378589 228.434811 283.585194 392.275267 350.427464 214.544800 352.855520 253.600420 174.771074 293.441463 250.568901 263.629232
284.413739 228.166705 283.842706 392.006805 350.769301 214.376105 352.759455 253.499130 174.544846 293.941026 250.417192 263.605204
284.449695 227.892452 284.099665 391.738921 351.111714 214.212247 352.651279 253.385069 174.316803 294.444598 250.264693 263.581051
284.484169 227.629502 284.361331 391.466130 351.454669 214.048131 352.521909 253.248661 174.026459 294.910708 250.168295 263.565783
284.542669 227.178578 284.624204 391.205505 351.789866 213.887726 352.370380 253.088889 173.730370 295.369691 250.087897 263.553050
284.577498 226.906599 284.892760 390.942345 352.134985 213.722574 352.198070 252.907204 173.434823 295.827834 250.049969 263.547043
284.610270 226.650689 285.159031 390.681424 352.481728 213.556644 352.008005 252.706800 173.139275 296.285977 250.037920 263.545134
284.644439 226.383868 285.428874 390.417004 352.818368 213.395549 351.794953 252.482165 172.837302 296.740059 250.014808 263.541474
284.679522 226.109905 285.696859 390.154404 353.154287 213.234800 351.559854 252.234336 172.523141 297.192722 249.972149 263.543245
284.712193 225.854788 285.964130 389.892503 353.424357 213.105561 351.301631 251.962131 172.195371 297.634940 249.918305 263.554464
284.745853 225.591935 286.240544 389.621644 353.632547 213.005934 351.017190 251.682220 171.862716 298.067145 249.817471 263.575474
284.779133 225.332057 286.509672 389.357924 353.786615 212.932207 350.683155 251.400769 171.531158 298.497924 249.765194 263.586367
284.812870 225.068608 286.775657 389.097284 353.873648 212.893420 350.346214 251.116869 171.199722 298.928544 249.737195 263.592201
284.846760 224.803969 287.050499 388.827964 354.247726 213.086985 350.007285 250.831294 170.865427 299.363270 249.730734 263.593547
284.881208 224.534966 287.316342 388.567464 354.315109 213.230692 349.678144 250.553966 170.544554 299.799834 249.729168 263.593873
284.981598 224.062055 287.605971 388.309303 354.401341 213.408201 349.336453 250.275908 170.218825 300.243004 249.727993 263.594118
285.070529 223.815823 287.890220 388.056806 354.493490 213.623945 348.979250 250.025208 169.890844 300.689237 249.727601 263.594200
284.954533 222.786282 288.175900 387.804418 354.628047 213.842697 348.619592 249.772783 169.569379 301.126606 249.727601 263.594200
284.859413 222.546026 288.458851 387.555284 354.802172 214.036250 348.256168 249.517716 169.244005 301.569293 249.727601 263.594200
284.762674 222.301679 288.743153 387.304961 355.012657 214.210825 347.892908 249.262764 168.916735 302.014559 249.727601 263.594200
284.662034 222.047477 289.024303 387.057413 355.251655 214.350064 347.541762 249.016315 168.616603 302.532251 249.727601 263.594200
284.563233 221.797923 289.303801 386.811319 355.474409 214.479839 347.187342 248.767567 168.292514 302.966683 249.727601 263.594200
284.467893 221.557109 289.596858 386.575232 355.696990 214.609514 346.832103 248.518245 167.967827 303.401916 249.727601 263.594200
284.367621 221.303836 289.898104 386.337099 355.920954 214.739993 346.316947 248.176319 167.640271 303.840996 249.727601 263.594200
284.267937 221.052051 290.201860 386.096982 356.157360 214.877722 345.958900 247.941463 167.311530 304.281688 249.727601 263.594200
284.167591 220.798592 290.493692 385.866292 356.389791 215.013135 345.597675 247.704522 166.981629 304.724010 249.727601 263.594200
283.965878 220.407372 290.784739 385.636221 356.615916 215.147037 345.236618 247.467691 166.651968 305.166012 249.727601 263.594200
283.834203 220.184109 291.080179 385.402678 357.018988 215.382046 344.879407 247.233384 166.330949 305.600688 249.727601 263.594200
283.695214 219.948442 291.382175 385.170664 357.256378 215.511514 344.515507 246.994688 166.014990 306.052342 249.388851 263.586319
283.561202 219.721217 291.696454 384.959914 357.483058 215.635140 344.155954 246.758844 165.700292 306.502193 249.335768 263.538568
283.424651 219.489684 292.010899 384.749053 357.721678 215.765277 343.788709 246.517955 165.424917 306.895834 249.259637 263.470086
283.290944 219.262976 292.332487 384.533403 357.960298 215.895415 343.429492 246.282331 165.193222 307.227036 249.150348 263.371776
283.151040 219.025759 292.651749 384.319311 358.198567 216.025361 343.066260 246.044074 165.016899 307.479084 249.010269 263.245790
283.016826 218.798189 292.968851 384.106668 358.443708 216.155919 342.707042 245.808450 164.872219 307.685901 248.844967 263.097303
282.878446 218.563555 293.282134 383.896587 358.690049 216.273584 342.347323 245.572497 164.776606 307.822577 248.657664 262.929015
282.746771 218.340292 293.596579 383.685726 358.932058 216.389181 341.981583 245.332595 164.718825 307.905173 248.464411 262.755381
282.609915 218.108243 293.907535 383.477204 359.169195 216.502450 341.614505 245.091815 164.691081 307.944832 248.258525 262.571571
282.474075 217.877917 294.229765 383.265491 359.404347 216.614771 341.255455 244.856300 164.609279 308.071693 248.065681 262.401083
282.334494 217.641206 294.558257 383.060511 359.641123 216.727867 340.726564 244.499282 164.541335 308.186958 247.863547 262.222383
282.194610 217.403976 294.877587 382.861248 359.887464 216.845533 340.373895 244.251869 164.455822 308.332031 247.659915 262.042358
282.055336 217.167781 295.204212 382.657433 360.124060 216.958543 340.011894 243.997908 164.348574 308.513974 247.451787 261.858358
281.945420 216.981374 295.518644 382.461278 360.370401 217.076209 339.659225 243.750495 164.227718 308.719005 247.063682 261.571713
281.870957 216.855093 295.837377 382.262948 360.616381 217.193702 339.299516 243.498142 164.086651 308.958323 246.830115 261.462121
281.828698 216.783425 296.129109 382.081418 360.858390 217.309298 338.940626 243.246364 163.930452 309.223313 246.593289 261.351000
281.812749 216.756377 296.335502 381.893645 361.105633 217.427395 338.579607 242.993092 163.757495 309.516731 246.346143 261.235036
281.808381 216.748969 296.513550 381.692114 361.344756 217.541612 338.224319 242.743841 163.570930 309.833237 246.110041 261.124254
281.807263 216.747074 296.675131 381.468476 361.591638 217.659536 337.868212 242.494015 163.368825 310.176104 245.830530 261.066136
281.807060 216.746729 296.823103 381.178449 361.835633 217.776081 337.485547 242.326961 163.152807 310.542576 245.587184 260.947876
281.806958 216.746557 296.997817 380.740582 362.079808 217.892712 337.055954 242.319636 162.921149 310.935581 245.342332 260.822248
281.806958 216.746557 297.048003 380.483763 362.316404 218.005722 336.646828 242.022163 162.672022 311.358220 245.099259 260.697533
281.806958 216.746557 297.094422 380.230786 362.549931 218.117267 336.535412 241.596503 162.445883 311.825630 244.856898 260.573184
281.806958 216.746557 297.166428 379.752968 362.793746 218.233726 336.408070 241.176027 162.216743 312.320340 244.614715 260.448925
281.806958 216.746557 297.193606 379.488983 363.028898 218.346047 336.187847 240.807866 161.985418 312.819768 244.180031 260.125030
281.806958 216.746557 297.215670 379.230925 363.267117 218.459833 335.918133 240.462084 161.757371 313.312119 243.972643 259.954986
281.806958 216.746557 297.238168 378.959030 363.500645 218.571378 335.606212 240.152889 161.529492 313.804107 243.769001 259.776485
281.806958 216.746557 297.251481 378.701774 363.746986 218.689043 335.290597 239.840033 161.297656 314.305723 243.571225 259.603125
281.806958 216.746557 297.265460 378.435945 363.980874 218.800761 334.975977 239.528162 161.065947 314.807839 243.373448 259.429766
281.806958 216.746557 297.286618 378.164769 364.225772 218.917736 334.663771 239.218686 160.834706 315.310359 243.169656 259.251133
281.798527 216.732258 297.307931 377.891599 364.469766 219.034281 334.197290 238.797816 160.653773 315.825297 243.008044 259.022009
281.775467 216.693150 297.362164 377.316263 364.704738 219.146516 333.869988 238.508260 160.471381 316.344386 242.813532 258.851296
281.733918 216.622688 297.394724 377.052264 364.952523 219.264871 333.544585 238.211579 160.289055 316.863286 242.484308 258.620452
281.581128 216.362725 297.427554 376.786081 365.188744 219.399231 333.221404 237.908296 160.106730 317.382186 242.237339 258.503174
281.503133 216.229937 297.458729 376.526346 365.561639 219.724920 332.902734 237.609267 159.922813 317.905615 241.996513 258.388813
281.408323 216.068521 297.490560 376.253799 365.724484 219.943534 332.441187 237.176148 159.742012 318.420175 241.764178 258.278485
281.295888 215.877099 297.522437 375.980854 365.850958 220.180047 332.123510 236.878107 159.563011 318.939863 241.530940 258.167728
281.171703 215.665673 297.552992 375.719232 365.969646 220.418770 331.804420 236.576282 159.432370 319.464028 241.294269 258.055340
281.034452 215.432000 297.585055 375.444698 366.086910 220.654627 331.554949 236.223840 159.299310 319.997896 241.060850 257.944497
280.900948 215.204707 297.616097 375.178904 366.202482 220.887082 331.379589 235.828814 159.167169 320.528077 240.822192 257.831166
280.768761 214.979657 297.647695 374.908343 366.412154 221.306038 331.225893 235.224694 159.035367 321.056899 240.624725 257.737396
280.638600 214.758056 297.698411 374.455439 366.531859 221.542236 331.125947 234.805032 158.903372 321.586498 240.492117 257.674424
280.501450 214.524555 297.724222 374.189288 366.648039 221.771477 330.954173 234.397527 158.770796 322.118426 240.411721 257.636247
280.363388 214.289503 297.750745 373.918987 366.858503 222.185997 330.763623 234.005371 158.652553 322.657132 240.358967 257.611196
280.225731 214.055140 297.776825 373.661102 366.979051 222.434151 330.572898 233.612855 158.538723 323.198699 240.016566 257.535451
280.089493 213.823192 297.803286 373.399436 367.080723 222.670402 330.366488 233.222702 158.426250 323.733806 239.901947 257.489198
279.955482 213.595037 297.829386 373.141353 367.185558 222.914001 330.161940 232.837435 158.312959 324.273034 239.751161 257.428351
279.816205 213.357916 297.856974 372.868544 367.289980 223.161461 329.956454 232.450402 158.203401 324.809358 239.574039 257.356875
279.681790 213.129071 297.884362 372.597725 367.388043 223.401395 329.755564 232.072024 158.093922 325.345290 239.364089 257.272153
279.422621 212.682390 297.910401 372.340239 367.491858 223.655399 329.608719 231.756311 157.984404 325.881418 239.130399 257.177850
279.292963 212.457719 297.937969 372.067629 367.592343 223.901257 329.500160 231.508442 157.876657 326.414230 238.887435 257.079806
279.159007 212.225599 297.965075 371.799596 367.690028 224.140264 329.422411 231.330921 157.771761 326.948429 238.630597 257.002569
279.028550 211.999541 298.000171 371.342044 367.787260 224.378162 329.389594 231.255992 157.666326 327.485375 238.365970 256.932292
278.777702 211.566623 298.018415 371.082083 367.891452 224.633091 329.359586 231.187476 157.560582 328.023891 238.097863 256.861091
278.645463 211.340676 298.037248 370.813743 367.987295 224.885277 329.333108 231.127020 157.455108 328.561034 237.898378 256.808114
278.514032 211.116109 298.055479 370.553982 368.081055 225.135487 329.325245 231.109066 157.342380 329.094210 237.764228 256.772488
278.381288 210.889299 298.074900 370.277263 368.172022 225.376918 329.322276 231.102288 157.223396 329.632005 237.672410 256.748104
278.245918 210.658001 298.094223 370.001940 368.263363 225.618849 329.321875 231.101372 157.104109 330.171167 237.639163 256.739275
278.113881 210.432399 298.113140 369.732403 368.360837 225.876751 329.321875 231.101372 156.987242 330.699393 237.622539 256.734860
277.976187 210.197131 298.129630 369.470124 368.469674 226.159693 329.321875 231.101372 156.867523 331.240508 237.619640 256.734090
277.842837 209.969285 298.146306 369.194027 368.600332 226.464812 329.321875 231.101372 156.744634 331.705330 237.618866 256.733885
277.709487 209.741439 298.173013 368.798150 368.723571 226.794960 329.321875 231.101372 156.643739 332.085779 237.589098 256.725979
277.571793 209.506171 298.192455 368.522635 368.857232 227.153027 329.321875 231.101372 156.560224 332.400693 237.537101 256.712170
277.460177 209.315603 298.211179 368.257295 368.961173 227.552844 329.321875 231.101372 156.495678 332.644079 237.470034 256.524473
277.411293 209.070843 298.229762 367.993950 369.061365 227.978409 329.321875 231.101372 156.450460 332.814585 237.532455 256.409756
277.349968 208.932638 298.248669 367.726016 369.163023 228.410204 329.321875 231.101372 156.425339 332.909311 237.616192 256.255862
277.283557 208.782904 298.267225 367.463070 369.263215 228.835769 329.321875 231.101372 156.413958 332.952227 237.719047 256.066834
277.200007 208.618521 298.292269 366.910445 369.364232 229.264838 329.321875 231.101372 156.407600 332.976200 237.841307 255.842143
277.096031 208.507921 298.285535 366.691348 369.463552 229.686704 329.321875 231.101372 156.407600 332.976200 237.942155 255.656803
277.025522 208.396012 298.279827 366.505636 369.560470 230.108888 329.321875 231.101372 156.394004 333.027220 238.016238 255.520653
276.959297 208.284610 298.273990 366.315726 369.645617 230.534250 329.321875 231.101372 156.368306 333.123654 238.072254 255.417706
276.901453 208.187305 298.267329 366.099028 369.730779 230.960016 329.321875 231.101372 156.332514 333.257967 238.114600 255.339881
276.826030 208.060431 298.259981 365.859941 369.815852 231.385597 329.321875 231.101372 156.290079 333.417210 238.156947 255.262056
276.787194 207.995103 298.251649 365.588869 369.903715 231.810402 329.321875 231.101372 156.236520 333.618196 238.207897 255.168421
