369.944000 270.600200 465.470800 377.060600 221.214000 246.618000 168.012200 335.974800 487.145800 139.403200 256.122531 236.954632
369.944009 270.562717 465.496187 377.070909 221.240182 246.578727 168.001827 336.003163 487.144684 139.449787 256.174878 237.206385
369.933063 270.492971 465.550295 377.092883 221.293988 246.498018 167.977166 336.070595 487.142653 139.534562 256.225480 237.468139
369.916163 270.385289 465.638685 377.128777 221.363991 246.393014 167.939797 336.172776 487.139765 139.655328 256.339180 238.016508
369.894302 270.245994 465.846247 377.165247 221.450524 246.263214 167.887796 336.314965 487.135967 139.814482 256.396056 238.279222
369.861074 270.102633 466.008310 377.152037 221.538832 246.130751 167.827071 336.481010 487.131224 140.013226 256.325607 238.532931
369.823855 269.947228 466.208047 377.135757 221.629581 245.994628 167.750959 336.689129 487.125861 140.237962 256.251459 238.783594
369.787707 269.796296 466.437094 377.119630 221.719332 245.860002 167.662413 336.931245 487.119797 140.492090 256.173758 239.036697
369.752817 269.650616 466.707905 377.140318 221.799431 245.739854 167.573249 337.175052 487.046877 140.780607 256.085581 239.297177
369.718719 269.508242 466.971936 377.160488 221.848799 245.665802 167.480169 337.429566 487.039142 141.104715 256.002984 239.541176
369.682158 269.354942 467.247129 377.181576 221.995306 245.471928 167.385853 337.687461 487.030792 141.454615 255.916796 239.795784
369.646627 269.205714 467.520898 377.202928 222.091296 245.356144 167.348872 337.908435 487.021955 141.824910 255.838834 240.045686
369.612482 269.062529 467.779114 377.223066 222.188818 245.238512 167.343642 338.061146 487.012598 142.216998 255.762718 240.294922
369.576157 268.910200 468.052484 377.244386 222.280724 245.127654 167.341131 338.134503 487.002544 142.638278 255.684675 240.550471
369.539137 268.754953 468.311298 377.264571 222.381054 245.006635 167.155785 338.347759 486.991995 143.080352 255.611910 240.808343
369.506206 268.602319 468.580879 377.285595 222.485469 244.880689 167.007667 338.371446 486.981182 143.533423 255.546334 241.060351
369.478046 268.447662 468.849663 377.306557 222.578779 244.768137 166.821631 338.401198 486.972283 143.906317 255.478138 241.322423
369.449672 268.291824 469.115655 377.327302 222.671705 244.656048 166.601429 338.436413 486.965026 144.210430 255.412814 241.573463
369.423805 268.149760 469.384439 377.348264 222.750846 244.560588 166.347654 338.476998 486.959753 144.431368 255.347590 241.824116
