321.562142 178.638971 265.919000 261.287400 483.355000 115.971600 220.005710 308.156758 171.360400 432.900400 191.936902 284.405202
321.247350 178.504781 265.959200 261.266736 483.313564 115.943617 219.837247 307.874701 171.387162 432.929588 191.966460 284.403628
320.907537 178.359926 266.023768 261.233545 483.246768 115.898509 219.641954 307.574539 171.438524 432.985606 192.189151 284.390855
320.548405 178.206835 266.124624 261.181701 483.152293 115.834709 219.436325 307.256171 171.508268 433.061672 192.422787 284.378783
320.163516 178.042765 266.240954 261.121902 483.031796 115.753335 219.219954 306.921171 171.608693 433.171201 192.554520 284.374576
319.755998 177.869048 266.303922 261.089534 482.876327 115.648345 218.991917 306.562077 171.722055 433.323284 192.733029 284.368875
319.328425 177.686782 266.325800 261.078287 482.733648 115.472489 218.749662 306.170096 171.783093 433.549804 192.938324 284.362319
318.864171 177.560401 266.350525 261.065578 482.521336 115.329095 218.496093 305.754407 171.853224 433.804902 193.175403 284.354748
318.197577 177.302142 266.367067 261.057074 482.288306 115.171709 218.254370 305.305557 171.945024 434.078091 193.451463 284.345932
317.697052 177.165656 266.400330 261.039976 482.030581 114.997643 218.017297 304.834222 172.049630 434.389385 193.710131 284.337672
317.196913 177.029275 266.440708 261.019220 481.784126 114.831190 217.839685 304.317706 172.120161 434.739331 193.980393 284.329041
316.713525 176.859528 266.463298 261.007608 481.347659 114.612116 217.669272 303.790720 172.187407 435.127956 194.254653 284.320283
316.052418 176.516140 266.481975 260.998007 480.942138 114.387975 217.537297 303.262971 172.333690 435.524903 194.527714 284.311562
315.618423 176.243364 266.486066 260.995904 480.664868 114.263816 217.445988 302.772131 172.600210 435.855667 194.925065 284.292796
315.182378 175.956898 266.490513 260.993618 480.353875 114.126995 217.373941 302.364249 172.963010 436.108704 195.197324 284.279172
314.764003 175.624414 266.490691 260.993527 479.982968 114.052064 217.335523 302.041843 173.375445 436.141352 195.456200 284.266218
314.334041 175.282722 266.490691 260.993527 479.580695 113.970797 217.318094 301.785635 173.708385 436.096104 195.709883 284.253523
313.910499 174.946131 266.490691 260.993527 479.150584 113.883906 217.305919 301.606648 174.001094 436.056323 195.952979 284.241359
313.484295 174.607426 266.490691 260.993527 478.806339 113.814361 217.331400 301.490769 174.304848 435.993404 196.209058 284.228544
313.086118 174.290994 266.490691 260.993527 478.529531 113.758441 217.360663 301.419114 174.485779 435.946147 196.465338 284.215720
312.735007 174.036933 266.490691 260.993527 478.289019 113.410623 217.361200 301.417800 174.628885 435.910007 196.734001 284.202276
312.390998 173.799132 266.490691 260.993527 478.306649 113.133383 217.361200 301.417800 174.756689 435.877798 197.110381 284.188442
312.078413 173.583052 266.490691 260.993527 478.324266 112.856342 217.361200 301.417800 174.851912 435.853800 197.367931 284.183399
