191.020400 284.454000 395.962984 217.621624 333.242072 307.804469 342.697040 382.731763 246.731600 249.894800 232.382200 317.828800
191.063938 284.451682 395.503318 217.915539 333.240999 307.805008 342.807222 382.367878 246.710711 249.923132 232.402119 317.810277
191.156407 284.446758 395.043147 218.209778 333.240999 307.805008 342.916591 382.006673 246.672137 249.975448 232.455870 317.760294
191.276038 284.440389 394.581964 218.504664 333.240999 307.805008 343.025208 381.647957 246.611216 250.036884 232.697516 317.577977
191.436411 284.431850 394.126005 218.796209 333.240999 307.805008 343.133071 381.291729 246.574899 250.066401 232.820997 317.494947
191.625543 284.421780 393.658112 219.090969 333.240999 307.805008 343.243484 380.927078 246.557981 250.080151 232.911217 317.440108
191.848627 284.409902 393.196520 219.381100 333.240999 307.805008 343.367987 380.564351 246.551928 250.085070 232.963265 317.409069
192.260436 284.386809 392.731711 219.673252 333.240999 307.805008 343.431049 380.223005 246.550066 250.086584 232.997276 317.388786
192.671660 284.370835 392.271981 219.962212 333.240999 307.805008 343.568412 379.872350 246.549911 250.086710 233.021839 317.374137
192.943521 284.362153 391.804463 220.256068 333.240999 307.805008 343.705045 379.523557 246.549911 250.086710 233.038158 317.364405
193.216582 284.353433 391.338129 220.549178 333.240999 307.805008 343.846201 379.163218 246.549911 250.086710 233.042280 317.361947
193.479848 284.345026 390.874974 220.842816 333.240999 307.805008 343.987211 378.803252 246.549911 250.086710 233.045029 317.360308
193.737117 284.336810 390.417259 221.136810 333.240999 307.805008 344.127054 378.446265 246.549911 250.086710 233.046060 317.359693
194.012776 284.328007 389.961731 221.429399 333.240999 307.805008 344.264562 378.095237 246.549911 250.086710 233.046403 317.359488
194.284238 284.319338 389.499640 221.726203 333.240999 307.805008 344.399882 377.749796 246.549911 250.086710 233.046403 317.359488
194.677774 284.305170 389.042721 222.018464 333.240999 307.805008 344.537755 377.397838 246.549911 250.086710 233.046403 317.359488
194.937849 284.292156 388.578341 222.308288 333.240999 307.805008 344.675628 377.045879 246.549911 250.086710 233.046403 317.359488
195.212905 284.278392 388.117184 222.596099 333.240999 307.805008 344.818099 376.684338 246.549911 250.086710 233.046403 317.359488
195.481768 284.264938 387.651276 222.886875 333.240999 307.805008 344.955967 376.336247 246.549911 250.086710 233.046403 317.359488
195.743241 284.251854 387.186726 223.176804 333.240999 307.805008 345.096413 375.981647 246.549911 250.086710 233.046403 317.359488
196.017897 284.238110 386.727513 223.467324 333.240999 307.805008 345.236270 375.628535 246.549911 250.086710 233.046403 317.359488
196.278172 284.225086 386.265608 223.761448 333.240999 307.805008 345.376936 375.273377 246.549911 250.086710 233.046403 317.359488
196.551829 284.211392 385.799653 224.058151 333.240999 307.805008 345.526173 374.933396 246.549911 250.086710 233.046403 317.359488
196.809707 284.198488 385.342134 224.349482 333.240999 307.805008 345.346399 374.439056 246.549911 250.086710 233.046403 317.359488
197.199164 284.186703 384.865323 224.625649 333.240999 307.805008 345.058662 373.833601 246.549911 250.086710 233.051728 317.356312
197.462113 284.181554 384.384718 224.892652 333.240999 307.805008 345.060801 373.398006 246.549911 250.086710 233.068905 317.346068
197.723463 284.176436 383.875060 225.202466 333.240999 307.805008 345.062980 372.954212 246.417571 250.013975 233.090377 317.333264
197.993611 284.171146 383.421008 225.504253 333.240999 307.805008 345.065151 372.512017 246.368712 249.947375 233.109616 317.321790
198.254561 284.166036 382.954426 225.797343 333.240999 307.805008 345.067274 372.079622 246.299269 249.852716 233.172141 317.284502
198.528709 284.179150 382.487781 226.096235 333.240999 307.805008 345.069374 371.651828 246.204390 249.723386 233.202030 317.266678
198.791959 284.218671 382.028738 226.400997 333.237782 307.806623 345.071500 371.218833 246.082539 249.557289 233.246519 317.240146
199.052045 284.257717 381.573027 226.703548 333.228487 307.811288 345.073611 370.789038 245.936317 249.357972 233.295131 317.211155
199.310746 284.296556 381.125642 227.012287 333.211685 307.819722 345.071690 370.374050 245.783826 249.150109 233.378254 317.161187
200.005764 284.252228 380.690986 227.346731 333.191665 307.829770 345.064423 370.048968 245.655704 248.975465 233.486765 317.107166
200.255862 284.184909 380.290509 227.729529 333.172182 307.839550 345.054627 369.794556 245.542371 248.820979 233.636960 317.038372
200.524310 284.122874 379.891954 228.113128 333.159133 307.846099 345.047870 369.619086 245.437418 248.671819 233.994254 316.763406
200.797964 284.086962 379.513985 228.502706 333.154665 307.848342 345.043522 369.506170 245.315655 248.495351 234.176038 316.627452
201.072609 284.050920 379.165661 228.926536 333.152698 307.849329 345.035714 369.244823 245.190029 248.313286 234.376882 316.477243
201.345073 284.015164 378.840803 229.368579 333.151090 307.850137 345.226715 369.053174 245.065085 248.132208 234.588420 316.293497
201.619699 283.984470 378.546567 229.828836 333.150911 307.850226 345.383099 369.044945 244.931281 247.938291 234.936425 315.993613
201.884087 283.961313 378.289904 230.319795 333.150911 307.850226 345.584021 369.034373 244.783393 247.723961 235.195181 315.774601
202.148674 283.938139 378.047684 230.814862 333.150911 307.850226 345.814902 369.022225 244.661402 247.547164 235.617470 315.400144
202.421629 283.914231 377.830563 231.311572 333.150911 307.850226 346.072345 369.008679 244.566785 247.410039 236.066769 315.013311
202.697772 283.890044 377.640480 231.817652 333.150911 307.850226 346.342771 368.994450 244.490742 247.299949 236.380554 314.754733
202.963156 283.866799 377.484430 232.332402 333.150911 307.850226 346.616393 368.980053 244.376158 247.250820 236.695420 314.495265
203.234318 283.843049 377.358264 232.869790 333.150911 307.850226 346.873637 368.966518 244.302928 247.136357 237.151410 314.125214
203.507671 283.819106 377.232188 233.406789 333.150911 307.850226 347.095929 368.954821 244.295140 247.056134 237.477440 313.877270
203.768672 283.796246 377.105785 233.895268 333.141080 307.855161 347.248918 368.946771 244.292299 247.026872 237.807451 313.626299
204.167371 283.765271 376.994799 234.314630 333.128389 307.861531 347.339195 368.942065 244.291024 247.013734 238.145262 313.369397
204.435815 283.747994 376.889788 234.708505 333.121597 307.864940 347.363975 368.941082 244.290154 247.004776 238.475750 313.118063
204.702663 283.730820 376.777175 235.129711 333.112302 307.869606 347.380562 368.940424 244.289690 246.999998 238.984796 312.759672
204.966318 283.713852 376.656988 235.543620 333.110693 307.870413 347.385159 368.940241 244.289651 246.999600 239.332588 312.521017
205.229573 283.696909 376.519175 235.952837 333.109084 307.871221 347.385958 368.940210 244.289651 246.999600 239.784594 312.207247
205.492030 283.680018 376.385380 236.362328 333.107833 307.871849 347.386200 368.940200 244.289651 246.999600 240.123187 311.971465
205.764067 283.662510 376.235775 236.776924 333.107476 307.872028 347.386200 368.940200 244.289651 246.999600 240.410081 311.771684
206.024529 283.645747 376.045171 237.161033 333.107118 307.872208 347.512782 368.840128 244.289651 246.999600 240.801404 311.496572
206.284790 283.628997 375.847175 237.556646 333.107118 307.872208 347.536383 368.759929 244.289651 246.999600 240.998772 311.357229
206.522099 283.613724 375.638966 237.938943 333.107118 307.872208 347.568737 368.649991 244.289651 246.999600 241.143203 311.255259
206.763799 283.598169 375.401767 238.312852 333.107118 307.872208 347.610802 368.507052 244.289651 246.999600 241.263944 311.170015
207.025659 283.647476 375.159899 238.682303 333.090852 307.880372 347.662748 368.330537 244.289651 246.999600 241.352008 311.107841
207.279334 283.631140 374.916270 239.049657 333.070654 307.890511 347.785416 368.147941 244.289651 246.999600 241.410663 311.066431
207.521233 283.615563 374.652513 239.401321 333.047417 307.902174 347.848902 367.914418 244.289651 246.999600 241.445300 311.041976
207.736986 283.601669 374.391653 239.742287 332.994329 307.928821 347.920127 367.652116 244.289651 246.999600 241.503302 311.001027
207.935774 283.588868 374.091005 240.164001 332.943029 307.954571 347.988992 367.398499 244.289651 246.999600 241.562120 310.959501
208.080674 283.579537 373.782362 240.479833 332.919970 307.966144 348.115528 366.916568 244.289651 246.999600 241.652308 310.895827
208.214197 283.570939 373.474138 240.795236 332.903168 307.974578 348.176223 366.662723 244.289651 246.999600 241.765915 310.817789
208.302614 283.565245 373.169091 241.098773 332.886545 307.982922 348.345072 366.380424 244.289651 246.999600 241.903009 310.728514
208.351114 283.562122 372.812294 241.358298 332.883685 307.984357 348.457373 366.218328 244.289651 246.999600 242.198420 310.530099
208.396021 283.559230 372.464716 241.611117 332.882970 307.984716 348.602238 366.113363 244.289651 246.999600 242.328281 310.434930
208.444121 283.556133 372.110830 241.868525 332.882434 307.984986 348.732672 366.056156 244.289651 246.999600 242.419104 310.368371
208.520563 283.551210 371.740370 242.110544 332.882434 307.984986 348.809120 366.034706 244.289651 246.999600 242.495891 310.312098
208.596805 283.546300 371.368101 242.330904 332.882434 307.984986 349.144392 365.980365 244.289651 246.999600 242.558644 310.266110
208.698594 283.539746 370.996131 242.550135 332.870457 307.990997 349.294201 366.000298 244.289651 246.999600 242.789450 310.114753
208.806570 283.532792 370.597492 242.745188 332.850080 308.001225 349.467856 366.048299 244.289651 246.999600 242.923795 310.030860
208.893989 283.527163 370.200794 242.935902 332.841143 308.005711 349.635217 366.175298 244.289651 246.999600 243.096330 309.921265
208.953865 283.523307 369.802030 243.115154 332.839356 308.006608 349.757849 366.320979 244.289651 246.999600 243.428577 309.751729
209.015138 283.519362 369.396910 243.277577 332.838998 308.006787 349.864679 366.460092 244.289651 246.999600 243.636245 309.654293
209.072420 283.515673 368.979793 243.406547 332.838819 308.006877 349.951964 366.572858 244.289651 246.999600 243.791083 309.585088
209.113934 283.513000 368.571657 243.532741 332.838819 308.006877 349.996034 366.629794 244.289651 246.999600 243.906496 309.523467
209.173610 283.509157 368.158935 243.660353 332.838819 308.006877 350.198473 366.947243 244.289651 246.999600 243.992418 309.473489
209.220712 283.506123 367.733994 243.785462 332.838819 308.006877 350.281141 367.055737 244.289651 246.999600 244.044800 309.443019
209.282983 283.502113 367.316309 243.904805 332.838819 308.006877 350.391325 367.200343 244.289651 246.999600 244.062434 309.432762
209.332281 283.498939 366.893239 244.025686 332.838819 308.006877 350.571021 367.430107 244.289651 246.999600 244.074709 309.425622
209.368407 283.496613 366.479978 244.143766 332.838819 308.006877 350.729870 367.629586 244.289651 246.999600 244.082834 309.420896
209.484192 283.488802 366.082485 244.257339 332.838819 308.006877 350.913443 367.861259 244.289651 246.999600 244.091305 309.415968
209.562365 283.482834 365.666723 244.376133 332.838819 308.006877 351.107713 368.126530 244.289651 246.999600 244.092170 309.415466
209.660679 283.475328 365.261048 244.500114 332.838819 308.006877 351.325500 368.423910 244.289651 246.999600 244.092688 309.415164
209.767169 283.467197 364.858610 244.646400 332.838819 308.006877 351.577653 368.737742 244.289651 246.999600 244.092688 309.415164
209.880838 283.458519 364.448090 244.795623 332.838819 308.006877 351.857485 369.069218 244.289651 246.999600 244.092688 309.415164
209.973568 283.451439 363.966030 244.982956 332.838819 308.006877 352.247490 369.535993 244.289651 246.999600 244.092688 309.415164
210.085443 283.442898 363.577748 245.150783 332.838819 308.006877 352.542375 369.942252 244.289651 246.999600 244.093380 309.414762
210.241389 283.430991 363.193874 245.341694 332.838819 308.006877 352.898960 370.321376 244.287158 246.973921 244.097529 309.412348
210.374260 283.425441 362.810261 245.543429 332.838819 308.006877 353.224064 370.769215 244.279853 246.898675 244.103580 309.408829
210.429388 283.428255 362.429385 245.768879 332.822017 308.015311 353.544703 371.210903 244.043856 246.504254 244.116246 309.400853
210.911370 283.727388 362.059048 245.993664 332.773189 308.039262 353.862287 371.648383 243.915675 246.437764 244.123391 309.395056
210.979785 283.854098 361.711782 246.242472 332.739315 308.053643 354.183866 372.091365 243.750921 246.352303 244.141718 309.380188
211.060648 284.003862 361.363539 246.491980 332.717776 308.062787 354.513025 372.531455 243.614690 246.199703 244.148241 309.374895
211.154908 284.178441 361.025029 246.773419 332.704521 308.068415 354.846093 372.969137 243.483672 246.006787 244.153211 309.370863
211.246013 284.383791 360.704883 247.059885 332.703232 308.068962 355.183859 373.406918 243.348271 245.807419 244.156628 309.368091
211.343297 284.613435 360.385334 247.345818 332.702680 308.069196 355.535349 373.830988 243.206466 245.598620 244.157404 309.367461
211.455481 284.878253 360.060716 247.636285 332.693129 308.183585 355.885562 374.253518 243.055896 245.376916 244.158802 309.366327
211.581084 285.174746 359.780067 247.887409 332.729482 308.245037 356.231436 374.670813 242.903192 245.152068 244.163461 309.362546
211.740337 285.480274 359.479798 248.170613 332.783451 308.336270 356.583181 375.095191 242.751610 244.928875 244.170761 309.356624
211.911986 285.806242 359.025801 248.642881 332.852795 308.453495 356.931480 375.515412 242.627784 244.746548 244.182254 309.347299
