425.838301 346.130742 224.812981 218.787693 284.117848 349.517261 308.452720 328.230327 265.638400 393.345400 244.101200 246.534000
426.107850 346.109301 224.962859 218.996711 284.543708 349.416579 308.485376 328.193527 265.783453 393.261109 244.066580 246.516042
426.376079 346.084370 225.119497 219.215156 284.975407 349.314517 308.503165 328.173482 265.818517 393.183678 244.003023 246.483073
426.646092 346.056969 225.276600 219.434251 285.401073 349.213881 308.514979 328.160168 265.870081 393.069809 243.916030 246.437948
426.902774 346.030922 225.428460 219.646032 286.012506 349.068930 308.517900 328.156877 265.941116 392.912943 243.803649 246.379654
427.307999 345.990581 225.589992 219.871303 286.430141 348.969967 308.519360 328.155232 266.027826 392.721461 243.679413 246.295003
427.461722 345.976132 225.750072 220.093923 286.849722 348.870543 308.519891 328.154633 266.130954 392.493723 243.573115 246.138486
427.590554 345.964022 225.910837 220.315308 287.279617 348.768674 308.520555 328.153885 266.249391 392.232301 243.446029 245.951361
427.695783 345.955232 226.062670 220.524395 287.702506 348.668466 308.520555 328.153885 266.380313 391.943599 243.301977 245.739253
427.805075 345.947027 226.220027 220.741087 288.128315 348.567566 308.520555 328.153885 266.525966 391.618327 243.148148 245.512751
427.912971 345.938926 226.377972 220.958589 288.556070 348.466205 308.520555 328.153885 266.602951 391.239890 242.999938 245.294522
428.013952 345.787031 226.537209 221.177870 288.936145 348.376142 308.520555 328.153885 266.718321 390.840422 242.852065 245.076788
427.982717 345.605309 226.694684 221.394725 289.248106 348.302220 308.520555 328.153885 266.888549 390.427537 242.699585 244.852271
427.947880 345.397813 226.854391 221.614654 289.475801 348.248265 308.520555 328.153885 267.066400 389.996161 242.589082 244.571976
427.908936 345.165859 227.015861 221.837010 289.640052 348.209344 308.520555 328.153885 267.252179 389.545556 242.373542 244.260036
427.864627 344.901953 227.174041 222.054836 289.752343 348.182735 308.520555 328.153885 267.490117 389.097205 242.217156 244.035536
427.821279 344.643767 227.335746 222.277516 289.814813 348.167932 308.520555 328.153885 267.793533 388.657387 242.069115 243.823015
427.776938 344.379663 227.493494 222.496381 289.835636 348.162998 308.520555 328.153885 268.043587 387.901206 241.918787 243.607213
427.732960 344.117729 227.753569 222.872499 289.845561 348.160646 308.520555 328.153885 268.200411 387.374346 241.766863 243.393038
427.690043 343.862107 227.910088 223.097395 289.846340 348.160462 308.520555 328.153885 268.391513 386.869334 241.614462 243.183375
427.646098 343.600370 228.067063 223.322948 289.846534 348.160416 308.520555 328.153885 268.825420 385.545543 241.456534 242.966109
427.523043 343.269838 228.224266 223.548828 289.846534 348.160416 308.520555 328.153885 268.863175 384.994435 241.301075 242.752240
427.303964 343.132817 228.375186 223.765680 289.846534 348.160416 308.520555 328.153885 268.901148 384.440134 241.176426 242.580756
427.080985 342.993356 228.639001 224.141541 289.846534 348.160416 308.520555 328.153885 268.925679 383.900731 241.023464 242.355371
426.846475 342.846684 228.787912 224.352719 289.846534 348.160416 308.527325 328.146256 268.947315 383.346953 241.026011 242.135205
426.622139 342.706375 228.945927 224.576810 289.846534 348.160416 308.546573 328.124565 268.968725 382.798972 241.047180 242.115172
426.402890 342.569248 229.098180 224.792729 290.063128 348.097207 308.586265 328.079837 268.990120 382.251389 241.066816 242.098130
426.163120 342.433461 229.253429 225.012897 290.141931 348.070519 308.650667 328.000233 269.019153 381.508039 241.073160 242.092624
425.935122 342.306838 229.410638 225.235843 290.260515 348.030358 308.726749 327.887024 269.041097 380.960278 241.074519 242.091444
425.698381 342.175360 229.641632 225.563569 290.407893 347.980446 308.895590 327.543388 269.081218 380.255406 241.074800 242.091200
425.304803 341.939853 229.794957 225.780934 290.588421 347.919308 309.337701 327.638264 269.133461 379.715528 241.074800 242.091200
425.073769 341.796300 229.949781 226.000423 290.797364 347.848546 309.534631 327.778915 269.186745 379.164900 241.074800 242.091200
424.850445 341.643704 230.022590 226.218096 291.039268 347.766621 309.755160 327.936420 269.239547 378.619249 241.074800 242.091200
424.671366 341.450817 230.156752 226.408349 291.319058 347.671865 310.008890 328.117639 269.292734 378.069617 241.074800 242.091200
424.494738 341.260569 230.285893 226.600349 291.628399 347.567102 310.290288 328.318619 269.410571 377.322518 241.074800 242.091200
424.318381 341.070613 230.401227 226.806705 291.967967 347.451212 310.596425 328.537267 269.501483 376.787182 241.074800 242.091200
424.133452 340.871424 230.501925 226.986874 292.337910 347.323397 310.922091 328.769863 269.594337 376.240411 241.074800 242.091200
423.953965 340.678098 230.576961 227.121128 292.922446 347.126437 311.264033 329.014084 269.686137 375.700155 241.074800 242.091200
423.651390 340.308958 230.635116 227.225179 293.329988 346.997010 311.592149 329.329596 269.777778 375.160886 241.074800 242.091200
423.493158 340.098132 230.674829 227.296234 293.751445 346.863163 311.980631 329.607070 269.869787 374.619448 241.074800 242.091200
423.336366 339.889225 230.690892 227.343671 294.348172 346.663892 312.395154 329.903143 269.970493 373.862921 241.074800 242.091200
423.175973 339.675520 230.700698 227.388614 294.754468 346.526182 312.832461 330.215491 270.098861 373.327905 241.074800 242.091200
423.011738 339.456696 230.706838 227.416752 295.173456 346.384170 313.273024 330.530163 270.227415 372.792111 241.180322 242.125358
422.854227 339.246830 230.707989 227.422028 295.582972 346.245367 313.693023 330.872813 270.356156 372.255540 241.215657 242.173105
422.692393 339.031206 230.710803 227.434924 296.156661 346.059722 314.112683 331.229866 270.540802 371.509439 241.277048 242.256059
422.416212 338.825052 230.719031 227.472637 296.488545 345.962612 314.476292 331.640270 270.673173 370.985296 241.355303 242.360111
422.153458 338.829963 230.727558 227.511717 296.744608 345.887687 314.786040 332.090503 270.799275 370.485973 241.449542 242.482667
421.891303 338.834862 230.735147 227.546499 296.941743 345.830004 314.993939 332.589745 270.909658 370.048896 241.559630 242.625835
421.633548 338.839679 230.738217 227.560568 297.053842 345.797204 315.255771 333.236024 271.025819 369.588937 241.687883 242.792627
421.372394 338.844560 230.739880 227.568189 297.126400 345.775973 315.380804 333.668721 271.198257 369.197948 241.836861 242.986371
421.108040 338.849501 230.744442 227.589097 297.252102 345.726748 315.419896 334.041610 271.447118 368.586797 241.999737 243.198190
420.838687 338.854535 230.752798 227.627396 297.287215 345.717153 315.520222 334.388805 271.525022 368.252556 242.160494 243.413076
420.571141 338.859879 230.766655 227.690902 297.297054 345.714464 315.597341 334.655687 271.585266 367.994084 242.312497 243.625246
