130.212693 288.368850 239.451007 410.626835 477.716619 215.247014 198.359313 181.769675 262.643000 261.410000 358.302325 211.919781
129.949251 288.391334 239.449463 410.674410 477.797701 215.089453 198.135347 181.456523 262.679986 261.408986 357.928130 211.977366
129.488755 288.502964 239.446790 410.756766 477.837602 215.011917 197.913708 181.146624 262.756757 261.406882 357.548796 212.035742
129.242238 288.670364 239.442767 410.880701 477.968623 214.644918 197.695792 180.841931 262.863117 261.403967 357.167865 212.095533
128.988252 289.018755 239.440529 410.949665 477.926392 214.481900 197.479622 180.539678 263.012861 261.399863 356.790676 212.158443
128.959514 289.388039 239.572684 411.047744 477.873228 214.276674 197.268570 180.234807 263.203390 261.394641 356.424533 212.219511
128.928929 289.781051 239.721040 411.039232 477.811838 214.039697 197.054879 179.925189 263.438301 261.388202 356.049571 212.297199
128.896730 290.194800 239.911327 411.028314 477.739714 213.761287 196.859820 179.642567 263.700403 261.381019 355.688410 212.417279
128.862996 290.628289 240.137754 411.015322 477.657610 213.444349 196.702137 179.414098 263.958306 261.373950 355.326736 212.540988
128.828764 291.068159 240.402719 411.000119 477.566929 213.094304 196.581035 179.238632 264.217009 261.366860 354.982113 212.696289
128.795355 291.497461 240.693640 410.983427 477.538695 212.701219 196.509578 179.135097 264.494105 261.359265 354.634572 212.852906
128.764181 291.898050 241.022625 410.961799 477.509974 212.284808 196.465613 179.071396 264.756007 261.352087 353.944823 213.046263
128.736886 292.248789 241.386930 410.909780 477.479326 211.840464 196.441642 179.036665 265.017308 261.344925 353.612546 213.210836
128.715255 292.526749 241.779944 410.853662 477.446834 211.369383 196.437893 179.031233 265.274412 261.337878 353.278834 213.376119
128.696944 292.762038 242.191256 410.764525 477.412126 210.866178 196.436530 179.029257 265.461941 261.332738 352.936520 213.545663
128.682560 292.946879 242.611023 410.669451 477.380335 210.335612 196.436075 179.028599 265.589494 261.329242 352.602271 213.711212
128.672041 293.086874 243.037209 410.575613 477.366182 209.786394 196.435848 179.028270 265.644673 261.327730 352.257269 213.882087
128.669577 293.193646 243.464611 410.483571 477.351957 209.234377 196.435848 179.028270 265.674861 261.326903 351.909757 214.054205
128.667703 293.274824 243.891619 410.391605 477.337855 208.687159 196.435848 179.028270 265.689456 261.326503 351.571028 214.221974
128.666198 293.340007 244.322145 410.298871 477.323718 208.138541 196.435848 179.028270 265.692255 261.326426 351.238929 214.386458
128.664449 293.415787 244.755017 410.205631 477.309534 207.588124 196.435848 179.028270 265.693200 261.326400 350.893031 214.557777
128.663309 293.465174 245.182219 410.113613 477.295505 207.043704 196.435848 179.028270 265.693200 261.326400 350.557967 214.723481
128.662053 293.519559 245.612742 410.026814 477.281254 206.490688 196.435848 179.028270 265.693200 261.326400 350.217250 214.887637
128.661333 293.550751 246.045867 409.941743 477.267215 205.945869 196.435848 179.028270 265.693200 261.326400 349.867524 215.056133
128.660872 293.570745 246.480365 409.856403 477.253288 205.405448 196.324403 179.044851 265.693200 261.326400 349.530771 215.218379
128.660590 293.582942 246.908625 409.771508 477.239244 204.860429 196.277275 179.092474 265.693200 261.326400 349.181766 215.386528
128.660064 293.605736 247.338778 409.677996 477.244561 204.316128 196.203558 179.166965 265.693200 261.326400 348.831679 215.555198
128.659648 293.623731 247.763849 409.585589 477.253904 203.775008 196.101564 179.270029 265.693200 261.326400 348.495827 215.717010
128.658892 293.656523 248.192439 409.492418 477.263385 203.225890 195.973263 179.399677 265.693200 261.326400 348.157813 215.879864
128.657890 293.699911 248.622592 409.398906 477.272804 202.680372 195.813730 179.560884 265.693200 261.326400 347.810609 216.047145
128.657105 293.733902 249.040965 409.289701 477.282144 202.139452 195.637035 179.739434 265.693200 261.326400 347.462685 216.214773
128.656085 293.778090 249.649113 409.106397 477.293569 201.598774 195.492414 179.885572 265.693200 261.326400 347.124671 216.377626
128.654470 293.848072 250.066771 408.964826 477.305772 201.053111 195.391124 179.987925 265.693200 261.326400 346.782170 216.552399
128.653256 293.900658 250.480839 408.815531 477.317871 200.512046 195.337102 180.042514 265.693200 261.326400 346.462780 216.742338
128.652144 293.948845 250.861870 408.609010 477.330025 199.968582 195.312927 180.253805 265.693200 261.326400 346.141328 216.933503
128.651553 293.974438 251.250638 408.398296 477.342111 199.428117 195.400705 180.370471 265.693200 261.326400 345.902559 217.075497
128.650980 293.999231 251.594266 408.132517 477.429344 198.890795 195.513372 180.520220 265.693200 261.326400 345.716735 217.186005
128.650251 294.030823 251.929484 407.867376 477.549458 198.353477 195.652253 180.704809 265.693200 261.326400 345.585747 217.263902
128.650025 294.040620 252.264231 407.602607 477.672804 197.822003 195.807607 180.911293 265.693200 261.326400 345.508393 217.309905
128.649725 294.053617 252.606860 407.327833 477.796195 197.290333 195.974264 181.132800 265.693200 261.326400 345.468512 217.333621
128.649494 294.063614 253.083343 406.935191 477.923697 196.756280 196.140440 181.353668 265.693200 261.326400 345.443930 217.348240
128.649102 294.080610 253.420704 406.650884 478.091202 196.239972 196.303851 181.570860 265.693200 261.326400 345.439633 217.350796
128.648557 294.104203 253.757670 406.361765 478.258028 195.725757 196.465217 181.785334 265.693200 261.326400 345.434647 217.353760
128.648045 294.126397 254.085682 406.080331 478.426459 195.206595 196.627185 182.000608 265.693200 261.326400 345.434476 217.353862
128.646646 294.186981 254.421728 405.797163 478.596433 194.682678 196.786026 182.211727 265.693200 261.326400 345.434476 217.353862
128.645202 294.249565 254.775717 405.544001 478.765173 194.162565 196.940779 182.417412 265.693200 261.326400 345.433616 217.354374
128.642963 294.346539 255.261638 405.219834 478.932616 193.646448 197.103828 182.634124 265.693200 261.326400 345.431725 217.355498
128.640942 294.434115 256.144485 405.049466 479.201160 192.939262 197.260265 182.842047 265.693200 261.326400 345.429319 217.356929
128.638860 294.524291 256.580909 405.105446 479.340852 192.408124 197.420428 183.054924 265.693200 261.326400 345.421411 217.361632
128.635781 294.657656 257.210133 405.233044 479.453045 191.869076 197.581113 183.270657 265.693200 261.326400 345.401815 217.373286
128.633552 294.754230 257.575797 405.333455 479.565606 191.328266 197.746186 183.493346 265.693200 261.326400 345.387031 217.382077
128.631443 294.845606 257.883217 405.417872 479.652599 190.792402 197.908164 183.711858 265.693200 261.326400 345.370873 217.391687
128.629283 294.939181 258.112286 405.500280 479.717023 190.246994 198.066449 183.925389 265.693200 261.326400 345.349729 217.404261
128.626273 295.069546 258.475470 405.637909 479.781352 189.702380 198.227473 184.142615 265.693200 261.326400 345.340446 217.409781
128.624012 295.167520 258.613475 405.690258 479.844767 189.165513 198.382304 184.351487 265.693200 261.326400 345.327382 217.417550
128.624609 295.362963 258.713145 405.728066 479.908768 188.623679 198.544519 184.570320 265.693200 261.326400 345.318787 217.422662
128.630912 295.536049 258.787571 405.756297 479.879100 188.083841 198.709593 184.793009 265.693200 261.326400 345.311883 217.427428
128.638852 295.754104 258.807018 405.763674 479.845389 187.543692 198.868473 185.007344 265.693200 261.326400 345.303874 217.433416
128.647805 295.999941 258.824783 405.770413 479.811315 186.992745 199.028307 185.222963 265.693200 261.326400 345.298588 217.437368
128.657987 296.279556 258.840491 405.776371 479.781888 186.449144 199.190046 185.441154 265.693200 261.326400 345.285294 217.447309
128.669421 296.593548 258.870411 405.787720 479.753488 185.908890 199.343448 185.648097 265.754284 261.224266 345.276004 217.454255
128.681729 296.931524 258.935299 405.812334 479.724878 185.364641 199.501018 185.860664 265.716972 261.178304 345.268796 217.459644
128.695448 297.308274 259.002619 405.837870 479.696383 184.822590 199.770900 186.227524 265.653820 261.100511 345.253899 217.470782
128.710070 297.709808 259.068255 405.862768 479.674989 184.268452 199.930118 186.449286 265.563440 260.989178 345.245730 217.476890
128.726002 298.147318 259.144364 405.891638 479.661006 183.724832 200.081872 186.660651 265.451128 260.850826 345.234197 217.485513
128.742677 298.605214 259.255815 405.933914 479.647070 183.183011 200.236541 186.876077 265.319151 260.688252 345.223305 217.493657
128.760319 299.089693 259.338094 405.965125 479.633134 182.641190 200.394244 187.095727 265.169400 260.503783 345.207928 217.505154
128.778682 299.593959 259.369697 405.977112 479.619188 182.098970 200.551713 187.315052 265.022928 260.323352 345.196236 217.513897
128.797715 300.116613 259.382974 405.982149 479.605149 181.553150 200.706383 187.530478 264.912758 260.187640 345.187426 217.520484
128.817679 300.664849 259.387462 405.983851 479.591023 181.003932 200.849738 187.730145 264.840026 260.098046 345.178296 217.527311
128.838633 301.240268 259.499666 406.219687 479.577133 180.463910 200.951334 187.871650 264.759100 259.998358 345.171408 217.532461
128.860184 301.832076 259.469852 406.271985 479.600927 179.921295 201.014555 187.959705 264.692544 259.916372 345.161317 217.540006
128.882630 302.448467 259.425477 406.349825 479.632695 179.371813 201.056081 188.017542 264.532230 259.695219 345.149624 217.548749
128.905928 303.088243 259.362111 406.460810 479.664289 178.825325 201.037699 188.281561 264.440640 259.550579 345.137290 217.557970
128.930179 303.754202 259.284594 406.596648 479.695665 178.282631 200.932786 188.398361 264.348728 259.405433 345.124316 217.567671
128.955012 304.436150 259.186663 406.768274 479.727560 177.730953 200.804217 188.541497 264.269656 259.280563 345.110060 217.578330
128.980581 305.138284 259.071386 406.970298 479.759097 177.185463 200.523337 188.842934 264.215836 259.195571 345.087796 217.594977
129.007045 305.865002 258.943623 407.194212 479.790484 176.642570 200.345276 189.019839 264.168222 259.120378 345.071778 217.606954
129.034353 306.614905 258.798008 407.449388 479.822540 176.088096 200.154162 189.209713 264.123603 259.049917 345.042786 217.628631
129.071980 307.388118 258.695072 407.762958 479.859538 175.548011 199.957373 189.405225 264.076417 258.975401 345.014115 217.650069
129.122309 308.174710 258.518863 408.071830 479.980998 175.014461 199.761719 189.599609 264.042177 258.921330 344.971828 217.681687
129.172804 308.963896 258.328284 408.405891 480.104189 174.473306 199.569328 189.790751 263.993065 258.843772 344.938191 217.706837
129.218536 309.678634 258.120573 408.769782 480.226626 173.935466 199.375519 189.983302 263.932825 258.748641 344.912242 217.726239
129.263067 310.374611 257.896876 409.161625 480.349684 173.394896 199.186039 190.166672 263.887137 258.676490 344.890298 217.742646
129.304108 311.029260 257.658834 409.578902 480.470701 172.863296 198.976417 190.343122 263.722320 258.609074 344.867072 217.760012
129.340697 311.694454 257.409593 410.015810 480.591184 172.334037 198.988535 190.616253 263.592046 258.701965 344.822063 217.793666
129.376605 312.347267 257.168973 410.488834 480.711313 171.806337 199.172993 190.815062 263.427413 258.819357 344.800759 217.809594
129.412722 313.003875 256.925675 410.975843 480.842041 171.269478 199.353369 191.009472 263.228908 258.960899 344.770806 217.831990
129.448872 313.661081 256.682254 411.462566 480.978162 170.740099 199.533202 191.203296 263.006466 259.119511 344.741173 217.854147
129.498112 314.313795 256.437635 411.951821 481.113238 170.214787 199.669776 191.350497 262.783209 259.278703 344.706095 217.880375
129.550571 314.968296 256.195429 412.436470 481.249211 169.685989 199.757788 191.445356 262.569397 259.431160 344.682388 217.898100
129.603700 315.631171 256.000682 412.942392 481.385532 169.155835 199.815737 191.507813 262.326863 259.552077 344.661085 217.914029
129.656575 316.290855 255.839344 413.416703 481.521803 168.625875 199.777084 191.768699 262.072440 259.661613 344.633374 217.934748
129.709641 316.952932 255.688622 413.859768 481.658523 168.094171 199.664963 191.859377 261.530516 260.142172 344.613181 217.951377
129.762771 317.615806 255.550167 414.266657 481.794595 167.564985 199.532315 191.966656 261.298296 260.317051 344.596306 217.967297
129.815262 318.270706 255.425177 414.633973 481.929771 167.039287 199.380073 192.089783 261.122234 260.526215 344.591651 217.971689
129.867497 318.922416 255.568901 415.191896 482.065494 166.511457 199.204505 192.231774 260.979015 260.696362 344.589033 217.974160
129.920595 319.584891 255.759314 415.435637 482.181642 165.970019 199.010431 192.388731 260.852796 260.846312 344.588451 217.974709
129.973693 320.247367 256.029267 415.501568 482.355887 165.461698 199.014494 192.567315 260.732374 260.989376 344.588305 217.974846
130.042454 320.906589 256.565750 415.501174 482.468570 164.926226 199.192349 192.760788 260.421323 261.301176 344.588305 217.974846
130.110581 321.558841 256.820327 415.345903 482.582117 164.386644 199.370203 192.954260 260.325268 261.411394 344.582195 217.980611
130.179311 322.216861 257.107236 415.169884 482.693894 163.855477 199.557533 193.158039 260.176652 261.596628 344.574485 217.987885
130.247915 322.873688 257.421762 414.976922 482.805176 163.326659 199.733628 193.349598 260.139633 261.650057 344.561393 218.000237
130.316021 323.525741 257.760325 414.769214 482.916541 162.797450 199.913919 193.545721 260.117650 261.681785 344.519350 218.039902
130.383919 324.175805 258.119599 414.548987 483.097571 161.929861 200.097323 193.745230 260.108196 261.695430 344.481382 218.075724
130.452108 324.828653 258.503148 414.316710 483.210404 161.388290 200.280321 193.944297 260.099995 261.707266 344.443267 218.111683
130.520048 325.479115 258.909621 414.070550 483.318504 160.869431 200.457904 194.137475 260.095439 261.713842 344.412281 218.140917
130.588611 326.135544 259.337479 413.811440 483.411225 160.424388 200.641308 194.336985 260.090199 261.721404 344.377804 218.173445
130.657237 326.792570 259.788089 413.538550 483.487671 160.057467 200.822682 194.534285 260.081087 261.734556 344.361947 218.188405
130.725924 327.450192 260.262992 413.250949 483.546575 159.774738 201.016022 194.706574 260.062862 261.760859 344.351764 218.198013
130.794778 328.109406 260.727117 412.969875 483.590386 159.564453 200.749226 195.109785 260.053294 261.774669 344.346673 218.202816
130.863902 328.771206 261.198598 412.687556 483.620287 159.420935 200.566810 195.258888 260.041448 261.791766 344.332852 218.215855
130.920397 329.433777 261.684252 412.423078 483.637379 159.338896 200.438282 195.363943 260.021971 261.819878 344.313504 218.234109
130.974245 330.095590 262.186283 412.220323 483.647455 159.290535 200.353557 195.433464 260.010307 261.836612 344.292993 218.253461
131.027914 330.755211 262.692352 412.022940 483.650311 159.276829 200.304647 195.476275 259.984094 261.869171 344.280045 218.265676
131.081162 331.409648 263.208856 411.821487 483.651575 159.270759 200.313169 195.628971 259.961768 261.896901 344.272335 218.272951
131.134506 332.065281 263.721260 411.621632 483.652105 159.268214 200.394650 195.715425 259.917243 261.952204 344.265643 218.279264
131.187884 332.721313 264.228447 411.423813 483.652309 159.267235 200.503018 195.830405 259.852649 262.032433 344.262443 218.282283
131.240839 333.372163 264.717002 411.233261 483.652350 159.267039 200.640878 195.976678 259.765730 262.140392 344.262007 218.282695
131.294606 334.032979 265.182451 411.051721 483.652400 159.266800 200.801234 196.146819 259.656486 262.276080 344.262007 218.282695
131.348324 334.693197 265.625541 410.878901 483.652400 159.266800 200.983539 196.340248 259.536204 262.425477 344.262007 218.282695
131.401636 335.348432 266.111230 410.763875 483.652400 159.266800 201.162963 196.530621 259.399366 262.595438 344.261425 218.283244
131.443400 336.002060 266.506405 410.646635 483.652400 159.266800 201.352263 196.731473 259.268894 262.766823 344.260988 218.283656
131.480969 336.661991 266.818557 410.554026 483.652400 159.266800 201.535116 196.925484 259.161125 262.908742 344.260988 218.283656
131.518584 337.322721 267.080090 410.476434 483.652400 159.266800 201.714402 197.115711 259.090368 263.001921 344.260843 218.283793
131.556207 337.984052 267.292346 410.413462 483.652400 159.266800 201.893415 197.305646 259.049364 263.055917 344.260843 218.283793
131.593847 338.645782 267.443437 410.368637 483.652400 159.266800 202.074622 197.497911 259.029407 263.082199 344.260843 218.283793
131.631396 339.305915 267.567311 410.312377 483.652400 159.266800 202.261453 197.696143 259.013925 263.102586 344.260843 218.283793
131.668616 339.960257 267.674656 410.258740 483.652400 159.266800 202.450204 197.896412 259.005338 263.113895 344.260843 218.283793
131.706007 340.617595 267.731192 410.230491 483.652400 159.266800 202.633332 198.090715 259.002677 263.117400 344.249932 218.294087
131.734398 341.273034 267.764290 410.213953 483.652400 159.266800 202.819340 198.288073 259.001830 263.118515 344.232475 218.310557
131.741314 341.935598 267.770533 410.209960 483.652400 159.266800 203.007131 198.487324 259.001346 263.119152 344.208036 218.333615
131.748193 342.594562 267.773486 410.204968 483.652400 159.266800 203.177927 198.688626 259.001346 263.119152 344.190956 218.349608
131.755057 343.252127 267.904623 409.944452 483.652400 159.266800 203.315767 199.096439 259.001346 263.119152 344.182418 218.357162
131.761894 343.907091 267.933025 409.854426 483.652400 159.266800 203.145326 199.307936 259.001346 263.119152 344.176726 218.362198
131.768781 344.566855 267.969251 409.739605 483.652400 159.266800 202.930808 199.476465 259.001346 263.119152 344.176276 218.362595
131.775655 345.225419 268.018655 409.583014 483.652400 159.266800 202.716763 199.644624 259.001346 263.119152 344.175977 218.362860
131.782580 345.888783 268.065592 409.434242 483.652400 159.266800 202.512625 199.804999 259.001346 263.119152 344.175677 218.363125
131.789404 346.542547 268.110663 409.291383 483.652400 159.266800 202.143235 200.080211 259.001346 263.119152 344.175677 218.363125
131.796230 347.196512 268.155854 409.148143 483.652400 159.266800 201.939738 200.237486 259.001346 263.119152 344.175677 218.363125
131.791013 347.854139 268.230023 409.001721 483.652400 159.266800 201.725429 200.404009 259.001346 263.119152 344.175677 218.363125
131.769163 348.513777 268.299300 408.871389 483.652400 159.266800 201.522176 200.561941 259.001346 263.119152 344.175677 218.363125
131.747213 349.176414 268.376837 408.725516 483.652400 159.266800 201.310394 200.726501 259.001346 263.119152 344.175677 218.363125
131.725363 349.836052 268.515716 408.604850 483.652400 159.266800 201.094985 200.889588 259.001346 263.119152 344.175677 218.363125
131.703678 350.490693 268.602046 408.478000 483.652400 159.266800 200.877188 201.050850 259.001346 263.119152 344.175677 218.363125
131.681708 351.153929 268.712270 408.361747 483.652400 159.266800 200.656176 201.214491 259.001346 263.119152 344.175677 218.363125
131.659705 351.818165 268.811898 408.256669 483.652400 159.266800 200.441432 201.373492 259.001346 263.119152 344.175677 218.363125
131.637941 352.475204 268.919782 408.142884 483.652400 159.266800 200.239066 201.523328 259.001346 263.119152 344.163544 218.373859
131.616137 353.133443 269.039293 408.032859 483.652400 159.266800 200.100029 201.626274 259.001346 263.119152 344.157252 218.379425
131.594168 353.796680 269.172170 407.971883 483.652400 159.266800 200.039503 201.820655 259.001346 263.119152 344.151860 218.384196
131.571675 354.462298 269.317226 407.905317 483.652400 159.266800 200.137380 201.931668 259.001346 263.119152 344.150811 218.385123
131.545986 355.120197 269.468280 407.835999 483.652400 159.266800 200.245432 202.054243 259.001346 263.119152 344.150362 218.385521
131.520125 355.782492 269.612462 407.787796 483.652400 159.266800 200.350304 202.173220 259.001346 263.119152 344.150362 218.385521
131.494124 356.448385 269.756889 407.761511 483.652400 159.266800 200.448036 202.284096 259.001346 263.119152 344.135083 218.399038
131.468193 357.112479 269.908597 407.733902 483.652400 159.266800 200.552644 202.402773 259.001346 263.119152 344.129840 218.403676
131.445463 357.775472 270.052828 407.707654 483.652400 159.266800 200.661484 202.526252 259.001346 263.119152 344.125795 218.407254
131.428307 358.441246 270.182800 407.684000 483.711623 158.918616 200.762918 202.641329 259.001346 263.119152 344.125346 218.407652
131.408046 359.094332 270.368650 407.677124 483.723099 158.838635 200.862980 202.762614 259.001346 263.119152 344.125196 218.407784
131.387549 359.755014 270.522569 407.718567 483.738438 158.731730 200.942656 202.893231 259.001346 263.119152 344.125196 218.407784
131.367276 360.408499 270.668571 407.786568 483.760282 158.579489 200.991008 202.985183 259.001346 263.119152 344.125196 218.407784
131.346817 361.067982 270.788768 407.859514 483.786869 158.394186 201.004999 203.050297 259.001346 263.119152 344.125196 218.407784
131.327190 361.724865 270.856645 407.900709 483.819138 158.169290 201.134393 203.166871 259.001346 263.119152 344.098683 218.431240
131.349071 362.378899 270.913068 407.934951 483.855099 157.918656 201.252428 203.213651 259.001346 263.119152 344.093889 218.435481
131.371172 363.039530 270.949486 407.957052 483.895123 157.639713 201.406885 203.293727 259.001346 263.119152 344.093140 218.436144
131.393180 363.697362 271.015879 408.000197 483.940316 157.324739 201.561255 203.425244 259.001346 263.119152 344.092541 218.436674
131.415014 364.349996 271.098228 408.077868 483.990196 156.977099 201.712041 203.594660 259.001346 263.119152 344.092541 218.436674
131.437075 365.009428 271.314755 408.331888 484.047234 156.600199 201.884368 203.788278 259.001346 263.119152 344.092541 218.436674
131.459117 365.668259 271.445740 408.426607 484.112371 156.186901 202.065870 203.992205 259.001346 263.119152 344.092541 218.436674
131.481365 366.333287 271.517404 408.550354 484.276172 155.445028 202.237266 204.184777 259.001346 263.119152 344.092541 218.436674
131.502457 366.963734 271.597989 408.689504 484.386357 154.998007 202.407250 204.400127 259.001346 263.119152 344.076213 218.451118
131.520960 367.516825 271.647361 408.839884 484.504775 154.517586 202.565498 204.625032 259.001346 263.119152 344.056019 218.462384
131.555581 368.119505 271.678247 408.982375 484.628506 154.015611 202.723400 204.849447 258.990581 263.133328 344.041657 218.465958
131.646121 368.653280 271.712141 409.138743 484.756736 153.495381 202.875433 205.065521 258.962520 263.170281 344.031177 218.468566
131.736528 369.186267 271.746374 409.296676 484.888316 152.961558 203.055869 205.253768 258.797799 263.531346 344.029818 218.468904
131.828841 369.730494 271.755701 409.436966 485.019227 152.430454 203.246320 205.451589 258.737634 263.630432 344.029430 218.469001
131.920519 370.270973 271.759797 409.584309 485.151095 151.895467 203.433165 205.645665 258.650178 263.748020 343.840047 218.763558
132.012920 370.811939 271.764201 409.743248 485.268220 151.420289 203.620010 205.839741 258.548159 263.885424 343.787805 218.815401
132.094459 371.288615 271.867484 410.119699 485.366056 151.023369 203.808797 206.035833 258.426744 264.055540 343.710861 218.891757
132.166994 371.712656 272.038022 410.197454 485.448479 150.688977 204.001692 206.235462 258.219711 264.206706 343.601124 219.000656
132.274329 372.192167 272.238141 410.270822 485.511086 150.434979 204.184164 206.419268 258.040443 264.398048 343.510552 219.090536
132.370089 372.682219 272.468529 410.344229 485.555409 150.255161 204.373823 206.610313 257.855875 264.588756 343.439003 219.161539
132.534297 373.104410 272.723119 410.425346 485.584384 150.139124 204.561087 206.798945 257.670516 264.779538 343.384773 219.215354
132.707495 373.549714 273.006192 410.511784 485.600290 150.075688 204.747364 206.986583 257.490313 264.965013 343.302435 219.297064
132.943492 373.995068 273.324786 410.604461 485.606467 150.051051 204.935198 207.184383 257.145735 265.165287 343.197525 219.401173
133.201366 374.451911 273.604404 410.754558 485.609337 150.039605 205.122505 207.384910 256.989609 265.047789 343.074727 219.523032
133.446558 374.886287 273.959674 410.903517 485.610310 150.035725 205.311860 207.587631 256.616319 264.744424 342.960447 219.636439
133.661666 375.267368 274.342575 411.079963 485.610650 150.034367 205.493297 207.781874 256.483969 264.684703 342.878393 219.717867
133.869338 375.675889 274.730618 411.282105 485.610748 150.033979 205.683668 207.980183 256.339952 264.619718 342.786603 219.805030
134.001009 375.957640 275.108861 411.491220 485.610748 150.033979 205.886091 208.168977 256.187837 264.567017 342.701863 219.883365
134.350081 375.922974 275.491489 411.703558 485.610748 150.033979 206.075498 208.345630 256.036553 264.537168 342.642825 219.937942
134.500625 375.848858 275.936005 411.999270 485.610748 150.033979 206.278652 208.535105 255.887036 264.507667 342.572919 220.002565
134.611156 375.794441 276.349704 412.145551 485.610748 150.033979 206.480052 208.722944 255.742424 264.479135 342.512852 220.058092
134.662474 375.769176 276.868440 412.314945 485.615515 150.014968 206.681452 208.910782 255.593103 264.449673 342.441624 220.123937
134.683827 375.758664 277.288300 412.446865 485.630302 149.955993 206.870566 209.087162 255.437895 264.419050 342.368340 220.191683
134.686159 375.757515 277.709553 412.540802 485.733090 149.554494 207.068455 209.271727 255.276997 264.387304 342.306218 220.249111
134.686697 375.757250 278.143567 412.591378 485.770323 149.411667 207.266168 209.462814 255.134347 264.359159 342.232346 220.317399
134.941143 375.631909 278.539774 412.633119 485.816788 149.233424 207.448769 209.644797 254.987576 264.330200 342.152453 220.391255
135.031603 375.585655 278.841111 412.660682 485.870164 149.028666 207.638877 209.834262 254.833742 264.299848 342.065658 220.471491
135.162843 375.518551 279.072433 412.682995 485.931815 148.792170 207.831678 210.026410 254.671470 264.267831 341.980919 220.549826
135.333792 375.431142 279.230030 412.698921 486.003102 148.518709 208.020512 210.214605 254.529605 264.239841 341.852578 220.678792
135.535370 375.328073 279.367719 412.674280 486.081452 148.218153 208.203963 210.397435 254.420705 264.218354 341.776826 220.760198
135.770782 375.207704 279.399532 412.728658 486.168277 147.885084 208.386564 210.579418 254.355144 264.197997 341.708294 220.833845
136.028987 375.075681 279.410237 412.746956 486.262468 147.523760 208.581631 210.773824 254.213719 264.194799 341.635403 220.912176
136.321382 374.926176 279.471458 412.931763 486.363319 147.136889 208.769331 210.960890 253.990648 264.134399 341.552430 221.001343
136.636392 374.765108 279.475752 413.038076 486.469316 146.730277 208.962105 211.143735 253.840116 264.114820 341.474361 221.085238
136.975264 374.591838 279.481869 413.191954 486.583839 146.290959 209.154691 211.315116 253.677089 264.093616 341.410871 221.153468
137.338532 374.406095 279.487889 413.373454 486.707099 145.817955 209.359231 211.497133 253.522987 264.073573 341.324900 221.245855
138.008099 374.177687 279.503310 413.832585 486.836561 145.321147 209.551220 211.667981 253.370472 264.053737 341.249420 221.326969
138.430041 373.977553 279.518845 414.088113 486.889747 144.597649 209.750679 211.845477 253.218155 264.033926 341.164592 221.414332
138.879450 373.764391 279.536358 414.376181 486.902573 144.060202 209.948196 212.021245 253.074762 264.015276 341.102432 221.475486
139.353977 373.539314 279.555473 414.690600 486.915480 143.519356 210.143323 212.194886 252.927999 263.996187 341.012470 221.563993
139.851273 373.303439 279.576215 415.031770 486.928234 142.984909 210.492630 212.499345 252.766360 263.975164 340.938738 221.629088
140.352001 373.065934 279.598631 415.400490 486.941113 142.445262 210.703105 212.678190 252.486005 263.932867 340.879446 221.632678
140.846044 372.831601 279.622795 415.797956 486.954177 141.897818 210.916355 212.854349 252.341407 263.909965 340.750640 221.776144
141.339906 372.597354 279.648986 416.228760 486.967237 141.350574 211.118348 213.021210 252.180019 263.884404 340.699013 221.892352
141.829612 372.365078 279.675128 416.658766 486.980211 140.806929 211.331134 213.177069 252.017248 263.858624 340.583668 222.011453
142.320222 372.132374 279.702072 417.101948 486.993285 140.259085 211.545233 213.332211 251.867317 263.834878 340.437713 222.162162
142.734394 371.935925 279.728408 417.535148 487.006245 139.716039 211.765648 213.491930 251.723312 263.812070 340.283120 222.343314
143.075923 371.773932 279.754344 417.961761 487.019033 138.969409 211.976669 213.644842 251.574763 263.788543 339.986349 222.693061
143.337762 371.649737 279.780414 418.390569 487.023700 138.420228 212.191578 213.800571 251.428783 263.765422 339.734435 222.973916
143.534006 371.556655 279.806399 418.817980 487.028386 137.868848 212.401142 213.952427 251.280234 263.741895 339.593660 223.118503
143.675316 371.489629 279.832650 419.249783 487.033021 137.323468 212.624796 214.114493 251.134649 263.718837 339.482741 223.232424
143.753137 371.453545 279.859242 419.687175 487.037687 136.774488 212.841230 214.281209 250.984718 263.695090 339.365544 223.352794
143.798632 371.435347 279.885602 420.120774 487.042352 136.225508 213.047644 214.440286 250.833799 263.671187 339.272623 223.448230
143.820544 371.426582 279.912097 420.556570 487.047062 135.671328 213.263088 214.606322 250.684461 263.647535 339.206072 223.516583
143.825744 371.424502 279.938276 420.987175 487.051772 135.117148 213.472137 214.785903 250.525640 263.622381 339.150125 223.574045
143.829000 371.423200 279.964479 421.418179 487.056451 134.566568 213.672201 214.958154 250.377092 263.598853 339.079946 223.646124
143.829000 371.423200 279.990682 421.849183 487.061118 134.017387 213.873720 215.131778 250.215506 263.573261 338.663826 224.066268
143.829000 371.423200 280.016860 422.279788 487.065709 133.477207 214.023945 215.266521 250.065377 263.549483 338.554461 224.190084
143.829000 371.423200 280.043161 422.712389 487.070422 132.922627 214.127569 215.359466 249.919872 263.554137 338.423912 224.337884
143.829000 371.423200 280.069788 423.150381 486.922466 132.175904 214.191590 215.416889 249.824324 263.574046 338.273370 224.508318
143.829000 371.423200 280.096052 423.582383 486.772554 131.641949 214.206925 215.430644 249.773417 263.584653 338.097803 224.707083
143.829000 371.423200 280.122377 424.015384 486.622272 131.112266 214.216305 215.439057 249.736216 263.592405 337.926342 224.901201
143.829000 371.423200 280.149138 424.455571 486.465846 130.589362 214.221814 215.443998 249.732104 263.593261 337.739690 225.087423
143.829000 371.423200 280.175924 424.896157 486.417921 130.053691 214.222558 215.444665 249.727993 263.594118 337.544490 225.266945
143.829000 371.423200 280.202721 425.336944 486.425647 129.509346 214.223451 215.445467 249.727797 263.594159 337.342960 225.452288
143.829000 371.423200 280.229592 425.778928 486.433522 128.954602 214.223451 215.445467 249.727797 263.594159 337.149821 225.629914
143.829000 371.423200 280.256462 426.220912 486.441277 128.408257 214.223451 215.445467 249.396583 263.593274 336.954474 225.809571
143.829000 371.423200 280.280068 426.609195 486.449061 127.859912 214.223451 215.445467 249.352273 263.553415 336.759421 225.988958
143.829000 371.423200 280.299001 426.920620 486.456873 127.309567 214.483765 215.703513 249.274060 263.483060 336.555977 226.176061
143.829000 371.423200 280.314374 427.173152 486.464688 126.759023 214.535528 215.759705 249.162987 263.383145 336.346478 226.354646
143.829000 371.423200 280.324731 427.342636 486.472401 126.215677 214.609785 215.840315 249.031691 263.265039 336.133187 226.515257
143.829000 371.423200 280.330941 427.444246 486.480261 125.661933 214.705587 215.944315 248.877102 263.126176 335.969442 226.720955
143.829000 371.423200 280.334966 427.510124 486.488340 125.112593 214.832691 216.082294 248.702147 262.968982 335.756354 226.881502
143.829000 371.423200 280.488388 427.605621 486.499542 124.559707 214.986084 216.248811 248.496991 262.784654 335.547578 227.038800
143.829000 371.423200 280.631735 427.601987 486.510581 124.014819 215.163596 216.441511 248.294637 262.603496 335.336406 227.197903
143.829000 371.423200 280.810632 427.595955 486.524302 123.463990 215.343672 216.637016 248.101343 262.432611 335.131145 227.352554
143.829000 371.423200 281.021543 427.589808 486.538069 122.919364 215.527857 216.824969 247.901307 262.255765 334.913610 227.509049
143.829000 371.423200 281.258632 427.582559 486.551795 122.376338 215.721100 217.017805 247.701420 262.079051 334.701080 227.659512
143.829000 371.423200 281.535500 427.574010 486.565683 121.826913 216.039695 217.340690 247.499436 261.900483 334.483816 227.813326
143.829000 371.423200 281.853748 427.564183 486.579612 121.275889 216.220678 217.529581 247.304794 261.728406 334.263941 227.968990
144.039304 371.589999 282.193786 427.553683 486.593536 120.725065 216.407057 217.724104 246.888597 261.489562 334.051901 228.119106
144.080291 371.673257 282.559212 427.542394 486.607398 120.176640 216.587348 217.912273 246.643443 261.374532 333.657867 228.375041
144.133909 371.782175 282.950719 427.527417 486.619866 119.683398 216.856372 218.201251 246.406073 261.263156 333.426157 228.517119
144.198747 371.913880 283.372335 427.509411 486.630000 119.282526 217.036409 218.404606 246.162548 261.148891 333.193024 228.659551
144.275774 372.070348 283.803741 427.490986 486.638197 118.958229 217.210347 218.601073 245.901324 261.099354 332.965610 228.798302
144.363931 372.249424 284.232351 427.472681 486.531272 118.725680 217.387600 218.801283 245.668861 260.989782 332.743659 228.933719
144.470462 372.465824 284.659961 427.454419 486.454792 118.565391 217.650489 219.103556 245.424898 260.864611 332.522391 229.068720
144.584237 372.696936 285.098161 427.435704 486.402246 118.473225 217.826010 219.306345 245.187520 260.742818 332.287294 229.212158
144.698994 372.941330 285.539759 427.416844 486.373173 118.425363 217.997997 219.505052 244.944091 260.617920 332.059368 229.351221
144.815995 373.187251 285.970166 427.398462 486.349707 118.386732 218.168151 219.701642 244.707246 260.496401 331.839295 229.485493
144.949282 373.423897 286.445551 427.369850 486.343477 118.376476 218.349038 219.910632 244.265359 260.177175 331.612906 229.623619
145.082471 373.660368 286.777326 427.329662 486.342543 118.374937 218.521716 220.109268 244.054611 260.026834 331.385833 229.762161
145.219242 373.889213 287.027113 427.271087 486.342543 118.374937 218.692915 220.305480 243.855331 259.852157 331.155687 229.902579
145.394940 374.089451 287.204150 427.210614 486.342543 118.374937 218.870687 220.509228 243.661766 259.682488 330.925029 230.043309
145.569867 374.285842 287.309864 427.149717 486.342543 118.374937 219.045304 220.709358 243.464892 259.509920 330.693005 230.184872
145.744251 374.479705 287.372600 427.113577 486.342543 118.374937 219.219921 220.909489 243.258242 259.328782 330.471225 230.320186
