424.981600 279.642200 375.036979 238.867647 254.854645 415.698601 204.216486 470.812031 263.849800 272.299600 78.551800 290.731000
424.937124 279.659713 374.787128 239.222283 254.933053 415.467753 204.246983 470.849356 263.891275 272.307388 78.603146 290.728642
424.865105 279.688070 374.522105 239.574765 255.020208 415.211150 204.308232 470.924315 263.959680 272.320233 78.689255 290.724689
424.762568 279.728444 374.236940 240.014668 255.114889 414.932391 204.398333 471.034585 264.054227 272.337987 78.817920 290.718781
424.629883 279.780689 373.935426 240.323205 255.308577 414.362164 204.492104 471.149347 264.191822 272.363825 78.977951 290.711433
424.483240 279.838427 373.632234 240.633458 255.420767 414.032533 204.596068 471.276183 264.368927 272.397082 79.166952 290.702755
424.332675 279.897666 373.331977 240.940707 255.541396 413.678098 204.697745 471.398683 264.574730 272.435728 79.399307 290.692086
424.193835 279.952293 372.994574 241.225712 255.668512 413.304322 204.799805 471.521646 264.815324 272.480907 79.669223 290.679693
424.051458 280.008310 372.644408 241.480414 255.803742 412.906688 204.895862 471.637375 265.018769 272.519110 79.961515 290.666272
423.912432 280.063010 372.292787 241.736174 255.950242 412.485869 204.994984 471.756798 265.127272 272.539485 80.275983 290.651833
423.824587 280.097572 371.933819 241.996034 256.160781 412.063874 205.099727 471.882992 265.210222 272.555061 80.614027 290.636311
423.537463 280.211735 371.562411 242.215885 256.379481 411.625611 205.201659 472.005801 265.432048 272.753777 80.974048 290.619780
423.384340 280.273203 371.194961 242.433392 256.606846 411.170662 205.296949 472.120607 265.452671 272.910426 81.357644 290.602167
423.264443 280.321343 370.815405 242.638564 256.841929 410.700341 205.397535 472.249610 265.477340 273.097809 81.777402 290.582894
423.192802 280.350107 370.431677 242.826321 257.086645 410.210910 205.497606 472.379793 265.507700 273.328419 82.223332 290.562418
422.908614 280.464142 370.030599 243.012408 257.344741 409.730219 205.590485 472.500620 265.543437 273.599877 82.687643 290.541099
422.771414 280.519104 369.637307 243.189200 257.616747 409.253110 205.691286 472.631754 265.579175 273.871334 83.173730 290.518780
422.625116 280.577711 369.231630 243.328681 257.891386 408.771747 205.783678 472.751947 265.609117 274.098772 83.682195 290.495433
422.491629 280.631186 368.820437 243.455820 258.161580 408.298438 205.884270 472.882841 265.628983 274.249670 84.209639 290.471215
422.346445 280.689346 368.410199 243.582663 258.436752 407.816228 205.999656 473.033036 265.640808 274.339495 84.753466 290.446245
422.205903 280.745647 367.990527 243.712164 258.704391 407.347219 206.246810 473.341285 265.460259 274.544649 85.299890 290.421155
422.062947 280.802915 367.571112 243.832001 258.974397 406.874034 206.407055 473.516444 265.289403 274.551670 85.844517 290.396148
421.917392 280.861224 367.149004 243.952608 259.246883 406.396508 206.587819 473.714031 265.077182 274.560390 86.392140 290.371004
421.777963 280.917079 366.733819 244.071237 259.621126 405.744680 206.783315 473.938063 264.836984 274.570260 86.935769 290.424850
421.682164 280.955456 366.309019 244.192613 259.897780 405.271642 206.989389 474.183137 264.561017 274.581599 87.485088 290.415432
421.611455 281.133254 365.884411 244.313934 260.172493 404.803260 207.266656 474.394572 264.295242 274.592520 88.030608 290.406079
421.671451 281.282442 365.460958 244.434925 260.451254 404.327978 207.609630 474.564133 264.029266 274.603449 88.573523 290.396662
421.729135 281.425878 365.042066 244.579714 260.725462 403.860459 208.148482 474.824882 263.761292 274.614460 89.113602 290.353512
421.781445 281.555953 364.636245 244.727229 261.001491 403.389834 208.526993 475.022889 263.580446 274.621920 89.661456 290.309741
421.817114 281.644650 364.234936 244.873105 261.278450 402.920686 208.909351 475.236949 263.465546 274.626724 90.200539 290.266670
421.942325 281.944188 363.747197 245.077542 261.656534 402.279976 209.293340 475.452189 263.393210 274.629747 90.940335 290.204620
422.008720 282.096550 363.349349 245.263124 261.935606 401.806732 209.618191 475.743876 262.969044 274.470872 91.493225 290.151882
422.066167 282.228377 362.958253 245.460768 262.209381 401.330260 209.842065 476.090091 262.839420 274.395390 92.037355 290.099980
422.124332 282.361854 362.585143 245.676682 262.470023 400.850942 210.061933 476.578186 262.674883 274.299579 92.586065 290.047641
422.182885 282.498431 362.203922 245.902335 262.732003 400.369165 210.159146 476.820012 262.405058 274.078288 93.137960 289.994998
422.242711 282.639249 361.849323 246.143927 262.990447 399.893889 210.224146 476.990865 262.255099 273.878113 93.675985 290.043435
422.305978 282.788167 361.498479 246.395298 263.237279 399.397508 210.267598 477.105079 262.110279 273.575071 94.173830 290.106314
422.352119 282.896772 361.158125 246.654325 263.454787 398.902408 210.289289 477.162092 261.853293 273.499031 94.593893 290.159369
422.524679 282.979596 360.837383 246.941324 263.657608 398.410371 210.312364 477.271783 261.602252 273.424751 94.934784 290.202425
422.672949 282.919463 360.517535 247.227524 263.842670 397.961417 210.316419 477.413125 261.337403 273.346385 95.183608 290.233852
422.809913 282.863915 360.195601 247.515590 264.017366 397.537611 210.321323 477.584055 261.082142 273.270856 95.370126 290.257410
422.951182 282.806223 359.871729 247.805390 264.219751 397.046830 210.351112 477.791409 260.833402 273.197256 95.504260 290.274352
423.101511 282.740171 359.587470 248.067330 264.428088 396.541638 210.428633 478.026561 260.623594 273.135176 95.568152 290.282422
423.235177 282.681441 359.063400 248.519267 264.593036 396.141503 210.490875 478.215366 260.492991 273.096532 95.587598 290.284878
423.375985 282.619572 358.790516 248.768246 264.755087 395.748395 210.505740 478.357319 260.416471 273.073891 95.601884 290.286682
423.512398 282.559635 358.541715 248.995253 264.928039 395.328844 210.489627 478.452160 260.035578 272.836022 95.604400 290.287000
423.632698 282.506777 358.314041 249.202984 265.108536 394.890989 210.474527 478.514801 259.924269 272.720252 95.604400 290.287000
423.705939 282.474596 358.110450 249.388741 265.266243 394.508420 210.444925 478.650143 259.784129 272.574493 95.604400 290.287000
423.749303 282.307993 357.930054 249.553335 265.394527 394.197224 210.510697 478.660616 259.620008 272.403793 95.604400 290.287000
423.694998 282.169027 357.775809 249.694068 265.535541 393.855149 210.584171 478.672315 259.434678 272.211035 95.604400 290.287000
423.638146 282.023541 357.596300 249.857853 265.686312 393.489407 210.674037 478.702949 259.247824 272.016690 95.604400 290.287000
423.583041 281.882525 357.437988 250.091595 265.939548 392.916404 210.792639 478.651178 259.057089 271.818309 95.604400 290.287000
423.523630 281.727309 357.214007 250.295954 266.127489 392.501375 210.738309 478.493084 258.871344 271.625118 95.604400 290.287000
423.465071 281.572836 356.960330 250.527409 266.324971 392.065637 210.665563 478.307213 258.512564 271.295818 95.604400 290.287000
423.410341 281.428461 356.680347 250.778878 266.532566 391.603314 210.581088 478.091138 258.313507 271.123013 95.789720 290.399708
423.358800 281.292503 356.366280 251.036483 266.645926 391.090967 210.486644 477.849542 258.113544 270.949422 95.800414 290.429230
423.306976 281.155796 356.045100 251.299924 266.826800 390.577307 210.377053 477.569202 257.915091 270.777142 95.810836 290.458001
423.252381 281.017810 355.724230 251.563110 267.036821 390.067903 210.246116 477.234452 257.730684 270.617056 95.831271 290.514414
423.192652 280.869161 355.367121 251.768390 267.244555 389.564046 210.114694 476.888365 257.605481 270.508365 95.863422 290.603170
423.131431 280.716801 355.001900 251.977000 267.496304 389.086229 209.957600 476.513748 257.520602 270.434680 95.905722 290.719945
423.081097 280.591535 354.626498 252.190311 267.802080 388.632620 209.693719 475.931277 257.487074 270.405574 95.959124 290.867371
423.051941 280.518974 354.248118 252.378512 268.050934 387.871914 209.413636 475.608969 257.232144 270.196161 96.024720 291.048456
423.166406 280.289628 353.858636 252.572234 268.208626 387.349047 209.036971 475.384137 257.138831 270.123282 96.101350 291.260005
423.292056 280.239179 353.449392 252.726822 268.408568 386.844897 208.652773 475.168860 257.014466 270.026152 96.190378 291.505777
423.430142 280.183736 353.039511 252.845797 268.827511 385.515014 208.273112 474.956124 256.857631 269.903662 96.291257 291.784269
423.498628 280.156239 352.625980 252.965832 268.864938 384.968695 207.704763 474.684783 256.667696 269.755319 96.401196 292.087771
423.773061 280.046923 352.215272 253.055410 268.902419 384.421577 207.317696 474.493392 256.455378 269.589496 96.522579 292.422864
423.915066 279.991052 351.792536 253.134115 268.926990 383.867157 206.960511 474.251248 256.282655 269.459147 96.651803 292.786372
424.058559 279.934595 351.387300 253.209561 268.948197 383.324371 206.702461 473.944309 256.152701 269.362421 96.789762 293.180526
424.192746 279.881800 350.959337 253.248192 268.969670 382.774790 206.456108 473.667807 256.083232 269.310715 97.001815 293.772639
424.341264 279.823366 350.536809 253.263344 268.991127 382.225609 206.246374 473.438713 256.036063 269.275607 97.211029 294.148770
424.481964 279.768004 350.108884 253.278690 269.019898 381.489454 206.012023 473.157542 256.023228 269.266054 97.529751 294.690692
424.619487 279.713854 349.677798 253.290230 269.042034 380.936897 205.938064 473.061271 256.021142 269.264501 97.757941 295.054913
424.770409 279.654428 349.249642 253.266745 269.083973 380.226939 205.872269 472.975627 256.020501 269.264024 97.988043 295.422185
424.872016 279.614420 347.956627 253.278554 269.136158 379.687658 205.801112 472.883004 256.002445 268.910110 98.217083 295.787762
424.915562 279.597274 347.516733 253.263550 269.188710 379.144595 205.710507 472.765081 256.010912 268.844252 98.445061 296.151645
425.133828 279.679216 347.082320 253.198882 269.241704 378.596953 205.625696 472.654701 256.025014 268.734555 98.676225 296.520611
425.174440 279.782090 346.663931 253.136599 269.322371 377.841882 205.539423 472.542418 256.044471 268.583200 98.904309 296.884663
425.230547 279.924216 346.227149 253.082459 269.412881 377.308913 205.442670 472.416496 256.004401 268.377994 99.137597 297.257020
425.284891 280.061878 345.785799 253.034017 269.503492 376.775352 205.347258 472.292318 256.032694 268.157804 99.370001 297.627805
425.344229 280.212189 345.350215 252.986208 269.595643 376.232721 205.254923 472.173104 256.008044 267.803946 99.610285 297.998024
425.398500 280.349665 344.920396 252.939032 269.686506 375.697986 205.164595 472.064316 255.802585 267.626313 99.781467 298.593298
425.426847 280.421472 344.493775 252.918731 269.777476 375.162660 205.075162 471.956605 255.607566 267.457706 99.833313 299.025601
425.539277 280.709235 344.060264 252.927508 269.868681 374.625954 204.968992 471.828737 255.403772 267.281512 99.883440 299.460699
425.591382 280.844549 343.636151 252.936095 269.968907 373.869533 204.882242 471.724257 255.202247 267.107280 99.923426 299.897271
425.645781 280.985409 343.203239 252.944860 270.078423 373.413087 204.780543 471.601774 255.001176 266.933441 99.979827 300.512856
425.702241 281.125888 342.760894 252.966833 270.167361 373.042408 204.692260 471.495448 254.866977 266.817417 100.019755 300.949032
425.760341 281.270449 342.331327 253.008674 270.246687 372.711791 204.590050 471.372349 254.785581 266.747044 100.059483 301.383018
425.814115 281.404247 341.889816 253.051679 270.314487 372.429211 204.488569 471.249428 254.728694 266.697862 100.119123 301.806066
425.871991 281.548252 341.462439 253.093308 270.391106 372.109874 204.388231 471.126602 254.509577 266.662997 100.464911 302.314276
425.926407 281.683517 341.033071 253.135130 270.528510 371.558111 204.292828 471.009816 254.460163 266.705226 100.801906 302.591232
425.981398 281.819844 340.619229 253.175440 270.623760 371.180952 204.193882 470.888694 254.218761 266.562703 101.136120 302.865902
426.040803 281.967114 340.217132 253.214606 270.726454 370.774320 204.101895 470.776090 254.118379 266.337011 101.473888 303.143492
426.094597 282.100473 339.714400 253.254468 270.834143 370.347908 204.009276 470.662712 254.122507 266.189669 101.778281 303.393654
426.150037 282.237913 339.335870 253.322527 270.948199 369.896287 203.905775 470.536014 254.126967 266.030531 102.076940 303.514872
426.205470 282.375355 339.004897 253.466233 271.066955 369.426051 203.621450 470.196606 254.131045 265.884988 102.312348 303.591611
426.265988 282.525411 338.759485 253.729469 271.346081 368.728984 203.486993 470.049901 254.135611 265.722052 102.498317 303.652234
426.321046 282.661927 338.621522 254.081536 271.469021 368.201522 203.333483 469.882406 254.140109 265.561515 102.637698 303.697670
426.380367 282.809015 338.314958 254.337152 271.648597 367.722367 203.184787 469.664144 254.144328 265.410974 102.746655 303.733188
426.470013 282.921850 338.152725 253.997291 271.768859 367.206397 203.024349 469.408994 254.148406 265.265432 102.863408 303.771247
426.596281 283.024550 337.873294 253.726122 271.976739 366.324125 202.845706 469.124892 254.152664 265.113491 102.929010 303.792633
426.732220 283.085040 337.496658 253.572687 272.103916 365.787797 202.684880 468.803112 254.157129 264.954154 103.051487 303.676527
426.894762 283.080717 336.978608 253.570222 272.228831 365.261005 202.521086 468.439940 254.161213 264.808411 103.081394 303.522402
427.046459 283.047862 336.578224 253.654706 272.355823 364.725455 202.342212 468.078043 254.165739 264.646874 103.123469 303.338486
427.185581 283.010141 336.158467 253.743277 272.481570 364.195160 202.190341 467.782366 254.170288 264.484538 103.235428 303.142627
427.314580 282.971021 335.748298 253.829825 272.606777 363.669672 202.057692 467.530709 254.173044 264.386177 103.358802 302.926801
427.390577 282.948024 335.341445 253.957386 272.779470 362.951646 201.922970 467.319166 254.168691 264.323924 103.520644 302.704395
427.666087 282.845391 334.935854 254.102591 272.897100 362.421130 201.824238 467.164135 254.162892 264.149884 103.728644 302.478325
427.801210 282.786498 334.541372 254.243818 273.014861 361.890029 201.747530 467.043687 254.226011 263.999952 103.959624 302.245582
427.948801 282.722171 334.148179 254.413197 273.132664 361.358733 201.654473 466.916673 254.220039 263.883229 104.221568 302.005680
428.088508 282.661281 333.756392 254.613015 273.258808 360.820137 201.592635 466.837070 254.223464 263.729067 104.507412 301.749472
428.226565 282.601109 333.363537 254.813379 273.398786 360.296808 201.375617 466.688741 254.227005 263.569707 104.830118 301.497217
428.358755 282.543495 332.996303 255.029246 273.522904 359.769253 201.097726 466.656534 254.230208 263.425542 105.177878 301.225377
428.496079 282.483643 332.659170 255.242653 273.654398 359.238503 200.932244 466.274975 254.233687 263.268981 105.671683 300.841733
428.636336 282.422512 332.334374 255.448251 273.788379 358.699506 200.713932 466.184285 254.237312 263.105821 106.018590 300.574666
428.787594 282.356587 332.042959 255.641677 273.919659 358.171377 200.472347 466.083927 254.240578 262.958857 106.356780 300.314309
428.893566 282.310400 331.749274 255.840400 274.050746 357.644026 200.194009 465.968301 254.243799 262.813893 106.702396 300.046230
428.956636 282.282911 331.472486 256.027691 274.181350 357.118615 199.879131 465.850392 254.247060 262.667129 107.039015 299.781907
