226.935300 68.399800 63.798557 144.073976 172.654332 181.264333 105.342900 131.373300 210.417676 139.428125 183.090760 142.983625
226.950772 68.398865 63.805242 144.073528 172.662791 181.045196 105.342900 131.373300 210.378056 139.495829 183.090935 142.983156
226.990599 68.396460 63.811428 144.073114 172.670168 180.829731 105.342900 131.373300 210.402936 139.559973 183.095116 142.971908
227.045100 68.393168 63.817015 144.072739 172.678862 180.513286 105.342900 131.373300 210.431107 139.632601 183.104976 142.945381
227.113475 68.389038 63.818911 144.072612 172.686819 180.294031 105.342900 131.373300 210.457904 139.701686 183.121178 142.901795
227.199918 68.383816 63.824000 144.072271 172.694638 180.078573 105.342900 131.373300 210.487630 139.778323 183.132850 142.870394
227.304327 68.377509 63.833778 144.071616 172.707884 179.671591 105.342900 131.373300 210.506073 139.825871 183.184715 142.733598
227.422612 68.370365 63.840962 144.071135 172.716810 179.456576 105.342900 131.373300 210.568493 139.981728 183.210506 142.671544
227.556667 68.362267 63.857624 144.070019 172.725702 179.242361 105.342900 131.373300 210.598493 140.053945 183.240059 142.600441
227.686823 68.377272 63.887857 144.067994 172.733161 178.931222 105.342900 131.373300 210.626652 140.121728 183.267520 142.531840
227.808388 68.427934 63.919186 144.065895 172.736869 178.709653 105.342900 131.373300 210.654427 140.188589 183.294469 142.461956
227.936508 68.481328 63.948720 144.063916 172.740504 178.492484 105.342900 131.373300 210.681396 140.255884 183.324155 142.384982
228.038571 68.573708 63.972966 144.062292 172.742975 178.275412 105.342900 131.373300 210.710320 140.328646 183.339838 142.344300
228.136874 68.666818 64.002999 144.060280 172.740000 178.059633 105.342900 131.373300 210.733998 140.388213 183.383836 142.229997
228.177257 68.785952 64.035226 144.058121 172.738500 177.839543 105.342900 131.373300 210.746096 140.418377 183.413250 142.153668
228.191255 68.921531 64.065459 144.056096 172.738500 177.621743 105.342900 131.373300 210.816916 140.451783 183.442483 142.077806
228.205326 69.057807 64.100580 144.053743 172.737358 177.406954 105.342900 131.373300 210.881897 140.425755 183.471788 142.001757
228.219222 69.192391 64.155756 144.050047 172.734159 177.191679 105.342900 131.373300 210.956625 140.395824 183.500842 141.926361
228.233334 69.329064 64.198261 144.047199 172.730460 176.970611 105.342900 131.373300 211.031911 140.365669 183.529788 141.851245
228.246942 69.460864 64.253927 144.043208 172.728219 176.755229 105.342900 131.373300 211.102183 140.337522 183.557367 141.779675
228.254501 69.593820 64.301882 144.039477 172.727655 176.539530 105.342900 131.373300 211.173663 140.308892 183.586816 141.703253
228.260785 69.726871 64.458233 144.060849 172.727090 176.323431 105.342900 131.373300 211.248948 140.278737 183.615016 141.636503
228.266937 69.857126 64.510395 144.057052 172.733757 176.103854 105.342900 131.373300 211.316529 140.251669 183.646410 141.568389
228.273448 69.994972 64.549790 144.054184 172.741708 175.885999 105.342900 131.373300 211.384852 140.224303 183.664116 141.529973
228.279633 70.125926 64.565250 144.053059 172.751950 175.607222 105.342900 131.373300 211.429968 140.206232 183.723604 141.389002
228.285828 70.257080 64.574525 144.052384 172.760171 175.388676 105.342900 131.373300 211.577264 140.147199 183.752143 141.315337
228.292089 70.389632 64.582604 144.051796 172.768316 175.172129 105.342900 131.373300 211.648905 140.118434 183.781910 141.238502
228.298528 70.525980 64.586892 144.051484 172.776145 174.963977 105.342900 131.373300 211.716370 140.091347 183.808209 141.170618
228.304034 70.642550 64.588688 144.051353 172.781609 174.787464 105.342900 131.373300 211.755808 140.075507 183.836495 141.097606
228.307431 70.714470 64.598861 144.050612 172.785323 174.647413 105.342900 131.373300 211.901699 140.017494 183.863192 141.024453
228.309399 70.756124 64.625091 144.048703 172.788124 174.541750 105.342900 131.373300 211.972515 139.989631 183.888265 140.946906
228.227216 70.858907 64.740596 144.040538 172.790478 174.452981 105.619376 131.547390 212.042307 139.962172 183.913215 140.869739
228.155102 70.845223 64.808750 144.043036 172.792090 174.392203 105.641575 131.571671 212.115822 139.933248 183.935981 140.799328
228.060294 70.827233 64.896921 144.040707 172.793147 174.352317 105.677607 131.611082 212.192500 139.903079 183.959270 140.727300
227.946524 70.805644 65.001519 144.001253 172.793696 174.331624 105.735013 131.647826 212.261639 139.875869 183.983943 140.650989
227.813007 70.780308 65.125579 143.993532 172.793871 174.325026 105.807405 131.688221 212.332168 139.848097 183.894778 140.596152
227.686170 70.756240 65.253033 143.985599 172.793988 174.320628 105.898660 131.739141 212.408187 139.818165 183.810024 140.555720
227.552849 70.730942 65.381584 143.977599 172.794006 174.319928 106.005371 131.798685 212.445871 139.803326 183.747687 140.465162
227.420314 70.705793 65.516608 143.974089 172.794012 174.319728 106.122916 131.864262 212.571357 139.850863 183.703773 140.346636
227.288958 70.680867 65.649559 143.977708 172.794012 174.319728 106.235484 131.927062 212.597832 139.917926 183.656107 140.217982
227.154546 70.650656 65.784409 143.981378 172.794012 174.319728 106.348313 131.990008 212.626950 139.991687 183.610421 140.094673
227.024063 70.619291 66.074319 143.989762 172.794012 174.319728 106.464199 132.054659 212.655811 140.064796 183.550752 139.914835
226.892510 70.587669 66.105746 143.838492 172.794012 174.319728 106.690167 132.183182 212.683314 140.134464 183.513458 139.786129
226.765527 70.557146 66.139492 143.676060 172.794012 174.319728 106.804581 132.250008 212.705970 140.191854 183.476332 139.658000
226.636794 70.526202 66.176940 143.495809 172.794012 174.319728 106.920981 132.317994 212.718014 140.222363 183.438510 139.527469
226.511658 70.496122 66.217216 143.301949 172.794012 174.319728 107.040404 132.387745 212.772405 140.361803 183.402671 139.395113
226.224574 70.413303 66.260278 143.094675 172.794012 174.319728 107.152745 132.453360 212.797739 140.427594 183.375163 139.259270
226.096418 70.371185 66.321597 142.788094 172.794012 174.319728 107.264741 132.518774 212.827179 140.503375 183.349382 139.133079
225.964556 70.327849 66.360320 142.574984 172.794012 174.319728 107.468810 132.635308 212.856304 140.575841 183.320220 139.002598
225.834120 70.284982 66.398918 142.362562 172.794012 174.319728 107.581723 132.699532 212.883191 140.642740 183.290928 138.871531
225.701944 70.268205 66.437606 142.149649 172.794012 174.319728 107.749229 132.794539 212.910376 140.710382 183.262595 138.744759
225.567895 70.253995 66.477187 141.931815 172.794012 174.319728 107.868488 132.861760 212.940918 140.786374 183.221329 138.551840
225.419895 70.350145 66.516840 141.713589 172.794012 174.319728 107.984786 132.927312 212.968478 140.854835 183.198274 138.418930
225.373811 70.470954 66.555778 141.499298 172.794012 174.319728 108.097251 132.990704 212.996871 140.925224 183.176432 138.287030
225.324590 70.599984 66.578726 141.187009 172.794012 174.319728 108.209715 133.054096 213.024666 140.994129 183.152340 138.159078
225.278541 70.720700 66.588368 140.969823 172.794012 174.319728 108.323661 133.118322 213.055117 141.069619 183.127508 138.027195
225.229961 70.848048 66.597912 140.754835 172.794012 174.319728 108.443966 133.186133 213.084969 141.143625 183.102079 137.892884
225.182309 70.972968 66.607505 140.538748 172.794012 174.319728 108.669796 133.319383 213.114031 141.215685 183.076207 137.761257
225.133016 71.102185 66.617005 140.324759 172.794012 174.319728 108.788221 133.390814 213.141597 141.284036 183.053586 137.626543
225.085898 71.225704 66.626540 140.109970 172.794012 174.319728 108.903307 133.460231 213.168901 141.351737 183.031593 137.495576
225.037105 71.353613 66.636196 139.892484 172.794012 174.319728 109.018221 133.529545 213.198449 141.425003 182.987312 137.248203
224.990806 71.474982 66.645713 139.678096 172.794012 174.319728 109.211216 133.644317 213.257002 141.481178 182.963744 137.113347
224.942868 71.600649 66.655486 139.458013 172.794012 174.319728 109.322742 133.708347 213.319435 141.522216 182.941139 136.984007
224.894752 71.726783 66.665139 139.240827 172.794012 174.319728 109.434616 133.772575 213.391601 141.541842 182.918466 136.854274
224.845995 71.854599 66.674650 139.026838 172.794012 174.319728 109.551606 133.839742 213.469706 141.537018 182.893779 136.728140
224.800102 71.957016 66.684179 138.812450 172.794012 174.319728 109.663566 133.904020 213.542366 141.519252 182.861494 136.601387
224.765639 72.019205 66.693801 138.595964 172.794012 174.319728 109.778995 133.970290 213.612307 141.499132 182.828987 136.473762
224.741452 72.062852 66.703556 138.376480 172.794012 174.319728 109.974165 134.083024 213.672604 141.480877 182.672155 136.415214
224.600923 72.115237 66.858801 138.064726 172.794012 174.319728 110.086026 134.148074 213.704381 141.471261 182.609506 136.315412
224.507837 72.093456 67.049014 137.974391 172.794012 174.319728 110.272919 134.256644 213.833502 141.422496 182.598583 136.203042
224.396933 72.067506 67.251524 137.901586 172.794012 174.319728 110.389531 134.324266 213.898680 141.394088 182.589923 136.113962
224.268599 72.037477 67.462839 137.840635 172.794012 174.319728 110.503720 134.390484 213.973392 141.361525 182.582019 136.032645
224.143284 72.008154 67.761516 137.757745 172.794012 174.319728 110.617878 134.457740 214.048929 141.328603 182.574598 135.956305
224.010959 71.977191 68.063108 137.675594 172.794012 174.319728 110.733117 134.526706 214.122816 141.296399 182.567089 135.879069
223.711672 71.876872 68.275062 137.619699 172.794012 174.319728 110.850244 134.596803 214.193678 141.265514 182.540819 135.639309
223.583273 71.832653 68.484983 137.562796 172.794012 174.319728 110.953642 134.658683 214.260323 141.236467 182.531215 135.561801
223.460169 71.790257 68.695700 137.504623 172.794012 174.319728 111.022974 134.700176 214.333019 141.204784 182.521440 135.482905
223.337727 71.748090 68.908057 137.445998 172.794012 174.319728 111.068195 134.727239 214.399480 141.175816 182.511591 135.403412
223.211977 71.803126 69.180146 137.378306 172.794012 174.319728 111.094108 134.742748 214.448433 141.154481 182.502898 135.333249
223.169529 71.934856 69.613990 137.316816 172.794012 174.319728 111.100716 134.746702 214.472084 141.144172 182.490089 135.250712
223.127695 72.064683 69.831388 137.307433 172.794012 174.319728 111.105607 134.749629 214.605590 141.095181 182.464113 135.158917
223.087119 72.190607 70.053181 137.297860 172.794131 174.315230 111.108524 134.751375 214.659446 141.063864 182.434271 135.053458
223.045408 72.320052 70.269380 137.288529 172.794346 174.307132 111.108610 134.751426 214.727308 141.024403 182.396165 134.936698
223.003666 72.449593 70.486878 137.279141 172.794873 174.287239 111.108610 134.751426 214.770012 140.999571 182.350471 134.810729
222.962629 72.576945 70.706573 137.269659 172.795848 174.250452 111.108610 134.751426 214.790760 140.987506 182.298744 134.672921
222.920489 72.707723 70.924270 137.260263 172.797174 174.200470 111.108610 134.751426 214.918638 140.923853 182.226245 134.454115
222.881120 72.832036 71.143267 137.250811 172.798801 174.139092 111.108610 134.751426 214.978843 140.898309 182.186754 134.278090
222.840692 72.962307 71.362462 137.241350 172.802256 174.056571 111.108610 134.751426 215.050648 140.867843 182.144725 134.090747
222.800560 73.091623 71.641084 137.230807 172.742170 173.937956 111.108610 134.751426 215.127147 140.835386 182.083938 133.834450
222.759894 73.222658 71.857718 137.225449 172.674488 173.909040 111.108610 134.751426 215.201529 140.803827 182.027582 133.627175
222.720562 73.349395 72.168786 137.218938 172.607082 173.880242 111.108610 134.751426 215.268822 140.775276 181.969338 133.412952
222.684876 73.464385 72.384257 137.215389 172.536090 173.849912 111.108610 134.751426 215.319914 140.753599 181.912483 133.203843
222.661135 73.540886 72.601728 137.211807 172.461246 173.813496 111.108610 134.751426 215.349925 140.740866 181.879461 132.992521
222.648361 73.582049 72.818798 137.208232 172.392707 173.777321 111.108610 134.751426 215.547120 140.689056 181.859070 132.779801
222.543502 73.676574 73.035369 137.204665 172.326114 173.742173 111.108610 134.751426 215.646104 140.895587 181.861174 132.563112
222.466437 73.668373 73.346848 137.193637 172.253241 173.703711 111.108610 134.751426 215.675559 140.959199 181.888555 132.342920
222.377142 73.658870 73.657297 137.186454 172.182049 173.666135 111.108610 134.751426 215.710225 141.034063 181.953545 131.983259
222.273427 73.647833 73.878654 137.190853 172.112890 173.629634 111.108610 134.751426 215.740478 141.099398 181.961460 131.761400
222.155041 73.639438 74.092712 137.195106 172.041521 173.591965 111.108610 134.751426 215.771656 141.166730 181.952946 131.546547
222.018511 73.630857 74.405400 137.198648 171.971478 173.554997 111.108610 134.751426 215.803915 141.234099 181.934095 131.328560
221.884275 73.622421 74.687557 137.203388 171.902851 173.518775 111.108610 134.751426 215.846679 141.449394 181.866508 131.030758
221.753733 73.614217 74.904107 137.208039 171.829801 173.480219 111.108610 134.751426 215.815356 141.519953 181.808152 130.819268
221.524740 73.594248 75.118058 137.212634 171.760201 173.443484 111.108610 134.751426 215.815836 141.600074 181.743174 130.608002
221.392878 73.570971 75.394677 137.217773 171.690954 173.406936 111.108610 134.751426 215.785040 141.669446 181.665266 130.404613
221.263282 73.548094 75.611246 137.221433 171.619231 173.369081 111.108610 134.751426 215.753839 141.739732 181.533282 130.115798
221.135557 73.525548 75.831214 137.225150 171.552195 173.333699 111.108610 134.751426 215.720121 141.815684 181.420392 129.926276
221.025754 73.506165 76.111631 137.232559 171.484540 173.297991 111.108610 134.751426 215.687418 141.889351 181.299589 129.749289
220.944480 73.490911 76.331282 137.240651 171.415205 173.261396 111.108610 134.751426 215.656095 141.959911 181.155815 129.581714
220.853928 73.525076 76.550633 137.248733 171.349585 173.226761 111.108610 134.751426 215.626110 142.027454 181.016487 129.417837
220.842828 73.598340 76.770084 137.256818 171.284760 173.192547 111.108610 134.751426 215.594908 142.097740 180.872834 129.258243
220.831083 73.676158 77.081693 137.257193 171.212329 173.154318 111.108610 134.751426 215.565171 142.166144 180.724051 129.100966
220.819666 73.751801 77.301884 137.255290 171.138418 173.011364 111.215873 134.811082 215.535326 142.243378 180.538473 129.023189
220.807338 73.833476 77.521776 137.253388 171.129511 172.934076 111.258395 134.832915 215.508400 142.313057 180.351829 129.136314
220.800667 73.877676 77.737768 137.251521 171.121062 172.860962 111.314440 134.861690 215.481908 142.381616 180.155587 129.236510
220.766005 73.991770 77.952160 137.249649 171.112792 172.789439 111.386319 134.898596 215.454189 142.453347 179.957828 129.328245
220.758019 74.071371 78.267527 137.234962 171.094682 172.617353 111.470919 134.942034 215.392544 142.612653 179.754936 129.410048
220.750652 74.144802 78.484390 137.215888 171.088097 172.541438 111.572243 134.994059 215.365121 142.683533 179.547962 129.483436
220.742567 74.225397 78.703145 137.196647 171.081080 172.460542 111.684421 135.051655 215.335136 142.761035 179.342213 129.556389
220.734302 74.307784 78.918016 137.177747 171.070988 172.383531 111.807451 135.114825 215.311162 142.831920 179.132199 129.596609
220.727115 74.379424 79.137650 137.159408 171.054234 172.303771 111.924255 135.174797 215.299792 142.902915 178.912778 129.581264
220.719499 74.455343 79.356055 137.143610 171.038569 172.229199 112.046485 135.237555 215.256246 142.966652 178.708264 129.525013
220.712252 74.527581 79.577425 137.125624 171.023768 172.158737 112.161954 135.296842 215.244250 143.041497 178.502894 129.445294
220.704975 74.600117 79.791121 137.108262 171.009007 172.088470 112.367661 135.398592 215.236362 143.114279 178.258707 129.250103
220.696740 74.682204 80.005614 137.090836 170.992233 172.008613 112.488248 135.457259 215.244730 143.197157 178.101409 129.098590
220.688584 74.763496 80.224394 137.073061 170.953386 171.837193 112.611262 135.517106 215.252123 143.270385 177.958456 128.935566
220.681258 74.836530 80.439585 137.055577 170.934139 171.759543 112.729150 135.574461 215.268908 143.343877 177.817763 128.763880
220.673911 74.909762 80.657367 137.037883 170.915757 171.685387 112.849737 135.633127 215.290193 143.414750 177.690094 128.592260
220.666554 74.983094 80.877915 137.018618 170.896269 171.606766 112.972930 135.693063 215.312769 143.489514 177.558783 128.415745
220.659126 75.056502 81.092165 136.998450 170.876915 171.531785 113.095225 135.752560 215.335718 143.558497 177.364007 128.138625
220.612043 75.120932 81.309459 136.977516 170.842183 171.451147 113.218869 135.812714 215.359867 143.631086 177.245555 127.959317
220.567616 75.181730 81.523368 136.956908 170.802111 171.358110 113.343486 135.872462 215.382974 143.700543 177.137632 127.795946
220.511513 75.221363 81.738473 136.936185 170.752126 171.245862 113.463972 135.930187 215.408859 143.778350 177.048614 127.661194
220.434318 75.234473 81.955233 136.913949 170.690963 171.120152 113.581932 135.986702 215.434145 143.854354 176.971061 127.543797
220.358807 75.243800 82.170249 136.891352 170.621838 170.978075 113.790917 136.083253 215.456631 143.923382 176.904202 127.442587
220.278346 75.239067 82.383410 136.869308 170.448204 170.706907 113.914522 136.139498 215.479818 143.996808 176.850460 127.361235
220.209365 75.235010 82.603901 136.849264 170.331509 170.564904 114.032120 136.193009 215.503096 144.070520 176.811601 127.302412
220.163445 75.232309 82.822487 136.831623 170.167516 170.332643 114.157651 136.250329 215.526614 144.144995 176.784317 127.261110
220.000504 75.226713 83.037343 136.814975 170.057200 170.148451 114.276217 136.305800 215.549199 144.216513 176.767892 127.236245
219.917312 75.225575 83.256486 136.797994 169.906961 169.874868 114.397862 136.362712 215.571091 144.285839 176.754498 127.215970
219.839219 75.224507 83.472784 136.767781 169.771063 169.622384 114.520132 136.424692 215.593435 144.356595 176.751356 127.211214
219.766326 75.223510 83.688182 136.737619 169.695802 169.483014 114.636660 136.484981 215.595299 144.434045 176.749978 127.209128
219.718730 75.222859 83.907344 136.706929 169.627853 169.354581 114.756562 136.547016 215.590953 144.506615 176.749813 127.208878
219.557402 75.220829 84.120563 136.677071 169.570061 169.245325 114.877264 136.609464 215.586626 144.578885 176.749813 127.208878
219.484307 75.220000 84.333707 136.681408 169.516757 169.144554 114.998766 136.672327 215.572412 144.654907 176.749813 127.208878
219.406712 75.219120 84.550617 136.698716 169.480942 169.076842 115.203839 136.774017 215.423309 144.929605 176.749813 127.208878
219.328217 75.218229 84.766431 136.715937 169.444320 169.007709 115.326917 136.834417 215.349946 144.988053 176.749813 127.208878
219.265421 75.217517 84.976216 136.768039 169.407067 168.937591 115.446764 136.893230 215.276582 145.046502 176.749813 127.208878
219.229123 75.217105 85.182569 136.836141 169.372431 168.872424 115.563468 136.950502 215.219799 145.091740 176.749813 127.208878
219.080756 75.226006 85.385218 136.903022 169.336855 168.805491 115.687175 137.011210 215.166615 145.134112 176.749813 127.208878
219.007721 75.235883 85.592520 136.971438 169.299074 168.734408 115.811151 137.072050 215.117575 145.173181 176.749813 127.208878
218.936172 75.245559 85.799442 137.039729 169.230680 168.605724 115.929331 137.130169 215.082301 145.201284 176.749813 127.208878
218.900398 75.250398 86.002186 137.106640 169.192437 168.533754 116.052210 137.189788 215.026201 145.246043 176.749813 127.208878
218.802689 75.295784 86.205784 137.173834 169.155696 168.464609 116.174261 137.248181 214.962137 145.297067 176.749813 127.208878
218.743079 75.340138 86.404957 137.255995 169.127307 168.411183 116.267018 137.329200 214.887826 145.356252 176.749813 127.208878
218.676139 75.380790 86.644449 137.362319 169.109898 168.378421 116.383656 137.385003 214.797722 145.428032 176.749813 127.208878
218.607709 75.420266 86.847268 137.435742 169.056144 168.278130 116.496866 137.439167 214.619445 145.570913 176.749813 127.208878
218.542831 75.457693 87.142211 137.550292 169.020567 168.212333 116.581301 137.479562 214.505661 145.663033 176.749813 127.208878
218.476047 75.496219 87.342300 137.643422 168.983087 168.143017 116.628569 137.502177 214.377653 145.766667 176.749813 127.208878
218.461979 75.578985 87.541622 137.740703 168.947033 168.076340 116.704132 137.513131 214.255635 145.861606 176.749813 127.208878
218.460071 75.668264 87.723150 137.859190 168.912502 168.012478 116.851102 137.567542 214.385791 145.726917 176.749813 127.208878
218.457798 75.774640 87.905813 137.980904 168.877067 167.946945 116.912007 137.591370 214.517969 145.574200 176.749813 127.208878
218.463911 75.897868 88.090474 138.103950 168.841822 167.881764 116.939773 137.762220 214.453745 145.382130 176.749813 127.208878
218.477638 76.034681 88.273220 138.225719 168.805198 167.814031 116.922418 137.859280 214.268131 145.230619 176.749813 127.208878
218.511713 76.164371 88.456882 138.348099 168.780227 167.767850 116.901825 137.974454 214.035786 145.157325 176.749813 127.208878
218.545426 76.292304 88.632010 138.470370 168.765673 167.740933 116.894092 138.108277 213.812878 145.281042 176.749813 127.208878
218.580566 76.425651 88.807833 138.594456 168.716781 167.642334 116.926914 138.260820 213.643072 145.487140 176.749813 127.208878
218.613361 76.550103 88.983982 138.718773 168.689209 167.581270 116.926718 138.425620 213.494507 145.712711 176.749813 127.208878
218.667398 76.673613 89.145425 138.832711 168.655793 167.507265 116.926508 138.602520 213.344841 145.939952 176.749813 127.208878
218.706925 76.761976 89.273779 138.923296 168.625998 167.441280 116.926278 138.793019 213.193525 146.169699 176.749813 127.208878
218.732772 76.819758 89.385123 138.979699 168.595463 167.373654 116.926009 138.982619 213.044630 146.395771 176.749813 127.208878
218.745594 76.848421 89.466748 139.012583 168.563899 167.303750 116.926491 139.175219 212.893868 146.624685 176.749813 127.208878
218.750086 76.858462 89.519897 139.033995 168.531676 167.232388 116.926895 139.328718 212.741953 146.855354 176.749813 127.208878
218.751229 76.861018 89.543086 139.043337 168.499377 167.160622 116.927207 139.447118 212.591908 147.083184 176.749813 127.208878
218.751392 76.861383 89.554124 139.047784 168.467441 167.086294 116.927429 139.531317 212.441148 147.312099 176.749813 127.208878
218.751392 76.861383 89.555979 139.048531 168.439688 167.017911 116.927602 139.597017 212.292148 147.538342 176.749813 127.208878
218.751392 76.861383 89.567017 139.052978 168.373857 166.839306 116.928129 139.646710 212.141113 147.767675 176.749813 127.208878
218.751392 76.861383 89.599481 139.066057 168.348039 166.760529 116.929603 139.690085 211.991783 147.994419 176.749813 127.208878
218.751392 76.861383 89.687343 139.018340 168.324672 166.688526 116.931031 139.732060 211.842013 148.221831 176.749813 127.208878
218.751392 76.861383 89.712830 138.953360 168.302646 166.618509 116.933015 139.790427 211.690589 148.451746 176.749813 127.208878
218.751392 76.861383 89.746643 138.867154 168.280801 166.549064 116.935485 139.863085 211.541310 148.678404 176.749813 127.208878
218.751392 76.861383 89.785641 138.767728 168.256915 166.473132 116.938147 139.954146 211.388731 148.910073 176.749813 127.208878
218.751392 76.861383 89.823463 138.647561 168.232999 166.397105 116.941275 140.062501 211.237363 149.139904 176.749813 127.208878
218.751392 76.861383 89.856630 138.506611 168.210363 166.324974 116.944908 140.188348 211.086324 149.369234 176.749813 127.208878
218.751392 76.861383 89.892775 138.353006 168.187154 166.249879 116.948293 140.305599 210.937705 149.594890 176.749813 127.208878
218.751392 76.861383 89.937520 138.184448 168.162763 166.170962 116.953103 140.467070 210.789086 149.820546 176.749813 127.208878
218.751392 76.861383 89.985268 137.999822 168.139672 166.096249 116.955459 140.538531 210.662400 150.064289 176.749813 127.208878
218.751392 76.861383 90.036021 137.803579 168.126384 166.053255 116.957496 140.600298 210.569945 150.320838 176.749813 127.208878
218.751392 76.861383 90.091055 137.590780 168.079444 165.903915 116.959269 140.654069 210.499243 150.581539 176.749813 127.208878
218.751392 76.861383 90.150171 137.362201 168.056693 165.832765 116.960476 140.690649 210.444848 150.846207 176.749813 127.208878
218.751392 76.861383 90.212215 137.122294 168.032784 165.757994 116.961277 140.714936 210.389145 151.117242 176.749813 127.208878
218.751392 76.861383 90.277115 136.871350 168.008204 165.681128 116.961530 140.722631 210.333582 151.387592 176.749813 127.208878
218.751392 76.861383 90.344292 136.611596 167.985057 165.608739 116.961791 140.730527 210.303029 151.657573 176.749813 127.208878
218.751392 76.861383 90.413148 136.345356 167.959686 165.529397 116.961820 140.731427 210.292023 151.934755 176.749813 127.208878
218.751392 76.861383 90.482543 136.077396 167.941838 165.473581 116.961827 140.731626 210.288269 152.383885 176.749813 127.208878
218.751392 76.861383 90.552161 135.809700 167.929624 165.435386 116.961827 140.731626 210.297738 152.657004 176.749813 127.208878
218.751392 76.861383 90.621060 135.542026 168.009691 165.334218 116.961827 140.731626 210.385837 153.488516 176.749813 127.208878
218.751392 76.861383 90.690052 135.273755 168.077471 165.332588 116.961827 140.731626 210.402100 153.715535 176.749813 127.208878
218.751392 76.861383 90.757424 135.011779 168.157548 165.330661 116.961827 140.731626 210.415761 153.906246 176.749813 127.208878
218.751392 76.861383 90.825394 134.747479 168.251921 165.328391 116.961827 140.731626 210.427515 154.070325 176.749813 127.208878
218.751392 76.861383 90.893240 134.483664 168.410451 165.290454 116.961827 140.731626 210.436525 154.196103 176.749813 127.208878
218.751392 76.861383 90.961684 134.217524 168.529830 165.235548 116.961827 140.731626 210.443406 154.292157 176.746340 127.203621
218.751392 76.861383 91.029131 133.955258 168.654660 165.178135 116.961827 140.731626 210.448257 154.359883 176.737356 127.190021
218.751392 76.861383 91.097176 133.690667 168.772310 165.124018 116.961827 140.731626 210.451444 154.404369 176.721702 127.166325
218.751392 76.861383 91.165445 133.425205 168.892200 165.068788 116.961827 140.731626 210.452266 154.415840 176.696292 127.127860
218.751392 76.861383 91.232470 133.162213 169.096864 164.966824 116.961827 140.731626 210.452844 154.423919 176.659803 127.072624
218.751392 76.861383 91.298297 132.897371 169.216844 164.898643 116.961827 140.731626 210.453988 154.439878 176.548185 126.927186
218.751392 76.861383 91.395967 132.641199 169.329695 164.834512 116.961827 140.731626 210.455459 154.460426 176.480953 126.856297
218.751392 76.861383 91.462736 132.372676 169.445676 164.768603 116.961827 140.731626 210.457639 154.490848 176.410281 126.781781
218.747698 76.995926 91.529191 132.105414 169.566265 164.700076 116.961827 140.731626 210.463124 154.558721 176.330870 126.698049
218.719726 77.019218 91.595857 131.837277 169.682942 164.633772 116.961827 140.731626 210.468205 154.633750 176.239484 126.601692
218.677076 77.054732 91.662176 131.570497 169.873835 164.514165 116.961827 140.731626 210.474475 154.726338 176.136607 126.493219
218.617135 77.104643 91.727940 131.305949 169.966356 164.450869 116.961827 140.731626 210.481582 154.831297 176.023959 126.374442
218.547435 77.162681 91.793439 131.042468 170.041113 164.368416 116.961827 140.731626 210.489622 154.950025 175.908488 126.252690
218.462750 77.233196 91.858937 130.778987 170.047156 164.324026 116.961827 140.731626 210.498933 155.087510 175.779996 126.117241
218.366153 77.313630 91.924291 130.516088 170.092972 164.164290 116.961827 140.731626 210.509621 155.245349 175.641524 125.971271
218.296914 77.371284 91.990248 130.250557 170.124815 164.086019 116.961827 140.731626 210.521478 155.420448 175.490930 125.826226
218.245350 77.414220 92.053692 129.988117 170.162574 163.993206 116.961827 140.731626 210.534349 155.610513 175.328195 125.689108
218.217993 77.437000 92.118664 129.719359 170.205081 163.888722 116.961827 140.731626 210.579521 155.831178 175.165995 125.552442
218.210077 77.443591 92.182814 129.454003 170.252939 163.771084 116.961827 140.731626 210.674180 156.016392 175.005707 125.417387
218.205006 77.447814 92.238035 129.225583 170.302418 163.649464 116.961827 140.731626 210.825288 156.175579 174.839990 125.277756
218.202777 77.449670 92.282704 129.040806 170.351030 163.529973 116.961827 140.731626 211.029153 156.227002 174.676903 125.144044
218.201701 77.450566 92.316544 128.888431 170.402242 163.404092 116.961827 140.731626 211.344775 156.161178 174.495928 125.017027
218.201471 77.450758 92.341446 128.771350 170.454019 163.276821 116.961827 140.731626 211.508505 156.023104 174.319700 124.893343
218.201317 77.450886 92.356253 128.696724 170.505834 163.149458 116.961827 140.731626 211.630230 155.847568 174.140935 124.767877
218.201317 77.450886 92.364106 128.648053 170.610068 162.940021 116.961827 140.731626 211.716261 155.652160 173.965935 124.645055
218.201317 77.450886 92.367978 128.624064 170.670568 162.823152 116.961827 140.731626 211.790546 155.449868 173.785369 124.518326
218.201317 77.450886 92.369300 128.615870 170.733734 162.701132 116.961827 140.731626 211.821157 155.239568 173.610041 124.395273
218.201317 77.450886 92.369459 128.614883 170.794418 162.583908 116.961827 140.731626 211.768044 155.040953 173.430539 124.269291
218.201317 77.450886 92.369571 128.614191 170.850780 162.475032 116.961827 140.731626 211.629348 154.888351 173.167003 124.093754
218.201317 77.450886 92.369602 128.613994 170.888202 162.402744 116.961827 140.731626 211.437817 154.793869 172.986056 123.975064
218.201317 77.450886 92.369602 128.613994 170.922911 162.335695 116.961827 140.731626 211.224006 154.804998 172.805109 123.856375
218.201317 77.450886 92.369602 128.613994 170.948793 162.285697 116.961827 140.731626 211.011507 154.844745 172.625249 123.738398
218.201317 77.450886 92.369602 128.613994 170.961758 162.260654 116.961827 140.731626 210.800025 154.904640 172.444052 123.619544
218.201317 77.450886 92.369602 128.613994 170.965114 162.254171 116.961827 140.731626 210.593359 154.963192 172.263439 123.501074
218.201317 77.450886 92.369602 128.613994 170.966033 162.252395 116.961827 140.731626 210.381210 155.023299 172.085336 123.384249
218.201317 77.450886 92.369602 128.613994 170.966539 162.251418 116.961827 140.731626 210.192055 155.076892 171.900960 123.263310
218.201317 77.450886 92.369602 128.613994 170.966539 162.251418 116.961827 140.731626 210.022240 155.125005 171.718927 123.143908
218.201317 77.450886 92.369602 128.613994 170.966539 162.251418 116.961827 140.731626 209.892352 155.161805 171.538482 123.025547
218.201317 77.450886 92.369602 128.613994 170.966539 162.251418 116.961827 140.731626 209.785951 155.190084 171.354775 122.905048
218.201317 77.450886 92.369602 128.613994 170.966539 162.251418 116.961827 140.731626 209.704072 155.211369 171.174832 122.787016
218.201317 77.450886 92.369602 128.613994 170.966539 162.251418 116.961827 140.731626 209.638550 155.228402 170.989537 122.665475
218.201317 77.450886 92.369602 128.613994 170.966539 162.251418 116.961827 140.731626 209.588223 155.241485 170.804911 122.544372
218.201317 77.450886 92.369602 128.613994 170.966539 162.251418 116.961827 140.731626 209.557349 155.249511 170.624633 122.426121
218.201317 77.450886 92.369602 128.613994 171.021522 162.133639 116.961827 140.731626 209.532863 155.255876 170.357879 122.245851
218.201317 77.450886 92.369602 128.613994 171.010310 162.103135 116.961827 140.731626 209.512925 155.261059 170.180317 122.121282
218.201317 77.450886 92.369602 128.613994 170.993862 162.055937 116.961827 140.731626 209.494440 155.265864 170.004392 121.997863
218.201317 77.450886 92.369602 128.613994 170.974144 161.990023 116.961827 140.731626 209.472663 155.271525 169.823718 121.871112
218.201317 77.450886 92.369602 128.613994 170.950785 161.911942 116.961827 140.731626 209.458146 155.275299 169.644437 121.745338
218.087918 77.504508 92.370510 128.608367 170.898516 161.826761 116.961827 140.731626 209.437628 155.280633 169.471377 121.623928
218.055472 77.517091 92.372932 128.593361 170.870566 161.716756 116.961827 140.731626 209.426691 155.283476 169.292914 121.498729
218.004094 77.536642 92.378492 128.558907 170.838404 161.590178 116.962173 140.742121 209.398334 155.290848 169.118627 121.376458
217.937346 77.550642 92.386664 128.508262 170.801342 161.444313 116.962414 140.749417 209.384881 155.294345 168.939673 121.250913
217.847893 77.569404 92.536523 128.374402 170.632631 161.109377 116.962065 140.770684 209.354007 155.302371 168.744543 121.163811
217.739615 77.582769 92.628198 128.380826 170.568727 160.948397 116.953667 140.801977 209.326424 155.309542 168.526284 121.159973
217.615504 77.592597 92.741121 128.388738 170.497629 160.769292 116.941459 140.847467 209.301067 155.316133 168.321338 121.003149
217.475170 77.598804 92.875691 128.398168 170.416126 160.579565 116.924974 140.908893 209.277161 155.322348 168.265731 120.790706
217.316653 77.603946 93.006822 128.407885 170.327083 160.373696 116.906932 141.335250 209.251610 155.328990 168.202957 120.586211
217.146243 77.609473 93.142056 128.423207 170.231569 160.152867 116.923766 141.439094 209.239609 155.332110 168.090997 120.399041
216.957040 77.619641 93.270932 128.437809 170.131450 159.921391 116.942647 141.555574 209.222963 155.336437 167.957433 120.229423
216.751086 77.633206 93.404617 128.453467 169.980317 159.560969 116.964168 141.688341 209.208155 155.340287 167.800052 120.073417
216.529747 77.651809 93.541327 128.469951 169.867651 159.310049 116.988410 141.837889 209.199735 155.342476 167.645299 119.920016
216.297039 77.669716 93.672660 128.492120 169.753155 159.063217 116.999387 141.905605 209.198089 155.342903 167.493031 119.769080
216.053723 77.699559 93.802220 128.515739 169.619765 158.820589 117.007003 141.952592 209.192960 155.344237 167.335295 119.612722
215.816059 77.788983 93.935763 128.540940 169.484921 158.583791 117.010348 141.973222 209.186669 155.345872 167.107483 119.406726
215.481029 77.918095 94.071468 128.566549 169.341076 158.349062 117.011804 141.982205 209.179410 155.347759 166.943607 119.261750
215.229857 78.032227 94.204323 128.591621 169.150277 158.154226 117.012348 141.985561 209.167216 155.350929 166.784895 119.117641
214.985752 78.151706 94.342652 128.584173 168.956819 157.956676 117.012444 141.986154 209.158311 155.353244 166.626235 118.968723
214.740079 78.280745 94.474622 128.609079 168.765035 157.761826 117.014185 142.001510 209.152214 155.354829 166.467556 118.819824
214.498285 78.413595 94.609959 128.629562 168.571294 157.565255 117.018350 142.038074 209.141471 155.357622 166.235690 118.602237
214.254629 78.544171 94.743880 128.661435 168.380786 157.371955 117.024371 142.090932 209.133438 155.359710 166.079258 118.455474
214.005714 78.664413 94.866541 128.699731 168.188122 157.176428 117.032282 142.160383 209.127922 155.361144 165.918013 118.304196
213.737563 78.724035 94.990209 128.738151 167.998125 156.983608 117.042729 142.252090 209.126179 155.361597 165.806593 118.153057
213.463152 78.731030 95.115593 128.775750 167.812556 156.787086 117.055609 142.365158 209.125599 155.361748 165.729204 118.029550
213.189516 78.736345 95.247490 128.815303 167.639512 156.574773 117.079377 142.494235 209.125018 155.361899 165.695850 117.932100
212.916555 78.743567 95.380537 128.855200 167.466468 156.362459 117.113731 142.635724 209.125018 155.361899 165.671094 117.856701
212.645378 78.754579 95.512147 128.894666 167.303651 156.143801 117.150632 142.787709 209.125018 155.361899 165.577123 117.808587
212.372525 78.746473 95.640213 128.933069 167.164407 155.903997 117.192539 142.950061 209.125018 155.361899 165.499226 117.816519
211.892345 78.755891 95.763585 128.970065 167.025363 155.664538 117.243167 143.129973 209.125018 155.361899 165.416553 117.824938
211.617064 78.789288 95.891390 129.007578 166.889345 155.422582 117.293334 143.308249 209.125018 155.361899 165.334179 117.833327
211.257514 78.839761 96.122637 129.075324 166.760734 155.184499 117.344828 143.491242 209.125018 155.361899 165.256780 117.841209
211.006186 78.938080 96.254299 129.118304 166.661337 154.930960 117.396518 143.673658 209.125018 155.361899 165.184914 117.862092
210.754354 79.046045 96.382635 129.160198 166.524626 154.690334 117.449729 143.852823 209.125018 155.361899 165.110373 117.890580
210.399176 79.189133 96.506122 129.200509 166.385980 154.455510 117.496876 144.011570 209.125018 155.361899 165.035924 117.919033
210.135468 79.269327 96.633791 129.242185 166.248706 154.223010 117.533432 144.134656 209.125018 155.361899 164.967081 117.945344
209.809949 79.370709 96.793352 129.257501 166.072629 153.937882 117.561732 144.229942 209.125018 155.361899 164.891325 117.974296
209.549500 79.442054 96.842697 129.133379 165.923267 153.704007 117.579753 144.290623 209.125018 155.361899 164.823229 118.000321
209.385960 79.226974 96.893562 129.008113 165.774606 153.471228 117.586729 144.314109 209.125018 155.361899 164.752143 118.027489
209.289621 78.974212 96.943111 128.886089 165.590448 153.267751 117.589718 144.324174 209.125018 155.361899 164.678255 118.055727
209.131887 78.625154 96.995143 128.757950 165.403076 153.065371 117.592366 144.333089 209.125018 155.361899 164.603994 118.084109
209.001664 78.382374 97.044466 128.636482 165.216587 152.863946 117.593049 144.335390 209.125018 155.361899 164.526282 118.084237
208.724186 78.460622 97.094558 128.513168 165.028610 152.660492 117.593562 144.337115 209.125018 155.361899 164.470986 118.083601
208.478890 78.584053 97.145369 128.388095 164.835008 152.465949 117.593619 144.337307 209.125018 155.361899 164.321847 118.020562
208.242795 78.702854 97.195842 128.263856 164.633128 152.280396 117.593619 144.337307 209.125018 155.361899 164.258892 117.967255
207.936900 78.783897 97.240895 128.152958 164.430217 152.093895 117.593619 144.337307 209.125018 155.361899 164.196313 117.918061
207.753400 78.783585 97.268177 128.078073 164.229295 151.912394 117.596437 144.346797 209.125018 155.361899 164.134835 117.869732
207.609201 78.783339 97.284842 128.032314 164.023124 151.737901 117.603071 144.369133 209.125018 155.361899 164.074614 117.822392
207.501601 78.783156 97.292986 128.009950 163.815652 151.562315 117.614260 144.406807 209.125018 155.361899 164.011643 117.772889
207.426201 78.783028 97.295500 127.881800 163.608006 151.386625 117.654228 144.557196 209.125018 155.361899 163.946777 117.734067
207.389101 78.782965 97.316899 127.785289 163.397764 151.208739 117.671123 144.623167 209.125018 155.361899 163.870033 117.702191
207.321671 78.832273 97.352746 127.775211 163.171067 151.049599 117.692336 144.705994 209.125018 155.361899 163.812683 117.678371
207.325890 78.908657 97.411112 127.788802 162.957183 150.900017 117.718337 144.807517 209.125018 155.361899 163.782946 117.666020
207.330959 79.000417 97.552662 127.822712 162.682154 150.745095 117.748208 144.924153 209.125018 155.361899 163.675551 117.677513
207.336926 79.108452 97.642771 127.803145 162.518572 150.624214 117.782322 145.057354 209.125018 155.361899 163.609406 117.709789
207.343672 79.230566 97.756147 127.800814 162.389893 150.529126 117.820753 145.207411 209.124437 155.362050 163.576154 117.726015
207.351732 79.368330 97.884320 127.798178 162.292660 150.457275 117.864145 145.376842 209.122695 155.362503 163.464728 117.826790
207.361295 79.521632 98.023091 127.795324 162.222611 150.405511 117.911891 145.564772 209.116888 155.364012 163.409359 117.872816
207.371624 79.687210 98.157862 127.792553 162.171461 150.367713 117.989391 145.736582 209.111759 155.365346 163.353760 117.919033
207.382893 79.867859 98.293034 127.789773 162.146288 150.349112 118.035194 145.917783 209.108565 155.366176 163.290933 117.971259
207.398659 80.128862 98.431304 127.786929 162.084179 150.301879 118.082246 146.103928 209.098790 155.368717 163.234872 118.017860
207.410576 80.344333 98.593660 127.737088 162.030384 150.264861 118.126138 146.277567 209.086402 155.371937 163.174275 118.068232
207.422003 80.572444 98.711760 127.673354 161.963410 150.218774 118.160716 146.414364 209.080014 155.373598 163.110832 118.120970
207.432808 80.816204 98.794571 127.628664 161.884048 150.163527 118.157877 146.537862 209.070336 155.376114 163.048924 118.172582
207.444140 81.071853 98.851157 127.598126 161.794824 150.100396 118.191722 146.671750 209.062303 155.378202 162.989668 118.222220
207.451723 81.336527 98.957046 127.547428 161.688048 150.024848 118.253449 146.781226 209.058238 155.379259 162.932021 118.270510
207.465539 81.607394 99.051973 127.496404 161.565435 149.938094 118.226597 146.809711 209.052915 155.380643 162.875012 118.321217
207.484149 81.975700 99.161511 127.519170 161.424879 149.842686 118.237870 146.854308 209.048946 155.381674 162.813559 118.373616
207.501202 82.247165 99.231311 127.489357 161.273897 149.743040 118.252918 146.913835 209.036074 155.385020 162.755553 118.419080
207.518199 82.517732 99.298351 127.460722 161.107800 149.642228 118.271740 146.988293 209.027267 155.387310 162.692993 118.472745
207.535415 82.791792 99.362245 127.415997 160.929317 149.540576 118.294018 147.076421 209.009846 155.391839 162.637018 118.531016
207.539680 83.066364 99.420463 127.368397 160.737191 149.431155 118.320172 147.177575 208.984973 155.398305 162.579449 118.590945
207.535733 83.340736 99.484719 127.315859 160.528466 149.324998 118.352883 147.275137 208.965326 155.403412 162.527700 118.644816
207.531779 83.615508 99.544330 127.267120 160.351496 149.236196 118.379840 147.355538 208.937355 155.410683 162.494794 118.679071
207.500461 83.887993 99.607811 127.215215 160.207011 149.170457 118.398150 147.410150 208.922838 155.414457 162.424948 118.834185
207.261638 84.245588 99.664093 127.169198 160.094530 149.126405 118.408482 147.440964 208.894674 155.421779 162.424318 118.915265
207.056789 84.431449 99.720762 127.122864 160.005978 149.091725 118.413345 147.455471 208.871059 155.427918 162.425392 118.988157
206.856531 84.613144 99.784399 127.070833 159.952252 149.070683 118.415857 147.462961 208.858767 155.431113 162.426521 119.064749
206.653089 84.797729 99.843657 127.022621 159.923480 149.059415 118.416047 147.463530 208.845024 155.434686 162.427647 119.141140
206.455545 84.992429 99.906073 126.979611 159.909513 149.053945 118.416206 147.464004 208.836991 155.436774 162.428847 119.222532
206.264106 85.183392 99.974584 126.932404 159.883348 149.043697 118.416238 147.464099 208.835443 155.437176 162.429919 119.295224
206.315536 85.504461 100.041035 126.886614 159.842937 149.027871 118.416238 147.464099 208.831087 155.438309 162.431369 119.370404
206.448409 85.740307 100.104358 126.842981 159.797475 149.010409 118.416238 147.464099 208.827410 155.439265 162.435684 119.449586
206.583638 85.980335 100.165128 126.801106 159.779348 149.003498 118.416238 147.464099 208.813860 155.442787 162.440206 119.532563
206.716247 86.217382 100.232485 126.754693 159.772153 149.000755 118.416238 147.464099 208.791019 155.448725 162.444707 119.615140
206.791132 86.589275 100.293090 126.712932 159.768600 148.999400 118.416238 147.464099 208.768372 155.454612 162.449142 119.696520
206.820885 86.864290 100.353036 126.671625 159.768600 148.999400 118.416238 147.464099 208.733723 155.463619 162.452070 119.750240
206.890006 87.125863 100.408866 126.633155 159.768600 148.999400 118.416238 147.464099 208.690945 155.474740 162.413814 119.895617
207.028418 87.359137 100.440156 126.611594 159.768600 148.999400 118.416238 147.464099 208.637222 155.482456 162.361736 119.954622
207.188114 87.583017 100.551332 126.534767 159.768600 148.999400 118.416238 147.464099 208.602597 155.478082 162.311776 120.011228
207.347810 87.806897 100.615279 126.490454 159.703805 148.975161 118.416238 147.464099 208.574024 155.474472 162.259698 120.070233
207.504835 88.027032 100.675692 126.448591 159.672408 148.962917 118.420244 147.476045 208.554480 155.472002 162.206297 120.130737
207.715675 88.310717 100.741694 126.402854 159.623868 148.943988 118.425997 147.493206 208.548626 155.471263 162.156072 120.187643
207.849672 88.476288 100.801778 126.361219 159.558000 148.918301 118.423957 147.529055 208.542078 155.470436 162.104324 120.246273
207.941489 88.620247 100.866623 126.316273 159.480578 148.888110 118.419791 147.578078 208.532554 155.469232 162.070179 120.284960
208.014051 88.735390 100.920014 126.255094 159.384896 148.850797 118.508506 147.873435 208.514696 155.466976 162.054827 120.302354
