256.034251 209.488532 310.885386 487.371274 216.690430 251.680201 290.922908 159.044388 181.933450 388.256344 352.811845 353.273301
255.997657 209.480810 310.411765 487.643745 216.573879 251.911495 291.350015 159.388656 181.919836 388.250538 352.811845 353.273301
255.912336 209.462803 309.615790 487.679656 216.456158 252.145111 291.785774 159.710176 181.910477 388.246499 352.811845 353.273301
255.790030 209.436992 309.113717 487.451216 216.336457 252.382656 292.228881 160.029537 181.908929 388.245233 352.811845 353.273301
255.640012 209.414807 308.612007 487.222941 216.215406 252.622880 292.669391 160.347027 181.908619 388.244979 352.811845 353.273301
255.452513 209.425442 308.113588 487.009131 216.095255 252.861318 293.042729 160.616104 181.908619 388.244979 352.811845 353.273301
255.104539 209.463600 307.602595 486.795636 215.997915 253.059919 293.357009 160.842615 181.908619 388.244979 352.811845 353.273301
254.847235 209.544756 307.108421 486.565888 215.923614 253.220349 293.945607 161.274254 181.908619 388.244979 352.811845 353.273301
254.643072 209.612136 306.615902 486.334922 215.862509 253.352286 294.241965 161.498769 181.908619 388.244979 352.811845 353.273301
254.496471 209.661219 306.147192 486.054113 215.809053 253.467708 294.544222 161.727753 181.783188 388.074500 352.811845 353.273301
254.402593 209.692651 305.616870 486.071317 215.771314 253.549193 294.848711 161.958427 181.786268 387.991051 352.811845 353.273301
253.860894 209.877965 305.284990 486.486824 215.744838 253.606360 295.151446 162.187773 181.821904 387.876573 352.811845 353.273301
253.694117 209.941303 305.023814 486.966990 215.721976 253.655723 295.452587 162.415911 181.756699 387.637506 352.811845 353.273301
253.491066 210.018416 304.765277 487.442443 215.682725 253.740474 295.759876 162.621558 181.667679 387.463337 352.811845 353.273301
253.253007 210.120695 304.505555 487.920212 215.642212 253.827948 296.083409 162.811166 181.568076 387.248313 352.811845 353.273301
252.906946 210.315709 304.247360 488.395168 215.416802 254.260159 296.412119 163.003807 181.457789 387.005595 352.811845 353.273301
252.674962 210.456183 303.985631 488.876626 215.327882 254.413665 296.737721 163.186003 181.333873 386.728654 352.811845 353.273301
252.450676 210.591994 303.722756 489.360193 215.221620 254.597111 297.065923 163.359418 181.195971 386.420504 352.811845 353.273301
252.232549 210.724076 303.464694 489.847916 215.098816 254.809111 297.408980 163.540680 181.044514 386.088191 352.811845 353.273301
252.083197 210.814513 303.207794 490.338074 214.969296 255.032707 297.750621 163.721196 180.884015 385.736042 352.811845 353.273301
251.988761 210.871697 302.963893 490.803431 214.838172 255.259072 298.089257 163.900123 180.719751 385.356702 352.811845 353.273301
251.942569 210.899667 302.760750 491.191022 214.758405 255.528196 298.421527 164.075686 180.545773 384.948642 352.811845 353.273301
251.924948 210.910338 302.607652 491.512627 214.404083 256.149245 298.763699 164.256482 180.373364 384.544262 352.811845 353.273301
251.912288 210.918004 302.554945 491.799424 214.269503 256.389523 299.088589 164.437177 180.237570 384.131731 352.811845 353.273301
251.908353 210.920386 302.553673 492.017395 214.141816 256.624667 299.420804 164.626551 180.189498 383.692554 352.811845 353.273301
251.908182 210.920490 302.561789 492.157961 214.014369 256.867448 299.749892 164.814143 180.162184 383.251184 352.811845 353.273301
251.908011 210.920593 302.913090 492.495471 213.894226 257.240209 300.081413 165.003121 180.159536 382.808592 352.811845 353.273301
251.908011 210.920593 302.933377 492.597930 213.774486 257.471672 300.395214 165.210283 180.156974 382.364399 352.811845 353.273301
251.747529 210.887574 302.906704 492.919869 213.648038 257.716101 300.702710 165.419995 180.154517 381.937606 352.811845 353.273301
251.710976 210.809950 302.968939 493.060734 213.523335 257.957156 301.023094 165.638496 180.152008 381.508613 352.811845 353.273301
251.657211 210.695775 303.034892 493.210014 213.401574 258.192526 301.338603 165.855963 180.160102 381.066839 352.811845 353.273301
251.591687 210.556631 303.064621 493.363696 213.186104 258.640721 301.653331 166.075619 180.179964 380.640100 352.811845 353.273301
251.506737 210.376232 303.075994 493.515070 213.076349 258.876861 301.966419 166.294131 180.200615 380.196381 352.811845 353.273301
251.409687 210.170139 303.087412 493.667041 212.959682 259.127873 302.280819 166.513558 180.220758 379.763449 352.811845 353.273301
251.300282 209.937810 303.099369 493.826193 212.851360 259.360929 302.594235 166.732298 180.241288 379.321926 352.811845 353.273301
251.187299 209.697882 303.089502 493.982830 212.624333 259.785627 302.912571 166.954472 180.264865 378.697210 352.811845 353.273301
251.077724 209.465190 303.060083 494.130937 212.493830 260.020392 303.226479 167.173555 180.279563 378.268662 352.811845 353.273301
250.959884 209.214948 303.027819 494.293363 212.359925 260.261276 303.543011 167.394470 180.294255 377.840314 352.811845 353.273301
250.843237 208.967239 302.997738 494.444805 212.226798 260.500761 303.858887 167.614928 180.309323 377.400972 352.811845 353.273301
250.728765 208.720943 302.958944 494.599552 212.094837 260.738149 304.177627 167.836465 180.328008 376.767000 352.811120 353.272612
250.612571 208.468830 302.881700 494.736924 211.965695 260.970467 304.513236 168.029172 180.328945 376.323601 352.810685 353.272199
250.496461 208.216899 302.801319 494.879875 211.693502 261.350645 304.829198 168.227393 180.329703 375.890202 352.808365 353.269995
250.383030 207.970781 302.727407 495.011320 211.574999 261.587449 305.156331 168.433037 180.330516 375.463202 352.802566 353.264484
250.116961 207.468253 302.651143 495.146948 211.455960 261.825327 305.471441 168.631124 180.331312 375.066603 352.792707 353.255116
249.993740 207.221286 302.572314 495.284066 211.346157 262.058548 305.790107 168.831446 180.331968 374.739604 352.776759 353.239961
249.871769 206.976825 302.488105 495.414911 211.258696 262.247928 306.110128 169.032619 180.332375 374.501404 352.762696 353.226597
249.754441 206.741670 302.406170 495.542223 211.197483 262.380476 306.439122 169.239434 180.332673 374.324205 352.730365 353.195875
249.634078 206.500430 302.325750 495.667182 211.158574 262.464725 306.751663 169.445903 180.332865 374.210805 352.688320 353.155922
249.510410 206.252568 302.236041 495.806616 211.141971 262.500676 307.062779 169.653466 180.533647 373.943321 352.618149 353.089242
249.395315 206.021887 302.147846 495.944645 211.137023 262.511389 307.375226 169.861918 180.707612 373.955634 352.528550 353.004101
249.173226 205.625527 302.058312 496.084905 211.135682 262.514294 307.665574 170.102169 180.916490 373.970418 352.406330 352.887962
249.033457 205.402741 301.970608 496.222298 211.135514 262.514657 307.956595 170.356965 181.168858 373.988280 352.261889 352.760173
248.887736 205.170468 301.891620 496.346036 211.135346 262.515020 308.235879 170.601485 181.462524 374.009065 352.082916 352.614760
248.748923 204.949206 301.804239 496.482924 211.135346 262.515020 308.517255 170.865229 181.783521 374.031785 351.881280 352.450933
248.603627 204.717610 301.717072 496.619474 211.135346 262.515020 308.793716 171.135753 182.129455 374.056269 351.653101 352.265541
248.464071 204.495163 301.639819 496.747343 211.135346 262.515020 309.059886 171.396206 182.511511 374.017185 351.402104 352.061609
248.197604 204.063303 301.557624 496.884384 211.135346 262.515020 309.337491 171.667849 182.915700 374.045793 350.817943 351.136847
248.057132 203.833425 301.472550 497.026227 211.135346 262.515020 309.631420 171.917551 183.344589 374.073665 350.771224 350.797649
247.914471 203.599962 301.396939 497.152291 211.135346 262.515020 309.927040 172.142708 183.803962 374.101239 350.727860 350.457424
247.772748 203.368036 301.315334 497.286649 211.135346 262.515020 310.233637 172.376227 184.297873 374.130885 350.690518 350.130349
247.631025 203.136109 301.239754 497.410628 211.135346 262.515020 310.532757 172.604050 184.810948 374.161707 350.654696 349.816587
247.490867 202.906743 301.160217 497.541095 211.135346 262.515020 310.850943 172.797959 185.346141 374.190841 350.622300 349.532831
247.351334 202.678400 301.079223 497.673953 211.135346 262.515020 311.163944 172.931757 185.894385 374.215539 350.589745 349.247683
247.208464 202.444597 301.002601 497.799639 211.135346 262.515020 311.410741 173.037255 186.434038 374.239850 350.558438 348.973464
247.070287 202.218473 300.916898 497.941101 211.135346 262.515020 311.584529 173.111544 186.948716 374.263036 350.524223 348.667774
246.874411 202.049771 300.838522 498.073433 211.135346 262.515020 311.689169 173.156275 187.373085 374.282154 350.493578 348.389657
246.658033 201.895056 300.757904 498.209550 211.135346 262.515020 311.751328 173.182846 187.726127 374.298058 350.456234 348.067997
246.444421 201.742318 300.697149 498.358945 211.135346 262.515020 312.209022 173.432717 188.019630 374.311280 350.338186 347.831637
246.219096 201.581205 300.644130 498.500117 211.135346 262.515020 312.316102 173.506784 188.249196 374.321632 350.256656 347.579863
245.996048 201.421721 300.572678 498.649686 211.135346 262.515020 312.445551 173.596325 188.408234 374.328812 350.187125 347.323940
245.619988 201.155229 300.497248 498.794859 211.135346 262.515020 312.610036 173.710101 188.506334 374.333242 350.118329 347.070719
245.394378 200.997988 300.427350 498.929383 211.135346 262.515020 312.810378 173.848679 188.541898 374.334847 350.059862 346.855520
245.171392 200.842576 300.257061 499.078941 211.135346 262.515020 313.032433 174.002275 188.555285 374.335452 350.011621 346.677956
244.954956 200.683531 300.172959 499.210567 211.135346 262.515020 313.266501 174.181948 188.558481 374.335596 349.978701 346.563190
244.746918 200.529591 300.090041 499.340338 211.135346 262.515020 313.522334 174.385289 188.560080 374.335668 349.954070 346.479541
244.538879 200.375651 299.988294 499.457437 211.135346 262.515020 313.805410 174.610283 188.560479 374.335686 349.931077 346.401456
244.319426 200.213265 299.874197 499.578286 211.135346 262.515020 314.106492 174.849588 188.560479 374.335686 349.919157 346.360974
244.113627 200.044389 299.779460 499.678630 211.135346 262.515020 314.428711 175.105693 188.560479 374.335686 349.914638 346.345626
243.777189 199.736115 299.732366 499.728511 211.128470 262.529909 314.769404 175.376482 188.560479 374.335686 349.911418 346.334690
243.590834 199.556534 299.701937 499.799403 211.119330 262.549701 315.131078 175.663947 188.560479 374.335686 349.909102 346.326824
243.401167 199.373762 299.642891 500.075357 211.097695 262.596546 315.519977 175.948210 188.560479 374.335686 349.908932 346.326249
243.215964 199.195291 299.494280 500.422294 211.065411 262.666451 315.950547 176.218543 188.560479 374.335686 349.908819 346.325865
243.026685 199.019580 299.149696 500.233930 211.021052 262.762503 316.585022 176.586229 188.560479 374.335686 349.802229 346.293840
242.818066 198.846609 299.088888 499.945930 210.986939 263.349860 317.089132 176.795706 188.571668 374.336191 349.728823 346.317092
242.608061 198.672489 298.857803 499.901064 210.978427 263.521649 317.599025 176.934328 188.602437 374.337580 349.626056 346.349645
242.268875 198.359702 298.594165 499.864729 210.948250 263.722998 318.034035 177.052592 188.644793 374.339493 349.487825 346.393431
242.090887 198.174312 298.295066 499.834729 210.911901 263.965084 318.467337 176.965678 188.735101 374.343570 349.382769 346.426709
241.909415 197.987042 297.966092 499.814211 210.873563 264.220422 318.596380 176.611238 188.849785 374.348748 349.316228 346.447787
241.707829 197.797355 297.600107 499.861284 210.834957 264.477539 318.706128 176.309795 188.917272 374.151289 349.078091 346.320250
241.510029 197.611231 297.203177 499.912338 210.796202 264.735646 318.791586 176.075068 188.910275 373.958016 349.021418 346.188742
241.314415 197.427164 296.821288 500.078820 210.752899 264.994437 318.867055 175.867778 188.902048 373.730765 348.950417 346.023990
241.109216 197.272596 296.442451 500.289749 210.707611 265.256960 318.934039 175.683793 188.892993 373.480528 348.862477 345.819932
240.851290 197.199485 296.069775 500.505713 210.663480 265.512781 319.003966 175.491726 188.882921 373.202111 348.761873 345.586488
240.617668 197.198829 295.820200 500.868812 210.619314 265.768799 319.085045 175.269026 188.871417 372.884119 348.645439 345.316309
240.402584 197.272651 295.572099 501.229768 210.573958 266.031716 319.247316 174.843073 188.858727 372.533348 348.523237 345.019347
240.274097 197.355737 295.322977 501.592208 210.527311 266.302122 319.388554 174.576820 188.844743 372.146801 348.395964 344.682381
240.203883 197.421498 295.074876 501.953165 210.489789 266.556939 319.587295 174.299723 188.830528 371.753858 348.260070 344.322590
240.166514 197.456497 294.833118 502.304891 210.454346 266.817943 319.805153 173.995972 188.815988 371.351921 348.119795 343.951198
240.071675 197.654695 294.584677 502.666342 210.418471 267.082118 320.043520 173.679770 188.801245 370.944387 347.994388 343.624009
240.017274 197.789847 294.354170 503.111773 210.382301 267.348474 320.286615 173.333076 188.785784 370.519869 347.878940 343.323845
239.931959 197.863872 294.157587 503.533837 210.347869 267.607192 320.609541 172.821912 188.769969 370.091361 347.783811 343.076509
239.879274 197.882852 293.947662 503.984547 210.311768 267.879611 320.797398 172.522813 188.754288 369.666450 347.696507 342.849519
239.604998 197.817148 293.723719 504.465352 210.276561 268.145288 320.934940 172.303824 188.738680 369.243538 347.632465 342.683010
239.530244 197.701332 293.490951 504.966213 210.241748 268.407991 321.034081 172.145976 188.722828 368.814030 347.580067 342.528038
239.534909 197.526103 293.468932 505.506765 210.207948 268.668793 321.090962 172.021515 188.707065 368.386921 347.538364 342.403642
239.377076 197.299706 293.541536 506.033753 210.185911 268.936286 321.110093 171.964436 188.691148 367.955615 347.498377 342.284366
239.170615 197.146996 293.730834 506.545675 210.163676 269.206172 321.345608 171.877296 188.675658 367.535900 347.473330 342.209653
238.949200 196.982615 294.024683 507.000325 210.142180 269.467088 321.456778 171.955983 188.659710 367.103795 347.401249 341.996618
238.754552 196.789204 294.376452 507.314470 210.120241 269.733386 321.605984 172.061593 188.644021 366.678684 347.374713 341.918397
238.567283 196.603123 294.769362 507.568876 210.103174 269.995017 321.775596 172.181646 188.628044 366.245779 347.357300 341.867070
238.372352 196.409430 295.168511 507.723907 210.086649 270.271724 321.976387 172.323768 188.612156 365.815272 347.343036 341.825023
238.188771 196.227014 295.578847 507.883283 210.070350 270.544638 322.194483 172.478138 188.596142 365.381367 347.331535 341.791121
