144.225200 569.497600 388.193549 332.497080 450.836190 162.121847 243.871661 321.295336 225.841694 248.707508 452.367400 379.927800
144.232507 569.461125 388.193549 332.497080 451.076861 162.470939 243.921974 321.199545 226.476804 249.041394 452.323601 379.918381
144.248259 569.382487 388.193549 332.497080 451.459208 162.659069 243.974891 321.098797 226.965827 249.285582 452.243630 379.901183
144.273478 569.256588 388.193549 332.497080 451.954951 162.680218 244.025949 321.001590 227.409044 249.506897 452.134720 379.877761
144.305336 569.097547 388.193549 332.497080 452.411207 162.650851 244.078957 320.909110 227.889107 249.755894 451.984162 379.845383
144.344069 568.904188 388.193549 332.497080 452.897002 162.619582 244.133505 320.814510 228.184457 249.908402 451.803688 379.806571
144.391129 568.669256 388.193549 332.497080 453.416528 162.586160 244.181959 320.730479 228.429337 250.034849 451.594276 379.761536
144.444868 568.400985 388.193549 332.497080 453.958652 162.551990 244.230913 320.645581 228.798624 250.232982 451.357490 379.710613
144.492812 568.147513 388.193549 332.497080 454.520737 162.516561 244.269276 320.579050 229.037215 250.363590 451.093134 379.653762
144.555758 567.761311 388.193549 332.497080 455.109568 162.479447 244.314533 320.500563 229.277034 250.494871 450.800817 379.590898
144.598675 567.497580 388.193549 332.497080 455.717561 162.441124 244.358891 320.423636 229.517905 250.626727 450.481321 379.522189
144.633465 567.283792 388.193549 332.497080 456.347882 162.416682 244.393259 320.364034 229.867977 250.816367 450.137189 379.448182
144.656530 567.142057 388.193549 332.497080 457.005406 162.391650 244.422131 320.313962 230.106474 250.942080 449.771549 379.369549
144.670375 567.056976 388.193549 332.497080 457.687912 162.365666 244.450904 320.264063 230.337016 251.064429 449.380471 379.296015
144.567909 566.893917 388.193549 332.497080 458.386408 162.339137 244.475381 320.221615 230.576660 251.194359 448.948204 379.248836
144.403053 566.857642 388.193549 332.497080 459.110090 162.311745 244.499757 320.179339 230.807881 251.314542 448.512669 379.277246
144.197764 566.812470 388.193549 332.497080 459.795199 162.285813 244.516042 320.151098 231.043882 251.435953 448.100875 379.395366
143.968060 566.761926 388.193549 332.497080 460.397768 162.263005 244.532726 320.122164 231.274548 251.554620 447.765621 379.676242
143.710032 566.705149 388.193549 332.497080 460.918195 162.243307 244.559601 320.075557 231.506458 251.673927 447.433647 379.960736
143.453763 566.648759 388.193549 332.497080 461.354283 162.226800 244.584877 320.031722 231.748150 251.798266 447.102435 380.239597
143.184993 566.589618 388.193549 332.497080 461.850124 162.241016 244.600861 320.004000 231.988064 251.921690 446.765629 380.514892
142.916418 566.530521 388.193549 332.497080 462.281545 162.171414 244.625538 319.961205 232.385143 252.105980 446.423714 380.794364
142.648429 566.471552 388.193549 332.497080 462.719878 162.100698 244.646318 319.925167 232.632800 252.216010 446.082573 381.073203
142.391769 566.415076 388.193549 332.497080 463.149720 162.031351 244.672693 319.879427 232.873696 252.323036 445.745303 381.348877
142.127442 566.351025 388.193549 332.497080 463.580154 161.961909 244.704163 319.824850 233.113677 252.429655 445.413608 381.619995
141.867116 566.285689 388.193549 332.497080 463.998996 161.853538 244.731937 319.776684 233.356034 252.537330 445.077732 381.894531
141.629292 566.226001 388.193549 332.497080 464.387729 161.675894 244.761709 319.725052 233.603510 252.647279 444.737985 382.172231
141.445007 566.179750 388.193549 332.497080 464.783437 161.484397 244.797075 319.663718 233.854640 252.758852 444.403812 382.445374
141.333660 566.151805 388.193549 332.497080 465.129284 161.219234 244.829744 319.607062 234.101567 252.868557 444.069330 382.718770
141.269646 566.135738 388.193549 332.497080 465.462828 160.937542 244.861614 319.551792 234.345445 252.976747 443.725866 382.999508
141.155808 566.259177 388.193549 332.497080 465.693405 160.569211 244.888289 319.505532 234.567687 253.144315 443.382712 383.279992
141.133707 566.398637 388.193549 332.497080 465.855228 160.167803 244.914963 319.459272 234.805653 253.249063 443.049778 383.552123
141.106441 566.570689 388.193549 332.497080 466.074562 159.789697 244.942437 319.411625 235.041422 253.352845 442.719029 383.821867
141.075449 566.766249 388.193549 332.497080 466.380053 159.479119 244.964916 319.372642 235.281951 253.458722 442.384665 384.090645
141.039761 566.991438 388.193549 332.497080 466.767448 159.286168 245.007675 319.298487 235.531815 253.568708 442.050145 384.359548
140.997437 567.258506 388.193549 332.497080 467.177006 159.146368 245.060325 319.207179 235.758797 253.668622 441.716404 384.627825
140.943119 567.704284 388.193549 332.497080 467.578914 158.984178 245.125863 319.093520 235.914573 253.737193 441.374713 384.902492
140.920659 567.962308 388.193549 332.497080 467.929031 158.729814 245.211582 318.944863 236.020194 253.783685 441.034581 385.175906
140.896915 568.235077 388.193549 332.497080 468.170311 158.384355 245.316282 318.763287 236.077122 253.808744 440.696476 385.447691
140.873154 568.508044 388.191028 332.508198 468.281898 157.964118 245.436169 318.555375 236.125704 254.108356 440.363047 385.715717
140.851075 568.761685 388.182535 332.545647 468.394820 157.538855 245.644885 318.283388 236.076715 254.229635 440.027591 385.985372
140.834234 568.955154 388.175148 332.578220 468.469417 157.043753 245.748199 318.061457 236.020310 254.369273 439.688862 386.257658
140.823932 569.073506 388.168292 332.608452 468.510320 156.608689 245.840877 317.862372 235.965702 254.504461 439.354810 386.526185
140.817341 569.149220 388.163471 332.629712 468.550004 156.173495 245.919290 317.693929 235.904577 254.655782 439.016393 386.798221
140.586920 569.293226 388.161525 332.638294 468.590306 155.731529 245.969512 317.586046 235.845176 254.802838 438.670649 387.076146
140.427149 569.275060 388.160994 332.640635 468.626467 155.334974 246.033070 317.449515 235.788546 254.943032 438.352808 387.331641
140.224654 569.252035 388.160419 332.643171 468.655653 155.014902 246.106925 317.290863 235.732889 255.080816 438.102775 387.532630
139.990960 569.225463 388.160374 332.643366 468.678302 154.766532 246.174656 317.150108 235.674761 255.224719 437.912912 387.685250
139.733703 569.217480 388.160374 332.643366 468.693176 154.603409 246.237474 317.026561 235.612588 255.378636 437.765761 387.803538
139.475517 569.214819 388.160374 332.643366 468.703765 154.487291 246.291227 316.920842 235.554984 255.521241 437.659043 388.024911
139.215531 569.212139 388.160374 332.643366 468.709159 154.428136 246.365013 316.775723 235.496631 255.665701 437.486800 388.081200
138.941945 569.209319 388.160374 332.643366 468.718432 154.260030 246.375144 316.609790 235.440450 255.804783 437.399400 387.950400
138.666360 569.206479 388.160374 332.643366 468.722453 154.124290 246.473243 316.445627 235.409139 255.882297 437.422311 387.769146
138.395574 569.203688 388.160374 332.643366 468.727624 153.949766 246.588394 316.263117 235.396330 255.914008 437.501507 387.631878
138.117989 569.200827 388.160374 332.643366 468.733606 153.747855 246.640824 316.056884 235.389288 255.931440 437.506829 387.539631
137.851403 569.198079 388.160374 332.643366 468.740370 153.519555 246.762994 315.863195 235.387940 255.934778 437.518092 387.406727
137.588817 569.195373 388.160374 332.643366 468.747963 153.263267 246.864784 315.701816 235.386966 255.937188 437.535155 387.227939
137.325631 569.192660 388.160374 332.643366 468.756622 152.970996 246.961880 315.547879 235.471558 256.030769 437.555752 387.012120
137.065445 569.189978 388.160374 332.643366 468.766442 152.639541 247.050973 315.406630 235.560091 256.057219 437.580035 386.757676
136.808059 569.187325 388.160374 332.643366 468.777133 152.278699 247.149883 315.249818 235.693466 256.097065 437.605287 386.493078
136.543673 569.184600 388.160374 332.643366 468.788428 151.897467 247.258502 315.077612 235.862102 256.147446 437.629798 386.236245
136.078205 569.179980 388.160374 332.643366 468.800464 151.491245 247.373523 314.895256 236.065805 256.208303 437.656000 385.961693
135.815019 569.177274 388.160374 332.643366 468.813109 151.064432 247.490678 314.709517 236.298828 256.277920 437.680929 385.700479
135.543434 569.174482 388.160374 332.643366 468.826382 150.616429 247.626505 314.494176 236.564045 256.357155 437.706827 385.429112
135.283847 569.171813 388.160374 332.643366 468.840224 150.149234 247.803313 314.215238 236.812782 256.431466 437.732934 385.155555
135.015261 569.169052 388.160374 332.643366 468.854723 149.659849 247.948169 313.992140 237.075125 256.509842 437.757578 384.897329
134.739676 569.166219 388.160374 332.643366 468.869749 149.152671 248.090083 313.773570 237.329610 256.585871 437.783096 384.629944
