208.475524 458.567127 396.970779 261.286298 394.455600 379.404800 456.863435 243.672031 409.094200 352.874400 471.294914 105.930005
208.725006 458.215674 396.988594 261.250708 394.478146 379.371276 457.110900 243.753722 409.137414 352.897498 471.294914 105.930005
209.030754 457.784824 397.020644 261.186681 394.517210 379.313190 457.367482 243.838422 409.220844 352.942093 471.294914 105.930005
209.304047 457.405951 397.045405 261.000630 394.570896 379.233364 457.623688 243.873582 409.339550 353.005543 471.294914 105.930005
209.602658 457.012419 397.122075 260.858831 394.639873 379.130801 457.881090 243.863501 409.494769 353.088509 471.294914 105.930005
209.915293 456.600406 397.213680 260.689410 394.727378 379.000689 458.153480 243.852789 409.673446 353.184014 471.294914 105.930005
210.231072 456.184250 397.322566 260.490464 394.836535 378.838381 458.418472 243.842296 409.829017 353.267168 471.294914 105.930005
210.547938 455.766660 397.447226 260.254352 394.969243 378.641055 458.692198 243.845838 409.937140 353.324961 471.294914 105.930005
210.860936 455.354169 397.569739 260.022309 395.117354 378.420827 458.953145 243.851076 409.999580 353.358336 471.294914 105.930005
211.126301 455.004451 397.695334 259.784428 394.883104 378.182089 459.213893 243.856310 410.020923 353.369744 471.294914 105.930005
211.390458 454.656327 397.818368 259.549722 394.653136 378.028033 459.478640 243.861624 410.032035 353.375684 471.294914 105.930005
211.673668 454.246606 397.942191 259.312493 394.657882 377.823268 459.737987 243.866830 410.036444 353.378041 471.294914 105.930005
211.850768 453.853453 398.061943 259.083065 394.793645 377.600123 459.997535 243.872040 410.036444 353.378041 471.294914 105.930005
212.023679 453.469601 398.182013 258.846190 394.929825 377.376295 460.266681 243.877443 410.036444 353.378041 471.294914 105.930005
212.199575 453.069137 398.295312 258.611286 395.068499 377.148366 460.538548 243.899510 410.036444 353.378041 471.294914 105.930005
212.370138 452.675937 398.407568 258.378543 395.209149 376.917191 460.795195 243.927787 410.036444 353.378041 471.294914 105.930005
212.543964 452.275215 398.521475 258.142378 395.344289 376.695071 461.056215 243.956544 410.036444 353.378041 471.294914 105.930005
212.691952 451.890995 398.634079 257.905146 395.482756 376.467484 461.515328 244.004604 410.036444 353.378041 471.294914 105.930005
212.797436 451.565459 398.752196 257.655919 395.626420 376.231353 461.787216 244.029210 410.036444 353.378041 471.294914 105.930005
212.887570 451.287297 398.870251 257.419374 395.768837 375.997273 462.043967 244.052447 410.036444 353.378041 471.294914 105.930005
212.968579 451.037295 398.994059 257.178308 395.910006 375.765244 462.300120 244.075629 410.036444 353.378041 471.294914 105.930005
213.215576 450.760831 399.114760 256.943291 396.054294 375.528088 462.562647 244.099387 410.036444 353.378041 471.294914 105.930005
213.367062 450.577269 399.235553 256.708097 396.194424 375.297767 462.837353 244.097625 410.036444 353.378041 471.294914 105.930005
213.489916 450.367721 399.357899 256.469878 396.334762 375.067104 463.090206 244.048397 410.036444 353.378041 471.294914 105.930005
213.588987 450.211248 399.478509 256.235039 396.469486 374.845668 463.356800 243.996493 410.036444 353.378041 471.294914 105.930005
213.652539 450.110875 399.597565 256.003224 396.612838 374.610050 463.623787 243.944513 410.036444 353.378041 471.294914 105.930005
213.728180 449.991408 399.723474 255.758067 396.747147 374.389298 463.879266 243.894192 410.036444 353.378041 471.294914 105.930005
213.788201 449.896612 399.848107 255.515851 396.942466 374.036478 464.133762 243.832780 410.036444 353.378041 471.294914 105.930005
213.815269 449.853860 400.048156 255.112514 397.094298 373.806800 464.390590 243.770805 410.036444 353.378041 471.294914 105.930005
214.050011 449.800633 400.163123 254.877530 397.242869 373.575626 464.755223 243.660282 410.036444 353.378041 471.294914 105.930005
214.145310 449.868509 400.282924 254.632666 397.431516 373.387559 465.144481 243.507435 410.036444 353.378041 471.294914 105.930005
214.269932 449.957269 400.402549 254.388162 397.624580 373.195392 465.578932 243.256932 410.036444 353.378041 471.294914 105.930005
214.431370 450.072252 400.516286 254.155693 397.818353 373.002520 465.805807 243.101874 410.036444 353.378041 471.294914 105.930005
214.621697 450.190431 400.694299 253.806223 398.009716 372.812046 466.019801 242.955618 410.036444 353.378041 471.294914 105.930005
214.849028 450.324264 400.820516 253.563702 398.193566 372.629050 466.243703 242.802590 410.036444 353.378041 471.294914 105.930005
215.023446 450.426947 400.943133 253.328099 398.384929 372.438577 466.466780 242.650127 410.036444 353.378041 471.294914 105.930005
215.141004 450.496122 401.067596 253.088948 398.539437 372.284787 466.686224 242.500147 410.036444 353.378041 471.294914 105.930005
215.216882 450.536599 401.191505 252.850862 398.642631 372.182072 466.912437 242.345540 410.036444 353.378041 471.294914 105.930005
215.420847 450.626885 401.319477 252.604970 398.701599 372.123378 467.134853 242.193529 410.036444 353.378041 471.294914 105.930005
215.568354 450.680066 401.494927 252.262818 398.959878 372.103065 467.350995 242.045805 410.036444 353.378041 471.294914 105.930005
215.752360 450.746407 401.614219 252.025067 399.152112 372.287190 467.579850 241.889393 410.036444 353.378041 471.294914 105.930005
215.964399 450.822855 401.737816 251.778736 399.289589 372.415718 467.799459 241.739300 410.036444 353.378041 471.294914 105.930005
216.203074 450.915644 401.856929 251.541343 399.457162 372.572382 468.018408 241.589658 410.036444 353.378041 471.294914 105.930005
216.430824 451.032105 401.976490 251.303056 399.655561 372.757865 468.233228 241.442838 410.036444 353.378041 471.294914 105.930005
216.595539 451.116332 402.159651 250.949042 399.873684 372.961788 468.457626 241.289472 410.036444 353.378041 471.294914 105.930005
216.720187 451.180072 402.282950 250.720819 400.115036 373.187428 468.670219 241.144000 410.036444 353.378041 471.294914 105.930005
216.776991 451.209119 402.410527 250.484678 400.471513 373.526706 468.897988 240.988124 410.036444 353.378041 471.294914 105.930005
217.049675 451.355667 402.539340 250.246249 400.762835 373.810640 469.117174 240.838122 410.036444 353.378041 471.294914 105.930005
217.143888 451.449827 402.823019 249.705744 401.078504 374.118304 469.336690 240.687893 410.036444 353.378041 471.294914 105.930005
217.266959 451.572830 403.005370 249.351144 401.395462 374.427225 469.551750 240.540715 410.036444 353.378041 471.294914 105.930005
217.407146 451.712939 403.185967 248.996638 401.699818 374.738760 469.775063 240.387888 410.036444 353.378041 471.294914 105.930005
217.578455 451.884153 403.291386 248.746766 402.002721 375.057071 469.988967 240.241500 410.036444 353.378041 471.294914 105.930005
217.774944 452.080533 403.394389 248.503258 402.306588 375.376397 470.201716 240.095903 410.036444 353.378041 471.294914 105.930005
217.961955 452.267440 403.607654 248.072171 402.604114 375.689059 470.426101 239.942165 410.036444 353.378041 471.294914 105.930005
218.283559 452.588743 403.731881 247.830422 402.937809 375.970441 470.650092 239.788206 410.036444 353.378041 471.294914 105.930005
218.467591 452.772689 403.852178 247.596322 403.294940 376.226086 470.886511 239.668643 410.036444 353.378041 471.294914 105.930005
218.659828 452.964836 403.977152 247.351137 403.654510 376.483477 471.136420 239.586061 410.036444 353.378041 471.294914 105.930005
218.853996 453.152156 404.094221 247.119433 403.983506 376.718983 471.397723 239.499714 410.036444 353.378041 471.294914 105.930005
219.048325 453.339026 404.211110 246.888085 404.234603 376.898726 471.654468 239.414873 410.036444 353.378041 471.294914 105.930005
219.374165 453.652295 404.327710 246.650582 404.438213 377.044477 471.912353 239.329655 410.036444 353.378041 471.294914 105.930005
219.564180 453.834996 404.439617 246.415233 404.582789 377.147969 472.164863 239.248631 410.036444 353.378041 471.294914 105.930005
219.754483 454.017973 404.559829 246.174640 404.663940 377.206060 472.427452 239.214479 410.036444 353.378041 471.294914 105.930005
220.119710 454.301738 404.685142 245.934579 404.884857 377.224728 472.881023 239.153090 410.036444 353.378041 471.294914 105.930005
220.336093 454.446965 404.805886 245.703188 405.019847 377.107786 473.141233 239.114885 410.036444 353.378041 471.294914 105.930005
220.565262 454.600774 404.925795 245.456163 405.178571 376.970284 473.397673 239.077161 410.036444 353.378041 471.294914 105.930005
220.793270 454.753803 405.044676 245.220892 405.363446 376.810126 473.667569 239.037458 410.036444 353.378041 471.294914 105.930005
221.009487 454.898918 405.165090 244.982587 405.572508 376.629017 473.936475 238.997899 410.036444 353.378041 471.294914 105.930005
221.237660 455.052058 405.283798 244.751946 405.808326 376.424728 474.202215 238.958807 410.036444 353.378041 471.294914 105.930005
221.451718 455.195725 405.409474 244.510045 406.064702 376.202629 474.476661 238.918434 410.036444 353.378041 471.294914 105.930005
221.669595 455.341955 405.536626 244.265305 406.435964 375.892977 474.740422 238.879633 410.036444 353.378041 471.294914 105.930005
222.050727 455.595013 405.659998 244.027840 406.736203 375.650381 475.014205 238.838879 410.061844 353.391617 471.294914 105.930005
222.270093 455.739001 405.786043 243.785229 407.053553 375.393958 475.273284 238.799866 410.103823 353.414055 471.294914 105.930005
222.499635 455.881428 405.908308 243.549895 407.398905 375.114910 475.508235 238.764486 410.401092 353.458463 471.294914 105.930005
222.900875 456.090155 406.032325 243.311188 407.738656 374.840386 475.670012 238.740126 410.489997 353.385518 471.294914 105.930005
223.141724 456.215688 406.152193 243.080468 408.081986 374.562972 475.788476 238.722287 410.599466 353.295701 471.294914 105.930005
223.391331 456.331826 406.275933 242.842294 408.413959 374.294733 476.039191 238.680071 410.743261 353.177721 471.294914 105.930005
223.647000 456.403439 406.400411 242.602700 408.757445 374.017193 476.160048 238.659474 410.911639 353.039571 471.294914 105.930005
223.920440 456.395962 406.524244 242.364349 409.242299 373.619621 476.197294 238.654344 411.109549 352.877190 471.294914 105.930005
224.180280 456.363986 406.646970 242.128127 409.574295 373.342899 476.223064 238.650895 411.315345 352.708339 471.294914 105.930005
224.442303 456.331741 406.773561 241.882257 409.907521 373.065152 476.234364 238.649383 411.524233 352.536951 471.294914 105.930005
224.691494 456.262190 406.910784 241.612112 410.250792 372.790934 476.242095 238.648348 411.732812 352.365817 471.294914 105.930005
224.946601 456.184070 407.059782 241.318785 410.600040 372.517750 476.242689 238.648268 411.893614 352.233883 471.294914 105.930005
225.195599 456.063760 407.225900 240.991757 410.939048 372.252575 476.242888 238.648242 412.012051 352.136708 471.294914 105.930005
225.426867 455.951214 407.397456 240.654706 411.273861 371.970318 476.242888 238.648242 412.134971 352.035854 471.294914 105.930005
225.664283 455.850306 407.570556 240.315523 411.601005 371.688488 476.242888 238.648242 412.221557 351.964813 471.294914 105.930005
225.918410 455.743652 407.745384 239.972956 411.924816 371.409530 476.242888 238.648242 412.591671 351.796602 471.294914 105.930005
226.166680 455.644983 407.914665 239.641255 412.141786 371.032571 476.242888 238.648242 412.737661 351.809965 471.294914 105.930005
226.417850 455.549800 408.085765 239.305991 412.325316 370.632895 476.242888 238.648242 412.886239 351.823566 471.294914 105.930005
226.663773 455.471804 408.261684 238.961286 412.510091 370.246452 476.242888 238.648242 413.175731 351.855428 471.294914 105.930005
226.932231 455.419011 408.432238 238.627091 412.707993 369.849444 476.242888 238.648242 413.375452 351.881381 471.294914 105.930005
227.195501 455.427529 408.606611 238.285414 412.991520 369.540374 476.242888 238.648242 413.786541 351.934548 471.294914 105.930005
227.452136 455.466654 408.749891 238.004662 413.411103 369.538246 476.242888 238.648242 414.045782 351.968078 471.294914 105.930005
227.699620 455.535097 408.858715 237.791426 413.833878 369.667870 476.242888 238.648242 414.300262 352.000993 471.294914 105.930005
227.940427 455.626584 408.933810 237.644280 414.233898 369.790518 476.242888 238.648242 414.570213 352.035908 471.294914 105.930005
228.187964 455.720629 408.980267 237.553249 414.552270 369.888132 476.242888 238.648242 414.834016 352.070028 471.294914 105.930005
228.441671 455.817017 409.003814 237.507111 414.804864 369.965578 476.242888 238.648242 415.103372 352.104866 471.294914 105.930005
228.876321 456.025494 409.007905 237.499094 414.985561 370.020981 476.242888 238.648242 415.552596 352.154433 471.294914 105.930005
229.110847 456.155604 409.010814 237.493394 415.100098 370.056098 476.242888 238.648242 415.808795 352.179266 471.294914 105.930005
229.350795 456.288721 409.011451 237.492147 415.151344 370.071810 476.242888 238.648242 416.083308 352.205875 471.294914 105.930005
229.587595 456.420092 409.011814 237.491434 415.187483 370.082891 476.242888 238.648242 416.349461 352.231674 471.294914 105.930005
229.828243 456.553598 409.020360 237.474689 415.201251 370.087112 476.242888 238.648242 416.620988 352.257993 471.294914 105.930005
230.063644 456.684193 409.041180 237.433894 415.203354 370.087757 476.242888 238.648242 416.892516 352.284312 471.294914 105.930005
230.297646 456.814011 409.073454 237.370654 415.554594 370.183525 476.242888 238.648242 417.159863 352.310226 471.294914 105.930005
230.531298 456.943636 409.122093 237.275347 415.626797 370.200625 476.242888 238.648242 417.366693 352.330275 471.294914 105.930005
230.763026 457.072193 409.281715 236.964282 415.737923 370.226943 476.242888 238.648242 417.524952 352.345615 471.294914 105.930005
231.000176 457.203758 409.360123 236.812318 415.890502 370.263079 476.242888 238.648242 417.618314 352.354664 471.294914 105.930005
231.229281 457.330860 409.456781 236.624985 416.082005 370.308433 476.242888 238.648242 417.718644 352.364389 471.294914 105.930005
231.463808 457.460970 409.573340 236.399083 416.303673 370.360932 476.242888 238.648242 417.817580 352.373979 471.294914 105.930005
231.690464 457.586714 409.692466 236.168204 416.561734 370.422050 476.242888 238.648242 418.113987 352.271842 471.294914 105.930005
231.928663 457.718861 409.813610 235.933415 416.841982 370.488422 476.242888 238.648242 418.212273 352.142561 471.294914 105.930005
232.162490 457.848583 409.932461 235.703069 417.162515 370.564335 476.242888 238.648242 418.328111 351.990194 471.294914 105.930005
232.586774 458.048981 410.048013 235.468829 417.513909 370.663400 476.242888 238.648242 418.463315 351.812353 471.294914 105.930005
232.822766 458.157628 410.164677 235.230222 417.838567 370.849472 476.242888 238.648242 418.612803 351.615725 471.294914 105.930005
233.067840 458.270457 410.285382 234.983351 418.112729 371.084233 476.242888 238.648242 418.780689 351.394897 471.294914 105.930005
233.304013 458.379188 410.407228 234.734144 418.248623 371.433461 476.242888 238.648242 418.936955 351.189354 471.294914 105.930005
233.501308 458.470020 410.519675 234.504162 418.293709 371.814200 476.242888 238.648242 419.093462 350.983491 471.294914 105.930005
233.629205 458.528902 410.633703 234.270946 418.224561 372.182858 476.242888 238.648242 419.259654 350.764892 471.294914 105.930005
233.711139 458.566623 410.746504 234.042922 418.105002 372.541452 476.242888 238.648242 419.524735 350.396751 471.294914 105.930005
234.128813 458.755281 410.857109 233.820283 417.977530 372.900092 476.242888 238.648242 419.666506 350.176898 471.294914 105.930005
234.261200 458.813939 410.970740 233.591553 417.831034 373.256996 476.242888 238.648242 419.811854 349.951498 471.294914 105.930005
234.422141 458.885171 411.092202 233.347062 417.686436 373.609275 476.242888 238.648242 419.959045 349.723240 471.294914 105.930005
234.623317 458.974212 411.209463 233.111650 417.544876 373.954152 476.242888 238.648242 420.105910 349.495487 471.294914 105.930005
234.848451 459.073856 411.332779 232.864954 417.400809 374.305135 476.242888 238.648242 420.251692 349.269414 471.294914 105.930005
235.112723 459.190823 411.445097 232.640263 417.256819 374.655934 476.242888 238.648242 420.526337 348.885714 471.294914 105.930005
235.406623 459.320903 411.566508 232.396421 417.112828 375.006732 476.242888 238.648242 420.686741 348.683383 471.294914 105.930005
235.720092 459.459645 411.675918 232.166528 416.969370 375.356235 476.242888 238.648242 420.850375 348.476977 471.294914 105.930005
236.055507 459.608100 411.785585 231.936093 416.827885 375.700927 476.242888 238.648242 421.022582 348.259757 471.294914 105.930005
236.415063 459.767239 411.900752 231.694100 416.685110 376.048765 476.242888 238.648242 421.188012 348.049684 471.294914 105.930005
236.798810 459.941827 412.019407 231.456069 416.642792 376.325500 476.242888 238.648242 421.358067 347.836054 471.294914 105.930005
237.201466 460.126057 412.142934 231.216658 416.500857 376.671304 476.242888 238.648242 421.538197 347.626938 471.294914 105.930005
237.592845 460.305128 412.259995 230.989440 416.358769 377.017479 476.242888 238.648242 421.720921 347.420579 471.294914 105.930005
237.992408 460.487943 412.381811 230.752972 416.217441 377.361803 476.242888 238.648242 421.909893 347.242294 471.294914 105.930005
238.381605 460.666016 412.503002 230.517758 416.070342 377.720189 476.242888 238.648242 422.100535 347.064387 471.294914 105.930005
238.783169 460.849746 412.625209 230.280592 415.928938 378.064698 476.242888 238.648242 422.312043 346.888946 471.294914 105.930005
239.177198 461.041922 412.751287 230.035971 415.783205 378.419754 476.242888 238.648242 422.522935 346.714016 471.294914 105.930005
239.561725 461.229867 412.875991 229.794017 415.642636 378.762228 476.242888 238.648242 422.729438 346.550901 471.294914 105.930005
239.958650 461.423872 413.000684 229.552057 415.499106 379.111918 476.242888 238.648242 422.992114 346.475807 471.294914 105.930005
240.355575 461.617876 413.121070 229.318453 415.354057 379.465308 476.242888 238.648242 423.239600 346.405055 471.294914 105.930005
240.747828 461.809598 413.244114 229.079693 415.207717 379.821844 476.242888 238.648242 423.506315 346.328806 471.294914 105.930005
241.146909 462.004656 413.367524 228.840222 415.065629 380.168018 476.242888 238.648242 423.763655 346.295773 471.294914 105.930005
241.539881 462.196729 413.486719 228.608929 414.922403 380.516968 476.242888 238.648242 424.037988 346.273951 471.294914 105.930005
241.923330 462.384146 413.611595 228.366614 414.775607 380.874614 476.242888 238.648242 424.301755 346.252969 471.294914 105.930005
242.315992 462.575024 413.726760 228.143143 414.629802 381.229856 476.242888 238.648242 424.561335 346.232320 471.294914 105.930005
242.702508 462.761160 413.846413 227.910961 414.485910 381.580479 476.242888 238.648242 424.836267 346.210450 471.294914 105.930005
243.092988 462.949204 413.970739 227.669712 414.340884 381.929540 476.242888 238.648242 425.112594 346.188470 471.294914 105.930005
243.492658 463.141674 414.095066 227.428464 414.194716 382.269880 476.242888 238.648242 425.387525 346.166600 471.294914 105.930005
243.882778 463.329545 414.214444 227.196815 414.043260 382.622532 476.242888 238.648242 425.662258 346.144746 471.294914 105.930005
244.277223 463.519499 414.340969 226.951300 413.893303 382.971692 476.242888 238.648242 425.938784 346.122749 471.294914 105.930005
244.670586 463.708932 414.466255 226.708295 413.765761 383.268662 476.242888 238.648242 426.205541 346.101530 471.294914 105.930005
245.063949 463.898365 414.581279 226.485202 413.658502 383.518404 476.242888 238.648242 426.467808 346.075061 471.294914 105.930005
245.458034 464.088145 414.697402 226.259976 413.537643 383.813635 476.242888 238.648242 426.736627 346.047782 471.294914 105.930005
245.856571 464.281921 414.815909 226.030128 413.443184 384.056728 476.242888 238.648242 426.994304 346.021634 471.294914 105.930005
246.230653 464.492745 414.989841 225.836718 413.346263 384.306160 476.242888 238.648242 427.454752 345.976787 471.294914 105.930005
246.611705 464.707498 415.115450 225.592980 413.246950 384.561743 476.242888 238.648242 427.666664 345.957418 471.294317 105.932741
246.986135 464.918519 415.217598 225.394751 413.149811 384.811733 476.242888 238.648242 427.819833 345.945919 471.293040 105.938603
247.361088 465.129835 415.306187 225.222834 413.045506 385.067461 476.242888 238.648242 427.903797 345.939615 471.290186 105.951696
247.733253 465.339579 415.378744 225.082029 412.941596 385.316665 476.242888 238.648242 428.202179 345.919765 471.287119 105.965765
248.118312 465.556591 415.463853 224.916868 412.840996 385.557932 476.242888 238.648242 428.349490 345.914654 471.283499 105.982375
248.500757 465.772129 415.555923 224.738195 412.736932 385.807505 476.242888 238.648242 428.522186 345.908661 471.281071 105.993514
248.883551 465.987863 415.640941 224.573212 412.631329 386.060771 476.242888 238.648242 428.718868 345.901836 471.274895 106.021848
249.257219 466.205281 415.711522 224.436339 412.528342 386.307760 476.242888 238.648242 428.946730 345.893929 471.270380 106.042562
249.624101 466.432605 415.761387 224.339639 412.423278 386.559733 476.242888 238.648242 429.215169 345.884614 471.267612 106.055264
249.996083 466.663090 415.812718 224.240095 412.320907 386.805245 476.242888 238.648242 429.511790 345.874321 471.265227 106.066207
250.368404 466.893786 415.873556 224.122050 412.216074 387.056665 476.242888 238.648242 429.832597 345.863189 471.263949 106.072069
250.723363 467.132513 415.940793 223.991553 412.113319 387.303100 476.242888 238.648242 430.178847 345.847707 471.263480 106.074219
251.076628 467.398824 415.980640 223.914214 412.012564 387.544736 476.242888 238.648242 430.555822 345.829815 471.263182 106.075587
251.424303 467.660922 416.033495 223.811630 411.911272 387.787664 476.242888 238.648242 430.966861 345.843652 471.263012 106.076368
251.767322 467.920770 416.069220 223.742292 411.806409 388.044650 476.242888 238.648242 431.395251 345.866522 471.262927 106.076759
252.074127 468.230554 416.088731 223.704423 411.712198 388.305136 476.242888 238.648242 432.013072 345.933378 471.262927 106.076759
252.378117 468.537497 416.095876 223.690556 411.624312 388.548132 476.242888 238.648242 432.439262 345.987402 471.262927 106.076759
252.690270 468.852682 416.101281 223.680066 411.532890 388.800907 476.242888 238.648242 432.877356 346.042935 471.262927 106.076759
252.978437 469.189721 416.102929 223.676866 411.438815 389.061018 476.242888 238.648242 433.307314 346.094168 471.262927 106.076759
253.250786 469.540380 416.103662 223.675444 411.344536 389.321692 476.242888 238.648242 433.740654 346.145762 471.262927 106.076759
253.516510 469.882510 416.104120 223.674555 411.254134 389.571646 476.242888 238.648242 434.174986 346.197475 471.262927 106.076759
253.760843 470.246114 416.104120 223.674555 411.192236 389.837306 476.242888 238.648242 434.600183 346.248100 471.262927 106.076759
253.983538 470.614890 416.104120 223.674555 411.147893 390.090451 476.242888 238.648242 435.041069 346.300593 471.262927 106.076759
254.204165 470.980241 416.104120 223.674555 411.103309 390.344976 476.242888 238.648242 435.713508 345.836228 471.262927 106.076759
254.426117 471.360279 416.104120 223.674555 411.056309 390.613291 476.242888 238.648242 435.972440 345.445665 471.262927 106.076759
254.607106 471.747907 416.104120 223.674555 411.018057 390.884484 476.242888 238.648242 436.245076 345.034431 471.262927 106.076759
254.788264 472.135898 416.104120 223.674555 410.987988 391.148779 476.242888 238.648242 436.532853 344.600360 471.262927 106.076759
254.972807 472.531138 416.104120 223.674555 410.958078 391.411683 476.242888 238.648242 436.834112 344.145953 471.262927 106.076759
255.150402 472.933694 416.104120 223.674555 410.928937 391.667831 476.242888 238.648242 437.182501 343.495737 471.262927 106.076759
255.274801 473.356993 416.104120 223.674555 410.899162 391.929542 476.242888 238.648242 437.483633 343.034542 471.262927 106.076759
255.395309 473.767052 416.104120 223.674555 410.869433 392.190857 476.242888 238.648242 437.783233 342.575692 471.262927 106.076759
255.517961 474.184403 416.104120 223.674555 410.839025 392.458133 476.242888 238.648242 438.078897 342.122870 471.262927 106.076759
255.634850 474.609803 416.104120 223.674555 410.808844 392.723421 476.242888 238.648242 438.381778 341.658996 471.262927 106.076759
255.725751 475.039697 416.104120 223.674555 410.778482 392.990300 476.242888 238.648242 438.682690 341.198136 471.262927 106.076759
255.813813 475.461381 416.104120 223.674555 410.749159 393.248037 476.242888 238.648242 438.987697 340.752552 471.262927 106.076759
255.887890 475.892057 416.104120 223.674555 410.719859 393.505576 476.242888 238.648242 439.435049 340.425761 471.262927 106.076759
255.948223 476.333585 416.104120 223.674555 410.689881 393.769076 476.242888 238.648242 439.901326 340.131285 471.262927 106.076759
255.984909 476.686282 416.104120 223.674555 410.658660 394.043506 476.242888 238.648242 440.396462 339.904985 471.262927 106.076759
256.056208 477.143316 416.104120 223.674555 410.627846 394.314358 476.242888 238.648242 440.894873 339.677189 471.262927 106.076759
256.090137 477.350962 416.104120 223.674555 410.598161 394.575275 476.242888 238.648242 441.396557 339.447897 471.262927 106.076759
256.114746 477.501565 416.104120 223.674555 410.568206 394.838577 476.242888 238.648242 441.890420 339.222179 471.262927 106.076759
256.146093 477.694608 416.104120 223.674555 410.538160 395.102673 476.242888 238.648242 442.385556 338.995880 471.262927 106.076759
255.986582 477.844449 416.104120 223.674555 410.501833 395.369788 476.242888 238.648242 442.861319 338.729959 471.262927 106.076759
255.827146 477.868230 416.104120 223.674555 410.457120 395.678972 476.242888 238.648242 443.171248 338.112402 471.262927 106.076759
255.671864 477.891392 416.104120 223.674555 410.408743 396.013492 476.242888 238.648242 443.276096 337.578398 471.262927 106.076759
255.562870 477.907650 416.104120 223.674555 410.355499 396.381662 476.242888 238.648242 443.355706 337.044137 471.262927 106.076759
255.323626 477.943662 416.104120 223.674555 410.302027 396.751415 476.242888 238.648242 443.425766 336.502046 471.262927 106.076759
255.140045 477.972290 416.104120 223.674555 410.248640 397.120575 476.242888 238.648242 443.495647 335.961343 471.262927 106.076759
254.918522 478.006834 416.104120 223.674555 410.194309 397.496267 476.242888 238.648242 443.565323 335.422227 471.262927 106.076759
254.670124 478.045569 416.104120 223.674555 410.140321 397.869583 476.242888 238.648242 443.635871 334.876367 471.262927 106.076759
254.393048 478.096496 416.104120 223.674555 410.087220 398.236763 476.242888 238.648242 443.705623 334.336656 471.262927 106.076759
254.091783 478.158603 416.104120 223.674555 410.033776 398.606319 476.242888 238.648242 443.774915 333.800515 471.262927 106.076759
253.781744 478.279135 416.104120 223.674555 409.979731 398.980031 476.242888 238.648242 443.851185 333.090248 471.262927 106.076759
253.475275 478.473290 416.104120 223.674555 409.926288 399.349587 476.242888 238.648242 443.920983 332.322262 471.262927 106.076759
253.328376 478.807547 416.104120 223.674555 409.872328 399.722705 476.242888 238.648242 443.973025 331.770515 471.262927 106.076759
253.412347 479.159595 416.104120 223.674555 409.817425 400.102356 476.242888 238.648242 444.070973 331.236009 471.262927 106.076759
253.607974 479.373166 416.104120 223.674555 409.761862 400.486559 476.242888 238.648242 444.225340 330.710618 471.262927 106.076759
253.829447 479.460309 416.104120 223.674555 409.707960 400.859282 476.242888 238.648242 444.385573 330.194369 471.262927 106.076759
253.992096 479.480104 416.104120 223.674555 409.653372 401.236755 476.242888 238.648242 444.552850 329.680510 471.262927 106.076759
254.092424 479.483900 416.104120 223.674555 409.640799 401.551176 476.242888 238.648242 444.729933 329.155601 471.262927 106.076759
254.299498 479.470304 416.104120 223.674555 409.641939 401.803174 476.242888 238.648242 444.873825 328.627135 471.262927 106.076759
254.477510 479.443621 416.104120 223.674555 409.642703 401.971772 476.242888 238.648242 444.982142 328.082808 471.262927 106.076759
254.686574 479.412283 416.104120 223.674555 409.643196 402.080771 476.242888 238.648242 445.090186 327.539853 471.262927 106.076759
254.923527 479.376765 416.104120 223.674555 409.643434 402.133370 476.242888 238.648242 445.198269 326.996703 471.262927 106.076759
255.200433 479.335258 416.104120 223.674555 409.643517 402.151770 476.242888 238.648242 445.303775 326.466499 471.262927 106.076759
255.513474 479.289284 416.104120 223.674555 409.643600 402.170000 476.242888 238.648242 445.409243 325.936490 471.262927 106.076759
255.850626 479.240943 416.104120 223.674555 409.643600 402.170000 476.242888 238.648242 445.565194 325.410621 471.262927 106.076759
256.221156 479.179496 416.104120 223.674555 409.643600 402.170000 476.242888 238.648242 445.721910 324.889265 471.262927 106.076759
256.621184 479.111295 416.104120 223.674555 409.643600 402.170000 476.242888 238.648242 445.878050 324.369825 471.262927 106.076759
257.049345 479.033138 416.104120 223.674555 409.643600 402.170000 476.242888 238.648242 446.037990 323.837744 471.262927 106.076759
257.470164 478.955066 416.104120 223.674555 409.643600 402.170000 476.242888 238.648242 446.195627 323.313324 471.262927 106.076759
257.885366 478.855394 416.104120 223.674555 409.643600 402.170000 476.242888 238.648242 446.355165 322.782583 471.262927 106.076759
258.314554 478.752283 416.104120 223.674555 409.643600 402.170000 476.242888 238.648242 446.510959 322.264293 471.262927 106.076759
258.731295 478.652163 416.274265 223.315304 409.643600 402.170000 476.242888 238.648242 446.667503 321.743512 471.262927 106.076759
259.142191 478.533839 416.315033 223.235291 409.643600 402.170000 476.242888 238.648242 446.826637 321.214112 471.262927 106.076759
259.567613 478.411006 416.376865 223.113936 409.643600 402.170000 476.242888 238.648242 446.984792 320.687968 471.262927 106.076759
259.974349 478.268539 416.452044 222.966384 409.643600 402.170000 476.242888 238.648242 447.142027 320.164889 471.262927 106.076759
260.374510 478.119542 416.546836 222.780341 409.643600 402.170000 476.242888 238.648242 447.300930 319.636255 471.262927 106.076759
260.787370 477.877541 416.656064 222.565964 409.643600 402.170000 476.242888 238.648242 447.457647 319.114900 471.262927 106.076759
261.071919 477.545300 416.777186 222.328242 409.643600 402.170000 476.242888 238.648242 447.616781 318.585500 471.262927 106.076759
261.170630 477.134886 416.900216 222.086778 409.643600 402.170000 476.242888 238.648242 447.775282 318.058207 471.262927 106.076759
261.000615 476.719050 417.024516 221.842820 409.643600 402.170000 476.242888 238.648242 447.933495 317.531872 471.262927 106.076759
260.675321 476.418919 417.143312 221.609301 409.643600 402.170000 476.242888 238.648242 448.111056 317.007185 471.262927 106.076759
260.373803 476.109371 417.258772 221.377237 409.643600 402.170000 476.242888 238.648242 448.288937 316.496265 471.262927 106.076759
260.114603 475.752091 417.374590 221.144457 409.643600 402.170000 476.242888 238.648242 448.468067 315.981756 471.262927 106.076759
259.961033 475.347746 417.491476 220.909529 409.643600 402.170000 476.242888 238.648242 448.649235 315.461392 471.262927 106.076759
259.914747 474.915513 417.606402 220.678540 409.643600 402.170000 476.242888 238.648242 448.829943 314.942350 471.262927 106.076759
