398.440495 289.930774 240.443600 228.522600 276.895708 310.554139 229.475468 351.431663 325.014144 188.122835 343.511853 218.996382
398.806853 289.286430 240.410782 228.561638 276.707524 310.458704 229.499075 351.387587 325.175125 188.214397 343.490700 219.017374
399.122912 288.595721 240.347591 228.636805 276.569557 310.388951 229.535053 351.320416 325.291194 188.279336 343.473949 219.033997
399.465992 287.898343 240.261748 228.738916 276.281455 310.384480 229.588501 351.220628 325.357868 188.316639 343.462450 219.045409
399.812130 287.164428 240.146949 228.875473 276.133996 310.443951 229.658851 351.089282 325.378289 188.328065 343.449390 219.058370
400.167359 286.434031 240.009756 229.038667 275.984311 310.504320 229.746483 350.925672 325.390158 188.334705 343.407511 219.099929
400.528275 285.691942 239.851456 229.226968 275.829989 310.566559 229.853755 350.725391 325.391030 188.335193 343.344907 219.162057
400.895051 284.937803 239.698691 229.408686 275.678264 310.627751 229.971793 350.505012 325.391379 188.335388 343.320064 219.186711
401.296072 284.187694 239.592385 229.535138 275.527652 310.688494 230.100879 350.264005 325.391379 188.335388 343.266544 219.239823
401.703211 283.428584 239.345780 229.555131 275.380935 310.747666 230.200666 349.911180 325.391379 188.335388 343.190737 219.315053
402.118479 282.654316 239.234001 229.443182 275.228282 310.809232 230.346581 349.608295 325.391379 188.335388 343.149995 219.355485
402.544492 281.885024 239.120526 229.329535 275.094734 310.863093 230.502131 349.285410 325.391379 188.335388 343.079866 219.425080
402.974432 281.116972 239.053402 229.262309 274.960259 310.917328 230.670093 348.936759 325.391379 188.335388 342.996393 219.507917
403.405446 280.347001 239.013127 229.221973 274.826331 310.976946 230.847778 348.567928 325.391379 188.335388 342.905964 219.597658
403.849793 279.582408 239.012374 229.053830 274.546999 311.077013 231.038049 348.172970 325.391379 188.335388 342.860111 219.643162
404.301318 278.821955 239.097432 228.951845 274.408964 311.015797 231.240646 347.752427 325.391379 188.335388 342.785590 219.716265
404.750903 278.064770 239.200296 228.828510 274.260508 310.949960 231.466465 347.318401 325.391379 188.335388 342.735055 219.762952
405.200999 277.306725 239.300598 228.708248 274.122107 310.888582 231.715529 346.861017 325.391379 188.335388 342.655581 219.836376
405.669221 276.558015 239.401541 228.587218 273.935787 310.970872 231.950151 346.430156 325.391379 188.335388 342.599023 219.888628
406.149991 275.811895 239.495310 228.474788 273.898906 311.150525 232.181807 346.004741 325.391379 188.335388 342.585655 219.900978
406.629135 275.068297 239.588951 228.362513 273.855629 311.361329 232.416333 345.574055 325.391379 188.335388 342.559065 219.925543
407.110121 274.321841 239.690021 228.241329 273.806199 311.602107 232.661285 345.135058 325.391379 188.335388 342.512203 219.968837
407.586882 273.581942 239.789427 228.122142 273.750414 311.873840 232.922913 344.701010 325.391379 188.335388 342.436254 220.039004
408.064293 272.841034 239.851299 228.047957 273.695112 312.143222 233.190220 344.257542 325.391379 188.335388 342.377934 220.092884
408.541812 272.099958 240.026921 228.032456 273.640453 312.409470 233.462482 343.805852 325.391379 188.335388 342.339005 220.128850
409.019006 271.359386 240.140735 228.143485 273.587243 312.668664 233.728963 343.363754 325.391379 188.335388 342.379649 220.181229
409.500534 270.545894 240.257556 228.257446 273.532463 312.935499 234.005562 342.904870 325.391379 188.335388 342.356885 220.202272
409.972894 269.800808 240.337727 228.335655 273.477523 313.203118 234.277308 342.454036 325.391379 188.335388 342.299903 220.254948
410.447610 269.052006 240.583806 228.560232 273.424071 313.463488 234.556797 341.990356 325.391379 188.335388 342.226031 220.323237
410.920612 268.305907 240.694745 228.654838 273.371584 313.719156 234.837939 341.523935 325.391379 188.335388 342.139970 220.402794
411.394172 267.558977 240.821358 228.762810 273.318253 313.978938 235.117406 341.075060 325.391379 188.335388 342.056700 220.479772
411.865626 266.815685 240.944319 228.867668 273.266168 314.232647 235.400435 340.630037 325.391379 188.335388 341.988849 220.542495
412.336513 266.069205 241.065301 228.970839 273.212636 314.493409 235.686792 340.179783 325.391379 188.335388 341.854349 220.676888
412.803240 265.315868 241.175023 229.064406 273.160028 314.749665 235.984739 339.711302 325.391379 188.335388 341.785137 220.751267
413.267334 264.566782 241.286114 229.159142 273.107260 315.006704 236.270881 339.261385 325.391379 188.335388 341.706387 220.835894
413.732376 263.816165 241.405666 229.250302 273.052601 315.272951 236.563570 338.801174 325.391379 188.335388 341.635948 220.911591
414.197417 263.065548 241.524917 229.338630 272.918646 315.710317 236.806779 338.418761 325.391379 188.335388 341.572458 220.979820
414.672117 262.314379 241.658311 229.437433 272.816842 315.958444 237.045803 338.042930 325.419442 188.541706 341.486351 221.072354
415.117953 261.612153 241.785277 229.531474 272.713065 316.211383 237.359291 337.647909 325.379114 188.607066 341.397655 221.167670
415.521123 260.977127 241.911117 229.624682 272.610655 316.460991 237.532114 337.246752 325.315577 188.710041 341.313319 221.258300
415.879593 260.412509 242.035029 229.716461 272.507864 316.711524 237.704304 336.847065 325.234922 188.840761 341.247785 221.328726
416.248960 259.887012 242.156209 229.806217 272.403859 316.965017 237.876969 336.446276 325.133682 189.004842 341.177709 221.401427
416.539341 259.422137 242.273049 229.892759 272.300462 317.217031 238.049950 336.044753 325.019736 189.189518 341.092879 221.484884
416.824710 258.961345 242.391497 229.980491 272.143430 317.576118 238.223795 335.645130 324.889196 189.401087 341.033428 221.543374
417.116817 258.489672 242.516913 230.072243 272.035927 317.812413 238.398428 335.245631 324.741433 189.640570 341.001064 221.575214
417.407977 258.019528 242.637676 230.158837 271.928673 318.048162 238.572260 334.847965 324.581173 189.900307 340.987235 221.588819
417.693662 257.558227 242.764614 230.249859 271.816615 318.294470 238.721018 334.507658 324.403794 190.187789 340.978538 221.597375
417.982400 257.091994 242.888790 230.338899 271.703233 318.543690 238.857629 334.070875 324.174308 190.472117 340.976542 221.599339
418.273244 256.622361 243.018329 230.431786 271.592334 318.787449 238.887351 333.638962 323.924763 190.780882 340.958151 221.617433
418.508769 256.116902 243.122188 230.506259 271.403949 319.216451 238.822870 333.205406 323.653092 191.117025 340.905199 221.631119
418.796341 255.652535 243.182813 230.549730 271.300646 319.454612 238.610011 332.828977 323.359459 191.427009 340.749401 221.746970
