303.512929 269.703458 316.676295 281.640186 385.034582 224.455810 338.200146 254.085786 347.650918 310.225673 180.181553 389.686123
303.335860 269.587609 316.546021 281.569953 384.551093 224.725460 338.032029 253.832708 347.708610 309.972155 180.502258 389.385627
303.173016 269.481067 316.455736 281.520012 384.003448 225.037837 337.785459 253.667142 347.782405 309.621956 180.823778 389.094410
303.022950 269.403933 316.151930 281.512010 383.553345 225.337263 337.474380 253.566971 347.838774 309.353613 181.148855 388.799970
302.800768 269.318614 315.990883 281.560538 383.096723 225.629920 337.150934 253.574548 347.894978 309.086053 181.567792 388.400340
302.555247 269.224334 315.804346 281.607363 382.637899 225.918066 336.717751 253.625265 347.947441 308.836303 181.788115 387.970735
302.296284 269.124892 315.570264 281.619564 382.183825 226.218726 336.357093 253.701366 347.999534 308.588316 182.343785 387.707148
302.037508 269.025521 315.304225 281.633431 381.724813 226.523535 335.981758 253.780564 348.052737 308.335043 182.663000 387.407239
301.789217 268.947299 315.029761 281.637410 381.272465 226.823918 335.601671 253.864223 348.105858 308.082162 183.023796 387.030670
301.527111 268.881660 314.757838 281.625148 380.827397 227.156274 335.205118 254.006192 348.161199 307.818712 183.316319 386.713323
301.265393 268.816117 314.493706 281.613238 380.419227 227.515613 334.826265 254.141825 348.219050 307.466510 183.611145 386.393476
301.006197 268.751207 314.161047 281.722760 380.027819 227.889374 334.444211 254.278603 348.261386 307.206940 183.909632 386.069658
300.752779 268.696818 314.056508 281.779725 379.638412 228.279632 334.060521 254.457904 348.305493 306.936513 184.200528 385.754076
300.498044 268.642795 314.033629 281.821465 379.265778 228.683750 333.695994 254.643820 348.364728 306.682614 184.613463 385.293647
300.238418 268.587735 313.946263 282.065945 378.932638 229.128137 333.326122 254.832462 348.429330 306.416956 184.902068 384.968175
299.970413 268.522741 313.954936 282.191818 378.608157 229.578646 332.972137 255.044543 348.493412 306.153436 185.186427 384.647491
299.700636 268.476599 313.971151 282.356421 378.347345 230.068251 332.667282 255.237518 348.544546 305.943164 185.479011 384.317803
299.446885 268.435863 313.991758 282.565608 378.101905 230.549620 332.359891 255.432099 348.612030 305.682944 185.785665 384.013237
299.175559 268.392306 314.047782 282.807576 377.866194 231.040124 332.078075 255.617916 348.640238 305.572283 186.087203 383.690814
298.918451 268.351032 314.043872 283.065301 377.668723 231.555215 331.786213 255.815406 348.670965 305.451737 186.383142 383.362779
298.650664 268.306917 314.105465 283.315635 377.478668 232.071317 331.522510 255.993842 348.697197 305.348828 186.680822 383.032813
298.393812 268.262880 314.170259 283.578981 377.354736 232.598136 331.253506 256.175864 348.747229 305.032753 186.969054 382.709647
298.133609 268.218267 314.204784 283.846216 377.230026 233.128265 330.985993 256.356878 348.778183 304.849144 187.210242 382.348596
297.870645 268.173182 314.226065 284.112968 377.102649 233.649482 330.706542 256.517582 348.800009 304.626298 187.455096 381.982056
297.602557 268.127218 314.246614 284.370550 376.988457 234.080823 330.385514 256.735295 348.862222 304.370000 187.695395 381.622335
297.349845 268.083890 314.202470 284.645455 376.871343 234.521863 330.117054 256.930284 348.927705 304.114663 187.898456 381.228956
297.094175 268.040055 314.223346 284.909230 376.759660 234.939591 329.852155 257.122687 348.926303 303.846648 188.091151 380.844549
296.839886 267.996457 314.200723 285.168875 376.646531 235.362729 329.514279 257.321191 348.843258 303.592686 188.258456 380.449692
296.574754 267.951000 314.168667 285.429309 376.509105 235.776028 329.246938 257.498871 348.672109 303.386674 188.416879 380.046714
296.315382 267.906276 314.027444 285.660908 376.373073 236.186043 328.976599 257.678542 348.432347 303.256169 188.576472 379.640758
296.046380 267.859728 313.825769 285.818534 376.240036 236.597049 328.706426 257.858103 348.173186 303.183405 188.683127 379.226955
295.788019 267.815021 313.465440 285.831694 376.053503 236.996119 328.437087 258.037111 347.924868 303.117168 188.788043 378.795533
295.531629 267.770655 313.211943 285.888572 375.855954 237.391963 328.175466 258.213963 347.668821 303.048869 188.888494 378.370441
295.273072 267.725915 312.960787 285.944925 375.653566 237.777647 327.916931 258.392516 347.418636 302.990714 188.954745 377.940003
295.015302 267.681310 312.695392 286.004500 375.429437 238.146222 327.644408 258.580731 347.327883 302.905772 189.004323 377.501598
294.748665 267.635171 312.439363 286.061972 375.192399 238.513802 327.372872 258.768263 347.084514 302.858072 189.020950 377.067320
294.486560 267.589817 312.186456 286.118743 374.956229 238.870025 327.114173 258.946930 346.912389 302.824335 189.010572 376.631444
294.215784 267.542962 311.927891 286.176784 374.702158 239.225590 326.853005 259.127302 346.800215 302.799157 188.996352 376.191287
293.946585 267.496380 311.722209 286.222954 374.440375 239.573503 326.591179 259.308129 346.750998 302.780039 188.979253 375.757424
293.689012 267.451809 311.562026 286.257129 374.175622 239.983115 326.252007 259.499770 346.536825 302.719429 188.961844 375.313965
293.420798 267.405398 311.473571 286.274788 373.873129 240.292653 325.990296 259.677935 346.422446 302.704111 188.944884 374.880697
293.157708 267.359872 311.428853 286.283715 373.563367 240.609629 325.722797 259.860038 346.273971 302.684228 188.916057 374.117711
292.896786 267.314722 311.408456 286.287787 373.253745 240.926462 325.452489 260.044055 346.099132 302.660814 188.900369 373.684395
292.623645 267.267458 311.394335 286.290606 372.920574 241.198968 325.184825 260.226271 345.894955 302.633471 188.884678 373.250679
292.355825 267.221115 311.380017 286.293465 372.567323 241.455548 324.910383 260.413102 345.649546 302.600606 188.869118 372.820560
292.090173 267.175146 311.355109 286.298437 372.212777 241.713068 324.648506 260.591379 345.440300 302.570583 188.853637 372.392640
291.819200 267.128257 311.323139 286.304820 371.859433 241.963684 324.384315 260.771231 345.291868 302.547601 188.838048 371.961722
291.564583 267.084198 311.269400 286.315548 371.483837 242.185883 324.116817 260.953335 345.205102 302.534167 188.822112 371.521210
291.303070 267.038946 311.214287 286.326551 371.112200 242.405740 323.852167 261.138854 345.135531 302.523395 188.806422 371.087494
291.041162 266.993626 311.147407 286.339902 370.721107 242.611411 323.582298 261.328429 345.111221 302.519631 188.790512 370.647982
290.779451 266.948339 311.091902 286.350983 370.333215 242.801124 323.310466 261.519385 345.090863 302.516479 188.774690 370.219274
290.510055 266.901723 311.046596 286.360028 369.933049 242.983978 323.045998 261.705167 345.080981 302.514949 188.758684 369.785569
290.246570 266.856130 310.999918 286.369347 369.530434 243.164907 322.774493 261.895892 345.076435 302.514245 188.742346 369.342870
289.982692 266.810468 310.930488 286.383208 369.121315 243.294127 322.509206 262.082249 345.076040 302.514184 188.726561 368.915161
289.714281 266.764022 310.840464 286.401180 368.701870 243.423693 322.237047 262.273434 345.076040 302.514184 188.710739 368.486453
289.448432 266.718020 310.770053 286.415237 368.290452 243.550781 321.974543 262.457837 345.076040 302.514184 188.694762 368.053548
289.185933 266.672597 310.671400 286.434931 367.877031 243.676047 321.719076 262.637296 345.076040 302.514184 188.678719 367.618844
288.919689 266.626526 310.556076 286.457955 367.458575 243.795601 321.447571 262.828021 345.076040 302.514184 188.662388 367.176345
288.656008 266.580899 310.458403 286.477454 367.037811 243.915815 321.187849 263.010469 345.076040 302.514184 188.646573 366.747837
288.400219 266.537768 310.362300 286.496640 366.626470 244.033337 320.926163 263.194297 345.076040 302.514184 188.630678 366.317130
288.143575 266.494901 310.298481 286.508931 366.209552 244.152452 320.668732 263.375135 345.076040 302.514184 188.614848 365.888222
287.876672 266.450320 310.267251 286.513753 365.795134 244.270852 320.444725 263.598175 345.076040 302.514184 188.598989 365.458515
287.604247 266.404816 310.251400 286.516200 365.374754 244.390956 320.220686 263.822725 345.076040 302.514184 188.582659 365.016016
287.330440 266.359082 310.251400 286.516200 364.960551 244.539200 319.991845 264.052088 345.068727 302.513051 188.551388 364.385354
287.069653 266.315523 310.251400 286.516200 364.548859 244.688712 319.773226 264.277994 345.049951 302.510144 188.527334 363.942206
286.812811 266.272623 310.251400 286.516200 364.083210 244.860384 319.594658 264.544982 345.011212 302.504146 188.503421 363.501654
286.542555 266.227482 310.251400 286.516200 363.688502 245.030987 319.419203 264.807315 344.983740 302.499893 188.479388 363.058906
286.281373 266.183856 310.251400 286.516200 363.294559 245.216898 319.256294 265.077377 344.969707 302.497720 188.448156 362.437660
286.019008 266.140033 310.251400 286.516200 362.904301 245.413984 319.095901 265.365287 344.942037 302.493436 188.430698 361.998607
285.747963 266.094760 310.251400 286.516200 362.535485 245.629415 318.943756 265.655866 344.932747 302.491998 188.413636 361.569547
285.485598 266.050937 310.251400 286.516200 362.160278 245.851486 318.791612 265.946445 344.916936 302.489549 188.396177 361.130494
285.226389 266.007642 310.251400 286.516200 361.802946 246.096208 318.709325 266.258279 344.883731 302.484408 188.378774 360.692839
284.959092 265.962995 310.251400 286.516200 361.449455 246.349378 318.626447 266.572887 344.829972 302.476085 188.361268 360.252587
284.642029 265.909007 310.251400 286.516200 361.108149 246.611045 318.530673 266.877380 344.809022 302.472841 188.343976 359.817731
284.383642 265.862158 310.251400 286.516200 360.780635 246.903974 318.438762 267.192470 344.795186 302.470699 188.326454 359.377079
284.119941 265.814347 310.251400 286.516200 360.462364 247.188637 318.365802 267.501576 344.783525 302.468893 188.307966 358.627010
283.847778 265.765001 310.251400 286.516200 360.138280 247.478499 318.292934 267.810293 344.780363 302.468404 188.303476 358.187833
283.576009 265.715726 310.251400 286.516200 359.809275 247.772761 318.217446 268.130105 344.779770 302.468312 188.298987 357.748656
283.320770 265.669448 310.251400 286.516200 359.487778 248.071595 318.142740 268.446608 344.779375 302.468251 188.294996 357.358277
283.065532 265.623171 310.251400 286.516200 358.916717 248.563624 318.068861 268.759607 344.779375 302.468251 188.291541 357.020294
282.811080 265.577036 310.251400 286.516200 358.627001 248.827983 317.995989 269.067295 344.779375 302.468251 188.288576 356.730310
282.549573 265.522138 310.251400 286.516200 358.362401 249.069424 317.921645 269.377305 344.779375 302.468251 188.285871 356.465723
282.288401 265.452878 310.251400 286.516200 358.152316 249.261122 317.847628 269.685954 344.779375 302.468251 188.300483 356.227898
282.032448 265.385001 310.251400 286.516200 357.963592 249.522735 317.771371 270.003938 344.779375 302.468251 188.332086 356.043385
281.772049 265.315946 310.251400 286.516200 357.750321 249.806624 317.696840 270.314726 344.779375 302.468251 188.364533 355.853944
281.520156 265.249147 310.251400 286.516200 357.504917 250.030530 317.619744 270.636211 344.779375 302.468251 188.393299 355.685989
281.265945 265.181723 310.251400 286.516200 357.235430 250.276408 317.542369 270.958863 344.779375 302.468251 188.420141 355.529271
281.006266 265.103517 310.251400 286.516200 356.949692 250.537114 317.453867 271.280094 344.779375 302.468251 188.504916 355.195642
280.758460 265.028886 310.251400 286.516200 356.653131 250.801201 317.368237 271.590707 344.779375 302.468251 188.549478 355.053252
280.497146 264.949879 310.251400 286.516200 356.327621 251.068193 317.280481 271.909032 344.779375 302.468251 188.597206 354.900746
280.252338 264.871005 310.251400 286.516200 355.997936 251.338609 317.194852 272.219645 344.779375 302.468251 188.646905 354.741941
280.004865 264.791274 310.251400 286.516200 355.666174 251.597573 317.108531 272.532764 344.779375 302.468251 188.690094 354.603941
279.752443 264.709947 310.251400 286.516200 355.302343 251.805390 317.019999 272.835957 344.779375 302.468251 188.736567 354.455444
279.493167 264.626413 310.251400 286.516200 354.939206 252.012810 316.913136 273.133127 344.779375 302.468251 188.774881 354.297962
279.246673 264.551826 310.251400 286.516200 354.568837 252.218991 316.800926 273.445165 344.779375 302.468251 188.808870 354.142228
278.996454 264.484188 310.251400 286.516200 354.177922 252.413426 316.690950 273.750992 344.779375 302.468251 188.842858 353.986494
278.740056 264.414880 310.251400 286.516200 353.790230 252.606258 316.526804 274.119052 344.779375 302.468251 188.856999 353.836932
278.483505 264.352917 310.251400 286.516200 353.385432 252.745387 316.465654 274.441767 344.779375 302.468251 188.868121 353.689751
278.213379 264.293425 310.251400 286.516200 352.974782 252.864586 316.343275 274.740038 344.779375 302.468251 188.876484 353.334499
277.885874 264.220600 310.251400 286.516200 352.561059 252.984676 316.224161 275.030352 344.779375 302.468251 188.867286 353.142519
277.598557 264.291769 310.251400 286.516200 352.132888 253.070748 316.100948 275.330658 344.779375 302.468251 188.798181 352.932130
277.287401 264.394656 310.251400 286.516200 351.711725 253.149160 316.041427 275.649702 344.779375 302.468251 188.702181 352.694892
277.024979 264.624359 310.251400 286.516200 351.290759 253.227535 315.921561 275.941869 344.779375 302.468251 188.563149 352.434936
276.851554 264.977247 310.251400 286.516200 350.859002 253.251790 315.800709 276.236442 344.779375 302.468251 188.407360 352.143117
276.704098 265.363456 310.251400 286.516200 350.430277 253.267165 315.675073 276.542672 344.779375 302.468251 188.236784 351.823597
276.584575 265.740607 310.251400 286.516200 349.992958 253.282847 315.554068 276.837615 344.779375 302.468251 188.052456 351.478319
276.477953 266.069519 310.251400 286.516200 349.556380 253.283570 315.434202 277.129782 344.748147 302.463416 187.850703 351.100401
276.363188 266.364801 310.251400 286.516200 349.126427 253.259987 315.309554 277.433607 344.700712 302.456071 187.645841 350.716660
276.257406 266.636967 310.251400 286.516200 347.834862 253.275619 315.186727 277.732990 344.661974 302.450073 187.438908 350.329038
276.158218 266.892169 310.251400 286.516200 347.395865 253.245557 315.066406 278.026268 344.646953 302.447748 187.229902 349.937534
276.044699 267.208777 310.251400 286.516200 346.961056 253.180830 314.940087 278.334163 344.646000 302.447600 187.028149 349.559616
275.954807 267.469939 310.251400 286.516200 346.533369 253.117164 314.810723 278.620691 344.646000 302.447600 186.825454 349.179933
275.869017 267.719188 310.251400 286.516200 346.101702 253.068691 314.675952 278.915991 344.646000 302.447600 186.619745 348.794605
275.783551 267.967491 310.251400 286.516200 345.661346 253.020358 314.545748 279.201284 344.646000 302.447600 186.413471 348.408218
275.696784 268.219577 310.251400 286.516200 345.224569 252.972418 314.417194 279.496825 344.646000 302.447600 186.208045 348.023419
275.607763 268.467883 310.251400 286.516200 344.785208 252.924194 314.300760 279.795106 344.646000 302.447600 186.000580 347.636535
275.518076 268.709793 310.251400 286.516200 344.350204 252.921638 314.180034 280.104378 344.646000 302.447600 185.796531 347.257124
275.425469 268.959578 310.251400 286.516200 343.920692 252.930334 314.080469 280.420038 344.646000 302.447600 185.587324 346.867998
275.331263 269.213677 310.251400 286.516200 343.490980 252.939034 314.027801 280.685055 344.646000 302.447600 185.377737 346.478166
275.123391 269.913931 310.251400 286.516200 343.049471 252.947973 314.190608 281.174628 344.646000 302.447600 185.175444 346.101899
275.233314 270.186595 310.251400 286.516200 342.621951 252.980366 314.452936 281.260810 344.646000 302.447600 184.968793 345.717529
275.443550 270.546280 310.251400 286.516200 342.186811 253.022751 314.710505 281.278848 344.646000 302.447600 184.772371 345.352183
275.709911 270.794954 310.251400 286.516200 341.755054 253.064806 314.983038 281.297934 344.646000 302.447600 184.617999 345.065051
276.018203 271.049702 310.251400 286.516200 341.327876 253.106415 315.251657 281.299225 344.646000 302.447600 184.476507 344.801875
276.337251 271.292951 310.251400 286.516200 340.901494 253.147946 315.521551 281.282693 344.646000 302.447600 184.350546 344.567589
276.627671 271.514372 310.251400 286.516200 340.461974 253.190758 315.757309 281.268252 344.646000 302.447600 184.261995 344.402884
276.912473 271.715614 310.251400 286.516200 340.023051 253.233511 315.928987 281.257736 344.646000 302.447600 184.194943 344.278166
277.177633 271.864439 310.251400 286.516200 339.472479 253.297965 316.032593 281.251390 344.646000 302.447600 184.143328 344.182161
277.426520 271.974657 310.251400 286.516200 339.066964 253.410825 316.474392 281.454235 344.646000 302.447600 184.106371 344.113472
277.908342 272.577992 309.503293 286.308301 338.766840 253.719736 316.609840 281.529524 344.646000 302.447600 184.081448 344.067152
277.898566 272.789245 309.414715 286.203516 338.606463 254.129004 316.780270 281.621364 344.539514 302.299481 184.046289 344.001810
277.901043 273.277150 309.332843 286.044775 338.266195 254.221621 316.987417 281.718461 344.464344 302.293595 184.009520 343.933474
277.905277 273.456900 309.242823 285.841846 338.049297 253.844304 317.243420 281.800413 344.359665 302.285399 183.977679 343.874297
277.908743 273.604059 309.135446 285.599794 337.678954 253.619460 317.497137 281.881633 344.220092 302.274471 183.896228 343.653066
277.926251 273.937788 308.979845 285.199360 337.258872 253.570897 317.754854 281.964133 344.049215 302.261092 183.868751 343.601987
277.940783 274.089895 308.913304 284.941817 336.731058 253.622457 318.006666 282.044744 343.843245 302.244966 183.828389 343.526954
277.954611 274.234636 308.848314 284.690278 336.308757 253.711565 318.252383 282.123403 343.602980 302.226154 183.751570 343.225167
277.970056 274.396300 308.789287 284.426227 335.876085 253.802862 318.498099 282.202061 343.322239 302.204173 183.993423 342.874720
277.984702 274.549602 308.745890 284.170077 335.460449 253.914782 318.743625 282.280661 343.001222 302.179039 184.133665 342.759662
277.998340 274.692352 308.701225 283.906434 335.047890 254.062481 319.004956 282.364338 342.652055 302.152156 184.289523 342.631792
278.010722 274.821962 308.655223 283.634903 334.636462 254.209776 319.254477 282.444233 342.276944 302.123558 184.471977 342.482103
278.025711 274.978848 308.610690 283.372049 334.234411 254.369217 319.515365 282.507659 341.812827 302.088189 184.638142 342.260483
278.034955 275.075607 308.563040 283.003107 333.846366 254.567127 319.783130 282.569438 341.372282 302.054912 185.034804 341.938075
277.839873 275.273509 308.539964 282.745338 333.460815 254.763766 320.051480 282.631353 340.933133 302.021740 185.273436 341.746526
277.680604 275.288783 308.449715 282.478030 333.085360 254.972872 320.309501 282.690889 340.498524 301.999225 185.457323 341.598921
277.489879 275.307073 308.425177 282.203927 332.719499 255.204464 320.579775 282.753360 340.056679 301.977066 185.610172 341.476230
277.271680 275.327998 308.405260 281.940916 332.346710 255.440443 320.844398 282.814525 339.629816 301.955658 185.713735 341.393100
277.023665 275.352202 308.391166 281.687307 331.991444 255.676535 321.094773 282.879955 339.199756 301.934090 185.781425 341.338766
276.756706 275.386864 308.380334 281.492408 331.639122 255.914935 321.361280 282.950943 338.762106 301.912141 185.826332 341.318496
276.500060 275.420187 308.421187 281.375999 331.322745 256.129013 321.628561 283.022138 338.318863 301.889912 185.856314 341.317467
276.232381 275.448835 308.447006 281.326757 331.036183 256.322916 321.889698 283.089791 337.887313 301.852461 185.862710 341.317248
275.955838 275.460751 308.455457 281.310638 330.752811 256.496130 322.141902 283.143213 337.453754 301.768573 185.864909 341.317172
275.682092 275.472548 308.460008 281.301959 330.418849 256.711083 322.411706 283.200413 337.019409 301.684534 185.881100 341.316617
275.414899 275.468432 308.462423 281.297354 330.153140 256.904074 322.679357 283.257157 336.592134 301.601862 185.919077 341.315314
275.174284 275.440774 308.464187 281.293988 329.898274 257.089190 322.946616 283.313818 336.168589 301.519912 185.993833 341.312749
274.828888 275.399426 308.464280 281.293811 329.570412 257.283884 323.211724 283.370023 335.737524 301.426527 186.194337 341.115470
274.666300 275.377949 308.464280 281.293811 329.300406 257.463335 323.471940 283.425191 335.313353 301.322254 186.251284 340.981114
274.532066 275.360218 308.464280 281.293811 329.035730 257.639243 323.729421 283.492594 334.897921 301.220130 186.398627 340.859578
274.439781 275.348774 308.464280 281.293811 328.762060 257.821128 323.996132 283.564369 334.429777 301.065680 186.566336 340.721243
274.364763 275.341197 308.464280 281.293811 328.485724 258.004786 324.260912 283.635624 334.007227 300.943713 186.756262 340.564583
274.305266 275.335187 308.464280 281.293811 328.210354 258.189868 324.524340 283.706515 333.528709 300.779326 187.049288 340.408387
274.230048 275.327590 308.464280 281.293811 327.948199 258.370922 324.777177 283.778877 333.092661 300.689662 187.294596 340.206031
274.108467 275.315310 308.464280 281.293811 327.682259 258.554590 325.043052 283.856592 332.676401 300.536917 187.569527 339.979240
274.058893 275.310648 308.464280 281.293811 327.415331 258.738940 325.299545 283.930020 332.259765 300.384034 187.864051 339.736287
273.947761 275.412198 308.464280 281.293811 327.143301 258.926813 325.551104 284.001069 331.852893 300.234734 188.180330 339.475388
273.948918 275.551394 308.464280 281.293811 326.875715 259.111618 325.815174 284.075650 331.451654 300.087501 188.530354 339.218677
273.950450 275.735587 308.464280 281.293811 326.605167 259.298468 326.065353 284.153777 331.034303 299.938375 188.911092 338.945502
273.952244 275.951380 308.464280 281.293811 326.266721 259.489753 326.323708 284.243215 330.618864 299.791612 189.327851 338.666543
273.954310 276.199771 308.464280 281.293811 326.006994 259.666567 326.583394 284.337286 330.204065 299.649099 189.805012 338.432655
273.956640 276.479962 308.464280 281.293811 325.740157 259.848221 326.831234 284.427066 329.785401 299.525866 190.687611 337.759289
273.958850 276.745752 308.464280 281.293811 325.469848 260.032238 327.092424 284.521683 329.348897 299.453878 191.106690 337.395808
273.895343 277.233546 308.464280 281.293811 325.204169 260.213103 327.350539 284.612662 328.922801 299.405948 191.776218 336.794871
273.730249 277.456958 308.464280 281.293811 324.937001 260.394981 327.606564 284.674554 328.436496 299.309135 192.189768 336.431365
273.603289 278.147391 308.464280 281.293811 324.671983 260.575397 327.856952 284.735083 328.049016 299.324884 192.598210 336.072348
273.884667 278.439433 308.464280 281.293811 324.396880 260.762678 328.116476 284.797821 327.691711 299.339407 193.004102 335.715579
274.122453 278.572731 308.464280 281.293811 324.137483 260.939266 328.383971 284.862486 327.360585 299.352865 193.420868 335.349370
274.367990 278.696592 308.464280 281.293811 323.869678 261.126552 328.651704 284.890643 327.072751 299.369913 193.829071 334.990686
274.591537 278.823512 308.464280 281.293811 323.610611 261.308541 328.913423 284.906512 326.813238 299.391388 194.357259 334.566287
274.797792 278.990909 308.464280 281.293811 323.347779 261.493173 329.178936 284.922611 326.583823 299.410372 194.793197 334.223771
274.987113 279.171441 308.464280 281.293811 323.082002 261.679875 329.452833 284.939219 326.385700 299.426766 195.315815 333.812409
275.142893 279.337326 308.464280 281.293811 322.822607 261.862093 329.710360 284.954834 326.214097 299.507211 195.741638 333.476443
275.269790 279.433998 308.464280 281.293811 322.563213 262.044311 329.949521 284.969336 326.001454 299.530070 196.175312 333.134284
275.363453 279.471199 308.464280 281.293811 322.291217 262.235381 330.118211 284.979564 325.754535 299.588767 196.607573 332.793240
275.413641 279.485550 308.464280 281.293811 322.032477 262.417139 330.218826 284.985665 325.468505 299.656762 197.039833 332.452196
275.429794 279.490169 308.464280 281.293811 321.768827 262.602347 330.282908 284.989551 325.156792 299.730862 197.466127 332.115859
275.442543 279.492659 308.464280 281.293811 321.505341 262.787439 330.494568 284.850925 324.823133 299.818348 197.999713 331.696594
275.443528 279.492832 308.464280 281.293811 321.234163 262.977934 330.524982 284.701182 324.487080 299.898098 198.428306 331.366138
275.444315 279.492971 308.464280 281.293811 320.965768 263.166475 330.561169 284.523020 324.117511 300.077473 198.811046 331.073164
275.444315 279.492971 308.464280 281.293811 320.696717 263.355476 330.605159 284.306443 323.729230 300.265930 199.197598 330.777272
275.444315 279.492971 308.464280 281.293811 320.465490 263.577362 330.654603 284.063013 323.339906 300.460903 199.541905 330.513717
275.444315 279.492971 308.464280 281.293811 320.240604 263.802761 330.709063 283.794888 322.958449 300.685370 199.911091 330.129819
275.451406 279.494221 308.461626 280.781665 320.006253 264.037647 330.762010 283.534211 322.037470 301.265073 199.375519 329.704895
275.472875 279.498006 308.426105 280.691618 319.777785 264.271178 330.813563 283.280394 321.688264 301.533056 198.963201 329.592360
275.524676 279.507138 308.356783 280.461671 319.600329 264.536503 330.866152 283.021480 321.349581 301.814537 198.549918 329.479560
275.603264 279.520993 308.347875 280.296511 319.415089 264.813466 330.919816 282.757275 321.053461 302.127704 198.229633 329.392144
275.712960 279.536812 308.337417 280.102592 319.245268 265.096875 330.972842 282.496206 320.750059 302.448574 197.967424 329.320578
275.821902 279.529314 308.325698 279.885308 319.086531 265.383182 331.027541 282.226905 320.463243 302.784748 197.751328 329.261598
276.050471 279.706068 308.312514 279.640863 318.939303 265.664371 331.080130 281.967992 320.207161 303.144624 197.598132 329.219785
276.068182 279.883587 308.298125 279.374051 318.787530 265.954241 331.131604 281.714566 319.974813 303.520861 197.478507 329.187136
276.089586 280.098122 308.282485 279.084073 318.707989 266.263511 331.186302 281.445265 319.740231 303.896889 197.339858 329.032286
276.113512 280.337931 308.242772 278.562737 318.627708 266.568881 331.237816 281.191644 319.505013 304.273936 197.320970 328.944562
276.140912 280.612568 308.207275 278.201678 318.530974 266.876426 331.290524 280.932143 319.270007 304.650643 197.317005 328.679285
276.166982 280.873870 308.168883 277.811160 318.438671 267.192860 331.342954 280.674013 319.026982 305.036999 197.383220 328.520542
276.180501 281.100996 308.126316 277.392741 318.363551 267.511114 331.123110 280.498963 318.795520 305.397487 197.462601 328.330234
276.188449 281.283223 308.038241 276.763892 318.290223 267.821777 330.853282 280.466284 318.564706 305.756966 197.565409 328.111655
276.197689 281.451077 307.969134 276.299810 318.214092 268.144314 330.583255 280.433582 318.332488 306.118632 197.766642 327.923430
276.229115 281.657701 307.895285 275.803878 318.141362 268.452447 330.326219 280.397226 318.086861 306.569365 198.148918 327.685937
276.238123 282.112064 307.760580 275.098581 318.066977 268.767587 330.080145 280.301054 317.880064 306.952388 198.459555 327.524678
276.238732 282.381361 307.607981 274.570798 317.990906 269.088494 329.838240 280.202986 317.659842 307.333232 198.801789 327.347016
