141.532495 444.932380 457.990400 289.472600 258.319552 288.964309 386.730144 348.458292 155.672891 239.385554 478.284203 196.285644
141.332075 444.541137 458.012869 289.494820 258.440386 288.925218 386.730144 348.458292 155.154321 239.784708 478.113166 196.812582
141.142013 444.150300 458.065911 289.547276 258.549422 288.889944 386.730144 348.458292 154.628301 240.189595 477.986015 197.346935
140.955100 443.765938 458.153510 289.633905 258.673864 288.858948 386.730144 348.458292 154.104659 240.592653 477.860919 197.886421
140.767051 443.379237 458.271115 289.750208 258.752993 288.845884 386.730144 348.458292 153.584186 240.993271 477.737811 198.417335
140.576814 442.988040 458.389288 289.867074 259.689060 288.701976 386.730144 348.458292 153.058008 241.398280 477.619211 198.949253
140.387102 442.597922 458.504048 289.980564 259.837372 288.680344 386.730144 348.458292 152.537739 241.798502 477.538723 199.488393
140.194601 442.202044 458.621795 290.097008 260.018155 288.677832 386.730144 348.458292 152.005303 242.182051 477.526490 200.036657
140.001931 441.805804 458.739968 290.213873 260.224735 288.674962 386.730144 348.458292 151.475301 242.563847 477.514122 200.590919
139.825194 441.411706 458.851884 290.324551 260.435679 288.708651 386.730144 348.458292 150.935076 242.953008 477.501969 201.135583
139.652093 441.011977 458.949785 290.434161 260.629305 288.741542 386.730144 348.458292 150.404101 243.335506 477.489910 201.676049
139.475575 440.604355 459.024891 290.557492 260.785468 288.768070 386.730144 348.458292 149.866958 243.722446 477.478876 202.216335
139.302157 440.203892 459.107903 290.693805 260.966870 288.798884 386.730144 348.458292 149.334198 244.106229 477.469293 202.770452
139.127308 439.800125 459.183112 290.817307 261.081034 288.818277 386.730144 348.458292 148.799328 244.491532 477.459934 203.311571
138.867586 439.229803 459.252184 290.930730 261.435136 289.315899 386.730144 348.458292 148.260076 244.879992 477.450530 203.855290
138.676574 438.838996 459.297019 291.004353 261.388205 289.492365 386.730144 348.458292 147.726666 245.264243 477.441178 204.396009
138.491328 438.437468 459.451842 291.277823 261.331713 289.704781 386.730144 348.458292 147.195967 245.652893 477.439308 204.939695
138.305161 438.033942 459.496507 291.364827 261.266431 289.950249 386.730144 348.458292 146.697311 246.020315 477.453380 205.485714
138.124523 437.642402 459.526010 291.422297 261.199607 290.201515 386.730144 348.458292 146.257265 246.344554 477.467386 206.029134
137.858660 437.054559 459.694586 291.628663 261.130110 290.462831 386.730144 348.458292 145.814745 246.670636 477.481371 206.571753
137.686410 436.657513 459.791666 291.725896 261.219252 290.739252 386.730144 348.458292 145.370688 246.997860 477.495675 207.126769
137.513363 436.258632 459.909911 291.838700 261.477267 290.809473 386.730144 348.458292 144.935002 247.318914 477.509897 207.678586
137.380215 435.839982 460.053721 291.912410 261.741844 290.881479 386.730144 348.458292 144.491105 247.646019 477.523815 208.218607
137.283132 435.205835 460.188633 291.981559 261.999436 290.950903 386.730144 348.458292 144.047209 247.973124 477.538063 208.771423
137.218140 434.769853 460.329595 292.053809 262.270311 291.009782 386.730144 348.458292 143.604600 248.299279 477.552177 209.319041
137.166653 434.424469 460.462548 292.121955 262.551736 291.507918 386.730144 348.458292 143.164245 248.623774 477.566445 209.872657
137.123099 434.132298 460.598171 292.191468 262.570901 291.781247 386.730144 348.458292 142.725501 248.947082 477.580610 210.422275
137.085797 433.882063 460.683603 292.235257 262.589870 292.051783 386.730144 348.458292 142.285951 249.270984 477.617645 210.968808
137.056249 433.683853 460.935086 292.360670 262.608784 292.321521 386.730144 348.458292 141.848679 249.598598 477.655660 211.520099
137.035991 433.547954 461.223798 292.507024 262.627165 292.583677 386.730144 348.458292 141.407497 249.933342 477.692933 212.060615
