184.885503 300.209677 290.699400 184.113800 363.907874 263.944532 432.108882 212.310439 318.420400 177.094600 260.391400 201.811800
184.849025 299.776410 290.705290 184.069994 363.909036 263.911953 432.166616 212.358311 318.431758 177.063403 260.398913 201.849662
184.811975 299.336367 290.715017 183.997645 363.911668 263.838199 432.354443 212.511039 318.457005 176.994056 260.415224 201.931859
184.775362 298.901506 290.728341 183.898537 363.915754 263.723672 432.463468 212.598546 318.494363 176.891445 260.440956 202.061531
184.738179 298.459868 290.812209 183.769973 363.920931 263.578565 432.600102 212.708211 318.541506 176.761960 260.451487 202.221328
184.701398 298.023014 290.744174 183.519826 363.927463 263.395481 432.763094 212.839033 318.602606 176.594136 260.462864 202.409384
184.665339 297.594729 290.673430 183.388878 363.913835 263.184951 432.959310 212.996519 318.677048 176.389666 260.476498 202.634772
184.630236 297.177804 290.628333 183.329703 363.893536 262.950227 433.171278 213.166650 318.762644 176.154563 260.511054 203.099921
184.602735 296.851160 290.612210 183.308546 363.871067 262.690397 433.376384 213.331273 318.860760 175.885068 260.533305 203.355956
184.586828 296.662228 290.599966 183.292480 363.779973 262.225735 433.728573 213.600738 318.970850 175.582685 260.556127 203.618566
184.569897 296.461140 290.597542 183.289298 363.687654 261.902875 433.940184 213.748684 319.059182 175.340065 260.513704 203.893352
184.459594 296.235835 290.532059 183.136500 363.592625 261.550465 434.161630 213.903506 318.924708 175.056462 260.536267 204.152974
184.389365 295.999730 290.463745 183.107538 363.473399 261.182199 434.372749 214.051108 318.688435 174.913418 260.559591 204.421362
184.505600 295.882800 290.371308 183.068350 363.327241 260.800634 434.587639 214.201346 318.458150 174.774000 260.598174 204.868735
184.728489 295.933510 290.237384 183.009878 363.065063 260.228544 434.801544 214.350896 318.260542 174.654366 260.620052 205.131827
184.772435 296.001573 290.081291 182.918365 362.843977 259.857394 435.167960 214.610453 318.132226 174.576681 260.640338 205.375785
184.772800 296.003400 289.690603 182.723778 362.599309 259.498729 435.378993 214.769408 318.039154 174.520334 260.655586 205.559152
184.772800 296.003400 289.595702 182.469432 362.311890 259.163734 435.595457 214.932455 317.842283 174.569770 260.665430 205.677543
184.772800 296.003400 289.736434 181.964320 362.030383 258.832627 435.802656 215.088522 317.743785 174.721849 260.391135 205.630835
184.772800 296.003400 289.811526 181.707264 361.735909 258.506170 436.017204 215.250124 317.627910 174.903189 260.370892 205.438899
184.772800 296.003400 289.939101 181.483438 361.437932 258.191180 436.232390 215.412208 317.499112 175.104752 260.347314 205.215339
184.759786 295.873719 290.120099 181.296461 361.066949 258.048401 436.451730 215.577420 317.352330 175.334460 260.319435 204.951005
