168.636152 157.383333 58.268869 177.454976 235.263356 36.507069 180.353107 198.481949 179.199100 74.704700 129.143442 164.884929
168.830582 157.571539 58.460380 177.489774 235.204002 36.222937 180.321469 198.662701 179.192861 74.720836 129.220761 164.888475
169.028101 157.762736 58.612558 177.492383 235.142799 35.956476 180.286573 198.862070 179.178581 74.757771 129.294279 164.880287
169.211557 157.964028 58.728041 177.494363 235.086364 35.710774 180.261967 199.075948 179.156295 74.815413 129.354996 164.864639
169.397215 158.170139 58.841408 177.419607 235.036533 35.493823 180.236585 199.300015 179.126363 74.892828 129.412710 164.849766
169.560434 158.384914 58.985428 177.369839 235.006142 35.258479 180.209244 199.541371 179.091708 74.982462 129.481948 164.831923
169.692010 158.628215 59.075275 177.435945 234.927753 35.052491 180.180609 199.794155 179.050489 75.089071 129.525717 164.820643
169.822301 158.869141 59.089000 177.539400 234.849968 34.848091 180.165562 200.063713 179.001445 75.215920 129.703580 164.800779
169.935169 159.117058 58.980100 177.649200 234.772610 34.644813 180.154289 200.345888 178.947965 75.354242 129.781931 164.787915
170.044976 159.365252 58.833047 177.637209 234.676653 34.450531 180.147115 200.641862 178.887165 75.511497 129.863736 164.774484
170.156160 159.616555 58.738501 177.527552 234.509556 34.311302 180.144811 200.946754 178.820018 75.685168 129.941298 164.761750
170.269127 159.870128 58.631817 177.525711 234.328230 34.194416 180.142403 201.265345 178.746307 75.875815 130.013827 164.749842
170.381682 160.119175 58.503536 177.523498 234.122231 34.139853 180.139904 201.594635 178.668125 76.078027 130.094743 164.736557
170.495595 160.371229 58.356382 177.510931 233.911936 34.153449 180.137197 201.935524 178.590737 76.278188 130.168160 164.724503
170.608191 160.620367 58.193822 177.470140 233.711385 34.235239 180.134406 202.286913 178.512302 76.481053 130.241084 164.712530
170.708628 160.873155 58.014482 177.425139 233.568672 34.396008 180.131517 202.650602 178.432425 76.687649 130.320816 164.699439
170.804804 161.125659 57.820773 177.377031 233.515653 34.605967 180.157565 203.021046 178.355108 76.887622 130.397095 164.686915
170.950760 161.576880 57.612115 177.331823 233.528518 34.814880 180.190474 203.399317 178.291099 77.053179 130.460940 164.676433
171.056433 161.827186 57.309709 177.245857 233.614115 35.007327 180.223956 203.784164 178.241838 77.180588 130.523799 164.666113
171.117673 162.098033 57.104805 177.172320 233.755437 35.130515 180.266581 204.178813 178.207760 77.268729 130.561297 164.659956
171.210266 162.359417 56.896889 177.097703 233.900397 35.214376 180.325624 204.582721 178.186916 77.322640 130.587151 164.655711
171.302392 162.619482 56.602800 176.988319 234.029294 35.283156 180.385722 204.993851 178.172095 77.360975 130.595045 164.654415
171.394284 162.878887 56.404576 176.906360 234.131283 35.337577 180.447281 205.414976 178.133615 77.478650 130.597611 164.653994
171.485334 163.135195 56.203576 176.818742 234.224802 35.387479 180.521486 205.840851 178.066488 77.529975 130.607873 164.652309
171.577572 163.394689 56.003978 176.727895 234.286471 35.420386 180.597346 206.272434 177.984109 77.592962 130.638858 164.647222
171.670480 163.656068 55.808385 176.638872 234.333760 35.445620 180.672090 206.706339 177.888543 77.666032 130.741429 164.630325
171.770038 163.913764 55.611699 176.549350 234.440491 35.438233 180.743953 207.140431 177.780664 77.748517 130.796788 164.621238
171.878861 164.166752 55.322988 176.421775 234.487331 35.436857 180.815881 207.574917 177.662695 77.838715 130.866949 164.609721
171.986237 164.416334 55.121460 176.333783 234.541590 35.429174 180.888218 208.011870 177.534956 77.936385 130.942241 164.597362
172.095130 164.669292 54.921857 176.246632 234.617631 35.418405 180.960261 208.447047 177.394109 78.044076 131.022468 164.584193
172.201152 164.920428 54.722271 176.159228 234.755011 35.295354 181.032696 208.884592 177.241823 78.160514 131.070722 164.576272
172.308692 165.175593 54.533745 176.046808 234.787765 35.227773 181.104853 209.320459 177.077860 78.285881 131.096908 164.576040
172.416575 165.431481 54.191694 175.810507 234.813584 35.174500 181.178446 209.756290 176.832402 78.476658 131.231460 164.601924
172.525442 165.685639 54.029248 175.660961 234.862343 35.149576 181.252118 210.192411 176.666599 78.618338 131.295007 164.610330
172.635634 165.933090 53.868641 175.513109 234.880705 35.111691 181.325524 210.626954 176.503204 78.768772 131.376100 164.621058
172.755481 166.182488 53.710756 175.367763 234.898325 35.075336 181.400123 211.063222 176.341869 78.917310 131.447974 164.630565
172.876481 166.430550 53.547942 175.217878 234.916250 35.038350 181.475174 211.497687 176.112043 79.128837 131.525300 164.640794
172.984562 166.651758 53.270296 174.993876 234.933565 35.002625 181.550735 211.935109 175.948810 79.278858 131.664428 164.660868
173.075364 166.839442 52.962264 174.787038 234.952275 34.964020 181.624638 212.370882 175.789324 79.425565 131.741685 164.672972
173.143781 166.985513 52.780721 174.667799 234.971799 34.924033 181.695521 212.808275 175.626189 79.567033 131.820919 164.685386
173.202851 167.137589 52.597038 174.547265 234.989963 34.888620 181.766165 213.244188 175.359163 79.738239 131.894619 164.696933
173.225758 167.234210 52.417880 174.430591 235.007624 34.854185 181.833808 213.679643 175.174913 79.856245 131.975038 164.709532
173.239714 167.293078 52.227823 174.317667 235.024739 34.820818 181.894740 214.117423 174.994368 79.971878 132.047257 164.720847
173.250257 167.337546 52.036210 174.205360 235.042035 34.787095 181.955976 214.557381 174.808266 80.091070 132.125799 164.733152
173.253671 167.351947 51.847611 174.094833 235.063303 34.745631 182.016647 214.993279 174.552582 80.254965 132.202266 164.745133
173.255470 167.359536 51.691706 174.003475 235.079321 34.714400 182.063968 215.430568 174.376439 80.368016 132.280710 164.757423
173.256093 167.362164 51.573332 173.934110 235.101365 34.671423 182.094728 215.873802 174.197688 80.482740 132.343741 164.767298
173.256139 167.362358 51.402938 173.875411 235.117840 34.639302 182.129047 216.313539 174.017169 80.598599 132.388100 164.774248
173.257869 167.369656 51.313800 173.839500 235.134543 34.606736 182.169306 216.751794 173.835194 80.713636 132.546929 164.804085
173.255661 167.391728 51.269412 173.706226 235.154213 34.568386 182.209555 217.189949 173.652821 80.824449 132.621521 164.820141
173.253500 167.399000 51.370091 173.576855 235.172742 34.532261 182.241357 217.631103 173.466859 80.937444 132.701783 164.837417
173.253500 167.399000 51.378475 173.463565 235.186205 34.506012 182.263352 218.070872 173.279700 81.051166 132.778329 164.853893
173.253500 167.399000 51.388431 173.329033 235.205829 34.467751 182.268705 218.512439 173.091089 81.165771 132.858884 164.871232
173.253500 167.399000 51.399361 173.181337 235.220844 34.438477 182.274037 218.952307 172.901219 81.281000 132.940026 164.888697
173.253500 167.399000 51.411126 173.022371 235.246265 34.388916 182.279382 219.393275 172.714649 81.393570 133.019897 164.905888
173.253500 167.399000 51.426090 172.852943 235.263287 34.355727 182.284678 219.834343 172.530646 81.504588 133.090578 164.921102
173.253500 167.399000 51.444197 172.669535 235.276705 34.329567 182.289960 220.275911 172.347411 81.615136 133.161748 164.936421
173.253500 167.399000 51.475678 172.335503 235.288616 34.306344 182.295270 220.719779 172.158610 81.729041 133.235851 164.952371
173.253500 167.399000 51.494622 172.121755 235.303540 34.277248 182.278488 221.159691 171.889705 81.908407 133.312398 164.968847
173.253500 167.399000 51.516738 171.903774 235.309610 34.265414 182.254932 221.601864 171.710555 82.032095 133.383959 164.984250
173.253500 167.399000 51.538499 171.689275 235.322525 34.240233 182.232591 222.043599 171.531817 82.155499 133.454836 164.999506
173.168458 167.590522 51.560542 171.472191 235.367437 34.175943 182.210239 222.485535 171.349870 82.281119 133.529818 165.015645
173.165271 167.595225 51.579537 171.285153 235.386959 34.142992 182.188004 222.925173 171.118272 82.459578 133.603139 165.031427
173.164988 167.595507 51.594400 171.138806 235.546122 34.094142 182.157725 223.365527 170.988468 82.638935 133.675482 165.046999
173.164988 167.595507 51.606515 171.019520 235.597372 34.118861 182.104822 223.803443 170.863061 82.812216 133.752420 165.063559
173.164988 167.595507 51.567273 170.894993 235.640335 34.139584 182.052003 224.240664 170.736892 82.986550 133.792796 165.072249
173.164988 167.595507 51.521300 170.842300 235.661952 34.150010 181.998789 224.681161 170.606678 83.166474 133.909260 165.095827
173.164988 167.595507 51.493349 170.726689 235.676363 34.156961 181.947076 225.119620 170.479864 83.341700 133.982872 165.109655
173.164988 167.595507 51.522532 170.615016 235.680146 34.158786 181.896662 225.557629 170.349884 83.521299 134.061693 165.124463
173.164988 167.595507 51.485184 170.531924 235.683389 34.160350 181.846226 225.995836 170.224066 83.695147 134.135011 165.138236
173.164988 167.595507 51.440743 170.433053 235.683569 34.160437 181.795921 226.437077 170.097487 83.870295 134.215994 165.153450
173.152506 167.607916 51.390685 170.321685 235.683659 34.160480 181.746651 226.876020 169.970349 84.046274 134.258255 165.161389
173.149386 167.611018 51.335913 170.199829 235.683659 34.160480 181.697302 227.315659 169.792056 84.299731 134.381040 165.178896
173.139741 167.620606 51.276098 170.066754 235.683659 34.160480 181.647908 227.755696 169.667831 84.477777 134.458787 165.185170
173.136053 167.624273 51.195257 169.929615 235.683659 34.160480 181.598745 228.193645 169.544120 84.655085 134.539226 165.191660
173.135415 167.624907 51.095796 169.781152 235.683659 34.160480 181.548517 228.630769 169.421211 84.831245 134.614880 165.197765
173.134919 167.625401 50.987733 169.622753 235.683659 34.160480 181.497991 229.070475 169.296185 85.010439 134.696215 165.204328
173.134777 167.625542 50.863243 169.462786 235.770583 34.209455 181.447272 229.511871 169.171730 85.188814 134.777750 165.210907
173.134777 167.625542 50.731707 169.287937 235.798360 34.230585 181.396712 229.951876 169.045731 85.369402 134.856395 165.217253
173.128820 167.631464 50.633362 169.097873 235.842930 34.264489 181.346004 230.393172 168.920418 85.549007 134.914207 165.221918
173.125132 167.635130 50.584952 168.884190 235.900076 34.307959 181.295627 230.831587 168.797280 85.725495 135.001176 165.157215
173.124920 167.635342 50.461737 168.648964 235.967727 34.359421 181.242869 231.300670 168.673970 85.902229 135.022395 165.065436
173.124920 167.635342 50.483971 168.408811 236.052092 34.423596 181.193917 231.737737 168.549802 86.080193 135.047803 164.955535
173.115133 167.645071 50.411171 168.194367 236.146247 34.495219 181.144955 232.174904 168.425348 86.258567 135.076928 164.829558
173.114400 167.645800 50.387897 167.957463 236.254329 34.577437 181.095948 232.612468 168.246152 86.522045 135.100332 164.728328
173.114400 167.645800 50.384732 167.706495 236.377375 34.671036 181.046896 233.050430 168.128335 86.700214 135.201404 164.604308
173.114400 167.645800 50.383952 167.439796 236.462373 34.813161 180.997443 233.491969 168.007043 86.883638 135.232286 164.588485
173.114400 167.645800 50.383246 167.198197 236.541267 34.978240 180.948102 233.932514 167.852020 87.118057 135.341893 164.611667
173.114400 167.645800 50.408970 166.992438 236.546349 35.175374 180.898975 234.370568 167.731399 87.300486 135.406160 164.642545
173.114400 167.645800 50.431726 166.824775 236.518365 35.386798 180.849489 234.808078 167.608959 87.485668 135.487102 164.681436
173.114400 167.645800 50.449614 166.692984 236.445234 35.587323 180.799991 235.245688 167.487512 87.669349 135.536226 164.705038
173.114400 167.645800 50.463596 166.557337 236.289418 35.738066 180.750504 235.683198 167.366671 87.852112 135.562996 164.717900
173.114400 167.645800 50.400839 166.428935 236.105370 35.850431 180.701006 236.120808 167.193696 88.113809 135.622913 164.806954
173.114400 167.645800 50.377526 166.408351 235.936985 35.941428 180.651523 236.558117 167.074718 88.293728 135.610319 164.878148
173.114400 167.645800 50.360701 166.392906 235.801799 36.035607 180.600618 236.995464 166.953920 88.476400 135.596192 164.958008
173.114400 167.645800 50.338511 166.353634 235.689109 36.127447 180.549667 237.433209 166.835384 88.655651 135.582291 165.036588
173.114400 167.645800 50.356262 166.178235 235.609577 36.231919 180.498380 237.873834 166.683073 88.879020 135.567972 165.117531
173.114400 167.645800 50.413186 166.122210 235.554465 36.317187 180.447406 238.311778 166.553485 89.058903 135.554333 165.194634
173.114400 167.645800 50.567761 166.110283 235.531252 36.407037 180.396570 238.748529 166.370636 89.314664 135.544195 165.251945
173.114400 167.645800 50.658377 166.177836 235.512917 36.478006 180.345700 239.185579 166.246901 89.489878 135.537645 165.288970
173.114400 167.645800 50.802099 166.286712 235.497127 36.552769 180.294506 239.625409 166.123282 89.664928 135.517161 165.409030
173.114400 167.645800 50.953596 166.287605 235.498291 36.618358 180.243427 240.064247 165.995624 89.845697 135.505145 165.481947
173.114400 167.645800 51.203357 166.279881 235.499342 36.677549 180.192441 240.502289 165.867832 90.026738 135.492040 165.561474
173.114400 167.645800 51.385741 166.263705 235.500336 36.733540 180.141178 240.942716 165.756267 90.184837 135.479195 165.639423
173.114400 167.645800 51.580078 166.246468 235.500778 36.758436 180.090331 241.379567 165.669090 90.308375 135.465782 165.720825
173.114400 167.645800 51.784510 166.223968 235.507541 36.831919 180.039056 241.820093 165.584738 90.427909 135.504498 165.814297
173.114400 167.645800 52.003298 166.196542 235.517940 36.889589 179.986781 242.266523 165.506325 90.539028 135.604286 165.812793
173.114400 167.645800 52.235568 166.166189 235.532119 36.968221 179.940543 242.677531 165.564911 90.659629 135.723973 165.810988
173.114400 167.645800 52.478176 166.111935 235.548889 37.061221 179.894327 243.088339 165.683112 90.722539 135.855258 165.809009
173.114400 167.645800 52.730249 166.055564 235.569333 37.174592 179.847753 243.502328 165.803520 90.786624 135.984043 165.807068
173.114400 167.645800 52.988073 165.984401 235.592598 37.303612 179.800878 243.918999 165.920448 90.848945 136.116728 165.805068
173.114400 167.645800 53.245969 165.898899 235.618826 37.449066 179.755268 244.338017 166.040040 90.916797 136.249813 165.803061
173.114400 167.645800 53.508429 165.809751 235.647433 37.607707 179.707396 244.762993 166.154936 90.981984 136.388597 165.800969
173.114400 167.645800 53.758590 165.692208 235.680539 37.779543 179.653509 245.186780 166.269049 91.046727 136.519582 165.798995
173.114400 167.645800 54.004136 165.576835 235.717934 37.969293 179.598017 245.610962 166.343706 91.141529 136.718281 165.795528
173.114400 167.645800 54.243127 165.442274 235.756657 38.177152 179.555799 246.034663 166.294965 91.264430 136.848458 165.793050
173.114400 167.645800 54.472155 165.290862 235.784916 38.401781 179.513388 246.464878 166.232500 91.374547 136.986533 165.790421
173.114400 167.645800 54.693887 165.128270 235.814947 38.640500 179.471717 246.890844 166.184393 91.459352 137.120008 165.787880
173.114400 167.645800 54.907495 164.962476 235.846164 38.888644 179.428282 247.325278 166.140295 91.529322 137.317499 165.784532
173.114400 167.645800 55.114876 164.782356 235.878642 39.146809 179.383810 247.756491 166.087975 91.596312 137.450691 165.783094
173.114400 167.645800 55.311686 164.586298 235.906340 39.415667 179.339358 248.187505 166.054306 91.639422 137.587383 165.781618
173.114400 167.645800 55.492544 164.385955 235.933923 39.700635 179.295613 248.622409 166.034671 91.664563 137.723475 165.780148
173.114400 167.645800 55.662434 164.169201 235.962634 39.997249 179.253042 249.059139 165.970753 91.769511 137.857268 165.778704
173.114400 167.645800 55.778247 163.928277 235.992023 40.302333 179.210606 249.494475 165.846754 91.804259 137.994560 165.777222
173.114400 167.645800 55.937497 163.706907 236.006375 40.621311 179.168093 249.930608 165.749748 91.797694 138.126252 165.775800
173.114400 167.645800 56.097681 163.484238 235.988510 40.957797 179.029837 251.831770 165.637454 91.781895 138.251445 165.774448
173.114400 167.645800 56.256113 163.264004 236.003412 41.288561 178.985517 252.275314 165.513475 91.764452 138.347139 165.773415
173.114400 167.645800 56.415187 163.042877 236.018170 41.616129 178.945559 252.725939 165.377019 91.745254 138.431334 165.772506
173.114400 167.645800 56.576831 162.818178 236.024527 41.943032 178.903882 253.179126 165.254911 91.702952 138.492331 165.771847
173.114400 167.645800 56.738066 162.594048 236.028141 42.269512 178.859481 253.598168 165.138032 91.646496 138.526529 165.771478
173.114400 167.645800 56.898309 162.371297 236.031767 42.596992 178.807473 253.975114 165.047536 91.602785 138.601995 165.713275
173.114400 167.645800 57.060245 162.146193 236.035424 42.927372 178.754842 254.308181 164.990537 91.575253 138.619887 165.638691
173.114400 167.645800 57.213075 161.917006 236.033363 43.256313 178.707876 254.605394 164.955419 91.558290 138.641326 165.549326
173.114400 167.645800 57.358690 161.685493 236.021081 43.585456 178.651645 254.861879 164.939571 91.550635 138.667313 165.441000
173.114400 167.645800 57.503294 161.455588 236.004294 43.917232 178.603716 255.077414 164.927775 91.544937 138.697196 165.316434
173.114400 167.645800 57.635452 161.183518 235.987592 44.247309 178.562060 255.264738 164.926154 91.544155 138.786664 165.108915
173.114400 167.645800 57.782007 160.950469 235.970785 44.579484 178.528957 255.413602 164.925344 91.543763 138.828898 164.956560
173.114400 167.645800 57.927498 160.719114 235.954078 44.909662 178.500976 255.539428 164.924983 91.543589 138.876154 164.786089
173.114400 167.645800 58.112969 160.525344 235.937432 45.238641 178.480159 255.633042 164.924803 91.543502 138.927144 164.597463
173.114400 167.645800 58.327156 160.354464 235.920650 45.570317 178.465832 255.697468 164.924623 91.543415 138.980034 164.397334
173.069223 167.695968 58.514769 160.156451 235.903994 45.899496 178.451071 255.763847 164.924623 91.543415 139.026511 164.221472
173.069223 167.695968 58.699040 159.957552 235.887343 46.228575 178.439263 255.816950 164.924623 91.543415 139.080910 164.016096
173.051461 167.704016 58.903115 159.770989 235.870823 46.555057 178.433293 255.843794 164.924623 91.543415 139.113581 163.897203
173.019672 167.718419 59.106845 159.590069 235.854117 46.885235 178.420056 255.916449 164.924623 91.543415 139.140216 163.800919
172.973127 167.739509 59.316422 159.410323 235.837380 47.216011 178.402686 255.988073 164.924623 91.543415 139.161490 163.724738
172.907545 167.769223 59.526150 159.230446 235.820790 47.543892 178.382228 256.072428 164.924623 91.543415 139.183291 163.656537
172.824838 167.806697 59.773011 159.120099 235.804043 47.874869 178.356101 256.170790 164.924623 91.543415 139.198302 163.609578
172.729380 167.849948 60.021189 159.000151 235.787351 48.204747 178.322618 256.285608 164.924623 91.543415 139.215718 163.555094
172.616797 167.900959 60.267183 158.885125 235.770741 48.533027 178.286282 256.411569 164.924623 91.543415 139.231672 163.505182
172.493739 167.956715 60.518901 158.785418 235.753958 48.864702 178.246323 256.558119 164.924623 91.543415 139.252468 163.440125
172.351826 168.021014 60.759278 158.649995 235.757784 49.435657 178.201261 256.723386 164.924623 91.543415 139.269346 163.396825
172.199803 168.089895 61.028222 158.624748 235.740876 49.766425 178.134653 256.931922 164.924623 91.543415 139.540386 163.265186
172.029926 168.166864 61.300194 158.611398 235.724019 50.096195 178.096494 257.128146 164.924623 91.543415 139.619936 163.234995
171.849757 168.248497 61.576449 158.595790 235.707616 50.417076 178.055033 257.341352 164.924623 91.543415 139.687728 163.241341
171.657018 168.335825 61.846247 158.581490 235.693321 50.696711 178.047678 257.572274 164.924623 91.543415 139.744243 163.262080
171.450525 168.429385 62.120707 158.572697 235.680924 50.967507 178.182430 257.764464 164.924623 91.543415 139.778978 163.274827
171.230915 168.528888 62.394858 158.593523 235.667381 51.243375 178.409027 257.838390 164.924623 91.543415 139.809958 163.286196
170.996732 168.634994 62.668430 158.617255 235.653823 51.519543 178.661807 257.766400 164.924623 91.543415 139.834742 163.295292
170.748430 168.747497 62.940907 158.640893 235.637771 51.792170 178.920180 257.672814 164.924623 91.543415 139.856615 163.303319
170.504572 168.865242 63.210943 158.666648 235.621576 52.065390 179.086636 257.451677 164.924623 91.543415 139.885905 163.314068
170.260272 168.992807 63.482405 158.701583 235.605410 52.338112 178.998087 257.185430 164.924623 91.543415 139.910032 163.322922
170.016503 169.120094 63.756841 158.736901 235.589054 52.614027 178.760441 256.991486 164.924623 91.543415 139.933877 163.331672
169.774419 169.246502 64.026815 158.771644 235.572711 52.889743 178.525498 256.845130 164.924623 91.543415 139.971334 163.345418
169.534019 169.372030 64.337112 158.776817 235.556550 53.162365 178.257532 256.697215 164.924623 91.543415 140.004192 163.357476
169.302795 169.529886 64.611958 158.800904 235.540343 53.435785 178.016249 256.565427 164.924623 91.543415 140.041931 163.371326
169.060889 169.656204 64.884215 158.824765 235.508343 53.697794 177.777024 256.425586 164.924623 91.543415 140.079294 163.385037
168.815172 169.784512 65.154778 158.848477 235.492122 53.967707 177.541337 256.287814 164.924623 91.543415 140.111964 163.397026
168.570341 169.912357 65.424297 158.883478 235.475625 54.242212 177.284194 256.131686 164.924623 91.543415 140.140127 163.407362
168.325245 170.040341 65.698781 158.919979 235.459152 54.516317 177.052523 255.988212 164.924623 91.543415 140.169980 163.418317
168.085555 170.165501 65.948681 158.953211 235.442781 54.788726 176.816600 255.842106 164.924623 91.543415 140.209879 163.432959
167.844536 170.291356 66.164580 158.981922 235.426278 55.063330 176.574429 255.711822 164.924623 91.543415 140.249495 163.447498
167.598642 170.419757 66.274458 158.832638 235.409769 55.338035 176.335041 255.583314 164.924623 91.543415 140.292304 163.463207
167.359218 170.544778 66.241361 158.615142 235.393446 55.609645 176.093590 255.459131 164.924623 91.543415 140.336239 163.479331
167.119174 170.670124 66.209272 158.404270 235.377237 55.879358 175.847431 255.343416 164.924623 91.543415 140.393692 163.500415
166.876737 170.796719 66.175889 158.184895 235.360758 56.153563 175.612856 255.233147 164.924623 91.543415 140.457060 163.523669
166.635363 170.922759 66.143123 157.969574 235.347039 56.430920 175.411313 255.138406 164.924623 91.543415 140.523138 163.561870
166.393901 171.048845 66.110567 157.755637 235.335191 56.704963 175.213123 255.036708 164.924623 91.543415 140.596891 163.616867
166.147829 171.177339 66.078222 157.543084 235.324011 56.982137 175.069677 254.959719 164.924623 91.543415 140.658297 163.662657
165.904860 171.304212 66.045170 157.325884 235.312964 57.256015 174.955309 254.898336 164.924623 91.543415 140.693009 163.688541
165.665525 171.429187 66.012254 157.109574 235.301852 57.531491 174.867374 254.851140 164.924623 91.543415 140.711199 163.708389
165.421493 171.556615 65.979458 156.894055 235.290752 57.806667 174.798471 254.814159 164.924623 91.543415 140.719959 163.720318
165.179942 171.682748 65.946496 156.677449 235.279809 58.077946 174.747431 254.778264 164.924623 91.543415 140.720966 163.721689
164.934313 171.811010 65.914076 156.464402 235.268730 58.352623 174.706215 254.739618 164.924623 91.543415 140.721262 163.722092
164.688419 171.939410 65.880723 156.245225 235.257719 58.625601 174.680245 254.715268 164.924623 91.543415 140.721439 163.722333
164.448641 172.064617 65.848243 156.031782 235.246700 58.898779 174.662081 254.698236 164.924623 91.543415 140.721439 163.722333
164.207267 172.190657 65.816138 155.820811 235.235596 59.174055 174.648075 254.685104 164.924623 91.543415 140.721439 163.722333
163.962384 172.314809 65.777882 155.611004 235.224565 59.447533 174.644573 254.681821 164.924623 91.543415 140.721439 163.722333
163.718996 172.437204 65.670532 155.417714 235.213396 59.724407 174.641728 254.679153 164.924623 91.543415 140.721439 163.722333
163.513362 172.618773 65.555715 155.136126 235.202478 59.995087 174.639831 254.677375 164.924623 91.543415 140.721439 163.722333
163.321179 172.850659 65.569780 154.917982 235.191527 60.266567 174.639175 254.676759 164.924623 91.543415 140.721439 163.722333
163.154622 173.071991 65.592716 154.699885 235.180472 60.540644 174.639175 254.676759 164.924623 91.543415 140.721439 163.722333
163.012330 173.306601 65.615255 154.485567 235.168896 60.815500 174.639175 254.676759 164.924623 91.543415 140.721439 163.722333
162.906537 173.562773 65.638138 154.267966 235.157321 61.085952 174.639175 254.676759 164.924623 91.543415 140.721439 163.722333
162.806989 173.819825 65.660468 154.055637 235.145695 61.357604 174.639175 254.676759 164.924623 91.543415 140.721439 163.722333
162.715960 174.074443 65.683121 153.840225 235.134048 61.629754 174.639175 254.676759 164.924623 91.543415 140.721439 163.722333
162.636549 174.338596 65.706235 153.620437 235.122383 61.902305 174.639175 254.676759 164.924623 91.543415 140.721439 163.722333
162.574390 174.609044 65.729098 153.403036 235.110830 62.172258 174.639175 254.676759 164.916159 91.539327 140.721439 163.722333
162.505407 174.875220 65.752169 153.183646 235.099255 62.442710 174.632026 254.670056 164.894998 91.529106 140.721439 163.722333
162.428359 175.135245 65.774488 152.971416 235.087475 62.717958 174.613205 254.652409 164.857629 91.511056 140.721439 163.722333
162.332226 175.389925 65.797257 152.754910 235.075610 62.995205 174.547327 254.602209 164.769471 91.563176 140.721439 163.722333
162.218449 175.638416 65.819732 152.541189 235.063966 63.267256 174.486690 254.574425 164.724401 91.624122 140.721439 163.722333
162.103650 175.888368 65.895845 152.338730 235.052404 63.537408 174.414415 254.541309 164.671363 91.695841 140.721439 163.722333
161.926508 176.093193 66.025734 152.055547 235.040710 63.810658 174.324323 254.500028 164.606613 91.783400 140.721439 163.722333
161.748843 176.298623 66.115317 151.856036 235.028887 64.086905 174.216139 254.450457 164.529138 91.888165 140.721439 163.722333
161.545263 176.479718 66.203731 151.657866 235.017261 64.358557 174.090045 254.392681 164.438516 92.008814 140.721439 163.722333
161.323742 176.639411 66.290422 151.461446 235.005665 64.629509 173.946588 254.326948 164.336159 92.141401 140.721439 163.722333
161.078714 176.761546 66.377594 151.262727 234.994056 64.900760 173.787493 254.254051 164.225613 92.284595 140.721439 163.722333
160.829122 176.871716 66.463512 151.062155 234.982396 65.173211 173.615854 254.175405 164.106452 92.438951 140.721439 163.722333
160.581760 176.937652 66.543908 150.860883 234.970693 65.446660 173.427032 254.088886 163.979835 92.602963 140.721439 163.722333
160.306322 177.005226 66.619255 150.657820 234.959105 65.717413 173.224027 253.995868 163.807591 92.826072 140.721439 163.722333
160.094921 177.042144 66.650636 150.442494 234.947274 65.993860 173.006932 253.896394 163.619278 93.070163 140.721439 163.722333
159.850935 177.092568 66.661367 150.228131 234.934837 66.269577 172.780018 253.792422 163.483919 93.245617 140.721439 163.722333
159.641536 177.158984 66.651485 150.008153 234.920499 66.544704 172.545195 253.684825 163.353140 93.415134 140.721439 163.722333
159.434363 177.228106 66.641624 149.788674 234.906131 66.820430 172.295736 253.570522 163.164198 93.659865 140.721439 163.722333
159.230935 177.293490 66.631818 149.570394 234.895501 67.092212 172.049549 253.457718 163.030016 93.833576 140.721439 163.722333
159.025298 177.355211 66.622541 149.363903 234.886294 67.364957 171.794282 253.364506 162.899197 94.002934 140.721439 163.722333
158.826165 177.442883 66.615207 149.200667 234.876999 67.640300 171.534803 253.273726 162.769037 94.174689 140.721439 163.722333
158.674455 177.582802 66.609458 149.072696 234.867667 67.916743 171.278062 253.183904 162.604018 94.442167 140.721439 163.722333
158.681203 177.801771 66.607572 148.972122 234.858527 68.187488 171.019433 253.093422 162.491279 94.624886 140.721439 163.722333
158.705120 178.020769 66.606727 148.905228 234.849158 68.465030 170.762031 253.003369 162.377175 94.809817 140.721439 163.722333
158.572267 178.257299 66.606354 148.875630 234.839937 68.738175 170.504252 252.913184 162.261863 94.996706 140.721439 163.722333
158.438913 178.424669 66.606209 148.864131 234.830568 69.015717 170.244207 252.822206 162.139514 95.171272 140.721439 163.722333
158.345210 178.616035 66.606132 148.858031 234.821364 69.288361 169.986994 252.732219 162.004182 95.338721 140.721439 163.722333
158.319855 178.836783 66.606070 148.853132 234.812133 69.561806 169.726666 252.641142 161.868095 95.507103 140.721439 163.722333
158.110031 178.900364 66.605897 148.839433 234.803021 69.831752 169.458028 252.580268 161.725817 95.671436 140.721439 163.722333
157.918544 179.000328 66.605547 148.811735 234.793705 70.107695 169.191095 252.520694 161.563551 95.819551 140.721439 163.722333
157.752082 179.144017 66.602658 148.675801 234.784400 70.383338 168.927578 252.461883 161.405126 95.964160 140.721439 163.722333
157.586983 179.286529 66.600707 148.620635 234.773892 70.657031 168.656643 252.401417 161.243042 96.112028 140.721439 163.722333
157.422490 179.428519 66.598067 148.545982 234.762608 70.928192 168.390198 252.341953 161.080138 96.260631 140.721439 163.722333
157.257617 179.570836 66.594834 148.454539 234.753364 71.200235 168.126193 252.283033 160.884191 96.460352 140.721439 163.722333
157.097550 179.714067 66.590848 148.341809 234.744114 71.472478 167.857308 252.223024 160.706049 96.603475 140.721439 163.722333
156.936771 179.858759 66.586269 148.212290 234.734779 71.747219 167.584971 252.185968 160.526991 96.765078 140.721439 163.722333
156.771830 180.007198 66.581223 148.069580 234.725546 72.018963 167.312474 252.178480 160.337684 96.935923 140.721439 163.722333
156.611497 180.151489 66.575781 147.915676 234.716143 72.295703 167.037878 252.170934 160.141955 97.118511 140.721439 163.722333
156.451908 180.295110 66.555978 147.746251 234.707232 72.571559 166.765680 252.163453 159.960629 97.321125 140.721439 163.722333
156.291277 180.439669 66.530777 147.559343 234.698946 72.847934 166.494283 252.155995 159.783533 97.534638 140.721439 163.722333
156.131111 180.585376 66.503330 147.355785 234.690785 73.120112 166.219287 252.148438 159.606309 97.748305 140.968612 163.879244
155.988738 180.752045 66.473973 147.138055 234.682685 73.390291 165.951188 252.141070 159.429724 97.961202 141.009618 163.891153
155.848573 180.916129 66.453798 146.924037 234.674476 73.664068 165.719475 252.134702 159.254608 98.172329 141.064932 163.907218
155.708668 181.079909 66.434836 146.704655 234.666343 73.935346 165.490662 252.128414 159.081151 98.381455 141.127700 163.946184
155.566360 181.246501 66.416461 146.492048 234.658203 74.206824 165.285527 252.125361 158.904630 98.594276 141.204931 164.003204
155.423013 181.414311 66.366710 146.091022 234.650064 74.478302 165.064175 252.133470 158.727662 98.807635 141.294632 164.069431
155.280457 181.583134 66.334210 145.876874 234.641879 74.751279 164.846022 252.141463 158.555354 99.015375 141.401016 164.148079
155.153476 181.754518 66.287332 145.667340 234.633569 75.028455 164.626069 252.149521 158.404306 99.197485 141.508657 164.231038
155.022268 181.931608 66.237298 145.455262 234.625385 75.301432 164.412512 252.157345 158.282943 99.343804 141.613288 164.311678
154.891946 182.107487 66.172874 145.144095 234.617194 75.574609 164.193321 252.164218 158.180669 99.467109 141.722989 164.396224
154.763099 182.281347 66.136656 144.931555 234.609037 75.846687 163.977419 252.170736 158.095250 99.570094 141.827437 164.485303
154.632346 182.457777 66.111901 144.754376 234.600720 76.124062 163.755413 252.179255 158.031217 99.647294 141.928899 164.573138
154.502605 182.632842 66.084529 144.521264 234.592437 76.400338 163.517764 252.193908 157.988763 99.698479 142.031345 164.661823
154.375340 182.808570 66.077516 144.418804 234.584124 76.677613 163.265343 252.209471 157.860270 99.853240 142.131976 164.748938
154.253273 182.985922 66.072368 144.343580 234.575825 76.954389 163.003297 252.226087 157.826031 99.894479 142.236429 164.835981
154.129166 183.166240 66.066489 144.257681 234.539043 77.973632 162.736356 252.275635 157.810189 99.913560 142.337673 164.915923
154.003584 183.348700 66.062173 144.194628 234.526173 78.244327 162.466564 252.325711 157.727303 99.971892 142.452043 165.003771
153.879306 183.529265 66.059619 144.157315 234.513222 78.516719 162.197854 252.375587 157.683716 100.016685 142.578353 165.088205
153.754518 183.710571 66.058629 144.142849 234.499520 78.792278 161.927767 252.425718 157.627156 100.074807 142.727791 165.159791
153.653996 183.856621 66.077452 143.974684 234.485952 79.064440 161.658663 252.475667 157.559997 100.143824 142.886609 165.235870
153.568272 183.981171 66.088680 143.920638 234.472205 79.340198 161.391919 252.525178 157.471425 100.279516 143.073433 165.276918
153.506927 184.070301 66.103224 143.850633 234.458647 79.612160 161.121046 252.575455 157.395425 100.382635 143.259283 165.314942
153.460380 184.137930 66.120697 143.766528 234.445114 79.883623 160.831624 252.633080 157.313077 100.494368 143.448272 165.342221
153.421486 184.194439 66.140814 143.669696 234.431283 80.161079 160.561829 252.695402 157.232627 100.603524 143.640003 165.347372
153.387128 184.244358 66.165041 143.553086 234.417556 80.436437 160.295054 252.757026 157.153173 100.707170 143.828638 165.352131
153.348277 184.313600 66.193559 143.415817 234.403928 80.709797 160.029156 252.818448 157.068606 100.816728 144.019632 165.350656
153.260267 184.480914 66.225901 143.260141 234.378679 80.980012 159.762086 252.881877 156.987644 100.921615 144.205621 165.348712
153.206412 184.583203 66.261824 143.087233 234.348172 81.252308 159.497201 252.945418 156.905215 101.028403 144.393904 165.346172
153.143661 184.702394 66.318862 142.803148 234.319027 81.525153 159.230274 253.009450 156.824620 101.132815 144.584687 165.343597
153.075611 184.831678 66.356727 142.594760 234.291098 81.798128 158.966582 253.078147 156.740639 101.241563 144.773869 165.341045
153.001740 184.972024 66.395253 142.382732 234.262987 82.072893 158.704982 253.146965 156.657512 101.349200 144.959460 165.334850
152.921068 185.125289 66.434406 142.167260 234.235160 82.344874 158.439804 253.216724 156.573040 101.458579 145.149134 165.327918
152.835506 185.287846 66.473951 141.949624 234.207446 82.615760 158.172886 253.286942 156.491184 101.566281 145.339706 165.320953
152.743655 185.462349 66.513676 141.731004 234.170335 82.886561 157.904517 253.357541 156.417235 101.672834 145.531752 165.313287
152.644259 185.651188 66.552578 141.516909 234.123076 83.158484 157.639339 253.427300 156.343856 101.778566 145.716947 165.307861
152.543280 185.843035 66.576788 141.299468 234.076228 83.428044 157.374838 253.496882 156.269678 101.885447 145.908498 165.293223
152.441602 186.036210 66.587609 140.986907 234.029311 83.697997 157.102948 253.546868 156.195786 101.991918 146.097327 165.268505
152.327279 186.226286 66.597446 140.765325 233.982257 83.968739 156.829173 253.587681 156.116876 102.105619 146.282154 165.218303
152.212349 186.412819 66.607115 140.547539 233.917930 84.231862 156.561927 253.627521 156.037852 102.219484 146.459756 165.161056
152.101500 186.595638 66.616779 140.329854 233.851563 84.499867 156.291416 253.667847 155.963561 102.326530 146.636874 165.101099
151.990080 186.779398 66.626266 140.116164 233.785028 84.768552 156.019422 253.708395 155.887163 102.435519 146.815277 165.037474
151.879941 186.970752 66.635801 139.901376 233.720079 85.030829 155.745849 253.740356 155.809971 102.544930 146.986853 164.955917
151.771666 187.161114 66.645305 139.687287 233.653448 85.299902 155.468295 253.749367 155.730416 102.657690 147.151630 164.861924
151.658820 187.349366 66.655131 139.466005 233.588042 85.564024 155.194939 253.758242 155.602869 102.845152 147.316749 164.767120
151.546606 187.533813 66.664868 139.246921 233.522901 85.827079 154.921883 253.767106 155.503800 102.936885 147.479537 164.672878
151.431898 187.722362 66.674584 139.028337 233.457784 86.090036 154.650426 253.775919 155.430192 103.050052 147.644088 164.577890
151.318386 187.908945 66.684250 138.810851 233.374869 86.414570 154.379069 253.784729 155.357183 103.162297 147.793082 164.491559
151.205341 188.094760 66.693139 138.610849 233.298236 86.677427 154.103004 253.761709 155.286574 103.270854 147.955646 164.391862
151.094115 188.277585 66.701687 138.418539 233.221014 86.942300 153.831579 253.734350 155.215364 103.380333 148.119063 164.291643
150.982473 188.461093 66.797913 138.128122 233.143625 87.207749 153.555976 253.706570 155.143156 103.490831 148.276834 164.179449
150.868643 188.647717 66.932797 138.016173 233.056941 87.468888 153.285634 253.659228 155.072009 103.599635 148.430331 164.070904
150.753301 188.836113 67.092113 137.958897 232.968654 87.726372 153.012507 253.610157 154.997142 103.714129 148.585128 163.962989
150.637384 189.025447 67.264134 137.897052 232.879556 87.986222 152.740266 253.561245 154.927200 103.821092 148.742367 163.851463
150.524914 189.209152 67.444339 137.845772 232.783964 88.240881 152.474617 253.482130 154.870064 103.908469 148.893835 163.736592
150.410615 189.395841 67.725475 137.767736 232.681012 88.496961 152.214298 253.400559 154.834381 103.963038 149.044188 163.622567
150.295012 189.584664 68.015631 137.688114 232.578136 88.752855 151.952738 253.318598 154.809589 104.000952 149.195735 163.508298
150.198736 189.782562 68.222364 137.633596 232.470700 89.005031 151.691942 253.236877 154.800505 104.014846 149.350246 163.391812
150.106835 189.977263 68.433605 137.576980 232.354387 89.254995 151.429238 253.154558 154.797440 104.019533 149.503957 163.275929
150.015490 190.170788 68.640177 137.519951 232.237609 89.505955 151.165484 253.071910 154.794649 104.023801 149.654580 163.159945
149.931699 190.348307 68.848581 137.462417 232.119219 89.753924 151.307246 253.175676 154.793937 104.024889 149.810624 163.031829
149.866989 190.485402 69.116218 137.392571 231.999505 89.996269 151.075083 253.052320 154.793882 104.024973 149.975700 162.891660
149.816493 190.592383 69.547652 137.319679 231.876912 90.244440 150.847424 252.931357 154.793882 104.024973 150.139994 162.745496
149.783241 190.662830 69.762552 137.310404 231.745900 90.480922 150.631660 252.779340 154.793882 104.024973 150.301597 162.601726
149.764759 190.701987 69.980549 137.300995 231.605165 90.712748 150.388728 252.650251 154.793882 104.024973 150.463051 162.458088
149.750971 190.731197 70.199345 137.291551 231.462303 90.948078 150.144648 252.520551 154.788683 104.032924 150.647811 162.288053
149.743843 190.746299 70.421339 137.281970 231.316797 91.180611 149.903924 252.392635 154.775932 104.052425 150.808833 162.135662
149.740215 190.753986 70.642133 137.272440 231.160269 91.404525 149.662404 252.264297 154.622813 104.051716 150.966949 161.986021
149.733684 190.767822 70.860030 137.263035 231.003971 91.628110 149.420002 252.135489 154.602543 103.992805 151.123164 161.832973
149.727367 190.781206 71.080925 137.253501 230.845553 91.854729 149.191500 251.985045 154.575765 103.914983 151.275884 161.682210
149.718019 190.801011 71.292628 137.244364 230.683483 92.076882 148.969542 251.824563 154.480634 103.894933 151.433160 161.526950
149.704829 190.828954 71.511524 137.234916 230.521055 92.297547 148.751179 251.666273 154.384942 103.949572 151.586892 161.370281
149.685458 190.860430 71.793637 137.227034 230.359397 92.517164 148.530144 251.506047 154.296810 104.044319 151.740295 161.213425
149.669441 190.885322 72.108494 137.219931 230.195723 92.739520 148.306924 251.344235 154.209085 104.138627 151.889230 161.058650
149.646227 190.921398 72.323865 137.216384 230.024555 92.951506 148.086860 251.184713 154.117888 104.236668 152.041737 160.898290
149.531986 191.024096 72.538736 137.212845 229.815362 93.155308 147.863639 251.022902 153.933682 104.281302 152.191832 160.740466
149.506546 191.039996 72.754507 137.209291 229.642338 93.366992 147.641390 250.861795 153.808928 104.223963 152.342547 160.581990
149.466904 191.039383 72.975177 137.205656 229.465257 93.571862 147.421165 250.702155 153.688809 104.168753 152.491125 160.425760
149.429358 191.037357 73.285083 137.195711 229.276993 93.766792 147.197863 250.540285 153.568507 104.113460 152.643150 160.265907
149.393211 191.035407 73.499662 137.188504 229.087479 93.963017 146.981179 250.369612 153.448478 104.058293 152.791728 160.109677
149.343090 191.029681 73.809367 137.189476 228.895657 94.154426 146.769109 250.191568 153.327177 104.002540 152.940721 159.953013
149.284185 191.012714 74.022925 137.193719 228.698436 94.348933 146.559182 250.015324 153.201333 103.944700 153.089782 159.796276
149.240270 191.000065 74.336400 137.198544 228.501927 94.542738 146.349180 249.839016 153.082395 103.890033 153.242539 159.635051
149.176752 190.981770 74.617073 137.201874 228.308765 94.733242 146.142087 249.665152 152.959731 103.833655 153.392044 159.476531
149.122681 190.965082 74.832724 137.206505 228.115032 94.924308 145.934305 249.490709 152.838157 103.777777 153.541685 159.317864
149.092233 190.954918 75.051173 137.211197 227.919449 95.117200 145.726447 249.316201 152.716129 103.721691 153.688308 159.162399
149.069598 190.949798 75.332885 137.216729 227.714290 95.302264 145.518589 249.141694 152.597918 103.667358 153.839185 159.002423
149.054023 190.948909 75.547755 137.220360 227.510611 95.485691 145.305905 248.963135 152.474163 103.610478 153.987523 158.845139
149.034954 190.947821 75.766324 137.224053 227.309979 95.666375 145.096975 248.787727 152.356860 103.556563 154.135930 158.687783
149.002706 190.945981 76.049073 137.230254 227.105259 95.850740 144.889653 248.613670 152.236195 103.501103 154.282895 158.531954
148.943426 191.001499 76.267425 137.238299 226.900391 96.035238 144.681794 248.439162 152.114985 103.445393 154.429600 158.370849
148.938704 191.073566 76.483778 137.246270 226.661574 96.206122 144.473553 248.264333 151.989596 103.387761 154.578560 158.208436
148.930241 191.162363 76.705528 137.254439 226.459371 96.388946 144.265695 248.089826 151.872474 103.333930 154.729525 158.051722
148.910423 191.264277 76.819411 137.097302 226.258059 96.570966 144.055326 247.913177 151.752173 103.278637 154.883265 157.892127
148.870056 191.382296 76.818263 136.881205 226.053780 96.755669 143.848960 247.735985 151.633234 103.223970 155.034993 157.734621
148.824142 191.514129 76.817129 136.667708 225.849129 96.940707 143.642670 247.558857 151.520747 103.172269 155.189149 157.574594
148.783573 191.665162 76.816013 136.447411 225.646111 97.124270 143.431979 247.377952 151.440334 103.135310 155.339749 157.415458
148.745798 191.830296 76.816392 136.228411 225.441238 97.309509 143.226524 247.201542 151.377912 103.106619 155.489173 157.257274
148.699680 192.012120 76.816761 136.015612 225.236959 97.494212 143.017654 247.022200 151.335661 103.087200 155.640520 157.097055
148.642033 192.207334 76.817132 135.801312 225.036611 97.675360 142.810833 246.844617 151.287231 103.064940 155.790974 156.937780
148.586675 192.421805 76.817510 135.582512 224.830996 97.861270 142.603329 246.666447 151.238529 103.042556 155.941841 156.778070
148.531167 192.636856 76.823392 135.268786 224.627829 98.044967 142.394535 246.487170 151.222446 103.035164 156.092471 156.617725
148.475221 192.846819 76.835784 135.052941 224.423847 98.229401 142.189459 246.311086 151.211270 103.030027 156.241717 156.458687
148.415344 193.059969 76.848349 134.834102 224.219122 98.414506 141.981879 246.132851 151.208726 103.028858 156.389185 156.301545
148.356442 193.269653 76.860901 134.615462 224.015663 98.598177 141.773844 245.954226 151.208635 103.028816 156.540826 156.139955
148.297350 193.480011 76.873546 134.395224 223.812123 98.780712 141.566415 245.776122 151.208635 103.028816 156.686860 155.984347
148.237879 193.691716 76.886001 134.178282 223.605455 98.966050 141.360277 245.599125 151.096344 102.993195 156.837635 155.823727
148.169674 193.902745 76.898686 133.957345 223.399309 99.150922 141.147916 245.421125 151.059946 102.985038 156.987041 155.664564
148.091206 194.108382 76.911009 133.742699 223.196067 99.333189 140.936751 245.245428 151.003253 102.972332 157.138224 155.507934
148.014805 194.308600 76.924522 133.522328 222.995057 99.513453 140.726278 245.070306 150.929287 102.955756 157.287774 155.355003
147.935588 194.516200 76.955184 133.207611 222.790102 99.697256 140.516036 244.895377 150.841368 102.936053 157.439617 155.198322
147.856955 194.715759 76.976269 132.991839 222.587232 99.879190 140.302718 244.717889 150.737348 102.912742 157.586875 155.037441
147.775385 194.918677 76.997178 132.777858 222.385084 100.062817 140.089478 244.540465 150.618106 102.886019 157.735753 154.874790
147.693256 195.122988 77.017942 132.565370 222.181835 100.248208 139.880850 244.366878 150.492521 102.857874 157.882404 154.714573
147.621475 195.327977 77.038713 132.352883 221.981468 100.430972 139.667917 244.189710 150.357373 102.827587 158.019758 154.550390
147.550287 195.532121 77.059591 132.139401 221.778368 100.616229 139.454753 244.012350 150.230910 102.799245 158.149485 154.378561
147.478737 195.737303 77.080546 131.925123 221.578075 100.798925 139.244280 243.837229 150.102593 102.770489 158.279030 154.206972
147.407792 195.940149 77.102153 131.704177 221.374753 100.984384 139.031194 243.659932 149.967055 102.740114 158.411619 154.031540
147.323408 196.143322 77.123041 131.490596 221.169805 101.171326 138.820604 243.483083 149.841177 102.711904 158.543607 153.857166
147.239522 196.345295 77.150242 131.178704 220.966848 101.374819 138.609275 243.304468 149.721447 102.685071 158.650428 153.671502
147.155253 196.548191 77.165314 130.868312 220.763754 101.556053 138.398099 243.125983 149.622599 102.662919 158.762107 153.484891
147.070216 196.752934 77.190095 130.649712 220.559094 101.738686 138.188451 242.948789 149.548341 102.646277 158.876201 153.299601
146.987481 196.952136 77.214898 130.430914 220.352866 101.922716 137.976741 242.769851 149.452332 102.711224 158.988726 153.114304
146.903325 197.154754 77.242531 130.215783 220.149847 102.103884 137.768085 242.593496 149.426233 102.784516 159.099587 152.923931
146.818378 197.359209 77.270584 129.999293 219.944888 102.286782 137.556527 242.414688 149.399900 102.858468 159.210800 152.732953
146.733845 197.562753 77.324407 129.687220 219.743361 102.466618 137.345657 242.236461 149.372292 102.935999 159.314600 152.543079
146.649158 197.766667 77.370928 129.475573 219.536123 102.650846 137.136238 242.059460 149.346361 103.008820 159.420463 152.348401
146.569018 197.970686 77.417728 129.262656 219.323551 102.821024 136.928423 241.883815 149.321705 103.078061 159.522360 152.161015
146.490315 198.172482 77.489709 128.959611 219.107622 102.993889 136.719233 241.701948 149.295808 103.150788 159.624115 151.973892
146.410828 198.376333 77.539427 128.750747 218.892318 103.166254 136.515907 241.523846 149.269609 103.224362 159.711251 151.813651
146.332160 198.578142 77.589908 128.538673 218.676233 103.339244 136.310452 241.344078 149.242169 103.301423 159.805673 151.643704
146.253127 198.780882 77.641200 128.323296 218.454996 103.500397 136.101973 241.169688 149.215131 103.377352 159.877355 151.502116
146.172712 198.987055 77.690711 128.115411 218.231400 103.658245 135.889198 240.991706 149.188798 103.451304 159.949082 151.360438
146.094986 199.186333 77.741520 127.902078 218.008620 103.815517 135.678878 240.815777 149.162934 103.523936 160.015572 151.217271
146.016170 199.388406 77.792329 127.688745 217.785840 103.972789 135.425220 240.647053 149.137272 103.596004 160.081864 151.067813
145.936980 199.591622 77.836303 127.504109 217.560691 104.131733 135.216654 240.473392 149.109865 103.672970 160.123794 150.933542
145.857892 199.798307 77.872955 127.350214 217.333791 104.286321 135.009010 240.300499 149.084505 103.744189 160.157645 150.809827
145.779957 200.001364 77.906272 127.210326 217.090427 104.403256 134.799983 240.126454 149.059480 103.814466 160.175405 150.673983
145.699468 200.208152 77.938152 127.076470 216.844809 104.521274 134.592339 239.953561 149.035227 103.882577 160.187210 150.540306
145.620217 200.411773 78.124212 126.983921 216.596758 104.640462 134.382774 239.779068 149.010973 103.950688 160.186155 150.406499
145.541810 200.613254 78.251699 127.020022 216.353033 104.757570 134.171825 239.603424 148.984170 104.025958 160.178817 150.277420
145.462714 200.816506 78.379763 127.056286 216.103720 104.877364 133.958571 239.425860 148.959179 104.096141 160.158672 150.148067
145.385286 201.015471 78.508309 127.092687 215.857742 104.995555 133.747469 239.250087 148.932007 104.172448 160.131043 150.027414
145.305391 201.220774 78.636085 127.128869 215.613296 105.113010 133.538980 239.076490 148.907653 104.240841 160.088673 149.882915
145.227207 201.421698 78.761359 127.164344 215.363940 105.230258 133.331336 238.903597 148.882594 104.311213 160.039619 149.726318
145.149357 201.621786 78.892887 127.201589 215.100142 105.313766 133.122923 238.730064 148.869008 104.349366 159.984106 149.551836
145.071506 201.821875 79.022299 127.238235 214.838633 105.396551 132.912882 238.557121 148.815841 104.491512 159.907929 149.373064
144.993946 202.021218 79.149497 127.274254 214.564939 105.549994 132.698410 238.390809 148.792554 104.550588 159.817074 149.181307
144.914754 202.224755 79.279101 127.310954 214.297682 105.603703 132.483622 238.224252 148.779011 104.584913 159.708937 148.996948
144.836327 202.426336 79.403028 127.346047 214.028367 105.657825 132.264172 238.054079 148.675815 104.620151 159.621539 148.943080
144.737968 202.671664 79.529752 127.384052 213.759076 105.711034 132.050490 237.888380 148.611060 104.601818 159.425796 148.866747
144.668900 202.879698 79.667751 127.391022 213.493722 105.761979 131.836176 237.722190 148.525619 104.577627 159.259867 148.802040
144.599643 203.088302 79.798381 127.430276 213.222439 105.811050 131.617753 237.552814 148.419394 104.547553 159.120676 148.747760
144.531016 203.295007 79.927670 127.469128 212.949796 105.857674 131.403913 237.386992 148.302104 104.514345 159.008317 148.703944
144.461602 203.504086 80.059544 127.508756 212.678731 105.904028 131.188967 237.220312 148.170093 104.476970 158.938349 148.676659
144.393483 203.709274 80.184332 127.546255 212.411905 105.949658 130.973231 237.053020 148.037216 104.439349 158.894467 148.659547
144.324608 203.916740 80.311705 127.584531 212.137620 105.982871 130.757890 236.886033 147.849549 104.388245 158.826530 148.636755
144.255922 204.123637 80.436301 127.621972 211.867768 106.002977 130.541995 236.718618 147.723257 104.355773 158.745696 148.616229
