377.597400 142.654200 335.729200 274.724400 400.527600 307.599400 193.327821 417.971618 283.921949 279.096156 410.106196 202.650333
377.576634 142.630648 335.741984 274.773565 400.504825 307.552876 193.634657 417.680675 283.862737 279.102006 410.293990 202.833581
377.532588 142.580692 335.762167 274.851184 400.464990 307.471503 193.739173 417.258093 283.826577 279.117652 410.482172 203.015589
377.470818 142.510635 335.793876 274.973129 400.411086 307.361389 193.663966 416.830277 283.775126 279.223997 410.671072 203.198293
377.378758 142.406224 335.831675 275.118495 400.343551 307.223432 193.493236 416.431586 283.774521 279.267392 410.867448 203.388227
377.275323 142.288912 335.869071 275.262312 400.262827 307.058530 193.183272 416.126250 283.774075 279.299389 411.059223 203.573711
377.165672 142.164549 335.906518 275.406323 400.221299 306.868790 192.764607 416.041351 283.773604 279.333186 411.238508 203.766381
377.058798 142.043336 335.937019 275.523623 400.401877 306.697929 192.333788 416.068956 283.774154 279.368371 411.420708 203.963191
376.952850 141.923173 335.956598 275.598919 400.589574 306.520332 191.965181 416.295126 283.775525 279.405746 411.609294 204.166900
376.856160 141.813512 335.963342 275.624856 400.780757 306.339436 191.660020 416.597300 283.777430 279.457711 411.917002 204.500089
376.759604 141.704000 335.966563 275.637244 400.976734 306.154005 191.364711 416.915066 283.779343 279.509876 412.098897 204.697181
376.650878 141.580687 335.835198 275.806565 401.175762 305.965686 191.053585 417.294712 283.781161 279.559442 412.277266 204.890452
376.554056 141.470876 335.757829 275.824411 401.366219 305.785478 190.783034 417.646508 283.782516 279.596418 412.459297 205.087692
376.453002 141.356264 335.653177 275.848549 401.561034 305.601146 190.519188 417.989584 283.783696 279.628596 412.637529 205.280816
376.346922 141.235951 335.512861 275.880914 401.751491 305.420938 190.249490 418.340270 283.652401 279.800299 412.813049 205.471000
376.251291 141.127490 335.351108 275.918223 401.950083 305.233032 189.985279 418.683822 283.566617 279.799252 412.989842 205.678735
376.144285 141.006127 335.198515 275.953419 402.145480 305.048150 189.672193 419.074678 283.438617 279.799396 413.166299 205.887566
375.911714 140.766953 335.044557 275.988930 402.343927 304.860381 189.398432 419.404456 283.271817 279.799583 413.341079 206.094411
375.790548 140.662767 334.883194 276.026149 402.537289 304.677424 189.115602 419.745159 283.061817 279.799818 413.507984 206.291937
375.671354 140.560276 334.734498 276.060446 402.731378 304.493779 188.838519 420.078937 282.821417 279.800087 413.674501 206.489005
375.556254 140.461305 334.577227 276.096721 402.889414 304.291194 188.568974 420.403636 282.544643 279.797916 413.849926 206.696614
375.441305 140.362465 334.429506 276.130794 402.999282 304.048505 188.352572 420.664318 282.285244 279.797652 414.155559 207.047051
375.320897 140.258930 334.276133 276.166170 403.109644 303.804722 188.172832 420.880836 282.012644 279.797376 414.329730 207.243846
375.198215 140.153440 334.121590 276.201816 403.220914 303.558936 188.031800 421.050725 281.622296 279.804208 414.504563 207.441390
375.084783 140.055903 333.981469 276.234135 403.331689 303.314242 187.909291 421.198302 281.354375 279.816447 414.685830 207.647647
374.821311 139.829115 333.820496 276.271265 403.439958 303.075001 187.836092 421.286478 281.113826 279.827437 414.864512 207.860096
374.699420 139.724238 333.666148 276.306866 403.545818 302.832063 187.797002 421.333567 280.963783 279.834291 415.041006 208.069942
374.574194 139.616492 333.514931 276.341798 403.654555 302.582525 187.725629 421.474518 280.811843 279.698413 415.214024 208.275656
374.449725 139.509397 333.353784 276.379066 403.761134 302.337938 187.643800 421.580378 280.660025 279.706700 415.386995 208.477982
374.331169 139.407390 333.204913 276.413495 403.865077 302.099400 187.536040 421.719785 280.641366 279.814142 415.557575 208.672077
374.215494 139.307861 333.045131 276.450448 403.972135 301.853713 187.407119 421.886566 280.620223 279.871147 415.739114 208.878641
374.089206 139.199202 332.895870 276.484967 404.081990 301.601608 187.254714 422.083729 280.531227 280.151663 415.916032 209.079947
373.816324 138.981386 332.744661 276.519937 404.187347 301.366543 187.088242 422.299090 280.530087 280.300058 416.160945 209.365748
373.697048 138.895125 332.586827 276.556439 404.297755 301.122562 186.900365 422.542141 280.528011 280.487959 416.339717 209.576026
373.573234 138.805581 332.440880 276.590193 404.408659 300.877488 186.691328 422.812568 280.536215 280.713664 416.514428 209.783973
373.451690 138.717679 332.300388 276.622684 404.522201 300.626583 186.469569 423.099451 280.530676 280.971161 416.687392 209.990254
373.317504 138.620634 332.150348 276.657384 404.628734 300.391166 186.235579 423.402158 280.532347 281.245956 416.980336 210.347355
373.199038 138.534959 332.025834 276.686180 404.737923 300.150804 185.985199 423.726068 280.533972 281.512951 417.143250 210.552545
373.071011 138.442368 331.958609 276.701727 404.852507 299.899714 185.716227 424.074031 280.542905 281.780540 417.312294 210.765637
372.948494 138.353762 331.919637 276.710740 404.960283 299.663543 185.433800 424.439400 280.623232 282.037918 417.481247 210.978801
372.815767 138.257773 331.648734 276.773083 405.074951 299.412271 185.134493 424.826605 280.689449 282.292079 417.642929 211.186953
372.694708 138.170222 331.531188 276.800050 405.190034 299.160089 184.785944 425.278093 280.721047 282.525954 417.799805 211.399288
372.561009 138.073529 331.429821 276.823304 405.297727 298.924101 184.448491 425.712657 280.740660 282.698651 417.957688 211.624579
372.426662 137.976367 331.349702 276.841684 405.412810 298.671919 184.091779 426.172020 280.741504 282.794048 418.110090 211.855167
372.300255 137.884949 331.286543 276.856174 405.522911 298.430654 183.721696 426.648602 280.565721 282.974063 418.261751 212.079507
372.175145 137.794468 331.247556 276.865118 405.630604 298.194665 183.334318 427.147458 280.391476 283.011267 418.388676 212.265531
372.046631 137.701526 331.234885 276.868025 405.745853 297.942119 182.930011 427.668112 280.182794 283.039622 418.511787 212.456233
371.924114 137.612920 331.226308 276.869992 405.854625 297.703765 182.514420 428.203299 279.941214 283.072448 418.632652 212.670934
371.634325 137.403379 331.224164 276.870484 405.949116 297.496707 182.083372 428.758390 279.668859 283.114386 418.629211 213.206194
371.500472 137.306558 331.223969 276.870529 406.022849 297.335136 181.640672 429.328488 279.442652 283.152531 419.010008 213.470287
371.367915 137.210674 331.223969 276.870529 406.062123 297.249073 181.184968 429.915330 279.233135 283.188484 419.376640 213.616721
371.248484 137.124285 331.223969 276.870529 406.191435 296.953248 180.717814 430.516069 279.044321 283.233902 419.622810 213.741526
371.129864 137.038483 331.223969 276.870529 406.259907 296.787213 180.239337 431.131059 278.829017 283.386693 419.869515 213.866602
371.011243 136.952680 331.223969 276.870529 406.337528 296.598990 179.753368 431.755677 278.853778 283.625614 420.114972 213.991045
370.877227 136.855742 331.223969 276.870529 406.431468 296.371200 179.259539 432.390398 278.880312 283.881642 420.304059 214.086910
370.754069 136.766657 331.223969 276.870529 406.534709 296.120852 178.758587 433.034274 278.903020 284.111118 420.446766 214.159261
370.629777 136.676752 331.223969 276.870529 406.651752 295.837039 178.248424 433.689989 278.919298 284.285360 420.531856 214.202400
370.502244 136.584502 331.223579 276.870618 406.781460 295.528194 177.731138 434.354860 278.930161 284.418102 420.558435 214.215875
370.375520 136.492839 331.222604 276.870842 406.926514 295.202648 177.250941 434.972059 278.935292 284.499741 420.569316 214.221392
370.148237 136.430389 331.218121 276.871870 407.083452 294.850430 176.826336 435.517973 278.940987 284.590362 420.576630 214.225100
370.016079 136.579702 331.211298 276.873436 407.250809 294.474827 176.454804 435.995708 278.947134 284.688169 420.577879 214.225733
369.864964 136.750431 331.206619 276.874509 407.454587 294.131401 176.133777 436.408335 278.960395 284.949160 420.605900 214.239528
369.697943 136.939132 331.184981 276.879473 407.645273 293.870199 175.858680 436.761925 278.966812 285.126244 420.619360 214.246148
369.514617 137.146253 331.158860 276.885465 407.787374 293.675550 175.622514 437.065476 278.974316 285.333308 420.626539 214.249678
369.336994 137.346937 331.125916 276.893023 407.883601 293.543737 175.366497 437.414109 278.987769 285.563967 420.627257 214.250031
369.155929 137.551518 331.072113 276.905366 407.943389 293.461839 175.172978 437.749406 279.002254 285.814251 420.627436 214.250120
368.993421 137.735133 331.013633 276.918782 408.213262 293.403091 174.971898 438.066411 279.000224 286.072443 420.627436 214.250120
368.879427 137.863932 330.931175 276.937699 408.326614 293.492549 174.773029 438.386618 278.998149 286.336434 420.627436 214.250120
368.809705 137.942710 330.855929 276.954961 408.454096 293.593158 174.581038 438.721254 278.994105 286.728987 420.627436 214.250120
368.765698 137.992432 330.734289 276.982866 408.570273 293.684846 174.397759 439.059625 278.992859 287.004980 420.627436 214.250120
368.559263 138.222089 330.630193 277.006747 408.692417 293.781243 174.275672 439.414618 279.191980 287.079997 420.627436 214.250120
368.461769 138.329150 330.543252 277.026692 408.807496 293.872063 174.181889 439.776030 279.464580 287.079718 420.627436 214.250120
368.340306 138.462532 330.437401 277.050976 408.922889 293.963132 174.099377 440.149402 279.732980 287.079444 420.627436 214.250120
368.193526 138.623715 330.332331 277.075080 409.050409 294.061621 174.036306 440.531633 279.972988 287.097170 420.668990 214.595767
368.026683 138.806930 330.232718 277.097932 409.177762 294.143123 174.018495 440.904987 279.981780 287.365826 420.633930 214.665451
367.851760 138.999019 330.101137 277.128118 409.302925 294.223223 174.015901 441.276666 279.990696 287.638281 420.585020 214.765540
367.678318 139.189480 329.954740 277.161703 409.425899 294.301922 174.032363 441.660313 279.999142 287.896342 420.556042 214.824838
367.502958 139.381983 329.865264 277.182230 409.551905 294.382562 174.079621 441.963813 280.047145 288.473835 420.591539 214.782382
367.326407 139.575294 329.775008 277.202935 409.684817 294.467621 174.134844 442.231374 280.023686 288.746628 420.525729 214.900484
367.144596 139.774364 329.698594 277.220466 409.821831 294.544895 174.212465 442.490892 280.000296 289.018624 420.519200 214.912200
366.965618 139.970333 329.651029 277.231378 409.971608 294.616470 174.293818 442.747295 279.977266 289.286436 420.233328 215.444846
366.818032 140.194624 329.627442 277.236789 410.104422 294.679939 174.376837 443.006946 279.955145 289.543686 420.130325 215.666701
366.712931 140.430903 329.622373 277.237951 410.247161 294.748150 174.525787 443.307659 279.931978 289.813092 420.022015 215.899984
366.630833 140.615468 329.616915 277.239204 410.378531 294.810930 174.675613 443.574241 279.909205 290.077915 419.908567 216.144332
366.574747 140.741556 329.615746 277.239472 410.513096 294.863807 174.842097 443.870463 279.886826 290.338154 419.793267 216.392671
366.550036 140.797108 329.614966 277.239651 410.678913 294.872399 175.025478 444.191182 279.864241 290.600785 419.676612 216.642805
