316.969886 272.780835 454.309824 295.548060 454.430200 152.833600 231.200509 285.839473 231.121346 316.696600 327.596114 185.676840
316.863022 273.077792 454.162654 295.912697 454.471519 152.836182 231.352856 285.835431 231.391785 316.705910 327.220965 186.163129
316.756361 273.374184 454.046796 296.223185 454.544178 152.840724 231.510400 285.831250 231.664529 316.716535 326.972601 186.485059
316.648819 273.673023 453.960865 296.453475 454.658155 152.847847 231.639755 285.827818 231.921503 316.747226 326.716908 186.816491
316.543242 273.966404 453.896258 296.626613 454.800078 152.856717 231.697134 285.826295 232.379770 316.777095 326.346979 187.295671
316.412169 274.398449 453.861718 296.719179 454.984162 152.870421 231.796110 285.665423 232.626869 316.816362 326.085952 187.633596
316.350260 274.723015 453.838784 296.780640 455.208626 152.888606 231.792191 285.518875 232.854855 316.852293 325.827003 187.968831
316.230007 275.016104 453.832072 296.798628 455.460401 152.909003 231.788272 285.372327 233.052417 316.883429 325.560718 188.313563
316.106642 275.316780 453.830813 296.802001 455.728324 152.930709 231.783834 285.206387 233.254127 316.915219 325.239437 188.833442
315.982897 275.618381 453.830044 296.804062 455.989069 152.951833 231.779850 285.057440 233.390642 316.936734 325.018056 189.192241
315.859456 275.919242 453.829974 296.804250 456.243050 152.977358 231.775990 284.913092 233.465716 316.948565 324.788587 189.564146
315.738292 276.214552 453.829974 296.804250 456.255170 152.681258 231.771996 284.763745 233.596811 316.943999 324.557018 189.939455
315.616901 276.510417 453.829974 296.804250 456.061942 152.494518 231.768328 284.626594 234.019834 316.996661 324.313475 190.299923
315.496648 276.803507 453.829974 296.804250 455.806643 152.428885 231.776594 284.555388 234.204653 317.076687 324.044318 190.632955
