289.996063 207.703698 278.840403 151.367621 263.754400 258.586200 299.342897 319.330443 206.257800 461.329400 89.886400 341.267800
289.765847 207.684688 278.943877 151.251948 263.721343 258.609771 299.367771 319.292942 206.287491 461.295054 89.906822 341.289227
289.510287 207.660236 279.067753 151.113469 263.652461 258.658887 299.374735 319.282442 206.345695 461.227725 89.951254 341.335844
289.235567 207.621772 279.218964 150.944432 263.549219 258.732503 299.379047 319.275942 206.423649 461.137548 90.021766 341.409823
288.959023 207.608353 279.387510 150.756017 263.408523 258.832826 299.380263 319.274109 206.529724 461.014841 90.113065 341.508981
288.701010 207.598532 279.568056 150.554186 263.246495 258.948359 299.380594 319.273609 206.655418 460.869439 90.209903 341.616366
288.443996 207.588749 279.752469 150.348033 263.053039 259.086302 299.380594 319.273609 206.798247 460.704217 90.316518 341.734593
288.186383 207.578943 279.927149 150.152761 262.837436 259.240037 299.380594 319.273609 206.966842 460.509188 90.421928 341.851484
287.991324 207.571518 280.104228 149.954806 262.621181 259.394236 299.380594 319.273609 207.156103 460.290252 90.520373 341.960652
287.865055 207.550511 280.260240 149.780403 262.387667 259.525898 299.380594 319.273609 207.365507 460.048017 90.626319 342.078137
287.791421 207.520806 280.373448 149.653848 262.144267 259.630690 299.380594 319.273609 207.591783 459.786263 90.729720 342.192800
