477.501983 198.558040 172.674454 443.894629 228.357000 354.427000 420.903354 194.099927 305.590334 325.458203 212.839831 394.414177
477.625283 198.026760 172.457283 443.726575 228.370707 354.388996 420.974801 194.350749 305.590334 325.458203 213.079750 394.048206
477.748087 197.497624 172.240271 443.558644 228.399683 354.308662 421.045975 194.600610 305.590334 325.458203 213.318449 393.676916
477.872111 196.963227 172.020569 443.388633 228.443722 354.186562 421.117752 194.852586 305.590334 325.458203 213.556931 393.305961
478.025842 196.441435 171.817045 443.212013 228.498144 354.035676 421.189966 195.106101 305.590334 325.458203 213.795955 392.934166
478.195260 195.919230 171.615840 443.021631 228.562881 353.856194 421.264811 195.368849 305.590334 325.458203 214.034329 392.563380
478.366407 195.391698 171.411211 442.817162 228.642410 353.635698 421.338779 195.628520 305.590334 325.458203 214.271514 392.194444
478.537060 194.865688 171.218965 442.583219 228.731779 353.387923 421.412638 195.887805 305.590334 325.458203 214.511402 391.821303
478.707589 194.340058 171.030708 442.303040 228.834787 353.102332 421.483921 196.138051 305.590334 325.458203 214.727894 391.437371
478.876205 193.820326 170.863692 441.971088 228.945531 352.795293 421.556793 196.393874 305.590334 325.458203 214.938112 391.047880
479.128192 193.106867 170.727793 441.591834 229.066386 352.460222 421.631200 196.655083 305.590334 325.458203 215.142779 390.668803
479.302992 192.590026 170.594402 441.184011 229.166069 352.183850 421.701716 196.902636 305.590334 325.458203 215.345641 390.293068
479.415512 192.049411 170.518355 440.737237 229.244242 351.967116 421.776123 197.163845 305.590334 325.458203 215.550213 389.914167
479.527991 191.508993 170.471819 440.258551 229.294592 351.827519 421.848337 197.417360 305.590334 325.458203 215.758681 389.528049
479.630827 190.976721 170.459392 439.744301 229.324450 351.744739 421.919511 197.667221 305.590334 325.458203 215.961414 389.146388
479.694266 190.439655 170.555891 439.221043 229.402851 351.567241 421.992715 197.927041 305.590334 325.458203 216.158664 388.751960
479.758243 189.898020 170.718149 438.702697 229.486988 351.410154 422.022264 198.193609 305.590334 325.458203 216.350816 388.367729
479.822315 189.355591 170.948828 438.199227 229.590295 351.217278 422.051858 198.460573 305.590334 325.458203 216.548871 387.971691
479.887067 188.807402 171.300823 437.647947 229.713243 350.987731 422.080901 198.722569 305.590334 325.458203 216.747106 387.575296
479.890486 188.266286 171.602262 437.183410 229.846862 350.738262 422.109899 198.984166 305.590334 325.458203 216.944893 387.179795
479.856003 187.713761 171.806994 436.682002 229.990963 350.469222 422.140286 199.258287 305.590334 325.458203 217.139370 386.790912
479.821628 187.161630 171.886818 436.142137 230.118117 350.082533 422.169065 199.517897 305.590334 325.458203 217.330359 386.409006
479.790235 186.607924 171.899872 435.597500 230.284691 349.736765 422.198989 199.787843 305.590334 325.458203 217.528057 386.013684
479.761394 186.059282 171.891824 435.044780 230.461507 349.369735 422.227437 200.044471 305.590334 325.458203 217.740208 385.627767
479.732563 185.510839 171.829774 434.498708 230.653167 348.971895 422.257735 200.317797 305.590334 325.458203 217.951740 385.244007
479.704131 184.969986 171.705064 433.960428 230.855764 348.551351 422.286558 200.577805 305.590334 325.458203 218.152613 384.866526
479.679154 184.430399 171.480693 433.455210 231.068517 348.109727 422.315821 200.841788 305.590334 325.458203 218.358371 384.479864
479.665177 183.886978 171.131445 433.035365 231.289602 347.650805 422.346142 201.115312 305.590334 325.458203 218.560842 384.099382
479.651261 183.345957 170.743160 432.653687 231.539061 347.185085 422.376716 201.370504 305.590334 325.458203 218.765679 383.713590
479.636986 182.790941 170.321325 432.316588 231.800655 346.704692 422.436544 201.578261 305.590334 325.458203 218.968075 383.332162
479.622993 182.246921 169.921178 432.082808 232.063205 346.222542 422.488126 201.757382 305.590334 325.458203 219.175252 382.941724
479.609088 181.706300 169.548431 431.914947 232.326521 345.738987 422.519396 201.865969 305.590334 325.458203 219.378773 382.558177
479.595127 181.163479 169.158234 431.716024 232.589358 345.256311 422.542531 201.946304 305.590334 325.458203 219.582013 382.175159
479.581031 180.615460 168.867883 431.501508 232.873148 344.783572 422.553600 201.984742 305.590334 325.458203 219.789846 381.783484
479.592165 180.072842 168.648471 431.339402 233.159659 344.308244 422.559356 202.004730 305.597263 325.452779 219.994117 381.398523
479.623483 179.531147 168.477156 431.212832 233.440284 343.842679 422.562123 202.014339 305.610649 325.442299 220.196794 381.016565
479.655470 178.977870 168.401421 430.841758 233.719980 343.378656 422.562732 202.016453 305.640728 325.418752 220.405002 380.624184
479.687169 178.429586 168.749238 430.463328 234.005975 342.904185 422.563562 202.019336 305.679307 325.388541 220.609930 380.237987
479.718879 177.881102 168.899965 430.310010 234.291556 342.430398 422.565886 202.027408 305.738015 325.342514 220.810638 379.859739
479.750624 177.332019 169.070041 430.137011 234.573110 341.963292 422.570591 202.043744 305.711430 325.184716 221.011440 379.481314
479.782069 176.788127 169.266477 429.937198 234.855181 341.495330 422.579612 202.075071 305.609506 325.095280 221.213274 379.100947
479.813629 176.242239 169.482122 429.717847 235.142307 341.035907 422.586087 202.097557 305.309161 324.820531 221.417264 378.716516
479.845258 175.695152 169.716556 429.478829 235.433386 340.578227 422.603798 202.159058 305.154670 324.673897 221.620275 378.323155
479.949301 175.153699 169.969602 429.212188 235.725430 340.119029 422.635013 202.267453 304.974648 324.503031 221.732775 377.904818
480.072137 174.614104 170.240133 428.927123 236.020910 339.654429 422.693717 202.406315 304.776638 324.315091 221.847352 377.478755
480.193953 174.078994 170.524431 428.627551 236.314028 339.193543 422.767922 202.569649 304.576888 324.125500 221.944594 377.050741
480.315058 173.547004 170.830895 428.304622 236.611117 338.726412 422.855364 202.762117 304.384971 323.943344 222.038929 376.617288
480.435808 173.016575 171.301802 427.806301 236.904449 338.265189 423.091153 203.136783 304.025791 323.621140 222.132371 376.187938
480.558466 172.477760 171.635895 427.449774 237.194347 337.809365 423.247509 203.335430 303.648831 323.291252 222.226578 375.755071
480.680237 171.942845 171.990502 427.071356 237.501649 337.280442 423.414131 203.547122 303.405888 323.062923 222.318234 375.333929
480.806827 171.406423 172.495846 426.537711 237.768987 336.807352 423.577661 203.754885 303.147205 322.819801 222.410314 374.910834
480.944593 170.870652 172.883877 426.148773 238.034653 336.337223 423.746881 203.969877 302.874095 322.563119 222.501375 374.492428
481.082557 170.334106 173.402039 425.620286 238.286832 335.852963 423.906637 204.166182 302.594894 322.300651 222.592860 374.072068
481.217534 169.809182 173.719548 425.266459 238.505095 335.357071 424.086985 204.366310 302.314989 322.037473 222.685196 373.647800
481.354951 169.274766 173.986299 424.969197 238.728836 334.848732 424.232789 204.528105 302.038581 321.777583 222.785119 373.218276
481.491969 168.741900 174.198817 424.732370 238.950240 334.345701 424.364401 204.674153 301.766835 321.522077 222.883014 372.801211
481.629287 168.207872 174.501297 424.392457 239.172692 333.840290 424.493068 204.816931 301.485613 321.257671 223.102150 372.429800
481.765259 167.679074 174.638606 424.236485 239.398197 333.287416 424.615308 204.952578 301.218922 320.999245 223.325664 372.055683
481.902078 167.146983 174.730983 424.131554 239.569590 332.804319 424.688009 205.033253 300.951698 320.733028 223.548459 371.682768
482.037353 166.620897 174.787149 424.067754 239.716040 332.391527 424.788827 205.145129 300.682490 320.464836 223.773512 371.306076
482.156978 166.087252 174.805386 424.047038 239.849976 331.974321 424.853763 205.217187 300.412716 320.196078 223.993127 370.938484
482.331671 165.576778 174.815298 424.035779 239.964677 331.559071 424.898883 205.267256 300.146768 319.931132 224.216846 370.564024
482.444435 165.040914 174.816751 424.034128 240.079377 331.143822 424.898883 205.267256 299.876001 319.661387 224.441283 370.188362
482.558477 164.498983 174.818073 424.032627 240.194131 330.728379 424.898883 205.267256 299.311196 319.050123 224.661309 369.820082
482.671407 163.962337 174.833799 424.014763 240.308992 330.312551 424.898883 205.267256 299.073837 318.745728 224.886464 369.443219
482.785778 163.418840 174.870010 423.973631 240.423586 329.897687 424.925527 205.296822 298.863903 318.476503 225.122912 369.078452
482.899820 162.876910 174.857742 423.835407 240.540417 329.474726 424.983099 205.360708 298.640572 318.197595 225.394539 368.730779
483.080806 162.010333 174.726408 423.815730 240.650418 329.053921 425.057943 205.443761 298.435221 317.908306 225.722916 368.456093
483.192496 161.474245 174.564614 423.791489 240.754015 328.625262 425.116586 205.508835 298.166406 317.648565 226.082999 368.212257
483.301208 160.952449 174.374535 423.763011 240.856108 328.202824 425.163447 205.560836 297.933980 317.423985 226.482192 368.021568
483.412408 160.418710 174.162080 423.727125 240.959987 327.772998 425.186074 205.585945 297.593057 317.092637 226.876518 367.830567
483.523119 159.887320 173.925148 423.670518 241.062833 327.347450 425.206693 205.608825 297.370085 316.873828 227.254536 367.626884
483.636033 159.345358 173.663900 423.608103 241.153506 326.935398 425.230123 205.634825 297.039342 316.463195 227.628457 367.416070
483.772581 158.493767 173.383722 423.473365 241.250628 326.587708 425.240432 205.646265 296.851111 316.213871 227.992109 367.168722
483.850725 157.949144 172.886860 423.172028 241.340164 326.267179 425.244047 205.650277 296.660260 315.964025 228.352696 366.915379
483.919324 157.471040 172.627821 422.926078 241.419476 325.983248 425.244047 205.650277 296.485920 315.735793 228.705920 366.649013
483.976135 157.075095 172.342967 422.655617 241.510442 325.683234 425.244047 205.650277 296.187422 315.318522 229.055470 366.385417
484.023072 156.753507 172.031860 422.360230 241.592791 325.437253 425.244047 205.650277 296.025540 315.069757 229.402306 366.123867
484.062460 156.503592 171.705229 422.072022 241.655712 325.249305 425.244047 205.650277 295.887111 314.857032 229.756488 365.856778
