477.560141 302.531217 153.263000 386.877800 341.537306 221.017595 258.367252 374.379201 478.360200 113.858600 190.309200 516.366800
477.263414 302.767644 153.252771 387.063353 341.462644 221.097830 258.510614 374.438127 478.357627 113.891299 190.309823 516.414396
476.940252 303.025133 153.248525 387.154053 341.394113 221.171477 258.643802 374.492871 478.352699 113.953905 190.310871 516.494589
476.598477 303.297454 153.242437 387.284111 341.321494 221.249516 258.789015 374.552557 478.344461 114.058582 190.312268 516.601380
476.240747 303.582487 153.235208 387.438542 341.236613 221.340732 258.926827 374.609201 478.337911 114.195604 190.314285 516.755567
475.853954 303.878944 153.226174 387.631530 341.150905 221.427797 259.071670 374.668735 478.331623 114.362485 190.316757 516.944551
475.426476 304.169010 153.218618 387.792954 341.089885 221.487830 259.211517 374.726216 478.323964 114.565741 190.319733 517.172131
474.974836 304.475472 153.213652 387.899037 341.008906 221.567499 259.356360 374.785750 478.315003 114.803572 190.321211 517.439038
474.523692 304.781596 153.193196 388.234644 340.916978 221.630406 259.498242 374.844067 478.304881 115.072182 190.122613 517.622545
474.051999 305.048722 153.179642 388.408115 340.750810 221.780140 259.632540 374.899267 478.295023 115.333796 189.902331 517.783771
473.632723 305.273229 153.163892 388.609701 340.669238 221.923097 259.768503 374.955152 478.285045 115.598608 189.649858 517.876606
473.238132 305.484519 153.145305 388.847576 340.526065 222.070932 259.919450 375.017195 478.274901 115.867817 189.393940 517.897303
472.910716 305.659838 153.123681 389.124332 340.362973 222.248448 260.055250 375.073989 478.265073 116.128632 189.128556 517.882451
472.645363 305.801925 153.106887 389.339277 340.195797 222.447054 260.189484 375.130900 478.256887 116.345878 188.862372 517.867554
472.443835 305.909836 153.096293 389.474864 339.927903 222.760445 260.341947 375.195540 478.251495 116.488976 188.605574 517.853182
472.262408 306.006984 153.090311 389.551431 339.713368 222.995554 260.485203 375.256277 478.248325 116.573117 188.342186 517.838441
472.110954 306.088082 152.894601 389.734263 339.585428 223.126958 260.620358 375.313579 478.034136 116.738137 188.072209 517.823332
472.023678 306.134815 152.747203 389.733438 339.468649 223.246897 260.761773 375.373535 477.868288 116.722322 187.803829 517.808312
471.867552 306.279376 152.599206 389.732609 339.384240 223.333592 260.911658 375.437082 477.661427 116.702596 187.527062 517.792822
471.713049 306.340625 152.447008 389.731757 339.318107 223.401515 261.054178 375.497506 477.429280 116.680458 187.264273 517.778115
471.528799 306.413666 152.283411 389.730841 339.244859 223.476746 261.197251 375.558165 477.164481 116.655207 186.998888 517.763263
471.310339 306.500270 152.135413 389.730012 339.164077 223.559715 261.340875 375.619058 476.894705 116.629482 186.731706 517.748310
471.065106 306.597487 151.973815 389.729108 339.091666 223.634087 261.491313 375.682839 476.627716 116.604022 186.474709 517.733927
470.796446 306.703990 151.828818 389.728296 338.929442 224.040042 261.630150 375.741702 476.383790 116.565026 186.203932 517.718773
470.505290 306.819412 151.670220 389.727408 339.064094 224.146739 261.763083 375.797994 476.376605 116.288519 185.946136 517.704345
470.177135 306.949502 151.509823 389.726510 339.232134 224.279893 261.930122 375.868733 476.374355 116.020602 185.686342 517.689805
469.816443 307.092489 151.356625 389.725652 339.421335 224.429816 262.119628 375.948990 476.425895 115.755160 185.411373 517.674417
469.423587 307.248228 151.199028 389.724770 339.629504 224.594767 262.349490 376.031073 476.477931 115.487165 185.149183 517.659743
468.996739 307.385690 151.051830 389.723945 339.961566 224.890730 262.610414 376.119187 476.530805 115.214851 184.888790 517.645170
468.538410 307.500953 150.892632 389.723054 340.146738 225.076929 262.892749 376.214532 476.581888 114.951764 184.618813 517.630060
468.047302 307.624458 150.732835 389.722159 340.474759 225.409210 263.197823 376.317555 476.634610 114.680235 184.343643 517.614660
467.536798 307.752842 150.581264 389.720470 340.803381 225.736580 263.523930 376.427681 476.684358 114.424020 184.069472 517.599316
467.006122 307.886298 150.433316 389.711839 340.998374 225.904911 263.882632 376.548806 476.736203 114.157007 183.798297 517.584140
466.480533 308.017576 150.269794 389.702298 341.169599 226.052723 264.268622 376.679136 476.781453 113.923959 183.601505 517.413800
465.935551 308.071058 150.123936 389.695987 341.314936 226.178187 264.684932 376.819704 476.810959 113.771997 183.407886 517.244193
465.393952 308.124209 149.967647 389.690097 341.460424 226.303782 265.044773 376.941204 476.832574 113.660676 183.213265 517.059913
464.842999 308.178277 149.811958 389.684229 341.575937 226.403500 265.334919 377.039048 477.059762 113.480352 183.091715 516.918311
464.302595 308.231310 149.664856 389.728292 341.702616 226.515316 265.553554 377.111094 477.251690 113.507227 183.042566 516.804250
463.760201 308.284539 149.508977 389.775256 341.785217 226.593303 265.999030 377.160893 477.486004 113.540037 183.029030 516.742402
463.222044 308.261077 149.365929 389.818355 341.803480 226.874002 266.052680 377.235385 477.745473 113.576368 183.008307 516.445736
462.694674 308.285913 149.206603 389.866358 341.673383 226.989246 266.061969 377.287113 477.923536 113.601302 182.998720 516.308671
462.145570 308.242723 149.065278 389.908937 341.521279 227.123985 266.199350 377.515250 478.046734 113.618552 182.985938 516.125917
461.599257 308.199753 148.923379 389.951690 341.343059 227.276430 266.292942 377.598409 478.106550 113.626928 182.970532 515.905655
461.049555 308.156517 148.764436 389.999577 341.134808 227.441601 266.406270 377.699104 478.303054 113.584411 182.952461 515.647287
460.507795 308.086695 148.504198 390.081128 340.920290 227.611742 266.522438 377.802322 478.545659 113.627009 182.916410 515.189018
459.973992 307.970984 148.352192 390.131071 340.707024 227.780889 266.640251 377.907002 478.704253 113.659056 182.893654 514.920781
459.441558 307.855569 148.206076 390.179078 340.503161 227.942580 266.752084 378.006368 478.907348 113.700095 182.870188 514.644175
458.912447 307.740874 148.059581 390.227210 340.291619 228.110360 266.859880 378.102148 479.133968 113.745887 182.846756 514.367967
458.383530 307.626221 147.901685 390.279087 340.087286 228.272423 266.972011 378.201780 479.389798 113.797582 182.612621 514.206365
457.866148 307.462442 147.765070 390.323973 339.877938 228.438463 267.049872 378.342326 479.678561 113.855932 182.340659 514.210873
457.354551 307.288993 147.616294 390.372854 339.662792 228.609101 267.086773 378.627072 479.997123 113.920303 182.076895 514.215245
456.834998 307.112847 147.503050 390.410061 339.452348 228.776012 267.070321 378.772948 480.347638 113.991130 181.800133 514.219833
456.319045 306.937921 147.403296 390.442836 339.236889 228.946899 267.056494 378.916544 480.691976 114.131374 181.534369 514.224238
455.804039 306.763316 147.312006 390.472520 339.024094 229.115673 267.086649 379.072862 480.957199 114.250139 181.274205 514.228550
455.280640 306.597635 147.125514 390.369419 338.811612 229.284199 267.213483 379.293261 481.285788 114.288047 181.008442 514.232955
454.754637 306.431553 147.077417 390.241780 338.608532 229.445268 267.322012 379.395644 481.642392 114.305391 180.743878 514.237340
454.225582 306.264507 147.017542 390.082887 338.404512 229.607082 267.444296 379.489345 481.789132 114.675320 180.480161 514.231628
453.710831 306.101977 146.949486 389.902284 338.251566 229.734350 267.570429 379.564058 482.022502 114.832918 180.232993 514.154911
453.195509 305.939267 146.869865 389.690988 338.147593 229.822945 267.703273 379.642746 482.290015 115.013574 179.985444 514.078075
452.674196 305.784581 146.784107 389.463409 338.034942 229.918934 267.838870 379.723065 482.579904 115.209340 179.736748 514.000884
452.140775 305.676806 146.687983 389.208319 337.949693 229.991574 267.979801 379.806544 482.890179 115.418874 179.475254 513.919720
451.597945 305.567121 146.584101 388.932643 337.900523 230.033472 268.056720 379.852106 483.229958 115.648332 179.216053 513.839268
451.060414 305.458483 146.466326 388.620097 337.892706 230.201315 268.093201 379.873715 483.760182 116.040511 178.970031 513.762906
450.518585 305.348897 146.340441 388.286028 337.975405 230.314280 268.318804 380.003909 484.123348 116.341371 178.708346 513.681683
449.979250 305.266615 146.201368 387.916962 338.075588 230.451128 268.410123 380.054918 484.502378 116.655373 178.400876 513.620080
449.438187 305.210157 146.055736 387.530490 338.191839 230.609924 268.538110 380.126409 484.899274 116.984175 178.248663 513.596687
448.889566 305.152911 145.902557 387.123993 338.321610 230.799692 268.669065 380.199557 485.315883 117.329309 178.155754 513.582408
448.340348 305.095603 145.750014 386.719180 338.454054 231.019124 268.799496 380.272414 485.738499 117.679419 178.109102 513.575238
447.790841 305.052839 145.602266 386.327094 338.580203 231.255225 268.895181 380.325861 486.155879 118.025191 178.084194 513.571410
447.239017 305.027615 145.456000 385.938938 338.703153 231.503889 268.959785 380.361948 486.608186 118.581188 178.070356 513.569283
446.690191 305.002529 145.340140 385.529005 338.808193 231.758073 268.975151 380.370531 486.766879 119.092735 177.892119 513.522298
446.139366 304.977351 145.259834 385.104127 338.994535 232.148589 268.984929 380.375992 486.752905 119.645558 177.827695 513.546444
445.588141 304.952155 145.181310 384.688683 339.154951 232.568183 268.992786 380.380381 486.738890 120.199981 177.499978 513.430897
445.034332 304.958342 145.133469 384.315512 339.239278 232.826361 268.995231 380.381747 486.725189 120.742008 177.445839 513.316053
444.493252 304.969748 145.137878 383.978341 339.323977 233.085679 268.995929 380.382137 486.711351 121.289433 177.461739 513.145488
443.944574 304.981314 145.142278 383.479000 339.398890 233.345253 268.996104 380.382234 486.697417 121.840657 177.582000 512.994502
443.393496 304.992930 145.140559 383.153205 339.471220 233.602477 268.996104 380.382234 486.683721 122.382484 177.810420 512.776214
442.849617 305.004395 145.175535 382.636005 339.546311 233.869520 268.996104 380.382234 486.669888 122.929709 177.854666 512.503378
442.305735 305.028001 145.213974 382.298789 339.620048 234.131750 269.189352 380.554963 486.656233 123.469937 177.901346 512.199875
441.763241 305.087985 145.253455 381.952432 339.692703 234.390129 269.186237 380.633101 486.642565 124.018766 177.918452 511.860706
441.217368 305.148343 145.295699 381.581832 339.763463 234.641770 269.181322 380.756403 486.631425 124.568253 177.926912 511.488494
440.673085 305.208525 145.339982 381.193348 339.834980 234.896106 269.174829 380.919274 486.620293 125.117340 177.907782 511.088000
