397.316372 370.566114 414.356600 152.710600 333.939635 299.408763 430.858000 281.414600 265.898014 393.167893 340.501416 268.259625
397.007173 370.280687 414.358525 152.738935 334.013113 299.723000 431.095905 281.381304 265.978407 392.830593 340.347526 268.444342
396.546471 369.872994 414.363892 152.817953 334.049760 300.009869 431.288511 281.783189 266.125757 392.505201 340.183150 268.488487
396.204265 369.598650 414.371198 152.925505 334.062338 300.336535 431.341623 281.897890 266.285983 392.151610 339.992892 268.539583
395.865647 369.327184 414.380496 153.062389 333.960308 300.667022 431.410533 282.046710 266.459279 391.769467 339.769411 268.599602
395.525781 369.054717 414.391909 153.230402 333.729212 300.975947 431.476418 282.188996 266.585282 391.346135 339.514060 268.668180
395.034939 368.672215 414.405870 153.435929 333.359392 301.167716 431.539614 282.325475 266.704038 390.889584 339.296953 268.726487
394.686651 368.411599 414.422163 153.675776 332.932979 301.221425 431.609958 282.472500 266.889540 390.425133 339.146678 268.766846
394.336129 368.155568 414.449637 154.083205 332.530954 301.077522 431.688814 282.909024 267.087440 389.945128 339.057247 268.790863
393.972147 367.917362 414.403234 154.373348 332.157415 300.861925 431.684744 283.080599 267.294009 389.445145 338.812305 268.854053
393.448440 367.603380 414.424963 154.693411 331.780939 300.647404 431.626479 283.211848 267.567736 388.968646 338.642483 268.895476
393.050537 367.427849 414.448221 155.036023 331.396791 300.452420 431.566348 283.347301 267.908526 388.335177 338.428555 268.947657
392.648721 367.267039 414.474027 155.416148 331.014248 300.258250 431.498751 283.499571 268.078233 387.763085 338.180819 269.008085
392.243192 367.104742 414.501201 155.816426 330.614664 300.085260 431.431965 283.650013 268.244700 387.237957 337.915595 269.072778
391.665250 366.880237 414.532760 156.333380 330.216527 299.919149 431.372321 283.784369 268.671320 386.224513 337.539055 269.167113
391.266863 366.732243 414.542254 156.654440 329.805201 299.789246 431.305859 283.934080 268.835398 385.399884 337.287560 269.235397
390.861553 366.572099 414.549810 156.909928 329.382107 299.666282 431.246134 284.068619 268.872948 384.851769 337.029696 269.305411
390.269686 366.348993 414.554900 157.082053 328.957234 299.541563 431.187301 284.201147 268.910128 384.298827 336.764883 269.377311
389.859088 366.199398 414.558737 157.211796 328.466876 299.440120 431.123710 284.349451 268.930949 383.765834 336.513003 269.445700
389.454316 366.051925 414.560540 157.272769 328.032035 299.457794 431.067552 284.494778 268.952406 383.216653 336.344503 269.491450
389.100281 365.922939 414.303962 157.531751 327.589200 299.475793 431.013557 284.634508 268.973527 382.676065 336.234679 269.521268
388.787400 365.808945 414.161045 157.572452 327.149108 299.496034 430.957832 284.778716 268.995078 382.124486 336.185847 269.534527
388.532961 365.716245 413.991198 157.620822 326.707413 299.532526 430.833584 285.099960 269.023981 381.387536 335.976235 269.590331
388.313286 365.636210 413.789806 157.678176 326.275286 299.568227 430.780109 285.238176 269.046093 380.835578 335.854514 269.622110
387.973348 365.509129 413.550904 157.746211 325.848485 299.633495 430.724830 285.381055 269.093797 380.125414 335.692543 269.664396
387.847444 365.461534 413.294884 157.819122 325.417196 299.736420 430.667026 285.530463 269.146619 379.579563 335.492644 269.716585
387.765503 365.430558 413.029054 157.894827 325.001043 299.837173 430.620870 285.672924 269.199613 379.031921 335.256170 269.778322
387.713121 365.410756 412.927949 157.600055 324.621857 299.906060 430.597527 285.818666 269.252916 378.481094 335.018342 269.840413
387.688988 365.401633 412.912208 157.340132 324.225659 300.098360 430.572065 285.977640 269.339917 377.738561 334.864498 269.880578
387.670842 365.394773 412.896068 157.073620 323.834499 300.288215 430.546205 286.138981 269.431064 377.201845 334.758259 269.908314
387.661113 365.391096 412.880279 156.812897 323.449276 300.475188 430.544657 286.284957 269.522947 376.660792 334.711816 269.920440
387.660178 365.390742 412.863499 156.535805 323.072664 300.694717 430.559359 286.430215 269.614165 376.123683 334.483297 269.720376
387.660178 365.390742 412.847807 156.276680 322.708200 300.909400 430.574843 286.581610 269.706911 375.577907 334.453095 269.604446
387.660178 365.390742 412.832103 156.017355 322.055316 301.724537 430.622360 286.739829 269.792219 375.075904 334.415733 269.461033
387.660178 365.390742 412.816217 155.755035 322.097988 302.152403 430.664814 286.881191 269.870792 374.613532 334.370556 269.287621
387.660178 365.390742 412.799642 155.481337 322.364477 302.476419 430.712227 287.030633 269.945529 373.966968 334.224620 269.053176
387.660178 365.390742 412.783213 155.210034 322.779788 302.620976 430.761913 287.179985 270.045806 373.549029 333.979724 269.092291
387.660178 365.390742 412.767037 154.942923 323.198772 302.522887 430.811726 287.329717 270.147296 373.126034 333.711919 269.135066
387.660178 365.390742 412.751042 154.678807 323.573067 302.314475 430.862612 287.482675 270.245007 372.718792 333.457084 269.175234
387.660178 365.390742 412.866704 154.481995 323.931673 302.078649 430.834197 287.606231 270.348737 372.286462 333.184505 269.198853
387.660178 365.390742 413.117386 154.366041 324.293454 301.840735 430.884831 287.758429 270.510978 371.627531 332.922088 269.221591
387.660178 365.390742 413.353908 154.256637 324.400951 301.338426 430.930065 287.899974 270.629833 371.156907 332.658875 269.244398
387.660178 365.390742 413.602956 154.141439 324.145697 300.988417 430.978066 288.051975 270.748687 370.686284 332.395186 269.262147
387.660178 365.390742 413.818604 154.041690 323.799665 300.737417 431.022633 288.193105 270.864555 370.227488 332.138249 269.267826
387.660178 365.390742 413.984696 153.964863 323.444811 300.497057 431.070212 288.343771 270.968522 369.815814 331.870914 269.273735
387.660178 365.390742 414.079087 153.921202 323.078855 300.248116 431.117369 288.493102 271.060638 369.451066 331.602579 269.279666
387.660178 365.390742 414.135722 153.895005 322.719349 300.003562 431.166514 288.648727 271.206811 369.186117 331.350041 269.285248
387.660178 365.390742 414.226774 153.721737 322.357198 299.757209 431.194889 288.796418 271.367464 368.637243 331.151023 269.284896
387.660178 365.390742 414.283303 153.580851 321.994715 299.510630 431.186007 288.944752 271.425801 368.386952 331.043351 269.276480
387.660178 365.390742 414.271890 153.412838 321.639509 299.269001 431.176479 289.103867 271.491902 368.103353 330.963595 269.270245
387.660178 365.390742 414.257604 153.202523 321.251717 299.089247 431.164989 289.249074 271.544156 367.879162 330.870515 269.402608
387.660178 365.390742 414.243087 152.988815 320.847090 299.172185 431.118230 289.389915 271.575753 367.743596 330.880712 269.543439
387.660178 365.390742 414.234399 152.860910 320.557308 299.483734 430.775602 289.915789 271.597409 367.650686 330.893667 269.722371
387.660178 365.390742 414.229167 152.783888 320.490618 299.905051 430.647802 290.017606 271.605716 367.615042 330.909164 269.936411
387.660178 365.390742 414.226090 152.738592 320.593840 300.331308 430.547846 290.097241 271.612799 367.584656 330.926437 270.174986
387.660178 365.390742 414.225277 152.726620 320.912434 300.624272 430.477141 290.153570 271.614433 367.577644 330.945184 270.433908
387.660178 365.390742 414.224992 152.722429 321.332563 300.695790 430.426146 290.194198 271.614932 367.575502 330.978228 270.814422
387.660178 365.390742 414.224843 152.720234 321.668152 300.635761 430.393610 290.220119 271.615023 367.575112 331.003844 271.084208
387.660178 365.390742 414.224802 152.719636 321.918689 300.546240 430.370615 290.238439 271.615069 367.574917 331.029271 271.352004
387.660178 365.390742 414.224800 152.719600 322.097941 300.479711 430.355129 290.250777 271.615069 367.574917 331.055417 271.627366
387.660178 365.390742 414.224800 152.719600 322.207817 300.438931 430.330570 290.270342 271.615069 367.574917 331.100532 272.118946
387.660178 365.390742 414.224800 152.719600 322.277381 300.413113 430.274100 290.315331 271.615069 367.574917 331.124098 272.379282
387.660178 365.390742 414.224800 152.719600 322.431265 300.349029 430.198234 290.375774 271.615069 367.574917 331.148710 272.651170
387.660178 365.390742 414.224800 152.719600 322.563060 300.287617 430.146926 290.416650 271.615069 367.574917 331.177117 272.926936
387.660178 365.390742 414.224800 152.719600 322.728755 300.210410 430.049585 290.494328 271.615069 367.574917 331.230900 273.186626
387.660178 365.390742 414.224800 152.719600 322.927082 300.117998 429.949461 290.574073 271.615069 367.574917 331.285048 273.448077
387.660178 365.390742 414.224800 152.719600 323.149700 300.014266 429.813354 290.682475 271.615069 367.574917 331.340777 273.717167
387.660178 365.390742 414.224800 152.719600 323.484340 299.921208 429.642987 290.818165 271.615069 367.574917 331.395128 273.979598
387.660178 365.390742 414.224800 152.719600 323.762407 299.768167 429.292519 291.098409 271.615069 367.574917 331.449356 274.241441
387.660178 365.390742 414.224800 152.719600 324.071487 299.598057 429.059509 291.287053 271.615069 367.574917 331.559414 274.700762
387.660178 365.390742 414.224800 152.719600 324.402005 299.399341 428.807846 291.490798 271.615069 367.574917 331.592896 274.960412
387.660178 365.390742 414.224800 152.719600 324.706865 299.130298 428.531623 291.714427 271.615069 367.574917 331.626813 275.223434
387.660178 365.390742 414.224800 152.719600 324.883123 298.740681 428.214191 292.013819 271.615069 367.574917 331.661421 275.491812
387.660178 365.390742 414.224800 152.719600 324.864709 298.308955 427.922565 292.296865 271.615069 367.574917 331.695748 275.758008
387.660178 365.390742 414.224800 152.719600 324.666612 297.919970 427.475580 292.731226 271.615069 367.574917 331.733540 276.016650
387.660178 365.390742 414.224800 152.719600 324.327447 297.672846 427.169162 293.029470 271.615069 367.574917 331.771539 276.268197
387.660178 365.390742 414.224800 152.719600 323.906146 297.638886 426.853571 293.336641 271.615069 367.574917 331.804458 276.486124
387.660178 365.390742 414.224800 152.719600 323.485489 297.686710 426.549445 293.632653 271.615069 367.574917 331.677975 276.766375
387.660178 365.390742 414.224800 152.719600 323.164799 297.962922 426.292185 293.883050 271.615069 367.574917 331.555360 276.794504
387.660178 365.390742 414.224800 152.719600 322.983268 298.345089 426.091222 294.156420 271.615069 367.574917 331.473097 276.813376
387.660178 365.390742 414.224800 152.719600 322.999188 298.772918 425.982488 294.340738 271.615069 367.574917 331.415006 276.826703
387.660178 365.390742 414.224800 152.719600 323.139602 299.174724 425.901192 294.478545 271.615069 367.574917 331.397072 276.830817
387.660178 365.390742 414.224800 152.719600 323.431403 299.490321 425.850076 294.565191 271.615069 367.574917 331.384206 276.833769
387.660178 365.390742 414.224800 152.719600 323.802426 299.831564 425.813493 294.627205 271.615069 367.574917 331.377383 276.835334
387.646147 365.385438 414.224800 152.719600 324.180722 300.108789 425.796014 294.656833 271.615069 367.574917 331.373290 276.836273
387.605177 365.369950 414.224800 152.719600 324.578375 300.400201 425.790831 294.665618 271.616067 367.570632 331.370950 276.836810
387.565890 365.355099 414.224800 152.719600 324.992161 300.703434 425.789917 294.667169 271.619064 367.557777 331.370366 276.836944
387.484511 365.324335 414.224800 152.719600 325.425950 301.021327 425.789917 294.667169 271.625601 367.529728 331.370171 276.836989
387.413608 365.297532 414.224800 152.719600 325.863568 301.355042 425.789917 294.667169 271.636996 367.480839 331.370171 276.836989
387.214408 365.044181 414.224800 152.719600 326.295116 301.691811 425.789917 294.667169 271.659469 367.384423 331.370171 276.836989
387.198523 364.894824 414.224800 152.719600 326.723195 302.025873 425.789917 294.667169 271.685709 367.271841 331.370171 276.836989
387.179231 364.713447 414.224800 152.719600 327.145660 302.363418 425.789917 294.667169 271.718442 367.131405 331.369781 276.837078
387.156746 364.502039 414.224800 152.719600 327.563374 302.707843 425.789917 294.667169 271.842721 366.603360 331.369196 276.837212
387.130073 364.251254 414.224800 152.719600 327.989730 303.059393 425.789917 294.667169 271.887202 366.415761 331.365297 276.838107
387.101051 363.978393 414.224800 152.719600 328.415160 303.410179 425.789917 294.667169 271.940496 366.190993 331.361204 276.839046
387.069576 363.682462 414.306078 152.218847 328.834677 303.768875 425.789917 294.667169 271.999466 365.942289 331.356330 276.840164
387.043301 363.358533 414.332523 152.149734 329.235069 304.146825 425.789917 294.667169 272.053914 365.712656 331.336252 276.844770
387.014675 362.998067 414.376479 152.034856 329.629062 304.518735 425.789917 294.667169 272.098395 365.525057 331.320072 276.848482
386.984086 362.612880 414.444519 151.889342 330.022910 304.890507 425.789917 294.667169 272.139277 365.352637 331.292001 276.854921
386.951867 362.207157 414.531579 151.716198 330.400219 305.285146 425.789917 294.667169 272.178222 365.188391 331.244632 276.865789
386.917795 361.778108 414.630499 151.519468 330.782555 305.685788 425.789917 294.667169 272.213244 365.040686 331.184397 276.879607
386.883754 361.349458 414.742626 151.296471 331.162129 306.083536 425.789917 294.667169 272.252511 364.875078 331.121237 276.894096
386.845204 360.918599 414.860503 151.062038 331.544293 306.482957 425.789917 294.667169 272.291455 364.710832 331.056518 276.908944
386.801918 360.480934 414.983502 150.817420 331.920787 306.951200 425.789917 294.667169 272.334460 364.529461 330.952033 276.932914
386.759262 360.049639 415.101918 150.581915 332.083718 307.347931 425.789917 294.667169 272.381248 364.332132 330.856319 276.954871
386.716330 359.615557 415.240661 150.341492 332.329222 307.731015 425.789917 294.667169 272.431543 364.120013 330.770352 276.974593
386.675426 359.189718 415.378096 150.104453 332.662703 308.261768 425.789917 294.667169 272.485483 363.892520 330.663332 276.999145
386.633927 358.749067 415.515331 149.867760 332.915542 308.689183 425.789917 294.667169 272.537312 363.676039 330.564305 277.021863
386.593497 358.319767 415.645042 149.644044 333.182637 309.140698 425.789917 294.667169 272.595464 363.436805 330.464887 277.044670
386.552354 357.882900 415.777361 149.415829 333.456045 309.619093 425.787478 294.671303 272.651301 363.207094 330.340713 277.073157
386.546260 357.455398 416.010769 149.025587 333.703289 310.101639 425.778840 294.685945 272.437271 363.082963 330.187493 277.108307
386.541528 357.027024 416.157859 148.792994 333.951444 310.585966 425.749370 294.735900 272.178776 363.090340 330.094314 277.129683
386.536712 356.591051 416.297680 148.571895 334.204471 311.072842 425.714819 294.794468 271.932076 363.097380 329.995871 277.152267
386.531843 356.150278 416.444877 148.339133 334.487420 311.541910 425.670411 294.869746 271.686177 363.104397 329.916337 277.170513
386.526943 355.706705 416.585874 148.116175 334.767683 312.006525 425.616145 294.961732 271.313619 363.115977 329.849474 277.185852
386.570147 355.274719 416.725054 147.896091 335.072636 312.457584 425.547958 295.077318 271.056010 363.125896 329.799181 277.197390
386.635977 354.844729 416.870540 147.666033 335.418855 312.890587 425.114920 295.313404 270.780814 363.136491 329.784560 277.200744
386.701021 354.419879 417.017951 147.432933 335.762826 313.320778 424.929814 295.273306 270.517009 363.146648 329.767601 277.204635
386.840584 353.791687 417.166431 147.198142 336.131292 313.728210 424.710664 295.223223 270.259000 363.156582 329.764677 277.205306
386.963485 353.383173 417.303900 146.980763 336.514883 314.110557 424.449404 295.163497 269.866610 363.171199 329.761363 277.206066
387.090707 352.960296 417.441797 146.762707 336.906831 314.501233 424.151489 295.095391 269.610349 363.179644 329.760973 277.206155
387.214818 352.547761 417.590170 146.528085 337.297367 314.882788 423.814191 295.018282 269.352689 363.188135 329.760973 277.206155
387.339735 352.132545 417.727746 146.310536 337.695601 315.268206 423.455446 294.936269 269.094829 363.196633 329.760973 277.206155
387.467591 351.707561 417.925902 145.974520 338.082092 315.647733 423.067872 294.835023 268.832971 363.205263 329.760973 277.206155
387.595562 351.282194 418.059298 145.737706 338.453032 316.059756 422.182834 294.604300 268.606294 363.212733 329.760973 277.206155
387.719442 350.870425 418.187491 145.510128 338.816345 316.463307 421.750590 294.502804 268.281861 363.224557 329.760973 277.206155
387.844590 350.454442 418.314997 145.283769 339.121374 316.909678 421.113050 294.355155 268.118798 363.231258 329.760973 277.206155
387.971754 350.031757 418.451114 145.063879 339.383251 317.393786 420.408591 294.190931 268.000898 363.236104 329.760973 277.206155
388.097247 349.614625 418.717975 144.993786 339.642894 317.882552 419.910510 294.071499 267.878202 363.241147 329.760973 277.206155
388.217431 349.196978 418.991552 144.990238 339.867520 318.390501 419.377107 294.011006 267.772491 363.245491 329.760973 277.206155
388.335561 348.783731 419.251618 144.961446 340.090447 318.894609 418.846158 293.882836 267.665381 363.249893 329.760973 277.206155
388.457265 348.357984 419.441271 144.770674 340.313293 319.398535 418.311126 293.753680 267.585648 363.253170 329.760973 277.206155
388.576495 347.937364 419.592226 144.552872 340.530243 319.882969 417.784260 293.626495 267.531294 363.255404 329.760973 277.206155
388.673594 347.572669 419.744890 144.332605 340.728834 320.322376 417.256616 293.499122 267.508314 363.256349 329.760973 277.206155
388.750870 347.287163 419.893225 144.118584 340.899420 320.699817 416.767661 293.381089 267.496724 363.256825 329.760973 277.206155
388.817745 347.069400 420.043839 143.901276 341.038541 321.007639 416.286871 293.265027 267.493526 363.256956 329.760973 277.206155
388.870235 346.898478 420.193997 143.684625 341.162918 321.282838 415.823190 293.153095 267.492927 363.256981 329.760973 277.206155
388.906109 346.781663 420.341762 143.471426 341.253525 321.501717 415.163692 292.988819 267.492527 363.256997 329.760973 277.206155
388.945513 346.628548 420.494768 143.250666 341.334099 321.713294 414.678400 292.858057 267.492127 363.257014 329.760973 277.206155
388.955962 346.589315 420.651078 143.025138 341.394529 321.871977 413.845923 292.581570 267.492127 363.257014 329.760973 277.206155
388.962808 346.563611 420.799413 142.811118 341.433962 321.975522 413.342383 292.453709 267.492127 363.257014 329.760973 277.206155
388.969448 346.538681 420.957318 142.583289 341.464284 322.055144 412.831149 292.303654 267.492127 363.257014 329.760973 277.206155
388.977118 346.509884 421.105083 142.370090 341.497026 322.141120 412.329703 292.156472 267.492127 363.257014 329.760973 277.206155
388.985713 346.477609 421.260710 142.145549 341.536174 322.243918 411.803501 292.002024 267.492127 363.257014 329.760973 277.206155
388.994309 346.445334 421.410868 141.928898 341.536600 322.378800 411.277108 291.847520 267.492127 363.257014 329.760973 277.206155
388.998890 346.428134 421.567975 141.702220 341.728553 322.961428 410.750759 291.693634 267.492127 363.257014 329.760973 277.206155
389.003729 346.409967 421.724741 141.476036 341.832225 323.163147 410.369854 291.606250 267.492127 363.257014 329.760973 277.206155
389.009751 346.387356 421.880709 141.251001 341.948695 323.389769 410.124819 291.550036 267.492127 363.257014 329.760973 277.206155
389.015876 346.364357 422.029272 141.036652 342.046353 323.662551 409.932328 291.487961 267.492127 363.257014 329.760973 277.206155
389.025605 346.327831 422.176467 140.824275 342.152269 323.961546 409.808920 291.411454 267.492127 363.257014 329.760973 277.206155
389.032914 346.300387 422.331296 140.600885 342.266332 324.283540 409.734127 291.365085 267.492127 363.257014 329.760973 277.206155
389.038215 346.280481 422.488290 140.374371 342.392751 324.640410 409.691461 291.338634 267.492127 363.257014 329.760973 277.206155
389.045319 346.253811 422.643574 140.150323 342.526649 325.018395 409.672083 291.326621 267.492127 363.257014 329.760973 277.206155
389.052782 346.225788 422.796011 139.930385 342.672634 325.430501 409.667323 291.323670 267.492127 363.257014 329.760973 277.206155
389.061635 346.192546 423.075461 139.554680 342.829130 325.872197 409.663584 291.321352 267.492127 363.257014 329.760973 277.206155
389.065805 346.176892 423.237232 139.351646 342.993778 326.335405 409.662904 291.320930 267.492127 363.257014 329.760973 277.206155
388.962009 346.110721 423.406480 139.139228 343.168005 326.825561 409.662904 291.320930 267.492127 363.257014 329.760973 277.206155
388.909452 346.117559 423.575230 138.927436 343.332386 327.288015 409.662904 291.320930 267.492127 363.257014 329.760973 277.206155
388.863637 346.114821 423.737001 138.724402 343.491316 327.714171 409.662904 291.320930 267.492127 363.257014 329.760973 277.206155
388.828579 346.103634 423.902136 138.517146 343.660358 328.107156 409.662904 291.320930 267.492127 363.257014 329.760973 277.206155
388.791615 346.091838 424.071356 138.318246 343.834695 328.512451 409.662904 291.320930 267.492127 363.257014 329.760973 277.206155
388.753699 346.079738 424.262091 138.099000 344.022373 328.948584 409.662904 291.320930 267.492127 363.257014 329.760973 277.206155
388.720165 346.069037 424.475666 137.853499 344.207183 329.377895 409.662904 291.320930 267.492127 363.257014 329.760973 277.206155
388.681677 346.056755 424.696377 137.577894 344.400440 329.836434 409.662904 291.320930 267.492127 363.257014 329.760973 277.206155
388.601463 346.031158 424.901558 137.262334 344.591985 330.290919 409.662904 291.320930 267.492127 363.257014 329.760973 277.206155
388.476279 345.924153 425.124183 136.919947 344.782479 330.742809 409.662904 291.320930 267.492127 363.257014 329.760973 277.206155
388.324471 345.881079 425.359454 136.558110 344.980329 331.210258 409.662904 291.320930 267.492127 363.257014 329.760973 277.206155
388.213069 345.849470 425.594289 136.196944 345.192474 331.694419 409.662904 291.320930 267.492127 363.257014 329.760973 277.206155
388.090699 345.814749 425.867142 135.875768 345.406231 332.147035 409.662904 291.320930 267.492127 363.257014 329.760973 277.206155
388.011236 345.792203 426.218422 135.610146 345.627848 332.605031 409.662904 291.320930 267.492127 363.257014 329.760973 277.206155
388.011236 345.792203 426.563001 135.349591 345.833386 333.025704 409.662904 291.320930 267.492127 363.257014 329.753176 277.207944
388.011236 345.792203 426.913164 135.084814 346.013989 333.395342 409.662904 291.320930 267.492127 363.257014 329.728419 277.213624
388.011236 345.792203 427.280930 134.841750 346.168373 333.716556 409.662904 291.320930 267.488530 363.257162 329.713799 277.216978
387.978912 345.783031 427.648335 134.612616 346.290700 333.977728 409.662904 291.320930 267.465750 363.258098 329.670913 277.226816
387.899256 345.760430 428.009268 134.385156 346.421434 334.253643 409.662904 291.320930 267.443568 363.259010 329.597617 277.243631
387.775348 345.725272 428.330994 134.094763 346.510234 334.435969 409.662904 291.320930 267.417191 363.260094 329.500928 277.265812
387.682557 345.671064 428.659845 133.797937 346.572236 334.563273 409.662904 291.320930 267.347649 363.262952 329.416716 277.285131
387.641028 345.636236 428.930460 133.461539 346.631698 334.685362 409.662904 291.320930 267.290697 363.265292 329.327630 277.305569
387.286964 345.550735 429.193589 133.104406 346.679776 334.784077 409.662904 291.320930 267.203771 363.268865 329.251410 277.323054
387.152257 345.539730 429.438345 132.753915 346.721636 334.870025 409.662904 291.320930 267.088468 363.273604 328.958456 277.103696
386.984981 345.487639 429.660398 132.394119 346.759292 334.947342 409.662904 291.320930 266.965772 363.278647 328.914148 276.953912
