300.760200 345.046600 141.763800 358.870800 268.096173 341.137896 445.453400 344.946400 430.779000 221.166400 261.449743 224.058978
300.754100 344.995362 141.795905 358.864085 268.121870 340.991128 445.495919 344.939984 430.775124 221.200581 261.426542 223.791382
300.743225 344.904007 141.858158 358.851065 268.148946 340.836481 445.573765 344.929258 430.766379 221.277687 261.403376 223.524185
300.727266 344.769953 141.965437 358.828629 268.177575 340.672968 445.687374 344.917653 430.753082 221.394935 261.407045 223.327489
300.706508 344.595585 142.101102 358.800255 268.205065 340.515957 445.840577 344.902003 430.736269 221.543185 261.419529 223.206130
300.681943 344.389242 142.274549 358.763980 268.222518 340.416273 446.022232 344.883446 430.714430 221.735750 261.425628 223.146843
300.648158 344.153912 142.489084 358.715475 268.233901 340.351262 446.236517 344.861557 430.688534 221.964086 261.429066 223.113419
300.603420 343.881156 142.735365 358.646938 268.285240 340.059213 446.473682 344.837330 430.659167 222.223027 261.429619 223.108047
300.561045 343.622809 143.017208 358.549532 268.308174 339.928408 446.733530 344.810785 430.626353 222.512372 261.429742 223.106854
300.517117 343.354987 143.323436 358.443699 268.335494 339.772585 447.019243 344.781599 430.589661 222.835898 261.429742 223.106854
300.486655 343.169269 143.659908 358.327413 268.363851 339.610852 447.330424 344.749811 430.550604 223.180290 261.429742 223.106854
300.462085 343.019471 144.018875 358.203354 268.390481 339.458969 447.664684 344.715666 430.507805 223.557671 261.429742 223.106854
300.256070 342.982132 144.402038 358.070932 268.415556 339.315950 448.036549 344.677679 430.462279 223.959098 261.429742 223.106854
300.102268 343.009400 144.817146 357.927469 268.442877 339.160127 448.445222 344.635932 430.413597 224.388346 261.429742 223.106854
299.955359 343.035446 145.234690 357.826673 268.470508 339.002531 448.871404 344.592396 430.358101 224.848001 261.429742 223.106854
299.807860 343.061596 145.668563 357.756217 268.497345 338.849466 449.309922 344.547601 430.298056 225.329673 261.429742 223.106854
299.659375 343.087921 146.109536 357.723021 268.524286 338.695810 449.750032 344.502642 430.234744 225.837542 261.429742 223.106854
299.502226 343.115783 146.545981 357.719630 268.552608 338.534274 450.182183 344.458497 430.169182 226.363471 261.429742 223.106854
299.344092 343.143819 146.980091 357.769545 268.580481 338.375299 450.613339 344.414453 430.100706 226.913828 261.429742 223.106854
299.193638 343.170493 147.388302 357.892410 268.607111 338.223416 451.055240 344.369312 430.033964 227.449889 261.429742 223.106854
299.037670 343.198145 147.792284 358.076064 268.635226 338.063062 451.494554 344.324435 429.965944 227.995868 261.429742 223.106854
298.888989 343.224505 148.191935 358.270408 268.652875 337.962398 451.925909 344.280371 429.891107 228.536893 261.429742 223.106854
298.726916 343.253239 148.553065 358.512486 268.753689 337.872472 452.365223 344.235494 429.813687 229.071315 261.429742 223.106854
298.572524 343.280611 148.904099 358.769390 268.910875 337.902346 452.797772 344.191308 429.734202 229.619987 261.429742 223.106854
298.418723 343.307879 149.248678 359.021569 269.096551 337.937636 453.224352 344.147732 429.655893 230.160544 261.429742 223.106854
298.270829 343.334100 149.603263 359.281072 269.312486 337.978676 452.876516 343.839361 429.577355 230.702685 261.429742 223.106854
298.120572 343.360739 149.951070 359.535614 269.561626 338.026027 452.506586 343.622912 429.498239 231.246561 261.429742 223.106854
297.964408 343.388426 150.338751 359.719141 269.730994 338.058217 452.131478 343.403433 429.419382 231.785826 261.429742 223.106854
297.809818 343.415833 150.735615 359.889796 269.943449 338.005916 451.754249 343.183224 429.339894 232.329647 261.429742 223.106854
297.717459 343.432208 151.329042 360.119688 269.972835 337.852302 451.376852 342.963302 429.265981 232.869049 261.429742 223.106854
297.656017 343.443101 151.707786 360.122951 269.999854 337.711063 451.003775 342.745897 429.201710 233.420516 261.429742 223.106854
297.499740 343.587452 152.009990 360.047149 270.030517 337.550770 450.630871 342.528593 429.139082 233.957879 261.356142 222.852570
297.509441 343.729722 152.262117 359.988760 270.059114 337.401280 450.260559 342.312799 429.075227 234.505771 261.294402 222.870171
297.521686 343.909305 152.472418 359.955840 270.087786 337.251398 449.882125 342.092273 429.012113 235.047305 261.198810 222.897422
297.535998 344.119218 152.680045 359.927145 270.116233 337.102695 449.500408 341.869833 428.947842 235.598772 261.074368 222.932897
297.552760 344.365047 152.872210 359.905506 270.144379 336.955563 449.120592 341.648501 428.884404 236.143088 260.914728 222.978407
297.571617 344.641605 153.028278 359.897502 270.171623 336.813145 448.739912 341.426666 428.808999 236.679195 260.725853 223.032251
297.589128 344.898408 153.142742 359.906278 270.200897 336.660120 448.361824 341.206341 428.730374 237.228194 260.499665 223.096732
297.620122 345.154275 153.332712 360.186733 270.219723 336.561704 447.982396 341.010192 428.651635 237.777984 260.239625 223.170864
297.662323 345.416703 153.222968 360.355607 270.232462 336.495112 447.597752 340.823400 428.574938 238.313520 259.958043 223.251137
297.506601 345.679230 153.099929 360.544940 270.277752 336.259004 447.206273 340.633288 428.497731 238.852619 259.654535 223.337660
297.264148 345.422964 152.955290 360.765520 270.307029 336.106591 446.816052 340.443787 428.420859 239.402457 259.325831 223.431366
297.251031 345.164697 152.775582 361.010963 270.337024 335.950445 446.418096 340.250529 428.352942 239.951069 258.843521 223.564748
297.237093 344.890250 152.581458 361.276093 270.365924 335.799996 446.032013 340.063038 428.285812 240.493329 258.321157 223.681172
297.223469 344.621996 152.364768 361.572045 270.395352 335.646797 445.644852 339.875023 428.219396 241.030036 257.975610 223.742805
297.210383 344.364328 152.129882 361.892848 270.423724 335.499097 445.254631 339.685522 428.155492 241.568043 257.705867 223.790917
297.196292 344.086886 151.877510 362.237533 270.454058 335.341184 444.857394 339.492614 428.095085 242.113509 257.512912 223.825333
297.182567 343.816634 151.613406 362.598169 270.484392 335.183271 444.480667 339.309666 428.034017 242.664937 257.400880 223.845315
297.168659 343.542787 151.330821 362.984934 270.504199 335.080156 444.162050 339.154938 427.973521 243.202319 257.348113 223.854727
297.155177 343.277329 151.028783 363.398850 270.515027 335.023787 443.751470 338.952803 427.884076 243.738039 257.206712 223.706593
297.126950 343.011877 150.715309 363.828437 270.647587 334.917891 443.564858 338.860032 427.762011 244.274732 257.188687 223.576637
297.088426 342.738579 150.396531 364.265295 270.769952 334.914979 443.460861 338.797361 427.605662 244.807495 257.167036 223.420531
297.050125 342.466865 150.071857 364.710231 270.931906 334.911125 443.400424 338.757863 427.441530 245.325305 257.140136 223.226588
297.013667 342.208222 149.807152 365.185092 271.130850 334.906390 443.166542 338.438812 427.246110 245.834799 257.108730 223.000155
296.975366 341.936508 149.482025 365.630687 271.372781 334.900633 443.199764 338.293153 427.034566 246.343386 257.072900 222.741828
296.937009 341.664398 149.156645 366.076592 271.632708 334.894447 443.239177 338.108944 426.789459 246.829038 257.035531 222.472407
296.900188 341.403181 148.831293 366.517557 271.901232 334.888056 443.280020 337.900711 426.545075 247.313264 256.999344 222.211505
296.863478 341.142755 148.503685 366.961580 272.176554 334.881504 443.329100 337.650479 426.258883 247.782770 256.963377 221.952187
296.825373 340.872428 148.184038 367.399287 272.437080 334.875304 443.380140 337.367758 425.947406 248.238739 256.931476 221.722189
296.785021 340.612970 147.864599 367.838138 272.706004 334.868904 443.420509 337.055557 425.626827 248.681357 256.939138 221.576863
296.740711 340.349875 147.543394 368.279415 272.982526 334.862323 443.465803 336.705273 425.305459 249.115070 256.948164 221.487719
296.695272 340.080075 147.223249 368.719237 273.256477 334.733025 443.515817 336.318493 424.951220 249.528576 256.861927 221.328381
296.650498 339.814219 146.897689 369.166497 273.248855 334.465133 443.568472 335.911284 424.595405 249.939282 256.691505 221.301050
296.605524 339.547180 146.578956 369.604378 273.241216 334.196642 443.625615 335.469363 424.239590 250.349987 256.490474 221.268811
296.562609 339.292368 146.258105 370.045169 273.233605 333.929150 443.685580 335.005624 423.884822 250.759483 256.135817 221.269927
296.518997 339.033415 145.853176 370.415751 273.225728 333.652262 443.749366 334.512330 423.526834 251.182102 255.924104 221.308509
296.488704 338.853548 145.354089 370.783078 273.218362 333.393367 443.816691 333.991665 423.192838 251.614537 255.769647 221.336657
296.471033 338.748626 144.983835 370.991788 273.210592 333.120277 443.900897 333.267099 422.857986 252.048079 255.694682 221.350319
296.463195 338.702081 144.673201 371.149991 273.203118 332.857583 443.970295 332.509531 422.522401 252.482572 255.641951 221.359929
296.418090 338.417972 144.440626 371.268439 273.195229 332.580296 444.019779 331.969798 422.187918 252.918146 255.625620 221.362905
296.400135 338.300132 144.259022 371.360929 273.187698 332.315603 444.081573 331.433756 421.858771 253.365010 255.602796 221.367065
296.378294 338.156786 144.148526 371.417203 273.181436 332.095492 444.234344 330.913732 421.530881 253.806334 255.551638 221.376388
296.350578 337.974886 144.098091 371.442889 273.175782 331.896772 444.391861 330.387850 421.201275 254.249125 255.514057 221.383236
296.319187 337.768863 144.067972 371.458229 273.172563 331.783618 444.559285 329.873829 420.877521 254.684055 255.344243 221.301691
296.283096 337.531997 144.052467 371.466125 273.170805 331.721843 444.732158 329.350669 420.546004 255.129413 255.341947 221.292576
296.243572 337.272591 144.051041 371.466851 273.164165 331.489217 444.899896 328.831366 420.221175 255.565787 255.341605 221.291218
296.204077 337.013383 144.049972 371.467396 273.159939 331.336676 445.006307 328.297059 419.896943 256.001358 255.341605 221.291218
296.164793 336.755558 144.049972 371.467396 273.154955 331.156745 445.114397 327.754318 419.573786 256.435486 255.341605 221.291218
296.112832 336.492081 144.049972 371.467396 273.148758 330.933030 445.220378 327.222168 419.243345 256.879400 255.341605 221.291218
296.060404 336.237217 144.049972 371.467396 273.147297 330.543267 445.325968 326.691981 418.915291 257.320106 255.341605 221.291218
296.005680 335.971188 144.049972 371.467396 273.159372 330.281745 445.431519 326.161989 418.587238 257.760812 255.341605 221.291218
295.952003 335.710251 144.049972 371.467396 273.172148 330.005040 445.568297 325.628252 418.261454 258.198469 255.341605 221.291218
295.897036 335.443046 144.049972 371.467396 273.184158 329.744917 445.724633 325.108245 417.929937 258.643827 255.302931 221.092768
295.844045 335.185440 144.049972 371.467396 273.196113 329.485993 445.883272 324.580576 417.600331 259.086618 255.288766 221.007740
295.788514 334.915493 144.033120 371.577439 273.208382 329.220276 446.041104 324.055588 417.275144 259.523473 255.267568 220.880494
295.743358 334.642190 144.066952 371.646162 273.221093 328.944970 446.197267 323.536155 416.943986 259.968350 255.239073 220.709451
295.708945 334.375602 144.115448 371.744673 273.233297 328.680651 446.355791 323.008869 416.640083 260.421668 255.235504 220.307989
295.674241 334.106833 144.179666 371.875122 273.245492 328.416533 446.513509 322.484264 416.342636 260.882870 255.246918 220.057249
295.639339 333.836678 144.264379 372.047201 273.257401 328.158607 446.670248 321.962916 416.044430 261.345248 255.259023 219.791324
295.604310 333.565532 144.367288 372.256243 273.269827 327.889494 446.829002 321.434863 415.750127 261.801576 255.270956 219.529195
295.568185 333.299580 144.488041 372.501531 273.281920 327.627573 446.988447 320.904513 415.452247 262.263449 255.283398 219.255878
295.530997 333.039020 144.607206 372.744919 273.294263 327.360258 447.145186 320.383164 415.158578 262.723980 255.295258 218.995348
295.492960 332.772521 144.722279 372.991158 273.306153 327.102732 447.302501 319.859900 414.863495 263.189778 255.317958 218.548007
295.456308 332.515723 144.838177 373.226634 273.318745 326.830023 447.460046 319.335870 414.591531 263.619083 255.333326 218.274438
295.419995 332.261302 144.969991 373.460666 273.331429 326.555315 447.618224 318.809734 414.348037 264.003447 255.348469 218.004863
295.380828 331.986883 145.098960 373.689644 273.343587 326.291996 447.776748 318.282448 414.150887 264.314656 255.363466 217.737884
295.343837 331.727709 145.244867 373.918878 273.355837 326.026679 447.935272 317.755162 413.988308 264.571293 255.192730 217.344519
295.305602 331.459824 145.417554 374.114840 273.367737 325.768953 448.103991 317.228028 413.861799 264.770993 255.009724 217.141437
295.266710 331.189205 145.594077 374.313024 273.379766 325.508431 448.282413 316.715602 413.759906 264.931834 254.862153 216.908103
295.228483 330.932435 145.779049 374.496869 273.392385 325.235122 448.461690 316.200721 413.703501 265.020872 254.733736 216.662217
295.189814 330.672698 145.965411 374.588792 273.404912 324.963811 448.642611 315.681118 413.669526 265.074637 254.609023 216.423422
295.151351 330.414345 146.071238 374.640991 273.417337 324.694698 448.824322 315.159248 413.643462 265.116129 254.485791 216.187464
295.110885 330.142541 146.133299 374.671602 273.429911 324.422388 449.004980 314.640400 413.632079 265.134251 254.358116 215.942996
295.071745 329.879638 146.235757 374.902101 273.442622 324.147081 449.182942 314.129297 413.617929 265.156775 254.238316 215.715632
295.033393 329.609548 146.185289 375.040167 273.580804 323.783038 449.361495 313.616493 413.608035 265.172526 254.115039 215.488535
294.995566 329.342211 146.124866 375.205469 273.735676 323.559678 449.528540 313.136743 413.599631 265.185905 253.985846 215.250539
294.957095 329.070319 146.056203 375.393313 273.889980 323.337140 449.671581 312.725933 413.594950 265.193357 253.862664 215.023617
294.918428 328.797041 145.976828 375.610461 274.047474 323.110000 449.797061 312.365554 413.582290 265.213510 253.733853 214.786325
294.882031 328.539804 145.885094 375.861421 274.201891 322.887298 449.897683 312.076571 413.575162 265.224857 253.602657 214.544638
294.843457 328.275577 145.779833 376.149386 274.349698 322.674128 449.974694 311.855395 413.565588 265.240100 253.470983 214.302073
294.800383 327.986974 145.665097 376.463273 274.503318 322.452576 450.028359 311.701271 413.558354 265.251616 253.343317 214.066890
294.774111 327.664732 145.541709 376.800829 274.742097 322.060444 450.138247 311.291089 413.545481 265.272108 253.219086 213.838034
294.791598 327.315582 145.406443 377.170881 274.903179 321.835835 450.181367 311.144499 413.535374 265.288197 253.008026 213.435360
294.855558 326.949162 145.259229 377.573619 275.062630 321.613500 450.225785 310.993497 413.529204 265.298020 252.884929 213.195503
294.959218 326.557695 145.106660 377.991008 275.175691 321.455851 450.267268 310.852471 413.521225 265.310722 252.784387 212.999597
295.028980 326.088691 144.955601 378.404265 275.376803 321.158801 450.313577 310.697869 413.508459 265.331045 252.709141 212.852978
295.151843 325.727622 144.808249 378.807378 275.454204 321.027520 450.359071 310.560191 413.497927 265.347811 252.670878 212.778423
295.283843 325.382302 144.592587 379.175612 275.496663 320.955505 450.411028 310.402953 413.483671 265.370505 252.496048 212.433470
295.513881 325.074082 144.323012 379.518795 275.680869 320.709270 450.396285 310.237603 413.467288 265.396586 252.423441 212.288876
295.737183 324.774812 144.027496 379.844988 275.760949 320.574694 450.446726 310.084919 413.441330 265.437910 252.332705 212.108178
295.943959 324.457666 143.723125 380.161895 275.853916 320.418462 450.493716 309.942680 413.412393 265.483975 252.225168 211.899012
296.151609 324.139180 143.420416 380.477072 275.969486 320.224246 450.533454 309.787049 413.375690 265.542404 252.102784 211.665996
296.356529 323.824882 143.116599 380.793403 276.062555 320.067843 450.567492 309.633578 413.336327 265.605066 251.977983 211.428377
296.552313 323.377005 142.811396 381.111176 275.927135 319.735713 450.602570 309.475422 413.280900 265.693302 251.757328 210.908382
296.257127 322.796091 142.595377 381.486689 275.792519 319.651098 450.633751 309.334838 413.241538 265.755964 251.641107 210.661577
295.853277 322.549235 142.222162 382.014246 275.654856 319.564567 450.667703 309.181758 413.190047 265.837934 251.524545 210.414049
295.523682 322.360112 141.874239 382.284576 275.526337 319.483783 450.698088 309.025229 413.139173 265.914991 251.411902 210.174844
295.188537 322.167804 141.535319 382.547911 275.390536 319.398423 450.717670 308.864618 413.093508 265.975742 251.295937 209.928582
294.851483 321.974401 141.188028 382.817751 275.259308 319.315936 450.737203 308.704405 413.053611 266.028819 251.179971 209.682321
294.521896 321.790559 140.837579 383.090044 275.132481 319.236217 450.755599 308.553522 413.011792 266.084454 251.066647 209.441668
294.129196 321.536021 140.493920 383.357061 274.998544 319.152027 450.773027 308.410580 412.987757 266.116429 250.948466 209.190702
293.833789 321.308941 140.148683 383.625304 274.858171 319.063793 450.790818 308.264661 412.961320 266.151600 250.833268 208.946069
293.557836 321.056472 139.809604 383.888763 274.787731 319.019517 450.808802 308.117153 412.930316 266.192847 250.721650 208.705504
292.844519 320.791296 139.472263 384.150871 274.656186 318.794318 450.826883 307.968851 412.900994 266.231856 250.611483 208.466469
292.505633 320.604827 139.126504 384.405298 274.709432 318.629506 450.846828 307.805263 412.868187 266.275500 250.495289 208.214356
292.165871 320.417876 138.765878 384.659129 274.775097 318.426250 450.865394 307.652990 412.827689 266.329377 250.384956 207.974958
291.838901 320.237963 138.409832 384.909736 274.852568 318.186453 450.884830 307.493571 412.798247 266.368546 250.125176 207.484718
291.511054 320.057569 138.047734 385.164603 274.933481 317.935999 450.902403 307.349438 412.755226 266.425779 250.006419 207.246699
291.172694 319.871389 137.743696 385.378603 275.014395 317.685545 450.922751 307.197819 412.705235 266.492286 249.884002 207.001343
290.845596 319.688011 137.512928 385.541032 275.093956 317.439278 450.946757 307.045904 412.654522 266.559752 249.762031 206.756881
290.527780 319.508112 137.302223 385.693524 275.174931 317.188634 450.971419 306.889841 412.610299 266.618584 249.644525 206.521368
290.280802 319.368311 137.092082 385.860816 275.256829 316.935135 450.996081 306.733777 412.553097 266.694683 249.520589 206.272970
290.124672 319.235179 136.881784 386.028233 275.337804 316.684490 451.019713 306.584233 412.504668 266.759111 249.400583 206.032445
290.038882 319.135914 136.670178 386.195704 275.357491 316.362403 451.044781 306.425601 412.460445 266.817944 249.175670 205.629424
289.985917 319.074630 136.432770 386.374160 275.097257 316.270457 451.068693 306.274279 412.414179 266.879494 249.035583 205.406129
289.961000 319.045800 136.163229 386.576771 274.848903 316.182708 451.091263 306.131451 412.384497 266.918982 248.893900 205.180294
289.961000 319.045800 135.866029 386.800171 274.605452 316.096692 451.115832 305.975981 412.365750 266.943922 248.747435 204.946834
289.961000 319.045800 135.545009 387.041478 274.360492 316.010142 451.139935 305.825297 412.360823 266.950477 248.602139 204.715239
289.961000 319.045800 135.513876 387.346844 274.103464 315.919328 451.164129 305.674627 412.359501 266.952236 248.455780 204.481949
289.961000 319.045800 135.761193 387.713175 273.854544 315.831380 451.187629 305.527290 412.358540 266.953515 248.185090 204.042824
289.961000 319.045800 136.011264 388.073703 273.595818 315.739967 451.211917 305.375014 412.350729 266.963906 248.043993 203.811922
289.961000 319.045800 136.268680 388.431040 273.378579 315.663211 451.237937 305.211876 412.335107 266.984690 247.909465 203.591771
289.961000 319.045800 136.525044 388.786916 273.233565 315.611975 451.263610 305.050911 412.311433 267.016184 247.774000 203.370084
289.961000 319.045800 136.777666 389.137599 273.137014 315.577861 451.288465 304.895081 412.299896 267.031532 247.629774 203.134062
289.961000 319.045800 137.036835 389.497369 273.079875 315.557673 451.313540 304.737868 412.280429 267.057431 247.488781 202.903330
289.961000 319.045800 137.288640 389.846917 272.976085 315.317793 451.339516 304.574925 412.274781 267.064945 247.343930 202.666284
289.961000 319.045800 137.538925 390.194354 273.004238 315.180653 451.365524 304.411785 412.269253 267.072299 247.202520 202.434869
289.862147 318.695758 137.793768 390.548120 273.041118 315.001000 451.389611 304.260693 412.268171 267.073738 247.063821 202.207892
289.936502 318.634090 138.028970 390.892475 273.086403 314.780400 451.413572 304.110391 412.268171 267.073738 246.864812 202.042908
290.031332 318.555442 137.666404 391.139287 273.137038 314.533743 451.438289 303.955349 412.268171 267.073738 246.649573 201.889007
290.157258 318.451003 137.301313 391.385216 273.192740 314.262402 451.464332 303.813376 412.268171 267.073738 246.432057 201.733478
290.317976 318.317710 136.942542 391.625136 273.248241 313.992040 451.492522 303.670679 412.268171 267.073738 246.222025 201.583299
290.511946 318.156838 136.598319 391.877463 273.303098 313.724812 451.524536 303.485831 412.268171 267.073738 246.011829 201.433004
290.712074 317.990860 136.250225 392.132627 273.357714 313.458760 451.561192 303.274182 412.268171 267.073738 245.637381 201.167351
290.917590 317.820412 135.897292 392.391339 273.409797 313.205051 451.604367 303.024893 412.268171 267.073738 245.409637 201.008623
291.124491 317.648816 135.546133 392.648751 273.447360 313.022067 451.758823 302.632578 412.268171 267.073738 245.196004 200.859730
291.336626 317.472879 135.198845 392.903324 273.473542 312.894526 451.838767 302.327064 412.268171 267.073738 244.975213 200.698521
291.542758 317.301921 134.849138 393.159671 273.487176 312.828111 451.925545 301.995430 412.268171 267.073738 244.767336 200.544699
291.743996 317.017287 134.493785 393.420157 273.491680 312.806169 452.020880 301.631096 412.252789 267.094201 244.545632 200.380647
291.603037 316.790763 134.145852 393.675203 273.495461 312.787753 452.201668 301.050972 412.248583 267.099797 244.333413 200.223614
291.458486 316.558466 133.798887 393.929540 273.496265 312.783835 452.341308 300.641113 412.234643 267.118342 244.119520 200.049499
291.312667 316.324131 133.591516 394.422290 273.497391 312.778349 452.491851 300.210680 412.208566 267.153034 243.778917 199.737781
291.170969 316.096419 133.937942 395.087579 273.498558 312.772667 452.653090 299.749663 412.160257 267.217302 243.582769 199.548763
291.035338 315.871610 134.259713 395.392358 273.501011 312.760717 452.804426 299.316964 412.123124 267.266703 243.387486 199.360578
290.906620 315.645708 134.576982 395.692873 273.504711 312.742693 452.927303 298.965632 412.016053 267.422199 243.197674 199.177666
290.770278 315.406425 134.888733 395.988162 273.510020 312.716832 453.023439 298.690759 411.938781 267.548895 242.998818 198.996475
290.633936 315.167143 135.209922 396.292391 273.519552 312.670400 453.094881 298.486492 411.837870 267.714350 242.800514 198.832056
290.505119 314.941067 135.530821 396.596345 273.534553 312.597324 453.143147 298.348489 411.715298 267.915321 242.596822 198.663170
290.375411 314.713428 135.848380 396.897135 273.555667 312.494469 453.173387 298.262025 411.574085 268.146855 242.265135 198.355806
290.244911 314.484398 136.170731 397.202464 273.586314 312.345182 453.182631 298.235595 411.418435 268.402147 242.081330 198.164357
290.116490 314.259017 136.489162 397.504080 273.618287 312.189430 453.192601 298.207088 411.244210 268.688043 241.890626 197.969361
289.984604 314.027555 136.803672 397.801982 273.658545 311.993319 453.193724 298.203879 411.056246 268.996483 241.699964 197.789954
289.769447 313.663163 137.118763 398.100434 273.701619 311.783495 453.194450 298.201802 410.856938 269.323538 241.510321 197.611505
289.620945 313.443923 137.440097 398.404801 273.748915 311.553099 453.194648 298.201236 410.643728 269.665990 241.314124 197.426890
289.472780 313.225179 137.755333 398.703390 273.799912 311.304680 453.194648 298.201236 410.419565 270.025888 241.091525 197.266851
289.336616 313.024154 138.071731 399.003081 273.852919 311.046464 453.194648 298.201236 410.180069 270.410402 240.836914 197.198652
289.238138 312.878767 138.390452 399.304971 273.769294 310.717125 453.194648 298.201236 409.923339 270.822587 240.567917 197.215904
289.175664 312.786534 138.708737 399.606449 273.534605 310.591069 453.194648 298.201236 409.655823 271.252089 240.352076 197.289986
289.148969 312.747124 139.022957 399.904076 273.299916 310.465014 453.194648 298.201236 409.373504 271.705357 240.240523 197.387182
289.135397 312.727087 139.335434 400.200053 273.060293 310.336309 453.194648 298.201236 409.080612 272.175601 240.175272 197.448294
289.129902 312.718974 139.652267 400.500156 272.830185 310.212714 453.194648 298.201236 408.773656 272.668424 240.069500 197.670546
289.127434 312.715331 139.971133 400.802184 272.603601 310.091012 453.194648 298.201236 408.457184 273.176526 239.993304 197.815173
289.125864 312.713012 140.293630 401.107651 272.371554 309.966376 453.194648 298.201236 408.127177 273.706357 239.908815 197.872210
289.125191 312.712019 140.608430 401.405828 272.142680 309.843444 453.194648 298.201236 407.787231 274.252147 239.602609 197.815019
289.125191 312.712019 140.940196 401.698239 271.900943 309.713603 453.194648 298.201236 407.433328 274.820345 239.524082 197.658372
289.125191 312.712019 141.275761 401.981908 271.662906 309.585750 453.194648 298.201236 407.066525 275.409254 239.482718 197.377844
289.125191 312.712019 141.582153 402.240916 271.434736 309.463196 453.194648 298.201236 406.687033 276.018534 239.282529 197.229773
289.125191 312.712019 141.821188 402.442984 271.192470 309.333071 453.194648 298.201236 406.295910 276.646489 239.064169 197.068262
289.125191 312.712019 142.011194 402.603605 270.993372 309.226132 453.194648 298.201236 405.894425 277.291080 238.855423 196.889433
289.125191 312.712019 142.136287 402.709352 270.855413 309.152032 453.194648 298.201236 405.489587 277.951935 238.672267 196.707441
289.125191 312.712019 142.227013 402.786047 270.761326 309.101496 453.194648 298.201236 405.074894 278.629505 238.489963 196.526294
289.125191 312.712019 142.386975 402.747220 270.709349 309.073579 453.194648 298.201236 404.653624 279.317823 238.303828 196.341341
289.125191 312.712019 142.427031 402.571733 270.661903 308.824236 453.194648 298.201236 404.222854 280.021663 238.114714 196.153428
289.125191 312.712019 142.474062 402.365631 270.728985 308.705242 453.194648 298.201236 403.790504 280.746449 237.930282 195.970167
289.125191 312.712019 142.528654 402.126381 270.815318 308.552100 453.194648 298.201236 403.358373 281.490690 237.737337 195.778447
289.125191 312.712019 142.591389 401.851447 270.914026 308.377007 453.194648 298.201236 402.919814 282.246000 237.553188 195.595468
289.125191 312.712019 142.662133 401.541416 271.032181 308.167417 453.194648 298.201236 402.484525 283.017802 237.356981 195.400506
289.125191 312.712019 142.737681 401.210326 271.127353 307.998596 453.194648 298.201236 402.066622 283.794514 237.181149 195.212265
289.117788 312.701090 142.819503 400.851743 271.193355 307.881519 453.194648 298.201236 401.646728 284.574924 237.001028 195.018436
289.106235 312.684034 142.907599 400.465666 271.226946 307.821935 453.194648 298.201236 401.226266 285.356390 236.820498 194.824168
289.083354 312.650254 143.002636 400.049171 271.237749 307.802770 453.194648 298.201236 400.816631 286.136994 236.662448 194.604276
289.032321 312.574911 143.099897 399.622927 271.244821 307.790226 453.194648 298.201236 400.417731 286.922270 236.551005 194.365613
288.975567 312.491123 143.196936 399.197658 271.249044 307.782735 453.194648 298.201236 400.025782 287.713066 236.436940 194.121332
288.898400 312.377198 143.295487 398.765759 271.250223 307.780644 453.194648 298.201236 399.635253 288.500995 236.325413 193.882487
288.806652 312.241746 143.392659 398.339905 271.251009 307.779250 453.194648 298.201236 399.259012 289.297943 236.209993 193.635307
288.525749 311.840081 143.542717 397.989160 271.251009 307.779250 453.194648 298.201236 398.891559 290.101734 236.095166 193.389395
288.400749 311.640029 143.766441 397.710701 271.251009 307.779250 453.195771 298.198026 398.524605 290.904435 235.980339 193.143483
288.295470 311.483790 143.987467 397.435718 271.251009 307.779250 453.197950 298.191796 398.154689 291.703317 235.868135 192.903189
