314.079200 423.198600 430.858000 281.414600 234.957691 317.402750 359.457987 378.598768 350.547707 348.879475 142.708600 250.209400
314.115602 423.208015 430.866281 281.411076 235.444541 317.667098 359.135087 378.248537 350.510773 348.545713 142.708600 250.209400
314.195764 423.228748 431.105894 281.400455 235.773716 317.860129 358.787033 377.879880 350.481771 348.282506 142.708600 250.209400
314.302841 423.256443 431.303134 281.814768 236.131301 318.069162 358.420170 377.491299 350.404940 347.965294 142.708600 250.209400
314.369643 423.273720 431.358262 281.933824 236.510295 318.290711 358.040264 377.088903 350.294305 347.718439 142.708600 250.209400
314.443802 423.292901 431.425323 282.078651 236.891535 318.513572 357.663653 376.689997 350.225404 347.464832 142.708600 250.209400
314.522416 423.313233 431.492301 282.223297 237.265868 318.732395 357.284707 376.288619 350.153042 347.198487 142.708600 250.209400
314.622715 423.339175 431.554824 282.358324 237.634676 318.947989 356.915568 375.882168 350.085661 346.950477 142.708600 250.209400
314.755351 423.373480 431.624321 282.501542 238.017296 319.171658 356.561165 375.470508 350.034483 346.762106 142.708600 250.209400
314.933102 423.419453 431.675912 282.938089 238.394392 319.392096 356.199975 375.050966 349.988474 346.596381 142.708600 250.209400
315.143382 423.473840 431.609532 283.087617 238.885783 319.679234 355.846224 374.640064 349.947686 346.457861 142.708600 250.209400
315.398671 423.408487 431.606679 283.256450 239.260595 319.896838 355.544929 374.290092 349.928592 346.393014 142.708600 250.209400
315.447239 423.150010 431.541597 283.403054 239.629873 320.111228 355.302483 374.008477 349.797843 346.295229 142.708600 250.209400
315.503563 422.850256 431.479681 283.542528 239.984449 320.317082 355.110014 373.784914 349.670480 346.335573 142.708600 250.209400
315.563987 422.528684 431.412895 283.692970 240.279698 320.488494 354.971507 373.619236 349.515662 346.384614 142.708600 250.209400
315.588623 422.174913 431.347651 283.839939 240.539316 320.639220 354.870721 373.490113 349.391349 346.423991 142.708600 250.209400
315.611920 421.794426 431.284112 283.983070 240.739954 320.755703 354.811037 373.413649 349.321376 346.446156 142.708600 250.209400
315.639900 421.381180 431.219598 284.128393 240.891470 320.843668 354.685216 373.250841 349.077379 346.318597 142.708600 250.209400
315.664014 420.950604 431.154192 284.275728 241.021539 320.919182 354.587801 373.123159 349.013819 346.171110 142.708600 250.209400
315.671299 420.536068 431.093216 284.428364 241.115631 320.973809 354.470369 372.969241 348.932212 345.981746 142.708600 250.209400
315.678734 420.112933 431.033670 284.582459 241.349232 321.110012 354.327825 372.782409 348.835565 345.757485 142.708600 250.209400
315.729374 419.686459 430.980035 284.721257 241.367463 321.120832 354.165992 372.570295 348.722851 345.495938 142.708600 250.209400
315.845789 419.274180 430.923877 284.866584 241.390338 321.134407 353.988267 372.337351 348.596680 345.203168 142.708600 250.209400
315.982665 418.865268 430.796346 285.196207 241.393262 321.136142 353.793073 372.081510 348.471650 344.882765 142.708600 250.209400
316.133387 418.465539 430.738830 285.344869 241.394122 321.136653 353.640296 371.747978 348.337169 344.526715 142.708600 250.209400
316.277880 418.051738 430.681675 285.492598 241.394466 321.136857 353.420956 371.431568 348.195197 344.150833 142.708600 250.209400
316.352449 417.618306 430.626816 285.635797 241.394466 321.136857 353.188057 371.095599 348.046153 343.758598 142.426056 250.130817
316.425629 417.192955 430.538483 285.770770 241.394466 321.136857 352.936248 370.749134 347.913977 343.414940 142.357432 250.111839
316.521195 416.579925 430.514671 285.919678 241.394466 321.136857 352.656082 370.379265 347.808293 343.140163 142.250448 250.082253
316.565388 416.146774 430.491066 286.066999 241.394466 321.136857 352.355024 369.981816 347.719123 342.908320 142.100284 250.040725
316.609906 415.710439 430.472402 286.225373 241.402034 321.141348 352.036613 369.563467 347.654579 342.740504 141.925640 249.992427
316.747255 415.301884 430.487229 286.372227 241.414933 321.149003 351.665409 369.166890 347.604033 342.599527 141.727092 249.937519
316.891624 414.883280 430.503824 286.536591 241.438496 321.162987 351.223553 368.716076 347.575617 342.514764 141.492883 249.872749
317.027995 414.472519 430.538967 286.691586 241.486483 321.191464 350.776609 368.433462 347.566844 342.488595 141.228410 249.799609
317.195698 414.068978 430.583089 286.838504 241.535157 321.220350 350.338028 368.271272 347.559469 342.466598 140.966058 249.727055
317.345698 413.672433 430.628000 286.986430 241.592431 321.254339 349.842689 368.122421 347.558007 342.462237 140.701585 249.653916
317.497996 413.263897 430.680402 287.143942 241.657272 321.292820 349.507920 368.023071 347.557499 342.460720 140.434221 249.579976
317.650293 412.855362 430.728321 287.287980 241.748256 321.346815 349.232206 367.939187 347.557308 342.460151 140.176687 249.508756
317.802171 412.447950 430.776366 287.432398 241.933427 321.438235 349.007186 367.868707 347.557308 342.460151 139.920310 249.437855
317.953351 412.042413 430.828073 287.587823 241.989648 321.473186 348.817474 367.809287 347.557308 342.460151 139.664319 249.367061
318.105439 411.634439 430.879148 287.741350 242.297697 321.672685 348.686737 367.768338 347.557308 342.460151 139.415074 249.298132
318.259902 411.220094 430.925669 287.886052 242.417574 321.739006 348.627438 367.750255 347.557308 342.460151 139.150304 249.221732
318.398771 410.801113 430.971080 288.029852 242.568951 321.822756 348.333939 367.664825 347.557308 342.460151 138.893576 249.142758
318.504114 410.380916 431.019622 288.183570 242.715184 321.913303 348.229846 367.553780 347.557308 342.460151 138.628055 249.061080
318.608921 409.962854 431.067080 288.333854 242.850644 321.997320 348.149129 367.454563 347.557308 342.460151 138.389686 248.918760
318.715383 409.538195 431.114177 288.482994 242.955852 322.062573 348.120729 367.397210 347.557308 342.460151 138.124163 248.837087
318.821503 409.114895 431.163322 288.638619 243.014489 322.098942 348.075809 367.082686 347.557244 342.459961 137.860552 248.756002
318.928305 408.688878 431.195714 288.782642 243.207860 322.215226 348.106040 366.956250 347.557054 342.459392 137.630967 248.685384
319.034134 408.266742 431.186844 288.930777 243.327484 322.285620 348.144457 366.795579 347.556672 342.458255 137.463893 248.633993
319.141471 407.838591 431.177639 289.084502 243.469517 322.369201 348.233636 366.550103 347.556100 342.456548 137.354931 248.600477
319.244575 407.426906 431.169343 289.223053 243.645335 322.472662 348.359345 366.358692 347.553812 342.449721 137.299303 248.583366
319.345844 407.003447 431.125667 289.367517 243.943848 322.667747 348.509412 366.172714 347.552540 342.445929 137.139738 248.290840
319.445160 406.588158 430.791088 289.903451 244.169530 322.822777 348.671226 366.078272 347.549234 342.436068 137.240415 247.939178
319.548151 406.157502 430.658595 290.009007 244.501812 323.074041 348.772918 366.044864 347.543894 342.420140 137.284225 247.806420
319.647467 405.742212 430.535644 290.106961 244.786856 323.238731 348.823755 366.030600 347.537919 342.402315 137.340695 247.635297
319.749109 405.317197 430.423800 290.196067 245.093373 323.415827 348.850136 366.023198 347.532324 342.385627 137.408510 247.429797
319.849913 404.895683 430.342146 290.261120 245.595684 323.701868 348.868429 366.018065 347.525395 342.364958 137.487794 247.189541
319.951183 404.472224 430.242502 290.340505 245.960947 323.896323 348.870163 366.017579 347.510646 342.320964 137.574411 246.927063
