70.490696 208.063155 185.502877 116.421497 118.525803 151.025391 201.824806 123.995261 175.956100 89.250300 121.088626 162.168967
70.475535 207.841673 185.496504 116.419428 118.586442 150.984033 201.884406 123.879278 175.951450 89.230540 121.106021 162.140454
70.460551 207.622785 185.494982 116.418934 118.651789 150.939463 201.947297 123.756891 175.943364 89.196178 121.124092 162.110831
70.445943 207.409385 185.493080 116.418316 118.720442 150.892640 202.009861 123.633441 175.931521 89.145853 121.139196 162.086075
70.436741 207.188598 185.491558 116.417822 118.789177 150.845760 202.072139 123.510180 175.916700 89.082873 121.154820 162.060465
70.444114 206.968221 185.490893 116.417606 118.848576 150.805247 202.130313 123.395042 175.896954 88.998966 121.171121 162.033744
70.451397 206.750543 185.490417 116.417451 118.892070 150.775664 202.188117 123.274266 175.872764 88.896173 121.181641 162.016500
70.458803 206.529167 185.490227 116.417390 118.916722 150.758922 202.244286 123.156140 175.843787 88.773037 121.196849 161.991573
70.466029 206.313188 185.490227 116.417390 118.928551 150.750887 202.304163 123.040868 175.813596 88.644742 121.207828 161.973554
70.494475 206.096746 185.490227 116.417390 118.931529 150.748865 202.366310 122.921813 175.782098 88.510898 121.225919 161.943709
70.526195 205.885717 185.490227 116.417390 118.932853 150.747966 202.425967 122.803635 175.751861 88.382408 121.246134 161.910358
70.558792 205.668853 185.490227 116.417390 118.933101 150.747797 202.485673 122.683009 175.721166 88.251971 121.264899 161.879401
70.591076 205.454066 185.490227 116.417390 118.933184 150.747741 202.547458 122.560732 175.690447 88.125862 121.294549 161.830485
70.622811 205.242937 185.490227 116.417390 118.933184 150.747741 202.607322 122.442527 175.656886 87.992624 121.322644 161.784135
70.655676 205.024293 185.490227 116.417390 118.933184 150.747741 202.669929 122.322020 175.625060 87.866271 121.348458 161.741548
70.688184 204.808023 185.490227 116.417390 118.933184 150.747741 202.731892 122.202756 175.591353 87.732450 121.381114 161.687672
70.721108 204.590905 185.490227 116.417390 118.933184 150.747741 202.795422 122.080474 175.464505 87.650056 121.407291 161.644487
70.754599 204.371851 185.490227 116.417390 118.933184 150.747741 202.859459 121.957216 175.331116 87.657556 121.433986 161.600446
70.787124 204.159123 185.490227 116.417390 118.933184 150.747741 202.918931 121.842744 175.199524 87.664955 121.456644 161.559979
70.819851 203.943898 185.490227 116.417390 118.933184 150.747741 202.982185 121.720994 175.070827 87.672191 121.487660 161.500929
70.850243 203.730551 185.490227 116.417390 118.933184 150.747741 203.044654 121.600754 174.939035 87.679601 121.512491 161.453653
70.880748 203.516413 185.490227 116.417390 118.933184 150.747741 203.107124 121.480513 174.801253 87.687348 121.538857 161.403456
70.910943 203.304453 185.490227 116.417390 118.933184 150.747741 203.166412 121.366396 174.668962 87.694786 121.561549 161.360253
70.942252 203.084672 185.490227 116.417390 118.933184 150.747741 203.229020 121.245889 174.531279 87.702527 121.582056 161.321211
70.972743 202.870633 185.490227 116.417390 118.933184 150.747741 203.292273 121.124139 174.397591 87.710044 121.603864 161.279690
71.003685 202.653426 185.490227 116.417390 118.933184 150.747741 203.351977 121.009223 174.168054 87.723018 121.624139 161.241090
71.034656 202.436021 185.490227 116.417390 118.933184 150.747741 203.414859 120.885851 174.032071 87.730700 121.645482 161.200455
71.065725 202.217923 185.490227 116.417390 118.933184 150.747741 203.511874 120.767640 173.898184 87.738264 121.663013 161.167079
71.095948 202.005765 185.490227 116.417390 118.933184 150.747741 203.585332 120.623027 173.760504 87.746042 121.686775 161.121839
71.126594 201.790636 185.490227 116.417390 118.933184 150.747741 203.664541 120.467092 173.529957 87.755905 121.705793 161.085630
71.157057 201.576795 185.490227 116.417390 118.933184 150.747741 203.748677 120.301994 173.396835 87.760471 121.723603 161.051723
71.219056 201.261591 185.490227 116.417390 118.933184 150.747741 203.836731 120.129465 173.264613 87.765007 121.742482 161.015779
71.268309 201.045739 185.490227 116.417390 118.933184 150.747741 203.923058 119.960321 173.128893 87.769662 121.762245 160.978154
71.316784 200.833299 185.490227 116.417390 118.933184 150.747741 204.009839 119.790286 172.999269 87.774109 121.778566 160.947079
71.365860 200.618227 185.490227 116.417390 118.933184 150.747741 204.095347 119.622746 172.864848 87.778719 121.790005 160.925301
71.414668 200.404325 185.490227 116.417390 118.933597 150.747460 204.180810 119.455294 172.735124 87.783169 121.801444 160.903522
71.463366 200.190911 185.490227 116.417390 118.935252 150.746336 204.266455 119.287486 172.507297 87.792751 121.812558 160.882363
71.512285 199.976521 185.490227 116.417390 118.942863 150.741168 204.349463 119.124844 172.377938 87.798797 121.828275 160.852440
71.560093 199.767006 185.490227 116.417390 118.948074 150.737628 204.415106 118.996227 172.243685 87.805072 121.841807 160.826677
71.608835 199.553397 185.490227 116.417390 118.959987 150.729537 204.464929 118.898606 172.020170 87.815593 121.851758 160.807732
71.658199 199.337057 185.490227 116.417390 118.967845 150.724200 204.497023 118.835722 171.889515 87.821748 121.863708 160.784979
71.702447 199.143142 185.490227 116.417390 118.987617 150.710772 204.516525 118.797511 171.660734 87.848513 121.872264 160.768689
71.770608 198.995516 185.490227 116.417390 119.095106 150.641193 204.525889 118.779163 171.525932 87.868664 121.883657 160.746999
71.858098 198.886606 185.490227 116.417390 119.140979 150.613469 204.530481 118.770167 171.394690 87.888284 121.898909 160.717961
71.954766 198.766340 185.490227 116.417390 119.179065 150.590453 204.534390 118.762507 171.261965 87.908125 121.912487 160.692110
72.095226 198.556556 185.490227 116.417390 119.222541 150.564177 204.535026 118.761260 171.134482 87.927183 121.929971 160.658823
72.163930 198.385648 185.490227 116.417390 119.273807 150.533195 204.535390 118.760547 171.006702 87.946285 121.943642 160.632795
72.236462 198.197978 185.490227 116.417390 119.318738 150.506040 204.535390 118.760547 170.903746 87.961676 121.952849 160.615265
72.312722 197.999955 185.490227 116.417390 119.365895 150.477540 204.535390 118.760547 170.844207 87.970576 121.969218 160.584103
72.390923 197.796892 185.490227 116.417390 119.429741 150.438955 204.535390 118.760547 170.805438 87.976372 121.981308 160.561085
72.469123 197.593830 185.490227 116.417390 119.511956 150.391495 204.535390 118.760547 170.699826 87.890436 121.990143 160.544264
72.548258 197.388341 185.490227 116.417390 119.559148 150.364035 204.535390 118.760547 170.683315 87.807463 122.005209 160.515580
72.625560 197.187611 185.490227 116.417390 119.604439 150.337681 204.535390 118.760547 170.653827 87.710987 122.015901 160.495444
72.704839 196.981749 185.490227 116.417390 119.831142 150.212079 204.539618 118.752264 170.587720 87.616642 122.023943 160.481497
72.782572 196.779900 185.490227 116.417390 119.908739 150.171000 204.545391 118.740952 170.513235 87.510340 122.032635 160.466423
72.860342 196.577957 185.490227 116.417390 120.002864 150.121172 204.557210 118.717793 170.437890 87.402810 122.041227 160.451523
72.938596 196.374808 185.490227 116.417390 120.111395 150.063718 204.576894 118.679226 170.371094 87.307482 122.052716 160.431598
73.018360 196.167739 185.490227 116.417390 120.232475 149.999621 204.727615 118.622145 170.327310 87.244995 122.052716 160.431598
73.095608 195.967203 185.490227 116.417390 120.365929 149.928973 204.797304 118.672025 170.302865 87.210107 122.061957 160.415571
73.239336 195.692377 185.490227 116.417390 120.510253 149.852570 204.882930 118.733313 170.211384 87.188879 122.080739 160.382999
73.364582 195.517378 185.490227 116.417390 120.667576 149.773952 204.984657 118.806125 170.139065 87.236336 122.110211 160.331887
73.493030 195.337908 185.490227 116.417390 120.946766 149.641449 205.095573 118.885514 170.052114 87.293394 122.151172 160.260850
73.527389 195.090852 185.490227 116.417390 121.135509 149.554052 205.201203 118.961120 169.948694 87.361260 122.200476 160.175347
73.451259 194.888820 185.490227 116.417390 121.331260 149.452553 205.307240 119.037017 169.837247 87.434394 122.256173 160.078754
73.375445 194.687630 185.490227 116.417390 121.512007 149.358834 205.414740 119.113962 169.735749 87.500998 122.319263 159.969341
73.298257 194.482791 185.490227 116.417390 121.655735 149.284310 205.597238 119.255388 169.661172 87.549937 122.383202 159.858454
73.222267 194.281133 185.490227 116.417390 121.771854 149.224102 205.702864 119.341533 169.612096 87.582142 122.443095 159.754585
73.144232 194.074048 185.490227 116.417390 121.864536 149.176045 205.805313 119.425086 169.590024 87.596626 122.494497 159.665443
73.067961 193.871642 185.490227 116.417390 121.933426 149.140325 205.913799 119.498586 169.471874 87.574191 122.543250 159.580892
72.992571 193.671575 185.490227 116.417390 121.975683 149.118415 206.034761 119.564594 169.440063 87.523856 122.583562 159.510982
72.915840 193.467952 185.490227 116.417390 122.002938 149.104283 206.164939 119.581718 169.392271 87.459452 122.616880 159.453200
72.840309 193.267511 185.490227 116.417390 122.012170 149.099496 206.296780 119.571532 169.332084 87.378343 122.641257 159.410924
72.764778 193.067069 185.490227 116.417390 122.037738 149.086239 206.428279 119.545762 169.260694 87.282138 122.659340 159.379564
72.689218 192.865809 185.490227 116.417390 122.070585 149.069208 206.558600 119.520224 169.210912 87.223209 122.673976 159.354182
72.649232 192.654254 185.490227 116.417390 122.123051 149.040026 206.685977 119.495262 169.172550 87.186494 122.697604 159.313206
72.609134 192.442111 185.490227 116.417390 122.179835 149.006781 206.816593 119.469665 169.044254 87.063358 122.728574 159.259495
72.568090 192.224955 185.490227 116.417390 122.298697 148.930435 206.944362 119.444626 168.982965 87.004463 122.798429 159.193279
72.568696 192.007769 185.490227 116.417390 122.373391 148.877933 207.070954 119.419818 168.907832 86.932264 122.810668 159.166988
72.570888 191.691901 185.490227 116.417390 122.459048 148.817725 207.199313 119.394664 168.821234 86.849049 122.810668 159.166988
72.581323 191.374537 185.490227 116.417390 122.558450 148.747857 207.327573 119.369529 168.723009 86.756929 122.810668 159.166988
72.605888 191.159032 185.490227 116.417390 122.667178 148.671433 207.458581 119.343856 168.620873 86.669417 122.816703 159.154024
72.630691 190.941441 185.490227 116.417390 122.787441 148.586901 207.587796 119.321712 168.518281 86.581514 122.816703 159.154024
72.655019 190.728023 185.490227 116.417390 122.962118 148.462209 207.720197 119.299207 168.443483 86.517425 122.825523 159.135076
72.679663 190.511823 185.490227 116.417390 123.176633 148.301090 207.848063 119.277472 168.392832 86.474026 122.825523 159.135076
72.703877 190.299399 185.490227 116.417390 123.297966 148.192705 207.979083 119.255201 168.365798 86.450863 122.832951 159.119120
72.728929 190.079622 185.490037 116.417328 123.424966 148.082881 208.111287 119.232729 168.288403 86.458152 122.832951 159.119120
72.753540 189.863720 185.489656 116.417204 123.560290 147.965866 208.239744 119.210894 168.250731 86.515122 122.832951 159.119120
72.777765 189.651196 185.489466 116.417143 123.704694 147.841005 208.367610 119.189160 168.205667 86.583270 122.839071 159.105975
72.841140 189.281652 185.488990 116.416988 123.858441 147.709063 208.494983 119.167509 168.149019 86.668934 122.839071 159.105975
72.907678 189.076051 185.486232 116.416092 124.020236 147.567475 208.628043 119.150720 168.084429 86.766610 122.839071 159.105975
72.999385 188.773540 185.485376 116.415814 124.159305 147.445775 208.765495 119.147069 168.017909 86.867205 122.839071 159.105975
73.061009 188.566100 185.481477 116.414548 124.269702 147.349166 208.895149 119.143625 167.967053 86.944112 122.849537 159.083492
73.123601 188.355400 185.477577 116.413282 124.355133 147.274441 209.031001 119.140016 167.936055 86.990989 122.837664 159.030709
73.184683 188.149781 185.475294 116.412541 124.424029 147.214228 209.167853 119.136381 167.810805 86.995159 122.852650 158.998527
73.245965 187.943491 185.472536 116.411645 124.468830 147.175073 209.300906 119.132846 167.734208 86.945108 122.852650 158.998527
73.300526 187.759824 185.460837 116.407846 124.502337 147.145789 209.439163 119.125064 167.642040 86.884883 122.861768 158.978946
73.342586 187.618239 185.453514 116.405468 124.517773 147.132299 209.575946 119.115744 167.533046 86.813663 122.881270 158.937064
73.379293 187.494676 185.440103 116.401114 124.529143 147.122362 209.713527 119.106370 167.419280 86.739325 122.900773 158.895183
73.277915 187.431394 185.433921 116.399106 124.541566 147.111504 209.850110 119.097064 167.310370 86.668159 122.917996 158.858196
73.218662 187.419174 185.424124 116.395925 124.561068 147.094460 209.979909 119.088220 167.200203 86.596173 122.929309 158.833901
73.181739 187.411559 185.416135 116.393331 124.708726 147.107090 210.108311 119.079471 167.088949 86.523476 122.939905 158.811147
73.044392 187.361618 185.403485 116.389223 124.749673 147.153378 210.238510 119.070600 166.978615 86.451381 122.949867 158.789753
72.977403 187.328564 185.392928 116.385795 124.805330 147.216293 210.375193 119.061287 166.869705 86.380216 122.968272 158.750228
72.890146 187.285510 185.379232 116.381348 124.872980 147.292765 210.512574 119.051926 166.760125 86.308613 122.968272 158.750228
72.803456 187.213352 185.369530 116.378197 124.956616 147.384296 210.649856 119.042572 166.674989 86.252982 122.968272 158.750228
72.713634 187.112569 185.362302 116.375850 125.046042 147.479888 210.782448 119.033538 166.608018 86.209222 122.974140 158.737627
72.627738 187.016192 185.357166 116.374183 125.134580 147.574531 210.913245 119.024626 166.575873 86.188217 122.986635 158.710794
72.549892 186.912658 185.353266 116.372916 125.222711 147.668732 211.050926 119.015245 166.556953 86.175854 122.986635 158.710794
72.486647 186.800340 185.351079 116.372206 125.308662 147.760591 211.188307 119.005885 166.550842 86.171861 122.996978 158.688584
72.422323 186.686105 185.349082 116.371557 125.398848 147.856978 211.325090 118.996565 166.549419 86.170931 123.015636 158.648515
72.357119 186.564682 185.348226 116.371279 125.491904 147.956432 211.556199 118.985161 166.504426 86.182966 123.041766 158.592401
72.298809 186.439937 185.347845 116.371156 125.581475 148.052162 211.694873 118.987887 166.495161 86.199440 123.080487 158.515651
72.242324 186.321859 185.347655 116.371094 125.675419 148.152565 211.825847 118.990461 166.478397 86.229249 123.128639 158.420882
72.183972 186.203345 185.347655 116.371094 125.764785 148.248076 211.960827 118.997416 166.461976 86.258448 123.161978 158.355266
72.140064 186.114169 185.347655 116.371094 125.854767 148.344244 212.084389 119.048486 166.431641 86.312181 123.206793 158.270090
72.107552 186.048139 185.347655 116.371094 125.945773 148.441507 212.208670 119.108825 166.314785 86.304187 123.221929 158.184578
72.089397 186.011266 185.347655 116.371094 126.038145 148.540230 212.319893 119.174764 166.258314 86.261981 123.267596 158.112177
72.081800 185.995835 185.347655 116.371094 126.130245 148.638662 212.437481 119.244477 166.191750 86.212233 123.320519 158.028273
72.080563 185.993323 185.347655 116.371094 126.268535 148.772848 212.549306 119.310774 166.115494 86.155242 123.370774 157.948598
72.078575 185.989286 185.347655 116.371094 126.361832 148.860335 212.663711 119.378600 166.025541 86.088013 123.410732 157.885247
72.074732 185.981481 185.347655 116.371094 126.457974 148.950490 212.778805 119.446834 165.925655 86.013361 123.451705 157.820290
72.069829 185.971522 185.347655 116.371094 126.595176 149.083676 212.891490 119.513640 165.820163 85.934518 123.491503 157.757193
72.058874 185.949273 185.347655 116.371094 126.688585 149.177085 213.007272 119.582282 165.664684 85.820210 123.542292 157.676672
72.037450 185.905761 185.347655 116.371094 126.778529 149.267029 213.124430 119.651740 165.552773 85.741880 123.600816 157.583887
72.006794 185.843499 185.347655 116.371094 126.873635 149.362135 213.236024 119.717836 165.443976 85.665728 123.654965 157.498038
71.914017 185.782853 185.347655 116.371094 126.971498 149.459998 213.351235 119.782465 165.336244 85.590323 123.714663 157.403393
71.818857 185.826685 185.347655 116.371094 127.069150 149.557650 213.465573 119.846605 165.225234 85.512623 123.779162 157.301135
71.712063 185.877345 185.347655 116.371094 127.160296 149.648796 213.581918 119.911870 165.146340 85.457402 123.842221 157.201161
71.590905 185.934820 185.347655 116.371094 127.319709 149.618564 213.699047 119.977576 165.093580 85.420474 123.929974 157.064006
71.461524 185.996195 185.347655 116.371094 127.436550 149.547991 213.813647 120.041863 165.071952 85.405335 124.000931 156.954721
71.315610 186.065414 185.347655 116.371094 127.549795 149.479589 214.009182 120.160970 164.994807 85.419555 124.070418 156.847701
71.160841 186.138833 185.347655 116.371094 127.637019 149.426905 214.123250 120.232425 164.956586 85.470764 124.144401 156.739886
70.989357 186.220181 185.347655 116.371094 127.699933 149.388904 214.240246 120.303780 164.907539 85.536479 124.217200 156.639382
70.806129 186.307100 185.347655 116.371094 127.745642 149.361295 214.362359 120.366327 164.850179 85.613333 124.290939 156.537582
70.599093 186.368804 185.347655 116.371094 127.787071 149.336271 214.479845 120.426504 164.781693 85.705093 124.368959 156.429871
70.397522 186.464422 185.347655 116.371094 127.835091 149.307267 214.597276 120.486213 164.702799 85.810798 124.483377 156.305294
70.185290 186.565096 185.347655 116.371094 127.960317 149.306947 214.731123 120.508566 164.613080 85.931007 124.545547 156.200323
69.963299 186.670400 185.347655 116.371094 128.006832 149.382119 214.863071 120.506707 164.506785 86.054087 124.618800 156.084317
69.729112 186.781489 185.347655 116.371094 128.063188 149.473193 214.995104 120.482136 164.383589 86.183810 124.688122 155.974696
69.481281 186.899050 185.347655 116.371094 128.126015 149.574727 215.130873 120.456871 164.247378 86.327238 124.740997 155.870979
69.235258 187.015754 185.347655 116.371094 128.197630 149.690462 215.254884 120.423607 164.102973 86.479294 124.767173 155.741541
68.986253 187.133872 185.347655 116.371094 128.268508 149.805006 215.376101 120.380363 163.953472 86.636717 124.779797 155.613069
68.631428 187.345793 185.347655 116.371094 128.340176 149.920826 215.499108 120.336480 163.727220 86.868556 124.778037 155.481566
68.392193 187.486014 185.347655 116.371094 128.411633 150.036305 215.621550 120.292798 163.569046 87.023186 124.759670 155.360562
68.160550 187.621784 185.347655 116.371094 128.479406 150.145832 215.746440 120.248243 163.414948 87.173831 124.722816 155.228406
67.925196 187.759729 185.347655 116.371094 128.527816 150.224066 215.870389 120.193109 163.259205 87.326084 124.681903 155.108532
67.691310 187.896814 185.347655 116.371094 128.555441 150.268710 215.981206 120.117241 163.104606 87.477219 124.644687 154.978685
67.366514 188.047548 185.347655 116.371094 128.569859 150.292010 216.089713 120.042954 162.951009 87.627375 124.631356 154.846848
66.975908 188.250690 185.347655 116.371094 128.577962 150.305106 216.198411 119.966355 162.721772 87.895951 124.629549 154.718358
66.763232 188.375511 185.347655 116.371094 128.643468 150.306599 216.296218 119.874906 162.590622 88.072710 124.645945 154.590707
66.585225 188.479984 185.347655 116.371094 128.680184 150.281634 216.395193 119.782363 162.459590 88.249307 124.663132 154.456906
66.431280 188.570334 185.347655 116.371094 128.736996 150.243005 216.496779 119.691503 162.333119 88.426725 124.682753 154.330443
66.308642 188.642311 185.347655 116.371094 128.803896 150.197517 216.600669 119.599761 162.217279 88.610692 124.704256 154.203856
66.211446 188.699356 185.347655 116.371094 128.882373 150.144157 216.699388 119.512586 162.100852 88.795590 124.726377 154.073622
66.142537 188.739799 185.347655 116.371094 128.974919 150.082329 216.802238 119.425625 161.988049 88.974733 124.747595 153.942357
66.100364 188.764551 185.347655 116.371094 129.078408 150.013659 216.906232 119.339385 161.896783 89.120162 124.760642 153.813616
66.081477 188.775636 185.347655 116.371094 129.186230 149.942113 217.006376 119.256336 161.829399 89.238870 124.773809 153.683682
65.880560 188.823920 185.347655 116.371094 129.297802 149.868080 217.111293 119.169330 161.778996 89.327661 124.787108 153.552454
65.717166 188.730181 185.347655 116.371094 129.417863 149.747773 217.215210 119.083153 161.747945 89.382363 124.800568 153.419634
65.666589 188.687159 185.347465 116.371032 129.544199 149.659905 217.339569 119.024340 161.730913 89.412366 124.762405 153.240616
65.618805 188.615411 185.347274 116.370971 129.682458 149.564178 217.547288 119.012567 161.724347 89.423932 124.758067 153.103284
65.599594 188.516567 185.346609 116.370754 129.829949 149.453429 217.678587 119.050252 161.720892 89.430020 124.914995 152.851845
65.595600 188.338178 185.345658 116.370446 129.985784 149.329347 217.804022 119.086255 161.720053 89.431498 125.012802 152.765753
65.609908 188.199816 185.344041 116.369921 130.125424 149.218159 217.928881 119.122092 161.719905 89.431759 125.120304 152.694297
65.625419 188.049816 185.342709 116.369488 130.279459 149.095510 218.053740 119.157929 161.719756 89.432020 125.233917 152.628083
65.642678 187.882906 185.340236 116.368685 130.503161 149.043187 218.182732 119.194952 161.719756 89.432020 125.385221 152.544878
65.661583 187.700081 185.337573 116.367820 130.671289 148.898521 218.312781 119.232279 161.719756 89.432020 125.501526 152.482451
65.682227 187.500445 185.333674 116.366554 130.850333 148.744463 218.447688 119.252996 161.719756 89.432020 125.614043 152.422058
65.703879 187.291062 185.328823 116.364979 130.972599 148.631467 218.582950 119.261028 161.719756 89.432020 125.726986 152.348455
65.726651 187.070836 185.323877 116.363373 130.762568 148.765027 218.712522 119.268722 161.719756 89.432020 125.832173 152.274818
65.741745 186.835004 185.316553 116.360995 130.588400 148.875782 218.845554 119.273243 161.719756 89.432020 125.944978 152.195848
65.736863 186.580509 185.308279 116.358308 130.698362 148.829571 218.980326 119.270523 161.719756 89.432020 126.051885 152.121007
65.730469 186.318695 185.301336 116.356053 130.809747 148.779066 219.111299 119.267879 161.719756 89.432020 126.164035 152.042496
65.720517 186.043275 185.295344 116.354108 130.890725 148.741902 219.242273 119.265235 161.719756 89.432020 126.267705 151.962621
65.710571 185.768054 185.290398 116.352502 130.941311 148.718350 219.374946 119.262558 161.719756 89.432020 126.395004 151.922458
65.692713 185.495179 185.285357 116.350865 130.965244 148.707208 219.510018 119.259831 161.719756 89.432020 126.533471 151.820624
65.672076 185.222860 185.282789 116.350031 130.979477 148.700581 219.644191 119.257123 161.719756 89.432020 126.680400 151.693201
65.651659 184.953433 185.278794 116.348734 130.983104 148.698893 219.779263 119.254397 161.719756 89.432020 126.789220 151.616560
65.631936 184.693179 185.277082 116.348178 131.003320 148.689481 219.914236 119.251672 161.719756 89.432020 126.893381 151.543202
65.615372 184.474606 185.276417 116.347962 131.034143 148.675130 220.049508 119.248942 161.719756 89.432020 127.001792 151.466850
65.601876 184.296516 185.276321 116.347931 131.044549 148.670494 220.186580 119.246175 161.719756 89.432020 127.109304 151.391131
65.591070 184.153925 185.276321 116.347931 131.055508 148.666693 220.324552 119.243390 161.719756 89.432020 127.216244 151.315815
65.582962 184.046932 185.276321 116.347931 131.065334 148.663285 220.456625 119.240724 161.719756 89.432020 127.325473 151.238886
65.577446 183.974141 185.276321 116.347931 131.073176 148.660565 220.587599 119.238081 161.719756 89.432020 127.435357 151.161498
65.574484 183.935053 185.276321 116.347931 131.083852 148.656863 220.741575 119.373295 161.719756 89.432020 127.540907 151.087160
65.553468 183.854309 185.276321 116.347931 131.093584 148.653488 220.811615 119.491503 161.719756 89.432020 127.650054 151.010290
65.551404 183.783539 185.276321 116.347931 131.108133 148.648442 220.878138 119.603774 161.712845 89.444195 127.756176 150.935550
65.548813 183.694677 185.276321 116.347931 131.641872 148.514683 220.948892 119.723187 161.697838 89.470632 127.866305 150.857988
65.545671 183.586923 185.276321 116.347931 131.646831 148.514049 221.008849 119.844476 161.525382 89.545726 127.978068 150.779275
65.541911 183.457978 185.276321 116.347931 131.659429 148.512438 221.062590 119.971365 161.462696 89.531411 128.084845 150.704074
65.537763 183.315738 185.276321 116.347931 131.685020 148.509165 221.114888 120.094847 161.377099 89.511864 128.280055 150.565265
65.533135 183.157006 185.276321 116.347931 131.721027 148.504560 221.215514 120.292905 161.279414 89.489554 128.387593 150.488030
65.528171 182.986778 185.276321 116.347931 131.769764 148.495355 221.279487 120.407222 161.127189 89.446849 128.499192 150.407877
65.522671 182.798158 185.276321 116.347931 131.822034 148.485451 221.344633 120.523634 160.961925 89.396580 128.687627 150.276573
65.516693 182.593145 185.276321 116.347931 131.888060 148.472941 221.408313 120.637428 160.821363 89.336661 128.798438 150.201228
65.510334 182.375038 185.276321 116.347931 131.957048 148.451370 221.477209 120.752642 160.664427 89.269762 128.907678 150.126951
65.503647 182.145735 185.276321 116.347931 132.029863 148.426331 221.558389 120.854691 160.493140 89.196746 129.020248 150.052252
65.496606 181.904238 185.276321 116.347931 132.093694 148.404380 221.639258 120.956348 160.309895 89.118633 129.130820 149.978881
65.489086 181.646348 185.276321 116.347931 132.153210 148.377523 221.732345 121.055651 160.113955 89.035107 129.238558 149.907391
65.481222 181.376662 185.276321 116.347931 132.200480 148.356096 221.822488 121.148766 159.908632 88.947582 129.351796 149.832252
65.473146 181.099680 185.276321 116.347931 132.245838 148.335535 221.916944 121.246335 159.692086 88.855273 129.470648 149.711759
65.466047 180.823896 185.276321 116.347931 132.286591 148.314574 222.006948 121.339307 159.454625 88.789805 129.591305 149.625896
65.473192 180.552290 185.276321 116.347931 132.321363 148.293809 222.094022 121.437173 159.120496 88.656990 129.724671 149.536278
65.480487 180.274986 185.276321 116.347931 132.347291 148.278325 222.180598 121.539840 158.855955 88.584853 129.862728 149.427329
65.487681 180.001480 185.276321 116.347931 132.369528 148.265046 222.334243 121.715171 158.593729 88.513348 130.013477 149.307296
65.494971 179.724376 185.276321 116.347931 132.386699 148.254792 222.434579 121.800565 158.339581 88.422133 130.177838 149.176425
65.502234 179.448272 185.276321 116.347931 132.398685 148.246649 222.542253 121.887040 157.993274 88.237370 130.353700 149.036396
65.509349 179.177765 185.276321 116.347931 132.404134 148.240389 222.646263 121.970572 157.764169 88.093372 130.598065 148.961527
65.515357 178.905233 185.276321 116.347931 132.407548 148.236467 222.749649 122.053602 157.536622 87.935084 130.791283 148.795272
65.523721 178.629979 185.276321 116.347931 132.409452 148.234279 222.857167 122.139952 157.320701 87.763492 130.996705 148.618516
65.535168 178.359921 185.276321 116.347931 132.410174 148.233449 222.963750 122.225550 157.103842 87.591152 130.790921 148.746997
65.546614 178.089864 185.276321 116.347931 132.410371 148.233223 223.144206 122.370505 156.890348 87.421488 130.578508 148.883917
65.558256 177.815210 185.276321 116.347931 132.410371 148.233223 223.251703 122.456881 156.673488 87.249149 130.822861 148.773119
65.569711 177.544953 185.276321 116.347931 132.410371 148.233223 223.353666 122.538809 156.458729 87.081528 131.028069 148.677958
65.581369 177.269900 185.276321 116.347931 132.410371 148.233223 223.458591 122.623117 156.266900 86.948923 131.729285 148.503025
65.589364 176.997227 185.276321 116.347931 132.410371 148.233223 223.564529 122.708240 156.108798 86.839632 131.878726 148.474710
65.595763 176.725703 185.276321 116.347931 132.410371 148.233223 223.661406 122.795781 155.871775 86.874359 131.993077 148.438980
65.602227 176.451479 185.276321 116.347931 132.410371 148.233223 223.763426 122.889451 155.742229 87.011978 132.072984 148.411502
65.608653 176.178854 185.276321 116.347931 132.410371 148.233223 223.860953 122.978996 155.610354 87.152073 132.113135 148.395689
65.615086 175.905930 185.276321 116.347931 132.410371 148.233223 223.955608 123.065902 155.477930 87.292751 132.129711 148.388175
65.621556 175.631407 185.276321 116.347931 132.410371 148.233223 224.027280 123.131708 155.350167 87.428477 132.146288 148.380661
65.628051 175.355883 185.276321 116.347931 132.410371 148.233223 224.086356 123.185949 155.221170 87.565514 132.149749 148.379092
65.634439 175.084858 185.276321 116.347931 132.410371 148.233223 224.144548 123.239378 155.088746 87.706191 132.149931 148.379009
65.640961 174.808135 185.276321 116.347931 132.410371 148.233223 224.182647 123.276836 154.961737 87.841116 132.149931 148.379009
65.647436 174.533411 185.276321 116.347931 132.410371 148.233223 224.204492 123.308295 154.837878 87.978473 132.149931 148.379009
65.653931 174.257888 185.276321 116.347931 132.410371 148.233223 224.209226 123.315113 154.730190 88.132696 132.149931 148.379009
65.660425 173.982365 185.276321 116.347931 132.410371 148.233223 224.212534 123.319877 154.622959 88.286263 132.149931 148.379009
65.665531 173.706626 185.276321 116.347931 132.410371 148.233223 224.213675 123.321520 154.533310 88.452978 132.149931 148.379009
65.665195 173.434126 185.276321 116.347931 132.410371 148.233223 224.293665 123.362032 154.450976 88.624656 132.149931 148.379009
65.664861 173.163726 185.276321 116.347931 132.410371 148.233223 224.331668 123.356527 154.369247 88.795072 132.149931 148.379009
65.664528 172.893626 185.276321 116.347931 132.410371 148.233223 224.389070 123.348220 154.287692 88.965126 132.149931 148.379009
65.664189 172.618426 185.276321 116.347931 132.410371 148.233223 224.464385 123.337321 154.207563 89.132206 132.149931 148.379009
65.663848 172.342527 185.276321 116.347931 132.410371 148.233223 224.508427 123.330948 154.123803 89.306859 132.149931 148.379009
65.663513 172.071127 185.276321 116.347931 132.410371 148.233223 224.531487 123.327611 154.083259 89.488070 132.149931 148.379009
65.663174 171.795627 185.276321 116.347931 132.410371 148.233223 224.557911 123.323787 154.064833 89.675667 132.149931 148.379009
65.662840 171.525127 185.276321 116.347931 132.410371 148.233223 224.579882 123.320608 154.046652 89.860777 132.149931 148.379009
65.662505 171.253927 185.276321 116.347931 132.410371 148.233223 224.624419 123.314163 154.027707 90.053649 132.149931 148.379009
65.662170 170.981728 185.276321 116.347931 132.410371 148.233223 224.661631 123.308778 154.008744 90.246720 132.149931 148.379009
65.661836 170.711328 185.276321 116.347931 132.410371 148.233223 224.856732 123.256177 153.990562 90.431829 132.149931 148.379009
65.656443 170.436888 185.276321 116.347931 132.410371 148.233223 224.922965 123.228198 153.972166 90.619127 132.149931 148.379009
65.639609 170.166211 185.276321 116.347931 132.410371 148.233223 225.007621 123.192436 153.952616 90.808369 132.149931 148.379009
65.622607 169.892839 185.276321 116.347931 132.410371 148.233223 225.103035 123.140365 153.885025 90.967812 132.149931 148.379009
65.605760 169.621963 185.276321 116.347931 132.410371 148.233223 225.196019 123.047381 153.845956 91.150992 132.149931 148.379009
65.588559 169.345397 185.276321 116.347931 132.410371 148.233223 225.280479 122.950062 153.806343 91.336714 132.149931 148.379009
65.571476 169.070728 185.276321 116.347931 132.410371 148.233223 225.353877 122.836639 153.766210 91.524882 132.149931 148.379009
65.554621 168.799351 185.276321 116.347931 132.410371 148.233223 225.425048 122.726658 153.727244 91.707573 132.149931 148.379009
65.537803 168.528472 185.276321 116.347931 132.410371 148.233223 225.497468 122.614747 153.687966 91.891730 132.149931 148.379009
65.520670 168.252604 185.276321 116.347931 132.410371 148.233223 225.570268 122.502247 153.569007 92.039941 132.149931 148.379009
65.503549 167.976935 185.276321 116.347931 132.410371 148.233223 225.644630 122.385523 153.373720 92.251595 132.149931 148.379009
65.485955 167.703202 185.276321 116.347931 132.410371 148.233223 225.764496 122.196546 153.244634 92.389314 132.149931 148.379009
65.466695 167.428175 185.276321 116.347931 132.410371 148.233223 225.835123 122.085267 153.107618 92.524813 132.149931 148.379009
65.447756 167.157737 185.276321 116.347931 132.410371 148.233223 225.906410 121.972985 152.971811 92.659116 132.149931 148.379009
65.428664 166.885105 185.276321 116.347931 132.410371 148.233223 226.009029 121.817754 152.833688 92.784765 132.149931 148.379009
65.409796 166.615665 185.276321 116.347931 132.410371 148.233223 226.084792 121.707980 152.687973 92.899558 132.149931 148.379009
65.390731 166.343432 185.276321 116.347931 132.410371 148.233223 226.163447 121.601226 152.547814 93.027865 132.149931 148.379009
65.371436 166.067907 185.276321 116.347931 132.410371 148.233223 226.243406 121.492702 152.419914 93.162084 132.149931 148.379009
65.352309 165.794775 185.276321 116.347931 132.410371 148.233223 226.323306 121.384258 152.291876 93.296448 132.149931 148.379009
65.333203 165.521944 185.276321 116.347931 132.410371 148.233223 226.415864 121.331203 152.171800 93.392545 132.149931 148.379009
65.314320 165.252304 185.276321 116.347931 132.410371 148.233223 226.492625 121.297833 152.079520 93.468606 132.149931 148.379009
65.294956 164.975781 185.276321 116.347931 132.411159 148.232318 226.553886 121.271201 152.022284 93.526906 132.149931 148.379009
65.276003 164.705144 185.276321 116.347931 132.412998 148.230206 226.593145 121.268358 151.985920 93.564635 132.149931 148.379009
65.256097 164.434890 185.276321 116.347931 132.415361 148.227491 226.623763 121.271704 151.775165 93.543285 132.149931 148.379009
65.228103 164.161419 185.276321 116.347931 132.423962 148.217609 226.635990 121.273040 151.698933 93.498923 132.149931 148.379009
65.200293 163.889739 185.276321 116.347931 132.432825 148.207427 226.648018 121.274355 151.607577 93.445759 132.150477 148.378762
65.172116 163.614477 185.276321 116.347931 132.447335 148.190757 226.666409 121.276365 151.500906 93.381982 132.151752 148.378184
65.144122 163.341006 185.276321 116.347931 132.472415 148.161943 226.702891 121.280353 151.411096 93.283342 132.153301 148.377482
65.115955 163.065844 185.276321 116.347931 132.515804 148.127339 226.759455 121.286535 151.324047 93.187734 132.157490 148.375583
65.088266 162.795358 185.276321 116.347931 132.580956 148.090389 226.982940 121.348339 151.235786 93.090795 132.164139 148.372569
65.060344 162.522583 185.276321 116.347931 132.645586 148.053735 227.070715 121.379074 151.145101 92.991194 132.168056 148.370794
65.032564 162.251201 185.276321 116.347931 132.709275 148.017856 227.174345 121.415360 151.057715 92.895216 132.184996 148.363114
65.004967 161.981610 185.276321 116.347931 132.786145 147.974814 227.297230 121.458389 150.972349 92.801456 132.198294 148.357087
64.976729 161.705752 185.276321 116.347931 132.885929 147.935084 227.514691 121.533296 150.912191 92.732973 132.225891 148.344577
64.949183 161.436658 185.276321 116.347931 133.187599 147.884909 227.642317 121.575427 150.862295 92.702233 132.272682 148.322880
64.921545 161.166669 185.276321 116.347931 133.321394 147.855823 227.772697 121.618466 150.833064 92.636762 132.333383 148.286631
64.893470 160.892402 185.276321 116.347931 133.468852 147.803522 227.902887 121.661443 150.819774 92.606994 132.394598 148.250075
64.865446 160.618632 185.276321 116.347931 133.626919 147.755619 228.026144 121.702132 150.645175 92.414029 132.451734 148.185703
64.837238 160.343072 185.276321 116.347931 133.794621 147.693895 228.151206 121.743416 150.582501 92.375063 132.519893 148.125020
64.810680 160.070572 185.276321 116.347931 133.976588 147.626921 228.274464 121.784105 150.508362 92.328968 132.612793 148.072334
64.787333 159.796464 185.276321 116.347931 134.229645 147.543987 228.403799 121.826799 150.424147 92.259811 132.723235 148.010039
64.764352 159.526641 185.276321 116.347931 134.401767 147.493051 228.530381 121.868585 150.332078 92.174526 132.852218 147.947429
64.741150 159.254227 185.276321 116.347931 134.546368 147.450259 228.654778 121.909650 150.236634 92.086115 133.183099 147.885860
64.717795 158.980020 185.276321 116.347931 134.680885 147.410075 228.782166 121.937949 150.137170 91.998854 133.336687 147.849112
64.694797 158.709998 185.276321 116.347931 134.820253 147.360867 228.915165 121.932745 150.024965 91.928194 133.497465 147.796341
64.671645 158.438182 185.276321 116.347931 134.947457 147.315955 229.051660 121.927388 149.916230 91.859719 133.653290 147.745913
64.648545 158.166964 185.276321 116.347931 135.038546 147.283793 229.182057 121.922224 149.801740 91.787620 133.803349 147.690683
64.625343 157.894550 185.276321 116.347931 135.119829 147.255095 229.311206 121.922218 149.689366 91.716854 133.947402 147.637663
64.601895 157.619247 185.276321 116.347931 135.226143 147.213922 229.444479 121.924894 149.580377 91.648219 134.159263 147.564816
64.578812 157.348228 185.276321 116.347931 135.266315 147.195972 229.579852 121.927611 149.458545 91.583419 134.298398 147.523641
64.555414 157.073523 185.276321 116.347931 135.279280 147.190180 229.708326 121.930190 149.336763 91.533540 134.413082 147.489703
64.535400 156.797276 185.276321 116.347931 135.291423 147.184754 229.838000 121.932793 149.215921 91.484006 134.524121 147.456843
64.520039 156.522305 185.276321 116.347931 135.294436 147.183408 229.972673 121.935496 149.091216 91.432825 134.624326 147.427189
64.504628 156.246435 185.276321 116.347931 135.294893 147.183204 230.104846 121.938150 148.963920 91.380580 134.706911 147.400886
64.489412 155.974059 185.276321 116.347931 135.295075 147.183123 230.237963 121.946306 148.835139 91.360043 134.782158 147.374318
64.474168 155.701185 185.276321 116.347931 135.295075 147.183123 230.365690 121.960378 148.702191 91.339669 134.833643 147.356140
64.458700 155.424317 185.276321 116.347931 135.295075 147.183123 230.494710 121.974593 148.566970 91.318947 134.883619 147.338494
64.443423 155.150843 185.276321 116.347931 135.295075 147.183123 230.623928 121.988829 148.437976 91.299179 134.923035 147.324578
64.428246 154.879167 185.276321 116.347931 135.295075 147.183123 230.855066 122.011117 148.300778 91.278153 134.937273 147.319550
64.412946 154.605294 185.276321 116.347931 135.295075 147.183123 230.983043 122.022699 148.173760 91.258688 134.951606 147.314490
64.397585 154.330322 185.276321 116.347931 135.295075 147.183123 231.118091 122.034921 148.045599 91.248389 134.956792 147.312659
64.382480 154.059944 185.276321 116.347931 135.295075 147.183123 231.254434 122.047260 147.916759 91.238749 134.961036 147.311160
64.367030 153.783375 185.276321 116.347931 135.295075 147.183123 231.383144 122.055730 147.779443 91.228476 134.961601 147.310961
64.352424 153.512673 185.276321 116.347931 135.295075 147.183123 231.512809 122.030486 147.644337 91.219904 134.962167 147.310761
64.342399 153.238256 185.276321 116.347931 135.281596 147.152970 231.646303 122.004495 147.513014 91.215409 134.952969 147.279065
64.332534 152.968237 185.276321 116.347931 135.296025 147.146533 231.776459 121.979155 147.384489 91.211010 134.968904 147.273435
64.322495 152.693420 185.276321 116.347931 135.323148 147.134431 231.908284 121.953490 147.254165 91.206549 134.998039 147.263142
64.312539 152.420902 185.276321 116.347931 135.362326 147.116952 232.042578 121.922254 147.121543 91.202009 135.042827 147.247319
64.302584 152.148383 185.276321 116.347931 135.393102 147.103221 232.169923 121.891525 146.986411 91.197721 135.106000 147.225001
64.292537 151.873367 185.276321 116.347931 135.406891 147.097069 232.349397 121.840626 146.854472 91.193725 135.235752 147.173424
64.282399 151.595852 185.276321 116.347931 135.413467 147.094135 232.541848 121.766315 146.716435 91.189546 135.289724 147.149344
64.272538 151.325932 185.276321 116.347931 135.416480 147.092790 232.762056 121.647200 146.560700 91.195087 135.325431 147.133413
64.262655 151.055412 185.276321 116.347931 135.418033 147.092098 232.869467 121.573789 146.458727 91.201900 135.339039 147.127342
64.252561 150.779097 185.276321 116.347931 135.418398 147.091935 232.981748 121.497050 146.340890 91.209774 135.347075 147.123756
64.242478 150.503081 185.276321 116.347931 135.418672 147.091812 233.093864 121.420424 146.247398 91.216021 135.348719 147.123023
64.232497 150.229863 185.276321 116.347931 135.418672 147.091812 233.205320 121.344249 146.184239 91.220241 135.349815 147.122534
64.222479 149.955646 185.276321 116.347931 135.418672 147.091812 233.317023 121.267904 146.143829 91.222941 135.349997 147.122452
64.212472 149.681729 185.276321 116.347931 135.418672 147.091812 233.424103 121.194720 146.088652 91.226627 135.350089 147.122412
64.202582 149.411009 185.276321 116.347931 135.418672 147.091812 233.537457 121.117247 146.064640 91.230154 135.350089 147.122412
64.192601 149.137792 185.276321 116.347931 135.418672 147.091812 233.644785 121.043893 146.018151 91.214351 135.350089 147.122412
64.182562 148.862975 185.276321 116.347931 135.418672 147.091812 233.755828 120.968000 145.984395 91.229006 135.350089 147.122412
64.172467 148.586659 185.276321 116.347931 135.418672 147.091812 233.866293 120.892502 145.900464 91.301379 135.350089 147.122412
64.162610 148.316839 185.276321 116.347931 135.418672 147.091812 233.973538 120.819205 145.844775 91.358116 135.350089 147.122412
64.150849 148.043798 185.276321 116.347931 135.418672 147.091812 234.087718 120.741168 145.775147 91.429055 135.350089 147.122412
64.137282 147.766529 185.276321 116.347931 135.418672 147.091812 234.193890 120.668604 145.682368 91.496877 135.350089 147.122412
64.123915 147.493356 185.276321 116.347931 135.418672 147.091812 234.306886 120.591315 145.437708 91.611302 135.350089 147.122412
64.110705 147.223379 185.276321 116.347931 135.418672 147.091812 234.416561 120.516258 145.329200 91.578900 135.350089 147.122412
64.097480 146.953103 185.276321 116.347931 135.418672 147.091812 234.524587 120.442329 145.197531 91.539210 135.350089 147.122412
64.084026 146.678132 185.276321 116.347931 135.418672 147.091812 234.631044 120.369474 145.106302 91.498208 135.350089 147.122412
64.067768 146.405226 185.276321 116.347931 135.418672 147.091812 234.745093 120.291423 145.025006 91.446398 135.350089 147.122412
64.049294 146.129845 185.276321 116.347931 135.418672 147.091812 234.858813 120.213598 144.824598 91.357435 135.350089 147.122412
64.031196 145.860052 185.276321 116.347931 135.418672 147.091812 234.969561 120.137806 144.804928 91.222985 135.350089 147.122412
64.012862 145.586766 185.276321 116.347931 135.418672 147.091812 235.075606 120.065233 144.869283 90.978513 135.350089 147.122412
63.994442 145.312183 185.276321 116.347931 135.418672 147.091812 235.189399 119.987339 144.901725 90.867454 135.350089 147.122412
63.976035 145.037800 185.276321 116.347931 135.418672 147.091812 235.296532 119.913702 144.964450 90.749134 135.350089 147.122412
63.957722 144.764813 185.276321 116.347931 135.418672 147.091812 235.411162 119.844927 145.046814 90.658250 135.350089 147.122412
63.939188 144.488534 185.276321 116.347931 135.418672 147.091812 235.540010 119.802349 145.149668 90.580390 135.350089 147.122412
63.920962 144.216845 185.276321 116.347931 135.418672 147.091812 235.670756 119.759144 145.237171 90.432722 135.350089 147.122412
63.902589 143.942961 185.276321 116.347931 135.418672 147.091812 235.796660 119.717540 145.290088 90.294300 135.350089 147.122412
63.884429 143.672269 185.276321 116.347931 135.418672 147.091812 235.923704 119.675558 145.339107 90.144283 135.350089 147.122412
63.865916 143.396289 185.276321 116.347931 135.418672 147.091812 236.052171 119.633106 145.384975 89.973122 135.350089 147.122412
63.843785 143.094443 185.276321 116.347931 135.418672 147.091812 236.182886 119.611250 145.409822 89.782406 135.350089 147.122412
63.823654 142.823590 185.276321 116.347931 135.418672 147.091812 236.330888 119.553125 145.415993 89.577299 135.350089 147.122412
63.803486 142.552238 185.276321 116.347931 135.418672 147.091812 236.303199 119.462040 145.422682 89.355000 135.350089 147.122412
63.783362 142.281485 185.276321 116.347931 135.418672 147.091812 236.279814 119.385116 145.429716 89.121206 135.350089 147.122412
63.764729 142.030776 185.276321 116.347931 135.418672 147.091812 236.245626 119.308936 145.438011 88.873145 135.350089 147.122412
63.747399 141.797620 185.276321 116.347931 135.418672 147.091812 236.224506 119.264389 145.447078 88.610901 135.350089 147.122412
63.729521 141.557083 185.276321 116.347931 135.418672 147.091812 236.119100 119.084158 145.456493 88.338564 135.350089 147.122412
63.714038 141.348758 185.276321 116.347931 135.523039 147.056563 236.076027 119.017576 145.470347 88.055711 135.350089 147.122412
63.700184 141.162372 185.276321 116.347931 135.561927 147.045250 236.034094 118.952757 145.485767 87.763117 135.358490 147.118663
63.656621 140.554000 185.276321 116.347931 135.614899 147.030829 235.993845 118.890541 145.501824 87.458440 135.389083 147.105014
63.647115 140.369244 185.276321 116.347931 135.684179 147.011973 235.954628 118.829921 145.515403 87.200797 135.520447 147.057317
63.638467 140.201167 185.276321 116.347931 135.773625 146.987629 235.909599 118.760316 145.526844 86.983698 135.581996 147.039785
63.630636 140.048968 185.276036 116.347838 135.878319 146.969262 235.865494 118.692139 145.535339 86.753235 135.656293 147.019563
63.622214 139.885285 185.275751 116.347746 135.995460 146.948884 235.825897 118.630930 145.502314 86.534413 135.743906 146.995717
63.579998 139.705924 185.275465 116.347653 136.133496 146.933548 235.780977 118.561493 145.469631 86.317866 135.853689 146.973546
63.570595 139.523166 185.273848 116.347128 136.290288 146.927731 235.736437 118.492644 145.403387 86.114310 135.975461 146.952363
63.560519 139.327325 185.272422 116.346665 136.419525 146.937552 235.692929 118.425390 145.324251 85.912147 136.111011 146.934382
63.549214 139.118635 185.269188 116.345615 136.508226 146.956488 235.665010 118.382234 145.245808 85.711754 136.245319 146.929399
63.533859 138.897568 185.264623 116.344132 136.546464 146.964652 235.646542 118.353687 145.128320 85.533786 136.347748 146.925599
