422.522200 157.606800 181.770968 473.769589 98.292600 282.174800 380.339800 342.735800 228.183200 320.520400 452.165400 301.600600
422.496780 157.615901 181.873919 473.656407 98.271594 282.192393 380.351106 342.704585 228.221505 320.492481 452.152388 301.650326
422.423533 157.642124 181.974313 473.546036 98.219768 282.235796 380.373583 342.642530 228.288533 320.446314 452.127985 301.743586
422.304906 157.684593 182.077802 473.432262 98.131910 282.309376 380.412338 342.535532 228.320549 320.424752 452.097101 301.861612
422.146945 157.746669 182.187347 473.311831 98.003392 282.398049 380.465601 342.388481 228.334982 320.415033 452.058724 302.008274
421.960557 157.826591 182.289759 473.199241 97.814216 282.410722 380.531737 342.205890 228.357874 320.399615 452.011082 302.190344
421.742737 157.919990 182.391768 473.087094 97.597502 282.425240 380.586188 341.977247 228.402830 320.369339 451.954985 302.404726
421.488154 158.029153 182.470629 473.000395 97.339081 282.442553 380.640238 341.719452 228.454586 320.334483 451.890888 302.649679
421.003576 158.230322 182.791983 472.915467 97.064697 282.460935 380.694781 341.459309 228.471009 320.323422 451.801435 303.047790
420.696976 158.343820 182.977378 472.945427 96.792307 282.479183 380.736664 341.198875 228.334849 320.155855 451.753679 303.323281
420.362899 158.442689 183.198904 472.981226 96.544463 282.495787 380.765613 340.933298 228.269495 320.118252 451.719656 303.519554
419.992001 158.552455 183.632958 473.047513 96.384022 282.506535 380.777972 340.671227 228.103854 319.987362 451.692362 303.677006
419.583857 158.683689 183.892583 473.085578 96.269479 282.514208 380.774081 340.412456 228.020209 319.865508 451.663794 303.828021
419.256525 158.778499 184.153593 473.123845 96.117171 282.659388 380.761172 340.151940 227.918000 319.716613 451.634090 303.984562
418.987703 158.740864 184.420737 473.163011 96.113772 282.827553 380.715682 339.894326 227.794965 319.537379 451.608034 304.147897
418.760666 158.424421 184.654834 473.197333 96.112096 283.020321 380.660308 339.626278 227.648494 319.323054 451.582797 304.306097
418.608233 158.024486 184.821057 473.221703 96.115181 283.245900 380.601270 339.370811 227.488452 319.075717 451.556709 304.469629
418.346397 157.404349 185.029203 473.158786 96.118659 283.500276 380.539890 339.105211 227.314720 318.807222 451.532480 304.621508
418.121120 156.984351 185.081785 473.021298 96.122684 283.794649 380.471627 338.837047 227.121478 318.520272 451.507936 304.775363
417.717250 156.785948 185.140726 472.867185 96.127043 284.113419 380.381312 338.583024 226.976838 318.289040 451.484319 304.923492
417.253099 157.019504 185.195523 472.723906 96.130579 284.371995 380.289658 338.325233 226.860354 318.098412 451.460450 305.073201
416.822179 157.236339 185.247677 472.587539 96.314868 284.570157 380.197334 338.065557 226.773280 317.955909 451.434282 305.237328
416.441104 157.428092 185.301402 472.447062 96.582909 284.549980 380.105133 337.806049 226.715091 317.860680 451.410413 305.387037
415.912000 157.567859 185.356628 472.302662 96.843372 284.530374 380.017234 337.558597 226.683494 317.808969 451.387677 305.529636
415.625001 157.567371 185.408210 472.167789 97.114206 284.509986 379.928064 337.307564 226.649394 317.753163 451.363934 305.678556
415.368201 157.566934 185.462292 472.026379 97.386037 284.489524 379.842974 337.052614 226.612166 317.692237 451.338190 305.839510
415.176801 157.566608 185.518304 471.879924 97.848136 284.456214 379.763824 336.807475 226.556271 317.600762 451.313949 305.990374
415.042201 157.566379 185.572029 471.739447 98.117574 284.438808 379.681664 336.553010 226.488697 317.490173 451.289283 306.146437
414.963601 157.566245 185.629755 471.588509 98.374239 284.422227 379.597536 336.292455 226.429570 317.393408 451.266554 306.290251
414.909002 157.566153 185.681480 471.453263 98.640285 284.405040 379.512385 336.033936 226.314932 317.122051 451.240764 306.453426
414.869402 157.566085 185.734491 471.314654 98.899345 284.388304 379.423758 335.783983 226.272991 316.981166 451.216692 306.605735
414.856002 157.566062 185.787931 471.174925 99.169182 284.370872 379.336267 335.537235 226.238472 316.863317 451.191839 306.762984
414.854002 157.566059 185.845657 471.023987 99.438221 284.353491 379.247039 335.285586 226.015199 316.420123 451.166050 306.926158
414.852602 157.566057 185.904241 470.870807 99.699477 284.336614 379.152569 335.041212 225.964225 316.336892 451.140885 307.085382
414.852202 157.566056 185.959966 470.725100 100.159995 284.302807 379.060125 334.800193 225.911684 316.251102 451.118062 307.229789
414.852202 157.566056 186.017836 470.573788 100.426768 284.281790 379.002658 334.547444 225.856323 316.160708 451.098422 307.376662
414.852202 157.566056 186.075776 470.422290 100.691940 284.260821 378.947842 334.284886 225.791770 316.055305 451.078579 307.539054
414.852202 157.566056 186.132931 470.272847 100.948329 284.240415 378.913979 334.025084 225.737244 315.966275 451.058542 307.703035
414.852202 157.566056 186.190300 470.122843 101.209504 284.219628 378.887263 333.669933 225.671751 315.859336 451.040712 307.848949
414.852202 157.566056 186.245454 469.978630 101.477855 284.198270 378.866913 333.399096 225.624642 315.782416 451.023223 307.992085
414.852202 157.566056 186.299036 469.838526 101.750393 284.176579 378.835715 332.886229 225.591321 315.728009 451.003574 308.152889
414.852202 157.566056 186.354477 469.693566 102.017748 284.155300 378.826855 332.625579 225.568759 315.691169 450.984628 308.307936
414.852202 157.566056 186.391984 469.595494 102.478450 284.086329 378.817853 332.360732 225.561029 315.678547 450.964543 308.472313
414.852202 157.566056 186.408988 469.551035 102.743014 284.030454 378.808970 332.090690 225.554553 315.667973 450.946907 308.616639
414.852202 157.566056 186.628726 469.452325 102.996997 283.983233 378.821581 331.814978 225.551001 315.662174 450.928325 308.768708
414.825802 157.566011 186.721465 469.507673 103.253145 283.941035 378.834009 331.543262 225.550166 315.660810 450.908701 308.929314
414.779002 157.565931 186.849239 469.583931 103.517383 283.897504 378.846228 331.276141 225.549957 315.660469 450.889561 309.085949
414.737602 157.565861 187.016857 469.683968 103.773530 283.855306 378.858199 331.014415 225.549957 315.660469 450.855254 309.247887
414.709602 157.565813 187.190657 469.787695 104.033033 283.812555 378.889008 330.742153 225.549957 315.660469 450.823390 309.391596
414.704602 157.565805 187.299539 469.852679 104.287601 283.770617 378.920066 330.467704 225.549957 315.660469 450.788019 309.551122
414.702602 157.565801 187.357587 469.887323 104.484744 283.738140 378.950494 330.198821 225.549957 315.660469 450.752389 309.711820
414.702202 157.565801 187.382661 469.902287 104.610055 283.717496 378.980337 329.935104 225.549957 315.660469 450.681284 309.728123
414.702202 157.565801 187.395026 469.909667 104.663534 283.708686 379.010068 329.672381 225.549957 315.660469 450.649525 309.871037
414.702202 157.565801 187.396915 469.910794 104.872185 283.859139 378.891128 329.359593 225.549957 315.660469 450.609535 310.012304
414.702202 157.565801 187.398117 469.911512 104.894732 283.991026 378.630260 329.269460 225.549957 315.660469 450.561729 310.157012
414.702202 157.565801 187.502940 469.865011 104.923244 284.157806 378.385649 329.184944 225.549957 315.660469 450.510410 310.312354
414.702202 157.565801 187.536580 469.812693 104.958664 284.365001 378.129708 329.078212 225.549957 315.660469 450.460471 310.463519
414.702202 157.565801 187.586230 469.735478 104.997961 284.594866 377.896020 328.964695 225.549957 315.660469 450.414108 310.603859
414.702202 157.565801 187.654917 469.628656 105.042582 284.855879 377.656343 328.843043 225.549957 315.660469 450.363974 310.757477
414.702202 157.565801 187.737991 469.499459 105.091180 285.140155 377.486632 328.631251 225.549957 315.660469 450.317842 310.914229
414.702202 157.565801 187.838913 469.342506 105.144766 285.453608 377.326214 328.402578 225.549957 315.660469 450.272161 311.069447
414.702202 157.565801 187.959521 469.154936 105.203913 285.799588 377.185859 328.132401 225.549957 315.660469 450.230377 311.211426
414.702202 157.565801 188.099924 468.936580 105.268418 286.176914 377.062838 327.812436 225.549957 315.660469 450.203894 311.301410
414.702202 157.565801 188.255669 468.691951 105.338619 286.587557 376.920167 327.459166 225.549957 315.660469 449.888024 311.609614
414.644257 157.681121 188.426688 468.423142 105.411854 287.015942 376.765878 327.079952 225.549957 315.660469 449.777603 311.708460
414.648835 157.763995 188.617997 468.122440 105.484380 287.440188 376.511306 326.459382 225.549957 315.660469 449.658093 311.815443
414.654935 157.874426 188.824659 467.797607 105.555120 287.853984 376.216416 326.149078 225.549957 315.660469 449.546778 311.915089
414.662568 158.012616 189.047101 467.447969 105.612650 288.190502 375.873850 326.154821 225.549957 315.660469 449.436208 312.014068
414.672739 158.196735 189.276630 467.087195 105.657911 288.455261 375.977420 326.444970 225.549957 315.660469 449.327873 312.111046
414.685292 158.423989 189.511955 466.717308 105.749937 288.993917 376.197046 326.554000 225.549957 315.660469 449.203892 312.222031
414.700450 158.688353 189.727581 466.346478 105.771223 289.118309 376.355606 326.621314 225.549957 315.660469 449.084828 312.328613
414.719041 158.986374 189.942990 465.972245 105.783468 289.189869 376.460816 326.662542 225.549957 315.660469 448.993332 312.410518
414.738964 159.305753 190.163487 465.589172 105.790688 289.232056 376.763032 326.898200 225.549957 315.660469 448.940283 312.458006
414.760208 159.646291 190.376536 465.216129 105.792003 289.239744 376.831647 327.066771 225.549957 315.660469 448.645203 312.721746
414.782932 160.010583 190.588636 464.838175 105.792678 289.243687 376.914888 327.271279 225.549957 315.660469 448.522711 312.831095
414.812769 160.537098 190.799071 464.463185 105.792779 289.244278 377.013663 327.513947 225.549957 315.660469 448.405440 312.935783
414.836397 160.973256 191.013617 464.080871 105.792800 289.244400 377.120846 327.779526 225.549957 315.660469 448.331736 313.001579
414.856741 161.432205 191.215067 463.699758 105.792800 289.244400 377.236183 328.080375 225.549957 315.660469 448.139010 312.864892
414.878325 161.919127 191.378225 463.302996 105.792800 289.244400 377.352783 328.318397 225.549957 315.660469 448.192002 312.728634
414.898746 162.438501 191.546176 462.894580 105.792800 289.244400 377.505466 328.549191 225.549957 315.660469 448.244560 312.593494
414.914885 162.984157 191.789060 462.309160 105.913097 289.295334 377.676761 328.763046 225.549957 315.660469 448.276094 312.512411
414.953752 163.719857 191.957949 461.916545 105.992141 289.290359 377.905610 328.896074 225.549957 315.660469 448.296392 312.460219
414.987683 164.259992 192.131423 461.513273 106.097932 289.283701 378.137669 329.008823 225.549957 315.660469 448.567614 312.457658
415.022179 164.809110 192.306714 461.105776 106.229471 289.275422 378.373832 329.111134 225.549957 315.660469 448.904132 312.401787
415.056498 165.355433 192.475367 460.713712 106.396341 289.264920 378.614868 329.194361 225.549957 315.660469 449.009795 312.307222
415.082650 165.904152 192.644889 460.319626 106.588960 289.252797 378.791628 329.255394 225.549957 315.660469 449.119333 312.209189
415.074846 166.446496 192.817099 459.919294 106.817707 289.238400 378.883316 329.287052 225.549957 315.660469 449.240793 312.100485
415.066945 166.995639 192.987174 459.523923 107.069409 289.222558 378.930200 329.303241 225.549957 315.660469 449.364190 311.990047
415.041481 167.545326 193.158198 459.126347 107.361232 289.204192 378.959314 329.313293 225.549957 315.660469 449.481626 311.884945
414.918552 168.076470 193.401624 458.551499 107.681997 289.184004 378.969144 329.316687 225.549957 315.660469 449.597572 311.781176
414.290580 168.702302 193.591348 458.151402 108.042285 289.161328 378.974437 329.318515 225.549957 315.660469 449.678793 311.708485
413.884437 169.070799 193.774501 457.765456 108.435506 289.136580 379.093962 329.518116 225.549957 315.660469 449.723950 311.668071
413.480959 169.436878 193.981250 457.330061 108.852481 289.110337 379.085122 329.596217 225.549957 315.660469 449.750328 311.644463
413.088795 169.807595 194.167367 456.939101 109.288219 289.082912 379.072796 329.705122 225.549957 315.660469 449.762400 311.633659
412.702659 170.192770 194.353785 456.551931 109.747511 289.054006 379.056422 329.849798 225.549957 315.660469 449.764337 311.631926
412.078717 170.809538 194.644831 455.892023 110.234946 289.023328 379.036493 330.025874 225.549957 315.660469 449.766125 311.630325
411.688392 171.191327 194.869398 455.448964 110.940876 288.959738 379.012156 330.240901 225.549957 315.660469 449.766125 311.630325
411.294807 171.577218 195.044921 455.041131 111.484837 288.902160 378.984625 330.484148 225.549957 315.660469 449.766125 311.630325
410.904111 171.961485 195.228831 454.637386 112.027207 288.844750 378.955543 330.741108 225.539929 315.644095 449.766125 311.630325
410.518834 172.340422 195.521162 454.155134 112.576339 288.786625 378.925875 331.003234 225.515696 315.604526 449.766125 311.630325
410.123290 172.729456 195.772969 453.555423 113.118908 288.729195 378.912765 331.265271 225.472242 315.533575 449.766125 311.630325
409.728174 173.118070 195.925924 453.152262 113.665654 288.671322 378.900476 331.533790 225.745175 315.326027 449.766125 311.630325
409.336622 173.503178 196.083064 452.738069 114.209814 288.613724 378.888543 331.794517 225.906741 315.329362 449.766125 311.630325
408.968484 173.914040 196.243043 452.327329 114.749599 288.556588 378.876528 332.057042 226.106898 315.333493 449.766125 311.630325
408.619265 174.337133 196.403857 451.917340 115.294355 288.498926 378.882440 332.318873 226.344647 315.338401 449.766125 311.630325
408.305185 174.717655 196.605965 451.401555 115.845272 288.444875 378.891266 332.577722 226.613190 315.343944 449.766125 311.630325
408.042284 175.036171 196.761144 451.001390 116.387544 288.401550 378.900664 332.853362 226.832023 315.206409 449.766125 311.630325
407.821650 175.303477 196.918926 450.594511 116.931610 288.358081 378.929677 333.353702 227.055923 315.056951 449.766125 311.630325
407.645449 175.516951 197.075840 450.189871 117.478667 288.314373 378.949444 333.616760 227.386450 314.861537 449.766125 311.630325
407.478427 175.719422 197.236008 449.776839 118.025724 288.270666 379.001153 333.889939 227.714587 314.692540 449.766125 311.630325
407.313911 175.918943 197.390536 449.378352 118.565404 288.227547 379.045430 334.163138 227.938468 314.543414 449.766125 311.630325
407.146341 176.122166 197.546438 448.976323 119.106695 288.258299 379.099034 334.430550 228.161350 314.394954 449.766125 311.630325
406.974318 176.330791 197.703714 448.570750 119.631014 288.419020 379.171581 334.679807 228.381069 314.248600 449.766125 311.630325
406.800386 176.541730 197.726781 448.511266 120.147686 288.577396 379.253070 334.924554 228.602406 314.108058 449.766125 311.630325
406.633452 176.744182 197.736326 448.486652 121.148585 288.833962 379.337459 335.170689 228.830304 313.964771 449.766125 311.630325
406.464228 176.949412 197.741605 448.473039 121.593632 288.695798 379.456622 335.547440 229.048720 313.827445 449.766125 311.630325
406.297549 177.151555 197.744570 448.465394 121.961703 288.581532 379.534608 335.802169 229.275941 313.684584 449.766125 311.630325
406.125454 177.361636 197.744714 448.465021 122.365301 288.456235 379.612145 336.055152 229.496727 313.545768 449.766125 311.630325
405.967695 177.583212 197.744714 448.465021 123.457594 288.282683 379.701319 336.312966 229.763961 313.242670 449.766125 311.630325
405.812371 177.801366 197.744714 448.465021 123.935869 288.271747 379.787551 336.562274 229.992580 313.112660 449.766125 311.630325
405.652059 178.026527 197.744714 448.465021 124.436338 288.260304 379.875222 336.815740 230.232151 312.976421 449.766125 311.630325
405.501259 178.238327 197.744714 448.465021 124.959601 288.248339 379.961262 337.065957 230.455902 312.849180 449.766125 311.630325
405.350111 178.450616 197.744714 448.465021 125.512457 288.235698 380.045150 337.320700 230.944903 312.532297 449.784903 311.613519
405.194903 178.668608 197.744714 448.465021 126.033321 288.223788 380.127975 337.572214 231.150264 312.372512 449.835574 311.568171
405.036100 178.891650 197.744714 448.465021 126.473006 288.213734 380.214803 337.835885 231.355653 312.199143 449.868360 311.538827
404.894713 179.110038 197.744714 448.465021 126.861762 288.197213 380.307673 338.095000 231.638171 311.940917 449.875365 311.532558
404.755412 179.346217 197.744714 448.465021 127.223351 288.172990 380.409943 338.347689 231.834794 311.758220 449.877749 311.530424
404.614281 179.585497 197.744714 448.465021 127.579952 288.149101 380.501567 338.595421 232.030830 311.576068 449.877898 311.530291
404.481990 179.809790 197.744714 448.465021 127.826599 288.132578 380.589848 338.846980 232.229064 311.391873 449.878000 311.530200
404.344111 180.043558 197.744714 448.465021 128.012982 288.120092 380.665912 339.094126 232.230682 311.148559 449.878000 311.530200
404.213446 180.265095 197.744714 448.465021 128.144886 288.111256 380.744695 339.352586 232.123252 310.907772 450.061309 311.318540
404.076075 180.498001 197.744714 448.465021 128.237478 288.105053 380.822195 339.606836 231.980097 310.673674 450.081760 311.249089
403.942200 180.724842 197.744714 448.465021 128.273398 288.102647 380.884292 339.864848 231.845706 310.453908 450.114132 311.139156
403.808813 180.950811 197.744714 448.465021 128.294151 288.101257 380.922145 340.124905 231.710586 310.232948 450.153678 311.004857
403.673435 181.179317 197.744714 448.465021 128.308519 288.100294 380.955029 340.392074 231.572752 310.007551 450.195597 310.862501
403.536710 181.406322 197.744714 448.465021 128.309916 288.100201 380.987077 340.664394 231.436588 309.784885 450.239945 310.711895
403.397302 181.637782 197.744714 448.465021 128.310515 288.100161 380.987962 340.926273 231.299381 309.560512 450.287812 310.565949
403.258100 181.868898 197.744714 448.465021 128.331667 288.098743 380.961301 341.196963 231.158417 309.329997 450.328968 310.441371
403.121272 182.096075 197.744714 448.465021 128.386145 288.095094 380.916827 341.454102 231.014532 309.094704 450.377652 310.294004
402.995122 182.333135 197.744714 448.465021 128.462390 288.089952 380.862499 341.711960 230.870960 308.859923 450.426901 310.144929
402.875049 182.563749 197.744714 448.465021 128.574252 288.081250 380.801600 341.975618 230.733126 308.634527 450.475585 309.997562
402.751652 182.800748 197.744714 448.465021 128.896917 288.123120 380.743312 342.227974 230.590910 308.401964 450.517691 309.858122
402.630378 183.033668 197.744714 448.465021 129.010816 288.114830 380.682278 342.492217 230.449321 308.170425 450.551426 309.706018
402.503193 183.277941 197.744714 448.465021 129.150247 288.104680 380.645968 342.916425 230.310548 307.943493 450.650475 309.563087
402.380165 183.514231 197.744714 448.465021 129.256765 288.096927 380.691594 343.122134 230.174071 307.720315 450.683026 309.416662
402.255474 183.753714 197.744714 448.465021 129.541151 288.083274 380.758361 343.262239 230.047715 307.513687 450.717834 309.260084
402.131153 183.992488 197.744714 448.465021 129.721982 288.019999 380.827470 343.314384 229.963199 307.375480 450.750081 309.115025
401.895213 184.398991 197.744714 448.465021 129.937166 288.006606 381.039121 343.499707 229.916664 307.299381 450.772430 308.958334
401.750327 184.614358 197.744714 448.465021 130.187482 287.991027 381.175031 343.534930 229.886472 307.055466 450.792269 308.795941
401.582577 184.814572 197.744714 448.465021 130.463548 287.973845 381.344434 343.578834 230.014107 306.965770 450.809973 308.651018
401.411232 185.019078 197.744714 448.465021 130.725042 287.957570 381.548493 343.631719 230.134056 306.881487 450.828769 308.497162
401.238602 185.225118 197.744714 448.465021 130.993231 287.947090 381.776186 343.694374 230.263149 306.791432 450.847177 308.346482
401.070981 185.425179 197.744714 448.465021 131.252335 287.954143 382.041176 343.774363 230.396834 306.698173 450.864784 308.202354
400.888429 185.616182 197.744714 448.465021 131.521236 287.961462 382.287595 343.848746 230.530520 306.604915 450.883095 308.052468
400.694403 185.810499 197.744714 448.465021 131.788559 288.029122 382.515441 343.917523 230.651411 306.520581 450.838502 307.873557
400.504758 186.000429 197.744714 448.465021 132.653210 287.945237 382.660381 343.961275 230.770826 306.437278 450.856002 307.730020
400.304651 186.181372 197.744714 448.465021 132.921825 287.914219 382.733401 344.012427 230.858911 306.375830 450.873502 307.586483
400.086331 186.326940 197.744714 448.465021 133.183287 287.884028 382.772415 344.052040 231.089065 306.208154 450.892382 307.431630
399.860356 186.477613 197.744714 448.465021 133.443986 287.854253 382.783800 344.063600 231.220157 306.108946 450.911722 307.273004
399.634382 186.628285 197.744714 448.465021 133.717874 287.834497 382.783800 344.063600 231.344869 306.014565 450.934926 307.120775
399.405911 186.780621 197.744714 448.465021 133.991763 287.814741 382.783800 344.063600 231.468306 305.921150 450.957933 306.975182
399.175111 186.934511 197.744714 448.465021 134.259667 287.795417 382.783800 344.063600 231.593843 305.826539 450.981190 306.828008
398.960958 187.078742 197.744714 448.465021 134.535550 287.775517 382.783800 344.063600 231.716723 305.738095 451.007070 306.664240
398.746576 187.226553 197.744714 448.465021 134.811832 287.755589 382.783800 344.063600 231.848369 305.643341 451.032075 306.506004
398.533346 187.373570 197.744714 448.465021 135.074749 287.736625 382.783800 344.063600 231.965405 305.559102 451.056862 306.349150
398.308590 187.528534 197.744714 448.465021 135.349834 287.716782 382.783800 344.063600 232.083578 305.474046 451.079276 306.207310
398.082681 187.684292 197.744714 448.465021 135.616033 287.698896 382.783800 344.063600 232.208568 305.384082 451.104500 306.047691
397.864676 187.834601 197.744714 448.465021 135.885862 287.681341 382.783800 344.063600 232.443333 305.222177 451.128787 305.893998
397.474840 188.121320 197.744714 448.465021 136.153896 287.663902 382.783800 344.063600 232.572751 305.134716 451.152978 305.744544
397.262174 188.270448 197.744714 448.465021 136.410553 287.647203 382.783800 344.063600 232.707306 305.043784 451.177265 305.592268
