279.143600 262.899400 271.264400 140.552600 289.895800 234.177400 447.388800 360.887400 424.067600 188.735800 396.592446 344.959327
279.143600 262.899400 271.291853 140.578874 289.852750 234.170495 447.416231 360.890447 424.021688 188.738646 396.552921 344.933529
279.143600 262.899400 271.342859 140.627688 289.774352 234.157920 447.492164 360.898882 423.943239 188.743508 396.473534 344.881713
279.143600 262.899400 271.425942 140.707200 289.657644 234.139201 447.593739 360.910166 423.833250 188.750325 396.365341 344.811095
279.143600 262.899400 271.529976 140.806764 289.506970 234.115033 447.727517 360.925027 423.683936 188.759579 396.229178 344.722222
279.143600 262.899400 271.673639 140.929190 289.345435 234.089124 447.892303 360.943332 423.535222 188.768796 396.131977 344.616844
279.143600 262.899400 271.845510 141.062645 289.186072 234.063562 448.048144 360.960644 423.388902 188.777864 396.065984 344.475711
279.143600 262.899400 272.044393 141.217075 289.026116 234.037906 448.165622 360.973694 423.241407 188.800160 396.002447 344.339832
279.143600 262.899400 272.271869 141.393707 288.873952 234.020613 448.218496 360.979567 423.082753 188.834839 395.934166 344.193807
279.143600 262.899400 272.520986 141.587143 288.725255 234.006136 448.488185 360.997903 422.920192 188.870373 395.867664 344.051587
279.143600 262.899400 272.990430 141.961537 288.569989 233.991019 448.619936 361.001482 422.772870 188.902576 395.800315 343.907556
279.143600 262.899400 273.283097 142.202027 288.422288 233.976639 448.785475 361.005979 422.628870 188.934052 395.731526 343.760444
279.143600 262.899400 273.595388 142.458643 288.263837 233.961212 448.949615 361.010438 422.472561 188.968220 395.666464 343.621304
279.143600 262.899400 273.903896 142.765856 288.098021 233.945069 449.105957 361.014685 422.327779 188.999867 395.403845 343.245949
279.143600 262.899400 274.362517 143.320502 287.941362 233.929816 449.261300 361.018905 422.185342 189.031002 395.290075 343.088316
279.143600 262.899400 274.665810 143.695946 287.795253 233.915591 449.408246 361.022897 422.022585 189.066578 395.155003 342.901169
279.143600 262.899400 274.972547 144.105143 287.648944 233.901346 449.567187 361.027215 421.861391 189.101813 394.946451 342.748938
279.143600 262.899400 275.286764 144.533680 287.497859 233.886637 449.716932 361.031283 421.708208 189.135297 394.726712 342.610334
279.143600 262.899400 275.612022 144.978313 287.385590 233.875706 449.871875 361.035492 421.563036 189.167030 394.493778 342.463408
279.143600 262.899400 276.005014 145.363095 287.233925 234.010413 450.021594 361.037837 421.402233 189.202179 394.261522 342.316909
279.143600 262.899400 276.448292 145.682772 287.215312 234.166507 450.167761 361.029582 421.243774 189.236816 393.872253 342.073402
279.143600 262.899400 276.917886 145.977084 287.197551 234.315452 450.326508 361.020617 421.095476 189.269233 393.636102 341.929003
279.143600 262.899400 277.363250 146.289568 287.178819 234.472539 450.472499 361.010038 420.942293 189.302716 393.408313 341.789716
279.143600 262.899400 277.900200 146.777314 287.159874 234.631414 450.631982 360.994898 420.792822 189.335389 393.176427 341.647926
279.143600 262.899400 278.280760 147.175227 287.146116 234.746796 450.794054 360.979513 420.651948 189.366182 392.945225 341.506552
279.143600 262.899400 278.612691 147.617872 287.137804 234.816503 450.959709 360.963787 420.497202 189.400007 392.723066 341.370709
279.182155 262.696966 278.998283 148.001616 286.988013 234.970370 451.124966 360.948100 420.335226 189.435413 392.501248 341.235074
279.199852 262.602614 279.424920 148.356901 286.893029 234.968646 451.290422 360.932393 420.229131 189.458604 392.271752 341.094744
279.223727 262.469945 279.842029 148.704251 286.665424 234.986219 451.440454 360.915077 420.160160 189.473680 392.045156 340.956188
279.255784 262.291806 280.261751 149.053777 286.517345 235.012536 451.577246 360.864050 420.099981 189.486835 391.813954 340.814815
279.295175 262.072922 280.828014 149.535646 286.371628 235.038434 451.723409 360.809529 420.039216 189.500117 391.579168 340.671250
279.340445 261.821363 281.240671 149.904082 286.217641 235.065801 451.878753 360.751582 419.971612 189.514895 391.347795 340.529773
279.392446 261.532405 281.649896 150.269453 286.095161 235.087569 452.027164 360.696222 419.915145 189.527238 391.115057 340.387460
279.449088 261.217661 282.058077 150.633893 286.028210 235.099468 452.162832 360.645615 419.818038 189.548464 390.894945 340.252869
279.511468 260.871029 282.471032 151.002595 285.730118 235.153424 452.311056 360.590325 419.730700 189.567555 390.510926 340.032249
279.569101 260.550774 282.876379 151.364503 285.579082 235.181371 452.448411 360.539088 419.462861 189.440076 390.278113 339.905666
279.615505 260.292916 283.251971 151.767024 285.435125 235.208008 452.592699 360.485266 419.426447 189.279555 390.034406 339.773160
279.344880 260.155040 283.618262 152.167873 285.289202 235.235009 452.747669 360.427459 419.381272 189.080415 389.806162 339.649062
279.072939 260.131015 283.985766 152.570051 285.133840 235.263757 452.839301 360.393278 419.326363 188.838364 389.567550 339.519326
278.800799 260.106972 284.466187 153.104424 284.975330 235.293087 452.881651 360.377481 419.264021 188.563547 389.336319 339.393604
278.542206 260.084126 284.765201 153.461319 284.819378 235.321944 452.953536 360.230417 419.192918 188.250111 389.108578 339.237065
278.278434 260.060822 285.007444 153.750453 284.676798 235.348326 452.909972 360.105389 419.113939 187.901956 388.888026 339.075158
278.028464 259.966766 285.196383 153.975965 284.528712 235.375727 452.862198 359.968274 419.030270 187.533127 388.689828 338.889253
277.806082 259.810983 285.339725 154.147054 284.380232 235.403201 452.810145 359.818882 418.940363 187.136797 388.526042 338.688196
277.589417 259.671059 285.438754 154.265252 284.221526 235.432568 452.762436 359.681956 418.843155 186.708285 388.392326 338.451582
277.358077 259.556141 285.504773 154.344051 284.074030 235.459860 452.709595 359.530298 418.738912 186.248760 388.297082 338.197230
277.108574 259.503241 285.413024 154.666142 283.934794 235.485624 452.654976 359.373541 418.630554 185.771096 388.255443 337.931710
276.842404 259.519182 285.272914 154.786028 283.845903 235.502072 452.601081 359.218861 418.515559 185.264176 388.236728 337.670579
276.612569 259.592985 285.109422 154.937295 283.544175 235.311625 452.548108 359.066825 418.392306 184.734532 388.282589 337.409836
276.471026 259.655168 284.926855 155.111289 283.578409 235.162504 452.499938 358.928577 418.269046 184.202021 388.330930 337.136884
276.387144 259.701807 284.701007 155.289484 283.622534 234.970304 452.456834 358.781436 418.137373 183.668634 388.419316 336.675561
276.318071 259.863188 284.433059 155.474629 283.651424 234.739385 452.413763 358.622986 418.007857 183.143984 388.477367 336.406962
276.344371 259.896954 284.167836 155.701404 283.638073 234.476924 452.375992 358.484028 417.875848 182.609237 388.535671 336.137191
276.352113 259.906895 283.755947 156.076183 283.655076 234.208903 452.333971 358.329437 417.743504 182.073130 388.593511 335.869570
276.353465 259.908631 283.519489 156.365689 283.694409 233.937134 452.295727 358.188742 417.610392 181.533918 388.647886 335.617979
276.353588 259.908788 283.240117 156.869620 283.731222 233.682582 452.257798 358.049205 417.477246 180.995538 388.705557 335.351140
276.353588 259.908788 283.074641 157.233301 283.769181 233.420113 452.217508 357.900984 417.344231 180.464751 388.761030 335.094466
276.353588 259.908788 282.923286 157.606530 283.819339 233.154653 452.178739 357.758359 417.210779 179.932218 388.856890 334.637907
276.353588 259.908788 282.729087 158.223868 283.880160 232.893030 452.136456 357.602803 417.062512 179.407770 388.908689 334.371496
276.363051 259.920938 282.649462 158.658209 283.940528 232.633354 452.098684 357.463845 416.877440 178.898346 388.958007 334.117846
276.378659 259.940977 282.576602 159.087470 284.000941 232.373484 452.060336 357.322764 416.603552 178.451376 389.007364 333.864000
276.400535 259.969062 282.523239 159.524956 284.059906 232.119848 452.021882 357.181297 416.079018 177.648016 389.056606 333.610742
276.425852 260.001566 282.482456 159.952816 284.119821 231.862121 451.979546 357.025549 415.870383 177.344327 389.107642 333.348258
276.450923 260.033755 282.508618 160.392832 284.167185 231.321803 451.937420 356.870572 415.711814 177.092491 389.160434 333.076743
276.477100 260.067363 282.526082 160.830818 284.159616 231.046907 451.895084 356.714823 415.582845 176.913262 388.856454 333.011085
276.503154 260.100814 282.536918 161.271285 284.160689 230.600288 451.856263 356.572006 415.489356 176.797754 388.599129 333.029733
276.529208 260.134264 282.616347 161.905125 284.184611 230.342997 451.814662 356.418959 415.445947 176.744120 388.340607 333.048468
276.499359 260.203296 282.663117 162.337201 284.209940 230.070572 451.776523 356.278650 415.426695 176.720335 388.079554 333.072139
276.516681 260.225549 282.709478 162.765499 284.234732 229.803922 451.733820 356.121550 415.409835 176.699503 387.810787 333.105255
276.554888 260.274631 282.749449 163.204855 284.260098 229.531099 451.701557 356.002857 415.402537 176.690486 387.583109 333.133308
276.693445 260.453059 282.819391 163.632080 284.284409 229.269627 451.686133 355.946116 415.389451 176.674319 387.426493 333.152606
276.772179 260.554740 282.895830 164.065796 284.309590 228.998795 451.608639 355.674716 415.357366 176.634676 387.273172 333.172661
276.932262 260.729356 282.970499 164.489466 284.354384 228.619431 451.573229 355.543454 415.382812 176.342753 387.117154 333.191721
277.011258 260.904791 283.065145 164.905051 284.389196 228.353903 451.534890 355.387497 415.489566 176.269270 386.973891 333.208133
277.102080 261.106486 283.244465 165.305970 284.424164 228.087186 451.497841 355.236784 415.631741 176.171407 386.828641 333.224773
277.201390 261.348873 283.515194 165.647813 284.459470 227.817890 451.461364 355.088402 415.798158 176.063191 386.685974 333.241117
277.277083 261.612430 283.855415 165.922677 284.494516 227.550578 451.352368 355.046546 415.998891 175.942544 386.537148 333.258166
277.333075 261.884324 284.233068 166.136532 284.554279 227.087918 451.199228 355.050835 416.224124 175.808311 386.390507 333.274965
277.352950 262.155548 284.560286 166.408771 284.587736 226.826652 451.047888 355.055073 416.468788 175.662926 386.225435 333.276735
277.362637 262.420971 284.815285 166.755753 284.621905 226.559831 450.891949 355.059441 416.734256 175.505179 386.068436 333.276233
277.340039 262.695929 284.910049 167.166564 284.654550 226.304912 450.726814 355.064066 417.019795 175.328477 385.922437 333.275767
277.303530 262.952499 284.900557 167.609263 284.689481 226.032140 450.562278 355.068674 417.334955 175.159646 385.763637 333.275260
277.244248 263.208520 284.842810 168.033098 284.723574 225.765914 450.406939 355.073024 417.679642 174.985015 385.613038 333.274778
277.164310 263.463902 284.764944 168.466810 284.758149 225.495919 450.243803 355.077593 418.049485 174.797639 385.448039 333.274251
277.086823 263.711458 284.679716 168.898273 284.792496 225.227709 450.087664 355.081966 418.443234 174.598151 385.290240 333.273747
277.010113 263.959255 284.625374 169.325462 284.825344 224.971204 449.931917 355.084419 418.833951 174.400200 385.127641 333.273228
276.928988 264.224527 284.589383 169.749814 284.860554 224.696249 449.777346 355.081422 419.227165 174.200983 384.972330 333.269121
276.850670 264.480619 284.770452 170.139705 284.894901 224.428039 449.629574 355.078557 419.613466 173.998422 384.821491 333.262163
276.772352 264.736711 285.185678 170.285265 285.017538 223.962546 449.470604 355.075475 420.000003 173.792369 384.669253 333.255139
276.695034 264.987252 285.626715 170.275151 285.110477 223.705215 449.322432 355.072603 420.311688 173.496428 384.522786 333.252663
276.615164 265.244121 286.065166 170.286565 285.298583 222.571210 449.167461 355.069598 420.627702 173.189453 384.446634 333.255371
276.536659 265.496597 286.502498 170.315848 285.341664 222.296771 449.008291 355.066512 420.895601 172.922214 384.218432 333.254463
276.456077 265.755758 286.943852 170.362496 285.384620 222.023122 448.849321 355.063430 421.121609 172.678595 384.084702 333.250113
276.378825 266.015710 287.370540 170.420407 285.427390 221.750658 448.697949 355.060495 421.335393 172.380627 383.931383 333.245126
276.313651 266.241075 287.803172 170.487343 285.469788 221.480566 448.546577 355.057561 421.595470 171.855328 383.774066 333.240009
276.263979 266.412837 288.227573 170.555251 285.510915 221.218574 448.381009 355.054351 421.751994 171.467550 383.623546 333.235114
276.149126 266.572746 288.657672 170.629124 285.552264 220.960267 448.234036 355.051501 421.891739 171.058777 383.463631 333.229912
276.098676 266.747198 289.082542 170.702733 285.598444 220.689983 448.152452 355.049919 422.025342 170.647066 383.305301 333.226264
276.066561 266.858248 289.480171 170.874751 285.643310 220.427389 448.014465 355.154821 422.140438 170.228398 383.138919 333.228686
276.046615 266.927221 289.788256 171.172249 285.687502 220.168737 447.790020 355.387723 422.256729 169.816139 382.983535 333.230948
276.030664 267.046668 289.894319 171.590566 285.733109 219.901805 447.600617 355.428773 422.456605 169.220815 382.832551 333.233146
275.981592 267.189260 289.852257 172.026068 285.775945 219.634011 447.386000 355.475287 422.606253 168.817268 382.674968 333.235440
275.926532 267.349251 289.759545 172.452916 285.819191 219.362027 447.143236 355.527901 422.760490 168.401345 382.523584 333.237643
275.861189 267.539121 289.667513 172.876636 285.860428 219.102685 446.874476 355.586150 422.902188 167.991803 382.363801 333.239969
275.848057 267.780082 289.581278 173.300553 285.931975 218.656459 446.608061 355.643890 423.040883 167.580562 382.200049 333.243773
275.758751 268.039543 289.494459 173.727822 285.976244 218.387275 446.342428 355.701461 423.182710 167.160034 382.049405 333.251881
275.670748 268.295221 289.408079 174.152935 286.021178 218.116173 446.079336 355.758481 423.318412 166.745186 381.892541 333.272394
275.577172 268.550395 289.322854 174.572364 286.066504 217.842704 445.812090 355.819726 423.427365 166.327771 381.744600 333.291740
275.483175 268.803931 289.235876 175.000416 286.109541 217.583047 445.556118 355.882681 423.566711 165.723414 381.583571 333.312798
275.387230 269.062718 289.147823 175.433761 286.153526 217.317667 445.287906 355.948625 423.588062 165.282520 381.438011 333.331832
275.295666 269.309691 289.050400 175.852449 286.192678 217.048337 445.036202 356.010510 423.551984 164.850242 381.276982 333.352890
275.150796 270.019430 288.943713 176.270861 286.228373 216.775260 444.768766 356.076263 423.509174 164.413736 381.127455 333.372444
275.293430 270.286736 288.860893 176.705566 286.263886 216.503571 444.506186 356.140822 423.431632 163.990479 380.976738 333.392153
275.473811 270.574532 288.780485 177.140801 286.299866 216.228313 444.255880 356.202526 423.314860 163.577470 380.834152 333.410799
275.690614 270.776938 288.708220 177.577728 286.335275 215.957417 443.806599 356.297660 423.195590 163.186577 380.670769 333.405910
275.942974 270.992346 288.651716 178.006824 286.369725 215.693859 443.535111 356.345089 423.040244 162.877411 380.509024 333.396822
276.232917 271.213404 288.602808 178.447405 286.405679 215.418799 443.274853 356.390556 422.757366 162.660649 380.343086 333.387498
276.540831 271.448164 288.584661 178.884629 286.441219 215.146912 443.003167 356.438019 422.484639 162.571629 380.199512 333.379431
276.870815 271.686892 288.566953 179.311262 286.506738 214.691404 442.746652 356.482832 422.460913 162.190114 380.040363 333.370489
277.159712 271.856502 288.548989 179.744089 286.547220 214.423444 442.489546 356.527748 422.487799 161.738132 379.877221 333.361323
277.400736 271.963238 288.530966 180.178315 286.588598 214.149552 442.019034 356.577293 422.377270 161.374353 379.715795 333.334305
277.911804 272.559921 288.512861 180.614539 286.627466 213.892272 441.762417 356.594600 422.258369 160.983017 379.567115 333.289794
277.897332 273.119594 288.510185 181.027847 286.666885 213.624967 441.498816 356.612378 422.133479 160.571972 379.410962 333.243046
277.903685 273.389319 288.511940 181.371643 286.703204 213.363275 441.242783 356.642590 422.009345 160.163413 379.269180 333.200600
277.909859 273.651446 288.541363 181.658279 286.739027 213.105149 440.975837 356.672967 421.881838 159.743756 379.120308 333.156032
277.578403 273.839853 288.570572 181.931723 286.776033 212.838504 440.712646 356.683470 421.755495 159.327926 379.050183 333.135038
277.304606 273.841252 288.594938 182.159825 286.812846 212.573247 440.440286 356.689552 421.647466 158.972376 378.702500 333.030685
