326.873548 302.483490 214.622400 413.106800 419.667800 189.513800 287.319000 233.803000 264.345200 142.261200 277.192812 339.428026
326.428507 302.159604 214.668411 413.102620 419.701602 189.506414 287.354034 233.806411 264.311436 142.270418 277.241632 339.436790
325.985006 301.849437 214.758440 413.094442 419.775851 189.490190 287.423307 233.813156 264.239662 142.290013 277.320964 339.451031
325.394226 301.512298 214.895675 413.081976 419.894257 189.464318 287.539358 233.824455 264.123127 142.321828 277.434351 339.471386
325.070278 301.272913 215.067965 413.066325 420.047052 189.430931 287.698207 233.839921 263.963567 142.365389 277.589078 339.499162
324.807934 301.079052 215.278897 413.047164 420.197111 189.398142 287.843719 233.854088 263.764839 142.419643 277.735537 339.525455
324.605587 300.929526 215.519287 413.047262 420.352251 189.364243 288.003563 233.869651 263.536207 142.482061 277.886917 339.552630
324.449564 300.814231 215.797977 413.078189 420.492932 189.333503 288.157435 233.884633 263.268407 142.555173 278.048336 339.581608
324.345817 300.737566 216.117217 413.113616 420.639474 189.301483 288.302947 233.898800 263.008518 142.626124 278.212118 339.611010
324.293863 300.699174 216.463094 413.152000 420.800866 189.266217 288.460602 233.914150 262.756733 142.694864 278.358183 339.637231
324.278200 300.687600 216.830210 413.222573 420.958155 189.231849 288.618256 233.929500 262.493371 142.766763 278.515469 339.665467
324.278200 300.687600 217.167110 413.344838 421.104893 189.199786 288.779494 233.945198 262.229404 142.807417 278.665077 339.692324
324.278200 300.687600 217.424030 413.459032 421.256906 189.166570 288.939338 233.960761 261.988174 142.685695 278.930298 339.730904
324.199661 300.625299 217.668705 413.465081 421.372382 189.141337 289.092236 233.981751 261.757836 142.569470 279.074539 339.745715
324.145950 300.588338 217.781651 413.328183 421.461284 189.121912 289.251010 234.007197 261.597014 142.376008 279.222959 339.760955
324.055332 300.525981 217.857276 413.254479 421.521269 189.108805 289.397342 234.030649 261.514904 142.130816 279.385703 339.777666
323.938517 300.445597 217.905257 413.207716 421.609194 189.089592 289.545650 234.054417 261.394201 141.673255 279.532332 339.792722
323.795688 300.346576 218.152764 413.348782 421.725256 189.064232 289.693957 234.078185 261.331170 141.405371 279.683338 339.808228
323.627361 300.227477 218.261232 413.437189 421.871212 189.032340 289.813828 234.097396 261.272169 141.154619 279.893902 339.752210
323.432749 300.089780 218.346648 413.578295 422.019904 188.999849 289.869912 234.106384 261.207133 140.915714 279.900858 339.569342
323.205646 299.929095 218.356306 413.771918 422.166837 188.967744 289.976439 234.333049 261.162158 140.750735 279.909387 339.345104
322.946739 299.749380 218.335093 413.892263 422.316115 188.935125 289.927751 234.448829 261.133858 140.646923 279.918874 339.095684
322.666143 299.564188 218.323115 413.960215 422.467347 188.902080 289.859091 234.606745 261.115553 140.579773 279.925481 338.691842
322.364016 299.368983 218.154774 414.068899 422.607051 188.871554 289.779484 234.788474 261.263628 140.315035 279.908617 338.426377
322.023387 299.174984 218.049527 413.983081 422.750858 188.840131 289.688001 234.997315 261.374277 140.224450 279.891918 338.163507
321.652517 298.963763 217.922270 413.879316 422.897400 188.808111 289.573665 235.220402 261.508913 140.114227 279.875435 337.904030
321.260000 298.751892 217.768974 413.769405 423.047264 188.775364 289.446639 235.458881 261.664596 139.986774 279.859078 337.646549
320.830982 298.536617 217.410324 413.530551 423.202404 188.741465 289.317451 235.701421 261.853108 139.831544 279.833675 337.254472
320.464489 298.360680 217.180391 413.419961 423.354644 188.714202 288.992126 236.180055 262.026594 139.687955 279.815149 336.983104
320.145109 298.235598 216.913814 413.323184 423.513935 188.704268 288.820823 236.386939 262.147541 139.587851 279.796773 336.713931
319.898731 298.139105 216.609806 413.234746 423.675820 188.694172 288.655004 236.587200 262.206551 139.539010 279.778724 336.449546
319.739879 298.076892 216.266514 413.196650 423.841698 188.683827 288.479109 236.799630 262.506549 139.542116 279.759925 336.174187
319.627093 298.033073 215.890820 413.154958 423.959868 188.676457 288.314694 236.998196 262.628945 139.650067 279.741930 335.910600
319.573272 298.012553 215.504193 413.112053 424.016558 188.672921 288.148493 237.198919 262.778040 139.781567 279.726973 335.691510
319.404256 297.949013 215.207007 413.120035 424.197400 188.842200 287.982930 237.398871 262.954584 139.937276 279.716852 335.543255
319.278109 297.899820 214.975161 413.141090 424.197400 188.980800 287.673783 237.746942 263.155277 140.114284 279.711199 335.460448
319.126620 297.840745 214.814223 413.155706 424.197400 189.148000 287.498557 237.938483 263.377419 140.310211 279.680127 335.158099
318.936188 297.766483 214.703479 413.165763 424.197400 189.350800 287.321576 238.131942 263.618461 140.522806 279.661808 335.025358
318.722464 297.683138 214.664838 413.169273 424.197400 189.590400 287.144459 238.325549 263.876111 140.760393 279.637337 334.848038
318.474082 297.586277 214.645916 413.170991 424.162622 189.853857 286.958163 238.529190 264.152974 141.033078 279.608820 334.641397
318.202967 297.480552 214.635758 413.171914 424.109826 190.125983 286.666695 238.876919 264.450784 141.326392 279.574779 334.394734
317.894399 297.360221 214.629185 413.172511 424.057869 190.393790 286.504885 239.077613 264.766975 141.637810 279.537024 334.001600
317.551484 297.247718 214.628587 413.172565 423.940066 190.619953 286.296412 239.347676 265.070797 141.946086 279.538195 333.736203
317.013674 297.134095 214.628388 413.172583 423.761701 190.826365 286.258903 239.620712 265.317124 142.224044 279.539397 333.463606
316.723890 297.074743 214.628388 413.172583 423.584622 191.031245 286.222156 239.888199 265.521535 142.454703 279.540400 333.236208
316.459538 297.014454 214.628388 413.172583 423.396955 191.222847 286.187397 240.141223 265.665060 142.616658 279.541127 333.071410
316.159703 296.939754 214.628388 413.172583 423.170747 191.349805 286.163035 240.318558 265.776219 142.742091 279.541581 332.968611
315.836830 296.848318 214.628388 413.172583 422.930761 191.484497 286.146948 240.435658 265.833258 142.806454 279.541790 332.921211
315.512875 296.694376 214.628388 413.172583 422.701763 191.613021 286.138837 240.494703 265.864523 143.131557 279.674587 332.807411
315.270003 296.482770 214.464764 413.036773 422.473986 191.740861 286.176203 240.716470 265.728793 143.220360 279.794145 332.804250
315.085928 296.108848 214.429840 412.942856 422.232954 191.876139 286.239923 240.810213 265.557247 143.328565 279.939694 332.800401
314.873642 295.785173 214.384111 412.819883 421.997153 192.008482 286.312772 241.037354 265.337544 143.436536 280.121831 332.795585
314.684813 295.420795 214.322070 412.653045 421.767458 192.137398 286.071858 241.270882 265.097737 143.554386 280.332357 332.790018
314.479787 295.025163 214.250898 412.461650 421.549546 192.287155 285.623497 241.201240 264.827058 143.687409 280.569274 332.783753
314.282768 294.644981 214.166690 412.235200 421.416151 192.514279 285.396084 241.307469 264.520358 143.796328 280.837181 332.776669
314.117841 294.322593 214.094294 411.972006 421.310358 192.747591 285.157800 241.418777 264.178060 143.887378 281.078896 332.770277
313.947848 293.986544 214.093808 411.657406 421.286139 193.017105 284.911542 241.533809 263.803292 143.987066 281.252835 332.765677
313.798050 293.691830 214.093287 411.319407 421.306763 193.266599 284.672713 241.645370 263.395809 144.055089 281.374393 332.762463
313.660660 293.421768 214.108066 410.950025 421.421605 193.518231 284.426999 241.760148 262.954421 144.126950 281.481555 332.759629
313.538234 293.181119 214.169914 410.565861 421.528808 193.753124 284.191070 241.870355 262.483620 144.203600 281.607711 332.756293
313.421249 292.951166 214.310440 410.171092 421.636841 193.989837 283.946574 241.987221 261.985182 144.284749 281.771454 332.751964
313.313333 292.739039 214.558265 409.826262 421.746536 194.230188 283.708030 242.103556 261.466808 144.369144 281.919834 332.568586
313.212218 292.540280 214.879760 409.542383 421.859800 194.478363 283.466070 242.221556 260.930272 144.456496 281.906038 332.361845
313.138672 292.395713 215.201335 409.246607 421.968664 194.716895 283.218178 242.342449 260.395710 144.543527 281.890444 332.128165
313.062314 292.245619 215.502330 408.932835 422.076697 194.953608 282.970645 242.463167 259.860418 144.637983 281.872719 331.862556
313.002008 292.127077 215.805401 408.616898 422.186640 195.194505 282.729643 242.584977 259.320599 144.739061 281.857315 331.554546
312.959930 292.044366 216.032488 408.255007 422.311718 195.422123 282.634369 242.820074 258.774883 144.841244 281.841541 331.225124
312.920300 291.966467 215.962381 407.857141 422.487001 195.631941 282.756891 243.039815 258.262919 145.011821 281.824476 330.868732
312.899222 291.916130 215.727538 407.488844 422.664463 195.844368 282.934064 243.240096 257.739656 145.191954 281.808271 330.530320
312.880325 291.869191 215.440598 407.152921 422.840771 196.055414 283.104876 243.433186 257.234756 145.384118 281.784922 330.239753
312.868449 291.839691 215.160562 406.825291 423.017555 196.256800 283.282579 243.634066 256.724045 145.589872 281.754392 329.998477
312.861877 291.823365 214.849423 406.519434 423.272745 196.354353 283.465052 243.840339 256.217601 145.793907 281.730891 329.812758
312.860383 291.819654 214.503099 406.241273 423.516352 196.447478 283.641165 244.039422 255.702661 145.985779 281.709324 329.642317
312.853063 291.801472 213.996980 405.828283 423.766310 196.543032 283.823195 244.238270 255.193230 146.169658 281.692527 329.509575
312.839320 291.767335 213.661534 405.549765 424.017763 196.639157 284.008165 244.437421 254.673077 146.357407 281.678894 329.401835
312.821619 291.723364 213.209052 405.131985 424.262492 196.732708 284.195585 244.639211 254.151419 146.545699 281.670935 329.338936
312.790622 291.646369 212.887253 404.828985 424.509278 196.827038 284.375655 244.833087 253.633712 146.732565 281.661746 329.266315
312.744834 291.533170 212.436167 404.401547 424.766340 196.925296 284.553547 245.024618 253.117550 146.917122 281.651753 329.187345
312.707526 291.446455 212.137765 404.113135 425.019104 197.021911 284.705035 245.187720 252.588373 147.080418 281.640455 329.098057
312.675593 291.372233 211.867693 403.852105 425.266617 197.126470 284.811837 245.295332 252.057667 147.244186 281.625616 328.980792
312.649826 291.312340 211.520537 403.487317 425.518854 197.239980 284.883260 245.348097 251.539302 147.406444 281.612988 328.880988
312.635756 291.279639 211.361326 403.314740 425.755587 197.346513 285.028827 245.285511 251.016457 147.587787 281.577074 328.535787
312.631725 291.270269 211.118643 403.111453 426.002352 197.457560 285.278451 245.226902 250.495125 147.768606 281.564732 328.399947
312.629117 291.264206 211.002400 403.094800 426.238903 197.564012 285.413659 245.349690 249.971713 147.950146 281.553711 328.278646
312.621687 291.246937 210.985225 402.822588 426.488404 197.676290 285.359868 245.780497 249.458317 148.128212 281.550514 328.201387
312.609356 291.218277 210.954899 402.763828 426.737212 197.777134 285.312318 246.026137 248.791536 148.393587 281.550344 328.116787
312.581534 291.153608 211.008384 402.737531 426.935128 197.851426 285.262564 246.283166 248.280498 148.610070 281.550141 328.015988
312.559585 291.066480 211.253434 402.610943 427.060581 197.898517 285.210764 246.544276 247.781245 148.821560 281.941494 327.828449
312.545250 291.004106 211.340188 402.509868 427.142032 197.929091 285.417292 246.801363 247.290164 149.048412 282.108797 327.876979
