222.352600 250.294400 272.857600 251.775000 396.857800 261.512000 256.109870 268.662645 415.885400 356.432600 469.896200 102.248000
222.327439 250.329270 272.893678 251.779829 396.874362 261.478914 256.109870 268.662645 415.908235 356.387670 469.939799 102.248358
222.276179 250.400307 272.976905 251.794904 396.906232 261.415245 256.093121 268.702683 415.951641 356.302267 470.023396 102.249044
222.198355 250.508160 273.089743 251.846444 396.955650 261.316523 256.064486 268.771135 416.009726 356.187981 470.133992 102.249951
222.102507 250.640990 273.171747 251.975077 397.021808 261.184356 256.035696 268.839956 416.082944 356.043920 470.288787 102.251222
222.012745 250.765385 273.192622 252.167416 397.134729 260.973964 256.011074 268.898814 416.169211 355.874184 470.371984 102.251904
221.916195 250.899188 273.114611 252.505666 397.231968 260.794175 255.722980 269.031677 416.269977 355.675922 470.591172 102.133326
221.824912 251.025693 272.916332 252.666964 397.351273 260.575849 255.604898 268.937241 416.384970 355.449667 470.500979 102.008147
221.735501 251.149602 272.707271 252.833358 397.477265 260.338638 255.456357 268.818448 416.505275 355.200842 470.401490 101.839740
221.638015 251.284702 272.491008 253.004520 397.599629 260.106968 255.277828 268.675671 416.565200 354.812118 470.348044 101.620621
221.548253 251.409098 272.261582 253.076429 397.723861 259.871761 255.078213 268.516031 416.527787 354.552197 470.300966 101.372659
221.452523 251.541765 271.948790 253.084870 397.845342 259.640530 254.873131 268.352018 416.615386 354.319170 470.312158 101.187998
221.372006 251.653349 272.123545 253.280879 397.972867 259.396209 254.693820 268.208617 416.772326 354.104153 470.319260 101.070813
221.318875 251.726981 272.291778 253.469573 398.098819 259.154902 254.556370 268.098692 416.927851 353.891075 470.322986 101.009326
220.836822 251.687936 272.420082 253.613483 398.217174 258.924997 254.446097 268.010503 417.081844 353.680096 470.324378 100.986368
220.685760 251.593409 272.501270 253.704546 398.329745 258.691741 254.376122 267.954541 417.241614 353.461203 470.324704 100.980978
220.413877 251.396971 272.544526 253.753063 398.444838 258.453260 254.329889 267.917567 417.400087 353.244086 470.346283 100.871069
220.211687 251.242904 272.560498 253.770977 398.560277 258.214060 254.304430 267.897206 417.563277 353.020507 470.365470 100.797325
219.902438 250.994022 272.575671 253.787995 398.670795 257.982038 254.289904 267.885589 417.724108 352.800159 470.395990 100.680030
219.717800 250.808421 272.577667 253.790234 398.783519 257.744199 254.282719 267.879843 417.880576 352.585789 470.436229 100.525380
219.535136 250.624804 272.577667 253.790234 398.902328 257.501557 254.281001 267.878469 418.199564 352.159278 470.483468 100.343825
219.355999 250.444732 272.577667 253.790234 399.025955 257.260849 254.280532 267.878094 418.357161 351.951983 470.541133 100.122204
219.222564 250.310600 272.577667 253.790234 399.145563 257.027968 254.280532 267.878094 418.521900 351.735294 470.605294 99.875614
219.141881 250.229496 272.577667 253.790234 399.268003 256.789573 254.280532 267.878094 418.680223 351.527044 470.678017 99.596120
219.091808 250.179161 272.577667 253.790234 399.393732 256.544772 254.280532 267.878094 418.837579 351.320067 470.756883 99.293013
219.148833 249.960775 272.577667 253.790234 399.518000 256.302819 254.280532 267.878094 419.001712 351.104175 470.841391 98.968227
219.235096 249.853573 272.577667 253.790234 399.638064 256.069049 254.280532 267.878094 419.165241 350.889078 470.911646 98.698217
219.333145 249.731723 272.577667 253.790234 399.753742 255.843818 254.280532 267.878094 419.332037 350.669683 470.964828 98.493822
219.431946 249.608938 272.577667 253.790234 399.829589 255.696159 254.280532 267.878094 419.587167 350.299935 471.013074 98.308396
219.536139 249.479453 272.577667 253.790234 399.876852 255.604193 254.280532 267.878094 419.730889 350.077056 471.047572 98.175811
219.634188 249.357604 272.577667 253.790234 399.904917 255.549582 254.280532 267.878094 419.874286 349.854682 471.088315 98.019225
219.724589 249.245259 272.577667 253.790234 400.213934 255.533211 254.280532 267.878094 420.017574 349.632475 471.119439 97.899608
219.818124 249.129019 272.577667 253.790234 400.335988 255.597607 254.280532 267.878094 420.164114 349.405226 471.134396 97.842122
219.907146 249.018388 272.577667 253.790234 400.498372 255.683282 254.280532 267.878094 420.314556 349.171926 471.141699 97.814056
219.944384 248.972110 272.577667 253.790234 400.696489 255.787808 254.280532 267.878094 420.595916 348.797948 471.144015 97.805153
220.204081 248.606537 272.577667 253.790234 400.925895 255.910171 254.280532 267.878094 420.764520 348.585274 471.144922 97.801669
220.340804 248.342817 272.577667 253.790234 401.163731 256.037551 254.280532 267.878094 420.925048 348.382786 471.145174 97.800701
220.408111 248.206086 272.596700 253.811582 401.400158 256.164176 254.280532 267.878094 421.093404 348.170424 471.145174 97.800701
220.479746 248.060562 272.634233 253.853680 401.639290 256.296064 254.280532 267.878094 421.253022 347.962941 471.156633 97.706836
220.545905 247.926163 272.783154 254.074751 401.872144 256.444979 254.280532 267.878094 421.424506 347.758923 471.160621 97.627937
220.618424 247.778845 272.824576 254.179456 402.174680 256.855456 254.280532 267.878094 421.598632 347.556779 471.166930 97.503096
220.684848 247.643908 272.882404 254.325633 402.289547 257.102232 254.280532 267.878094 421.774892 347.369660 471.174531 97.352688
220.757808 247.495692 272.952297 254.502310 402.398141 257.336025 254.280532 267.878094 421.965029 347.190277 471.184222 97.160933
220.824585 247.360037 273.017703 254.667643 402.470074 257.594191 254.280532 267.878094 422.171499 347.005524 471.196003 96.927830
220.896486 247.213975 273.070970 254.802290 402.539107 257.841954 254.280532 267.878094 422.384085 346.829189 471.209530 96.660172
220.961055 247.082806 273.138585 254.970597 402.593217 258.095609 254.280532 267.878094 422.590513 346.657962 471.224823 96.357558
221.011579 246.980168 273.204608 255.117875 402.642714 258.366931 254.280532 267.878094 422.822701 346.524239 471.241570 96.026181
220.955653 246.809186 273.262368 255.246721 402.690956 258.631367 254.280532 267.878094 423.078455 346.451123 471.259983 95.661846
220.781918 246.755637 273.303438 255.338336 402.364005 258.840120 254.280532 267.878094 423.336132 346.377458 471.280314 95.259559
220.577030 246.692486 273.339845 255.419549 402.096755 258.874086 254.280532 267.878094 423.599972 346.308793 471.301815 94.834102
220.334680 246.617789 273.374703 255.496407 401.835457 258.907296 254.280532 267.878094 423.874505 346.286955 471.324286 94.389470
220.068458 246.546023 273.416196 255.579414 401.575746 258.940305 254.280532 267.878094 424.133686 346.266338 471.348281 93.914676
219.772222 246.470953 273.475574 255.698200 401.314250 258.973540 254.280532 267.878094 424.391073 346.245864 471.373821 93.409321
219.451558 246.389692 273.541749 255.830582 401.058110 259.006094 254.280532 267.878094 424.667001 346.223915 471.400855 92.874403
218.849323 246.167150 273.619459 255.986041 400.791455 259.039985 254.280532 267.878094 424.930768 346.202933 471.429200 92.313519
218.481361 246.073134 273.708973 256.165114 400.519083 259.077831 254.280532 267.878094 425.207693 346.180905 471.458536 91.733060
218.078824 245.996537 273.816687 256.373254 400.264572 259.114925 254.280532 267.878094 425.468470 346.160161 471.489304 91.124237
217.392747 245.866694 273.941607 256.611327 400.002342 259.153144 254.280532 267.878094 425.739015 346.138640 471.521486 90.487450
216.963039 245.774914 274.078330 257.093601 399.733186 259.192373 254.280532 267.878094 426.004576 346.117516 471.554950 89.825295
216.541351 245.684847 274.264635 257.272657 399.623798 259.044966 254.280532 267.878094 426.276391 346.094486 471.588141 89.168533
216.122273 245.588023 274.454400 257.455040 399.606530 258.776320 254.280532 267.878094 426.510986 346.070680 471.621686 88.504780
215.577907 245.476622 274.703994 257.720599 399.698022 258.530137 254.280532 267.878094 426.701010 346.051397 471.654716 87.851214
215.144876 245.391076 274.834072 257.920623 399.815840 258.292992 254.280532 267.878094 426.846861 346.036596 471.687928 87.194053
214.721958 245.308009 274.931222 258.070013 399.946034 258.050272 254.280532 267.878094 426.961472 346.024965 471.717018 86.535705
214.301598 245.228569 275.024882 258.214037 400.085539 257.812820 254.280532 267.878094 427.048625 346.016121 471.725390 85.881270
213.494835 245.083591 275.098480 258.327211 400.218359 257.586750 254.280532 267.878094 427.089614 346.011962 471.710440 85.227041
213.159472 245.025251 275.162265 258.425295 400.354724 257.354644 254.280532 267.878094 427.310787 345.990319 471.695226 84.561215
212.727789 244.934622 275.215038 258.506445 400.536220 257.170537 254.280532 267.878094 427.348222 345.986800 471.680171 83.902387
212.203086 244.805037 275.355104 258.700971 400.738287 256.999090 254.280532 267.878094 427.407361 345.981242 471.661864 83.242877
211.949983 244.735810 275.413079 258.777740 400.986674 256.922220 254.280532 267.878094 427.498360 345.972688 471.628741 82.583709
211.700545 244.667585 275.481660 258.868554 401.250886 256.921447 254.280532 267.878094 427.605886 345.962581 471.595758 81.927337
211.448985 244.598779 275.535415 258.939736 401.511641 256.990320 254.280532 267.878094 427.689002 345.955741 471.562714 81.269767
211.181992 244.525753 275.592546 259.015387 401.733395 256.856109 254.280532 267.878094 427.789718 345.948180 471.529450 80.607802
210.929082 244.474959 275.665225 259.111628 401.890388 256.535007 254.280532 267.878094 427.888041 345.940798 471.486947 79.950179
