430.779000 221.166400 274.176389 493.559937 372.111385 233.047860 454.033800 235.058800 251.769454 210.779366 284.586000 282.436400
430.773861 221.211710 274.504718 493.267622 372.111385 233.047860 454.074808 235.072386 251.919047 211.130028 284.586138 282.407800
430.765049 221.289411 274.833046 492.975306 372.111385 233.047860 454.156824 235.099558 252.111313 211.539922 284.586464 282.340401
430.753082 221.394935 275.159718 492.679417 372.111385 233.047860 454.269820 235.126402 252.232081 211.769946 284.586931 282.243802
430.736381 221.542191 275.472680 492.381917 372.111385 233.047860 454.428954 235.155653 252.348398 211.992139 284.587539 282.118004
430.714497 221.735154 275.786511 492.083590 372.111385 233.047860 454.587891 235.184868 252.421428 212.137640 284.588360 281.948206
430.688083 221.968061 276.100777 491.784849 372.111385 233.047860 454.736993 235.212276 252.466377 212.227192 284.589350 281.743408
430.658424 222.229585 276.412723 491.488314 372.111385 233.047860 454.889439 235.240298 252.501546 212.297261 284.590535 281.498211
430.625902 222.516346 276.732063 491.184750 372.111385 233.047860 455.041295 235.268211 252.548110 212.390031 284.609040 281.233487
430.589549 222.836891 277.043429 490.888766 372.111385 233.047860 455.189216 235.295402 252.724496 212.738313 284.628095 280.973785
430.550513 223.181085 277.354651 490.592919 372.111385 233.047860 455.333007 235.321833 252.790440 212.866776 284.647589 280.708099
430.508481 223.551709 277.675730 490.287702 372.111385 233.047860 455.480633 235.345900 252.872824 213.027267 284.696021 280.451908
430.462526 223.956912 278.135696 489.847137 372.111385 233.047860 455.636577 235.368689 252.973657 213.223698 284.776177 280.133811
430.413845 224.386160 278.445250 489.549545 372.111385 233.047860 455.794896 235.391826 253.083715 213.438100 284.767280 279.930806
430.357829 224.850185 278.764646 489.244033 372.111385 233.047860 455.952027 235.414788 253.290674 213.831291 284.761528 279.799532
430.295953 225.346543 279.085942 488.951973 372.111385 233.047860 456.101440 235.436623 253.415200 214.060669 284.758036 279.721411
430.231875 225.860564 279.413305 488.654397 372.111385 233.047860 456.262331 235.460135 253.540203 214.290926 284.756260 279.697677
430.165372 226.394035 279.736080 488.360992 372.111385 233.047860 456.404872 235.479105 253.669117 214.528390 284.755813 279.691694
430.098512 226.931492 280.059743 488.066780 372.111385 233.047860 456.550224 235.498194 253.793643 214.757768 284.755604 279.688901
430.030378 227.478667 280.380310 487.765265 372.111385 233.047860 456.691249 235.476597 253.919886 214.990310 284.755440 279.686708
429.962111 228.026630 280.687443 487.458063 372.111385 233.047860 456.808371 235.441043 254.050614 215.231113 284.755410 279.686309
429.886863 228.566187 280.999808 487.145629 372.111385 233.047860 456.857938 235.425997 254.182010 215.473147 284.755410 279.686309
429.807379 229.114860 281.310079 486.840770 372.111385 233.047860 457.058106 235.350545 254.311307 215.711313 284.755410 279.686309
429.729184 229.654625 281.623318 486.539508 372.111385 233.047860 457.165548 235.301276 254.430691 215.939124 284.755410 279.686309
429.651133 230.193401 281.932665 486.241990 372.111385 233.047860 457.302623 235.238419 254.549949 216.167681 284.755410 279.686309
429.573627 230.728416 282.245616 485.941007 372.111385 233.047860 457.452061 235.169893 254.673555 216.404572 284.753813 279.664968
429.494737 231.270506 282.858348 485.342842 372.111385 233.047860 457.583188 235.105920 254.801324 216.649442 284.750276 279.617701
429.414783 231.817291 283.147249 485.024622 372.111385 233.047860 457.712273 235.033526 254.911607 216.860800 284.747068 279.574820
429.336539 232.352603 283.425842 484.695645 372.111385 233.047860 457.852698 234.954773 255.015980 217.029813 284.745710 279.556671
429.262740 232.896861 283.693196 484.351995 372.111385 233.047860 457.996611 234.874064 255.088326 217.136608 284.744770 279.544106
429.200159 233.433826 283.941134 483.996062 372.111385 233.047860 458.123429 234.802942 255.172010 217.225932 284.744262 279.537325
429.136929 233.976354 284.172491 483.636220 372.111385 233.047860 458.254782 234.729276 255.244071 217.302850 284.744217 279.536727
429.073954 234.516697 284.451286 483.146959 372.111385 233.047860 458.386485 234.655415 255.294528 217.356707 284.744202 279.536527
429.010631 235.060019 284.657176 482.754712 372.111385 233.047860 458.528304 234.575879 255.309569 217.372762 284.744202 279.536527
428.948073 235.596786 284.858235 482.370545 372.111385 233.047860 458.659658 234.502214 255.315175 217.378746 284.744202 279.536527
428.885538 236.133354 285.058063 481.986864 372.111385 233.047860 458.795023 234.426298 255.315449 217.379038 284.744202 279.536527
428.809934 236.672662 285.257430 481.604070 372.111385 233.047860 458.925679 234.353024 255.315449 217.379038 284.744202 279.536527
428.731224 237.222254 285.456427 481.221985 372.111385 233.047860 459.071376 234.285053 255.315449 217.379038 284.744202 279.536527
428.653053 237.768085 285.641123 480.832860 372.111385 233.047860 459.199038 234.197500 255.436468 217.613557 284.744202 279.536527
428.574655 238.315499 285.815104 480.432204 372.111385 233.047860 459.330328 234.107458 255.432331 217.687441 284.744202 279.536527
428.497901 238.851431 286.052451 479.857700 372.111385 233.047860 459.460958 234.017869 255.426685 217.788283 284.744202 279.536527
428.421326 239.398686 286.299297 479.294409 372.111385 233.047860 459.590764 233.928845 255.419351 217.919278 284.744202 279.536527
428.353434 239.947099 286.575287 478.788648 372.111385 233.047860 459.712158 233.845591 255.409500 218.095203 284.744202 279.536527
428.285493 240.495910 286.824206 478.430405 372.111385 233.047860 459.836887 233.756643 255.397906 218.302278 284.744202 279.536527
428.218414 241.037975 287.234680 477.921660 372.111385 233.047860 459.970820 233.660616 255.384075 218.549292 284.744202 279.536527
428.154149 241.580169 287.500550 477.568814 372.111385 233.047860 460.094426 233.566031 255.361152 219.000667 284.744202 279.536527
428.093742 242.125635 287.760219 477.215355 372.111385 233.047860 460.210894 233.464362 255.348828 219.271387 284.744202 279.536527
428.034149 242.663745 288.015740 476.864796 372.111385 233.047860 460.324799 233.364929 255.336359 219.545303 284.744202 279.536527
427.971722 243.213373 288.260472 476.496309 372.111385 233.047860 460.446619 233.272298 255.323754 219.822216 284.744202 279.536527
427.880617 243.753250 288.478582 476.115385 372.111385 233.047860 460.575254 233.187993 255.311230 220.097331 284.744202 279.536527
427.758285 244.291114 288.649813 475.711355 372.111385 233.047860 460.708239 233.100837 255.299124 220.363256 284.744202 279.536527
427.602097 244.818744 288.777578 475.288015 372.111385 233.047860 460.831473 232.994024 255.319620 220.791507 284.744202 279.536527
427.438871 245.333693 288.903264 474.871568 372.111385 233.047860 460.939037 232.891497 255.348703 220.965696 284.744202 279.536527
427.240166 245.849438 289.010964 474.453890 372.111385 233.047860 461.046596 232.776937 255.406570 221.278881 284.744202 279.536527
427.030061 246.352314 289.115027 474.038733 372.111385 233.047860 461.146798 232.667203 255.607174 221.299148 284.744202 279.536527
426.784232 246.839394 289.218847 473.624547 372.111385 233.047860 461.250641 232.553481 255.790562 221.265775 284.744202 279.536527
426.537506 247.328262 289.323299 473.207838 372.111385 233.047860 461.348954 232.445815 256.006417 221.226493 284.744202 279.536527
426.247037 247.800110 289.427459 472.792294 372.111385 233.047860 461.454011 232.330764 256.250409 221.182091 284.744202 279.536527
425.938945 248.251125 289.532348 472.373839 372.111385 233.047860 461.551401 232.199207 256.656854 221.228609 284.742576 279.514788
425.615515 248.696623 289.678966 471.763680 372.111385 233.047860 461.638702 232.057547 256.911997 221.269511 284.733468 279.458827
425.288551 249.137889 289.777500 471.336292 372.108869 233.047203 461.718027 231.928826 257.287451 221.289460 284.651248 279.281486
424.934982 249.547321 289.873653 470.919232 372.093390 233.043155 461.798612 231.798063 257.551101 221.298354 284.533928 279.243230
424.572356 249.965886 289.970929 470.497301 372.057206 233.033693 461.870592 231.681261 257.816089 221.308074 284.412524 279.134237
424.213005 250.380673 290.070721 470.064455 372.029537 233.026458 461.914557 231.609920 258.020333 221.333332 284.245982 279.079842
423.855225 250.793646 290.168087 469.642134 371.985227 233.014871 461.920702 231.332747 258.159473 221.350538 284.042028 279.008413
423.499083 251.218033 290.266621 469.214745 371.920406 232.997921 461.882804 231.187820 258.235295 221.359915 283.773816 278.927912
