198.777323 284.216474 261.044376 261.379827 100.055000 280.905000 369.509999 245.720839 301.236000 351.367600 339.587200 290.106200
198.777719 284.216534 260.936402 261.278022 100.021767 280.928669 369.997979 245.827961 301.281487 351.370813 339.631980 290.107553
198.777719 284.216534 260.846037 261.192818 99.951554 280.978675 370.615038 245.895428 301.359492 351.376323 339.724137 290.110338
198.777719 284.216534 260.798307 261.147816 99.848434 281.052117 371.102247 246.001399 301.468022 351.383988 339.864473 290.114579
198.777719 284.216534 260.782882 261.133272 99.714524 281.147488 371.504638 246.088921 301.620243 351.394740 340.014605 290.119116
198.777719 284.216534 260.780554 261.131077 99.549337 281.265135 371.829835 246.159653 301.797202 351.407239 340.177730 290.124046
198.777719 284.216534 260.779200 261.129800 99.359387 281.400418 372.138071 246.206219 302.007478 351.422092 340.331860 290.128704
198.777719 284.216534 260.658697 261.160791 99.151029 281.548811 372.319939 246.220132 302.549600 351.426259 340.498184 290.133730
198.777719 284.216534 260.589688 261.225789 98.931593 281.705094 372.477310 246.229158 302.821882 351.411804 340.644517 290.138153
198.777719 284.216534 260.418299 261.405188 98.762659 281.825409 372.620392 246.211239 303.121247 351.392676 340.807443 290.143076
198.777719 284.216534 260.231083 261.633702 98.644714 281.909410 372.779549 246.191305 303.445973 351.379347 340.957774 290.147619
198.777719 284.216534 260.114851 261.801594 98.576945 281.957675 372.944064 246.170701 303.796500 351.361755 341.103108 290.152011
198.777719 284.216534 259.965049 261.997797 98.481465 282.226568 373.092431 246.128602 304.296226 351.263210 341.254639 290.156591
198.777719 284.216534 259.794139 262.210166 98.626845 282.285312 373.228319 246.076848 304.692817 351.185151 341.405170 290.161140
198.777719 284.216534 259.625612 262.419575 98.801153 282.355746 373.354648 245.995232 305.246387 351.159634 341.553102 290.165610
198.777719 284.216534 259.457336 262.628672 98.982749 282.469175 373.468807 245.902933 305.687838 351.173473 341.712630 290.170431
198.777719 284.216534 259.299202 262.836053 99.157310 282.647020 373.565397 245.791327 306.128772 351.201114 341.866759 290.175089
198.777719 284.216534 259.142234 263.042821 99.351485 282.844848 373.659878 245.659252 306.513611 351.288662 341.948922 290.177572
198.777719 284.216534 258.921638 263.224118 99.489123 283.067144 373.735918 245.524415 306.817369 351.365789 342.067713 290.307143
198.777719 284.216534 259.047383 263.715487 99.597269 283.300723 373.788554 245.380182 307.084488 351.436031 342.060768 290.471396
198.777719 284.216534 259.231694 263.915793 99.706605 283.543030 373.829182 245.221088 307.172576 351.166491 342.052092 290.676613
198.777719 284.216534 259.408014 264.107416 99.786436 283.806397 373.867237 245.072070 307.148146 350.892578 342.041649 290.923592
198.777719 284.216534 259.593272 264.308752 99.845671 284.001816 373.856191 244.906898 307.126346 350.648149 342.030471 291.187956
198.777719 284.216534 259.915157 264.617878 99.884948 284.131394 373.843322 244.754239 307.111172 350.478024 342.019547 291.446325
198.777719 284.216534 259.950510 264.842108 99.895284 284.210271 373.811464 244.610328 307.001287 350.291467 342.010456 291.661333
198.777719 284.216534 259.956592 265.180117 100.021225 284.313739 373.749896 244.472012 306.835880 350.280056 342.000370 291.820974
198.777719 284.216534 259.915742 265.301405 100.165378 284.302383 373.670839 244.342665 306.672469 350.268783 341.822456 291.934364
198.777719 284.216534 259.875850 265.397665 100.338242 284.288764 373.575395 244.222319 306.518634 350.258170 341.672735 291.929499
198.777719 284.216534 259.839365 265.451218 100.538023 284.273026 373.485170 244.108554 306.357218 350.247034 341.510421 291.924224
198.777719 284.216534 259.781371 265.536340 100.761520 284.255283 373.374255 244.020382 306.194804 350.235830 341.350305 291.919021
198.777719 284.216534 259.738579 265.599148 101.011131 284.235417 373.236199 243.941507 306.061261 350.173624 341.193988 291.913941
198.777719 284.216534 259.454765 265.928707 101.274498 284.214455 373.102249 243.884120 305.956439 350.059443 341.042068 291.909005
198.777719 284.216534 259.078229 265.999358 101.539460 284.193367 372.945630 243.839687 305.850805 349.944378 340.888749 291.904022
198.777719 284.216534 258.870707 266.031519 101.799039 284.172707 372.793231 243.839618 305.750311 349.834912 340.731831 291.898923
198.777719 284.216534 258.634912 266.054030 102.066992 284.151381 372.649850 243.853827 305.649411 349.725003 340.570517 291.893681
198.777719 284.216534 258.371923 266.028758 102.523849 284.076741 372.509901 243.912110 305.538772 349.604487 340.416598 291.888680
198.783455 284.217395 258.129786 266.208102 102.793109 284.019874 372.389108 243.986323 305.433544 349.489864 340.272874 291.884009
198.797497 284.219503 258.214698 266.362955 103.062909 283.972375 372.288569 244.114369 305.334944 349.382461 340.121754 291.879099
198.833098 284.224848 258.286917 266.483591 103.335041 283.927543 372.195762 244.250910 305.230527 349.268722 339.959239 291.873818
198.877797 284.231558 258.354717 266.596847 103.591583 283.885280 372.144024 244.399776 305.126922 349.155867 339.795526 291.868498
198.926056 284.238803 258.407828 266.685565 103.862531 283.840644 372.116315 244.546930 305.026834 349.046842 339.667393 291.864334
199.008137 284.251126 258.473061 266.794531 104.127361 283.797015 372.110589 244.697221 304.919442 348.929862 339.606026 291.862340
199.130169 284.269446 258.531000 266.891314 104.361801 283.758393 372.104589 244.854707 304.822194 348.823932 339.502655 291.748404
199.276727 284.291448 258.541710 267.148932 104.520857 283.732190 372.098780 245.007196 304.714937 348.707099 339.504251 291.629015
199.465412 284.319775 258.427296 267.301871 104.622290 283.715480 372.092673 245.167480 304.609709 348.592476 339.506345 291.472429
200.113722 284.223169 258.294031 267.679910 104.673598 283.707027 372.125465 245.378333 304.511514 348.485514 339.508888 291.282246
200.346439 284.160529 258.217210 267.918025 104.873702 283.868011 372.158289 245.546968 304.405745 348.370302 339.511755 291.067865
200.611165 284.111476 258.132714 268.179932 104.895473 283.995363 372.196118 245.741320 304.307956 348.263782 339.515148 290.814088
200.884026 284.075668 258.053191 268.426422 104.921727 284.148935 372.240253 245.968065 304.210167 348.157262 339.518693 290.548912
201.145980 284.041291 257.970844 268.681667 104.953744 284.336218 372.288973 246.218368 304.112918 348.051332 339.522188 290.287535
201.414279 284.006082 257.891015 268.929108 104.990782 284.552875 372.345755 246.510093 304.049619 347.982381 339.526203 289.895405
201.680467 283.979148 257.807562 269.187780 105.034561 284.808960 372.405310 246.819614 303.820408 347.725510 339.528449 289.620014
201.953023 283.955275 257.723802 269.447403 105.083563 285.095601 372.463339 247.128205 303.720832 347.610403 339.530675 289.347023
202.213028 283.932502 257.642376 269.699793 105.137217 285.409448 372.522033 247.440335 303.619817 347.493633 339.532814 289.084632
202.483393 283.908821 257.558924 269.958464 105.197038 285.759372 372.581319 247.755609 303.522989 347.381703 339.535023 288.813641
202.757942 283.884774 257.380422 270.425106 105.261847 286.138472 372.641344 248.074814 303.417264 347.259487 339.537190 288.547850
203.020935 283.861739 257.305127 270.692507 105.331138 286.543792 372.698878 248.450231 303.321221 347.148465 339.539294 288.289858
203.295284 283.837709 257.233409 270.947202 105.405855 286.980851 372.744148 248.768224 303.225963 347.038350 339.475744 287.868730
203.560270 283.814499 257.163372 271.195930 105.478718 287.407068 372.789897 249.089584 303.120107 346.915983 339.399677 287.616762
203.816887 283.792023 257.092846 271.446390 105.551380 287.832102 372.836351 249.415894 303.011633 346.790591 339.324824 287.368815
204.208685 283.762612 257.020532 271.703203 105.611335 288.182814 372.881142 249.730522 302.908786 346.671703 339.248295 287.115315
204.484116 283.744886 256.947893 271.961171 105.657473 288.452699 372.925397 250.041388 302.800574 346.546613 339.171881 286.862197
204.743180 283.728213 256.875687 272.217599 105.748048 288.982878 372.970723 250.359778 302.693671 346.423036 339.092519 286.599316
205.002842 283.711501 256.802072 272.479032 105.770177 289.112198 373.017643 250.669995 302.594750 346.308686 339.029168 286.389470
205.270888 283.694250 256.728186 272.741428 105.781681 289.179421 373.077113 250.979534 302.495436 346.193882 338.973332 286.204514
205.527357 283.677744 256.654409 273.003439 105.889744 289.296804 373.136622 251.289269 302.435245 346.124304 338.916686 286.016878
205.789415 283.660879 256.581498 273.262370 106.015096 289.288914 373.198848 251.638147 302.275544 345.927545 338.860618 285.831157
206.049477 283.644141 256.511190 273.512060 106.183762 289.278299 373.246052 251.958893 302.219363 345.860337 338.746948 285.568875
206.308541 283.627469 256.396913 273.948526 106.386960 289.265510 373.294275 252.286563 302.059408 345.834277 338.636630 285.202822
206.567006 283.610834 256.346438 274.195419 106.630877 289.250159 373.344336 252.601399 301.821890 345.737631 338.562772 284.958543
206.831260 283.593827 256.304455 274.400771 106.917710 289.232106 373.431932 252.917071 301.718310 345.630245 338.486779 284.705720
207.088927 283.577244 256.271887 274.560076 107.229692 289.212471 373.518566 253.229274 301.606538 345.514366 338.413664 284.452879
207.352781 283.560263 256.242883 274.701942 107.579999 289.190423 373.603774 253.548656 301.476961 345.433859 338.341438 284.203113
207.624618 283.542768 256.212718 274.849490 107.968031 289.166002 373.678128 253.863392 301.342871 345.362277 338.271378 283.960839
207.889670 283.525709 256.178748 275.015653 108.384008 289.139821 373.753632 254.182994 301.206488 345.289471 338.196930 283.703387
208.153524 283.508728 256.068691 275.385164 108.823938 289.112133 373.827481 254.495590 301.074509 345.229879 338.122482 283.445935
208.416979 283.491773 256.019780 275.618289 109.289617 289.082824 373.903950 254.819280 300.971789 345.188344 338.058423 283.224412
208.673648 283.475254 255.963026 275.888799 109.782042 289.051832 374.010487 255.126168 300.925991 345.169826 338.004364 283.037471
208.950874 283.457412 255.907380 276.154025 110.295027 289.019547 374.133307 255.434615 300.657027 345.104444 337.964473 282.899523
209.225905 283.439711 255.852474 276.415727 111.023812 288.950959 374.253019 255.735257 300.524744 345.090648 337.938083 282.808262
209.559758 283.416837 255.795596 276.686824 111.566182 288.893549 374.370290 256.029768 300.359838 345.073450 337.916248 282.732755
209.817408 283.397171 255.746891 276.918970 112.115911 288.835361 374.487265 256.323536 300.210809 345.073725 337.903026 282.687029
210.092408 283.376180 255.713668 277.077322 112.664248 288.777320 374.610455 256.632911 300.049407 345.089794 337.896136 282.663205
210.354681 283.358862 255.692724 277.177149 113.212585 288.719279 374.729353 256.931510 299.892981 345.105368 337.892080 282.649180
211.287210 283.296098 255.796937 277.335454 113.764303 288.660881 374.888523 257.217395 299.728991 345.121694 337.890636 282.644184
211.555390 283.251886 255.977425 277.360368 114.314032 288.602692 375.050544 257.496125 299.579928 345.136535 337.886969 282.631504
211.813664 283.215794 256.192387 277.390041 114.858987 288.545009 375.212867 257.775375 299.429273 345.151534 337.881524 282.612675
212.081853 283.179752 256.449549 277.425539 115.402551 288.487474 375.371572 258.048399 299.275936 345.169460 337.873413 282.584625
212.337158 283.145442 256.701757 277.460354 115.940369 288.437277 375.532789 258.325747 299.125288 345.212950 337.862801 282.547928
212.596625 283.110572 257.149050 277.539402 116.484236 288.393825 375.695334 258.613805 298.965800 345.258991 337.856412 282.525833
212.862398 283.082153 257.421393 277.593169 117.031492 288.350101 375.845491 258.894120 298.819764 345.301150 337.845245 282.487216
213.131426 283.061756 257.692559 277.646703 117.582337 288.306091 375.999519 259.181664 298.666041 345.345527 337.834911 282.451480
213.391280 283.042054 257.962548 277.700005 118.134577 288.261969 376.151943 259.466211 298.507130 345.391402 337.828633 282.429769
213.651733 283.022306 258.219195 277.750672 118.674257 288.218850 376.304083 259.750229 298.367627 345.431674 337.813187 282.376358
213.922356 283.001788 258.454258 277.797079 119.210526 288.290127 376.459245 260.039888 298.216402 345.475330 337.796909 282.320064
214.183207 282.982010 258.627710 277.831322 119.727388 288.448562 376.614880 260.330429 298.076515 345.515714 337.777074 282.251474
214.456224 282.961310 258.769964 277.859406 120.234881 288.604125 376.769922 260.625347 297.937204 345.555931 337.761462 282.197486
214.726049 282.940852 258.905547 277.886173 121.199966 288.818011 376.917805 260.913179 297.880711 345.572239 337.740739 282.125822
215.194571 282.900830 259.076056 277.919835 121.577587 288.700779 377.066967 261.203502 297.851695 345.580615 337.721460 282.059154
