107.007219 350.264902 353.727000 156.903000 211.082788 284.044867 284.999000 222.898600 336.160845 306.947045 430.858000 281.414600
107.030030 350.285893 353.693569 156.930044 211.106543 284.088864 284.988398 222.871822 335.942434 306.995865 431.099234 281.387687
107.082277 350.333969 353.626708 156.984133 211.153768 284.176329 284.959465 222.798741 335.792338 307.029415 431.295738 281.798797
107.154834 350.400733 353.522218 157.068662 211.208332 284.294843 284.913304 222.682147 335.712313 307.047303 431.344984 281.905149
107.261388 350.498781 353.392201 157.182355 211.273396 284.448430 284.856837 222.539518 335.674838 307.055679 431.404986 282.034731
107.398113 350.624590 353.232116 157.329741 211.348836 284.626510 284.787411 222.364161 335.655125 307.060086 431.465829 282.166129
107.552793 350.766921 353.053786 157.493925 211.440268 284.842342 284.703630 222.152542 335.633654 307.064885 431.531714 282.308415
107.728960 350.929024 352.845147 157.686014 211.543247 285.085429 284.609100 221.913774 335.603596 307.071604 431.597900 282.448118
107.934709 351.118348 352.619733 157.893547 211.673336 285.353037 284.512582 221.669985 335.588567 307.074963 431.698552 282.887088
108.132070 351.299952 352.232774 158.249690 211.774536 285.545220 284.416505 221.427312 335.570220 307.079064 431.633633 283.033326
108.281893 351.437814 351.968303 158.492754 211.842096 285.673519 284.318294 221.179245 335.555191 307.082424 431.570012 283.176639
108.384473 351.532205 351.686621 158.751671 211.895678 285.775274 284.217506 220.924671 335.531964 307.087615 431.510368 283.310995
108.438192 351.581635 351.383148 159.031211 211.944694 285.868357 284.118927 220.675675 335.511274 307.092240 431.445530 283.457050
108.444868 351.858332 351.026242 159.279009 212.009751 285.989231 283.723989 220.543178 335.485510 307.097999 431.378095 283.608955
108.362520 351.994813 350.506793 159.611959 211.928362 286.127895 283.459469 220.508373 335.476141 307.100093 431.314880 283.751354
108.259509 352.165544 350.147050 159.842361 211.890958 286.151443 283.194949 220.473569 335.453695 307.105110 431.250934 283.895398
108.134386 352.372921 349.778887 160.078157 211.871832 286.163484 282.921903 220.437642 335.432030 307.109953 431.186340 284.040905
107.998828 352.597594 349.411060 160.313737 211.487927 286.485111 282.647071 220.401481 335.412707 307.114272 431.124829 284.179465
107.856348 352.833740 348.890561 160.647665 211.376060 286.521189 282.389690 220.367615 335.389870 307.119377 431.065228 284.318169
107.720170 353.059440 348.528682 160.879923 211.242708 286.566377 282.132506 220.333776 335.384600 307.120555 431.009669 284.461798
107.617055 353.230342 348.164278 161.113801 211.075059 286.623149 281.861443 220.298110 335.380892 307.121384 430.955915 284.600763
107.542973 353.353124 347.804924 161.344439 210.871819 286.678246 281.587206 220.262027 335.379330 307.121733 430.899490 284.746630
