110.074200 297.522400 469.150455 161.921995 105.234809 289.838234 317.721800 297.222800 233.557885 304.468960 291.474600 213.603400
110.035182 297.554302 469.702336 161.868152 105.234809 289.838234 317.672369 297.210248 233.688629 304.380603 291.509807 213.610915
109.965506 297.611269 470.193143 161.840242 105.234809 289.838234 317.588820 297.189034 233.805810 304.295892 291.573375 213.624484
109.869199 297.690011 470.687744 161.812117 105.234809 289.838234 317.459523 297.156202 233.927287 304.207555 291.670976 213.645318
109.744867 297.791667 471.185141 161.783833 105.234809 289.838234 317.066257 297.077562 234.043102 304.123335 291.801241 213.673124
109.600251 297.909906 471.673951 161.756037 105.234809 289.838234 316.852494 297.033780 234.107804 304.076285 291.971604 213.709488
109.434578 298.045363 472.172433 161.721911 105.234809 289.838234 316.606062 296.983069 234.318020 303.928641 292.166806 213.751155
109.237628 298.206391 472.654902 161.663427 105.234809 289.838234 316.321568 296.912151 234.443370 303.843733 292.346361 213.789482
108.851748 298.498633 473.139157 161.604728 105.234809 289.838234 316.004666 296.833155 234.574680 303.754787 292.463326 213.814449
108.596941 298.684850 473.623473 161.521320 105.234809 289.838234 315.678337 296.711019 234.706157 303.665728 292.644974 213.715005
108.335999 298.875552 474.110712 161.414554 105.234809 289.838234 315.362756 296.499263 234.840117 303.574987 292.694639 213.538042
108.133349 299.023653 474.603038 161.310369 105.234809 289.838234 315.127805 296.167908 234.973415 303.484695 292.756193 213.318716
107.948313 299.088165 475.073147 161.175762 105.234809 289.838234 314.891495 295.819622 235.094790 303.402479 292.824124 213.076668
107.842505 299.124890 475.544024 161.040936 105.234809 289.838234 314.729628 295.507272 235.160529 303.357949 292.897027 212.816904
107.774675 299.148434 476.020863 160.904402 105.234809 289.838234 314.599140 295.255475 235.410628 303.186365 292.968795 212.561184
107.746711 299.158140 476.499431 160.767374 105.234809 289.838234 314.451629 294.970826 235.533931 303.100594 293.038509 212.312781
107.741421 299.159976 476.967789 160.594666 105.234809 289.838234 314.293443 294.665580 235.669875 303.006030 293.108115 212.064764
107.740665 299.160239 477.428169 160.418875 105.234809 289.838234 314.136455 294.359124 235.788088 302.923800 293.162482 211.871048
107.740287 299.160370 477.887615 160.243442 105.234809 289.838234 313.958267 294.007049 235.915823 302.834946 293.204202 211.722391
107.740287 299.160370 478.349946 160.064012 105.234809 289.838234 313.762682 293.622309 236.041260 302.747691 293.226251 211.643827
107.740287 299.160370 478.844213 159.851356 105.234809 289.838234 313.582308 293.267753 236.164398 302.662035 293.129705 211.492829
107.740287 299.160370 479.247978 159.542086 105.234809 289.838234 313.428776 292.965961 236.285238 302.577977 292.962888 211.449314
107.740287 299.160370 479.643946 159.180110 105.234809 289.838234 313.297554 292.708022 236.410839 302.490608 292.752333 211.394390
107.740287 299.160370 479.985587 158.762370 105.234809 289.838234 313.183108 292.483059 236.538738 302.401640 292.509267 211.330985
107.740287 299.160370 480.217208 158.259333 105.234809 289.838234 313.085984 292.292145 236.672571 302.309298 292.256331 211.265005
107.740287 299.160370 480.349174 157.725217 105.234809 289.838234 313.002371 292.127790 236.807067 302.217567 291.809872 211.148514
107.740287 299.160370 480.400806 157.175234 105.487353 289.581832 312.936714 291.998731 236.933137 302.131582 291.360268 211.031319
107.790423 299.253522 480.425509 156.624249 105.564161 289.527296 312.897952 291.912976 237.056067 302.047739 291.094168 210.961926
107.878400 299.279027 480.651589 156.122205 105.672116 289.450644 312.855528 291.807595 237.153056 301.981589 290.840453 210.895762
108.001287 299.312378 481.034506 155.729010 105.946639 289.359287 312.826324 291.735053 237.212868 301.940794 290.578803 210.827530
108.153102 299.343638 481.536426 155.546081 106.140256 289.347101 312.811759 291.698874 237.233852 301.926482 290.336700 210.764395
108.344879 299.383126 482.068333 155.553426 106.377786 289.332152 312.786215 291.635423 237.241618 301.921186 290.165815 210.719832
108.561914 299.418578 482.611806 155.626772 106.648650 289.315104 312.757161 291.563252 237.244592 301.919157 290.070212 210.694900
108.808988 299.454001 483.153297 155.699851 106.955842 289.295770 312.728551 291.495324 237.245914 301.918256 289.907879 210.769470
109.090509 299.494362 483.659111 155.768115 107.295570 289.274389 312.694642 291.416509 237.246244 301.918031 289.877189 210.925072
109.394600 299.537960 484.174548 156.216563 107.658851 289.251525 312.649746 291.312157 237.246575 301.917805 289.840462 211.111285
109.734524 299.586695 484.117405 156.579492 108.051075 289.226839 312.589991 291.173266 237.246575 301.917805 289.797465 211.329285
110.098997 299.638949 484.074126 156.857743 108.473839 289.200232 312.560750 291.071548 237.246575 301.917805 289.749436 211.572794
110.485248 299.694326 484.045034 157.060466 108.916164 289.172393 312.549058 291.020674 237.246575 301.917805 289.653708 212.027672
110.901591 299.754017 484.023868 157.207955 109.380046 289.143197 312.687785 291.048174 237.246575 301.917805 289.589330 212.284114
111.516342 299.840739 484.014805 157.271108 109.877661 289.111879 312.773935 291.155468 237.246740 301.917692 289.523978 212.544437
111.955910 299.900410 484.009833 157.305753 110.398431 289.079103 312.889110 291.298188 237.248227 301.916678 289.457701 212.808445
112.387155 299.958951 484.006367 157.329906 111.130456 289.006012 313.028335 291.469484 237.250045 301.915439 289.348648 213.249891
112.817805 300.017412 484.006054 157.332084 111.682969 288.947529 313.158174 291.673704 237.259628 301.908902 289.289557 213.503703
113.247663 300.075765 484.005912 157.333074 112.223113 288.824014 313.307863 291.909148 237.265907 301.904620 289.227019 213.772319
113.671574 300.133310 484.005855 157.333470 112.773637 288.765742 313.458485 292.182033 237.281603 301.893914 289.164753 214.039766
114.097754 300.062922 484.005855 157.333470 113.312427 288.708711 313.709761 292.645450 237.295813 301.884223 289.102080 214.308967
114.461881 299.858178 484.005855 157.333470 113.856786 288.651091 313.861842 292.924953 237.311510 301.873517 289.042762 214.563753
114.802415 299.582714 484.005855 157.333470 114.399355 288.593661 313.982762 293.147186 237.329685 301.861121 288.986346 214.806073
115.135330 299.313413 484.005855 157.333470 114.946697 288.535725 314.065064 293.298445 237.357278 301.842301 288.949069 214.966191
115.478407 299.038243 484.005855 157.333470 115.492051 288.478000 314.112763 293.386109 237.415769 301.802408 288.925215 215.068650
115.819675 298.767212 484.005855 157.333470 116.039652 288.429345 314.141917 293.439690 237.487809 301.753274 288.910567 215.131568
116.154522 298.501281 484.005855 157.333470 116.591494 288.385255 314.155873 293.465339 237.544482 301.714621 288.692018 215.278130
116.495164 298.230748 484.005855 157.333470 117.132171 288.342057 314.161035 293.474826 237.622965 301.661092 288.561087 215.263018
116.835649 297.960339 484.005855 157.333470 117.679028 288.298365 314.183689 293.515396 237.718467 301.595956 288.402540 215.244718
117.174724 297.691049 484.005855 157.333470 118.222895 288.254912 314.226425 293.591864 237.801346 301.539643 288.200283 215.221373
117.805260 297.439459 484.005855 157.333470 118.773939 288.210886 314.288841 293.704073 237.902601 301.470874 287.958488 215.193465
118.225041 297.340883 484.005855 157.333470 119.301546 288.318027 314.367440 293.843894 237.991282 301.410644 287.696229 215.163194
118.661478 297.323132 484.005855 157.333470 119.821659 288.477459 314.459580 294.008226 238.262788 301.238525 287.434169 215.132947
119.101113 297.341050 484.005855 157.333470 120.338521 288.635894 314.569974 294.205429 238.339985 301.191870 287.206679 215.106689
119.540348 297.358952 484.005855 157.333470 121.246919 288.734314 314.697464 294.433173 238.434642 301.134664 287.035417 215.086922
119.982581 297.376975 484.005855 157.333470 121.718902 288.587802 314.844982 294.696692 238.527586 301.078493 286.953560 215.077473
120.424830 297.394318 484.005855 157.333470 122.148099 288.454572 315.003539 294.979932 238.628747 301.017356 286.914619 215.072979
120.863022 297.396950 484.005855 157.333470 122.595103 288.191781 315.172940 295.282544 238.719638 300.962426 286.878459 215.068805
121.488600 297.400735 484.005855 157.333470 122.985876 287.637263 315.359828 295.616393 238.784682 300.923116 286.871107 215.067957
122.119399 297.404570 484.005855 157.333470 123.290291 287.285375 315.559220 295.972581 238.850240 300.883496 286.868723 215.067681
122.546991 297.407102 484.005855 157.333470 123.617236 286.913182 315.841758 296.308496 239.028060 300.780575 286.868127 215.067613
122.986784 297.409706 484.005855 157.333470 123.959361 286.523708 316.269334 296.515485 239.148375 300.710567 286.868127 215.067613
123.418176 297.412261 484.005855 157.333470 124.315344 286.118458 316.742882 296.680521 239.612261 300.450639 286.868127 215.067613
123.853568 297.414840 484.005855 157.333470 124.677531 285.706145 317.255725 296.828035 239.770107 300.367078 286.833954 215.063668
124.671994 297.419691 484.005855 157.333470 125.037211 285.296687 317.809521 296.971346 239.965957 300.263398 286.783886 215.057889
125.103987 297.422243 484.005855 157.333470 125.400850 284.882721 318.440258 297.130433 240.185139 300.147368 286.738786 215.052684
125.735800 297.425853 484.005685 157.334657 125.766337 284.466652 318.955421 297.306181 240.438259 300.013371 286.721501 215.050689
126.177992 297.428511 484.005173 157.338221 126.122218 284.053076 319.469724 297.515320 240.726731 299.860659 286.719911 215.050505
126.798797 297.432080 484.004548 157.342576 126.408013 283.672672 319.972171 297.719636 241.035001 299.697467 286.719514 215.050459
127.423993 297.435884 484.002588 157.356236 126.652602 283.347114 320.473717 297.934787 241.372967 299.529628 286.719315 215.050436
127.865785 297.438535 484.001196 157.365937 126.859469 283.071765 320.973767 298.155517 241.948714 299.258836 286.719116 215.050413
128.295383 297.439400 483.998071 157.387714 127.003652 282.839999 321.478674 298.381638 242.337067 299.073856 286.719116 215.050413
128.733783 297.439400 483.992275 157.428100 127.077164 282.619321 321.944655 298.658452 242.746146 298.861746 286.719116 215.050413
129.173783 297.439400 483.983667 157.488086 127.135380 282.444563 322.418373 298.939864 243.173690 298.640061 286.719116 215.050413
129.807388 297.434513 483.971336 157.574005 127.174507 282.327108 322.874530 299.242859 243.561108 298.439182 286.719116 215.050413
130.238176 297.431297 483.955029 157.687641 127.190252 282.268128 323.318136 299.565282 243.930061 298.247877 286.719116 215.050413
130.679763 297.428000 483.935539 157.823450 127.260749 281.370058 323.496973 299.694440 244.285108 298.057215 286.719116 215.050413
131.107351 297.424807 483.911021 157.994299 127.253391 281.227047 323.614040 299.778977 244.708658 297.782663 286.719116 215.050413
131.545539 297.421536 483.881360 158.200982 127.244409 281.052478 323.686356 299.831198 245.037705 297.551379 286.719116 215.050413
132.172198 297.420761 483.848205 158.432015 127.234040 280.850945 323.711813 299.849581 245.355626 297.327915 286.719116 215.050413
132.615594 297.422603 483.810134 158.697297 127.222448 280.625643 323.733702 299.865388 245.672075 297.105486 286.719116 215.050413
133.054590 297.424426 483.713655 159.296255 127.209561 280.375174 323.802627 299.913492 246.056535 296.829890 286.719116 215.050413
133.686401 297.341635 483.650340 159.600129 127.194927 280.090750 323.892482 299.979340 246.512243 296.458627 286.719116 215.050413
134.112624 297.261992 483.584048 159.918296 127.178792 279.777165 324.011375 300.066468 246.812716 296.197943 286.719116 215.050413
134.536523 297.164463 483.510453 160.271511 127.161384 279.438812 324.163661 300.178067 247.120732 295.931601 286.641438 215.143464
134.962318 297.055164 483.431392 160.650962 127.142433 279.070500 324.351599 300.315793 247.440523 295.655333 286.631270 215.221202
135.377459 296.948599 483.345599 161.062719 127.122424 278.681614 324.569220 300.475271 247.726815 295.409434 286.616070 215.337412
135.985154 296.790704 483.255931 161.493077 127.100355 278.265003 324.812329 300.653428 247.978614 295.189083 286.596798 215.484757
136.413374 296.684476 483.159164 161.957503 127.069395 277.819277 325.081088 300.850382 248.172618 295.019309 286.571663 215.676920
136.834219 296.580078 482.993528 162.752225 127.036009 277.338635 325.380336 301.069680 248.342992 294.870214 286.541081 215.910728
137.257781 296.475005 482.886705 163.259908 127.001265 276.838441 325.701109 301.311903 248.491092 294.740611 286.507361 216.168533
137.688703 296.367224 482.778070 163.776202 126.950114 276.309247 326.046562 301.581497 248.602317 294.643277 286.472292 216.436649
138.114426 296.257644 482.668735 164.295824 126.887558 275.771876 326.415508 301.869426 248.689936 294.566650 286.437508 216.702584
138.532402 296.150058 482.560306 164.811140 126.796155 275.237554 326.810153 302.177412 248.765835 294.500317 286.403555 216.962172
138.954446 296.041426 482.449117 165.339569 126.697466 274.693036 327.214622 302.505750 248.812217 294.459780 286.370171 217.217398
139.376090 295.943932 482.338918 165.863301 126.587063 274.149740 327.638052 302.854876 248.847908 294.428588 286.328339 217.473394
139.978166 295.801269 482.226782 166.396232 126.480484 273.637403 328.059321 303.202221 248.895796 294.386735 286.286170 217.727925
140.395459 295.694238 482.095768 166.923724 126.344612 273.172033 328.482133 303.550838 248.971092 294.320928 286.241975 217.994688
140.820307 295.585269 481.960950 167.448070 126.212608 272.719909 328.891574 303.913094 249.060544 294.242750 286.197812 218.261255
141.402684 295.382125 481.831460 167.951689 126.089600 272.298600 329.290159 304.289463 249.131172 294.181024 286.154761 218.521113
141.810491 295.228452 481.696294 168.477390 125.919710 271.847166 329.687434 304.664597 249.439714 294.239346 286.080638 218.978908
142.213432 295.076613 481.558836 169.012002 125.706698 271.467201 330.082415 305.047707 249.536584 294.348848 286.037640 219.249311
142.614501 294.925479 481.422524 169.542158 125.495642 271.090726 330.465011 305.448653 249.663667 294.492505 285.997249 219.503320
143.024928 294.770819 481.285564 170.074833 125.283413 270.712156 330.848159 305.850179 249.819093 294.667961 285.953655 219.777475
143.429927 294.618204 481.151094 170.597822 125.071770 270.334634 331.224127 306.244180 250.000814 294.862212 285.844791 220.031895
144.023498 294.397741 481.015480 171.125267 124.862964 269.962171 331.586622 306.622284 250.182535 295.056464 285.798378 220.303356
144.695773 294.165507 480.881148 171.655286 124.650947 269.576066 331.898658 307.042918 250.366442 295.253052 285.753751 220.564368
145.114475 294.025151 480.759052 172.190742 124.462066 269.178006 332.085876 307.351299 250.546541 295.445534 285.707607 220.834252
145.523884 293.887910 480.639756 172.713913 124.276786 268.787534 332.248826 307.605565 250.723087 295.634218 285.663256 221.098552
146.128425 293.692847 480.516815 173.253074 124.092621 268.399411 332.376380 307.804600 250.905099 295.828745 285.621312 221.365882
146.548959 293.566168 480.393651 173.793210 123.907598 268.009481 332.473826 307.956655 251.086702 296.022833 285.578562 221.638348
146.967962 293.439951 480.274756 174.314626 123.723862 267.622262 332.537064 308.055330 251.265708 296.214147 285.536091 221.909037
147.390985 293.312523 480.154615 174.841502 123.539782 267.234320 332.444876 308.164352 251.446353 296.407212 285.500224 222.137640
147.783465 292.920053 480.034297 175.369158 123.285576 266.616945 332.217965 308.112091 251.628092 296.601447 285.467797 222.344312
147.982374 292.542438 479.964612 175.909837 123.135733 266.207502 332.133124 307.979277 251.812837 296.798894 285.445693 222.485188
148.186503 292.154913 479.932707 176.462116 122.987197 265.801628 332.023627 307.807865 251.997309 296.996049 285.423714 222.625274
148.390445 291.767742 479.901379 177.004412 122.840585 265.401013 331.896904 307.609486 252.178775 297.189991 285.404586 222.747183
148.590380 291.388180 479.869728 177.552298 122.708957 265.041342 331.754784 307.387004 252.452573 297.466513 285.396092 222.801321
148.801932 291.020139 479.837777 178.105376 122.592726 264.723742 331.600175 307.144971 252.648969 297.650626 284.970027 223.343933
149.127298 290.726317 479.806448 178.647672 122.458695 264.431435 331.413889 306.884363 252.847818 297.837092 284.831505 223.332418
149.449250 290.435578 479.775178 179.188969 122.346936 264.189171 331.175848 306.627232 253.138309 298.115309 284.668068 223.318833
149.771054 290.144973 479.743873 179.730866 122.243135 263.964159 330.911856 306.342069 253.332198 298.309198 284.458989 223.301454
150.100428 289.847532 479.712072 180.281348 122.154749 263.772563 330.625309 306.032542 253.522551 298.499551 284.219615 223.281557
150.371522 289.515101 479.718267 180.817848 122.071222 263.591501 330.324090 305.707165 253.706116 298.683116 283.959313 223.259920
150.550521 289.124569 479.732123 181.355870 122.004702 263.447305 330.006348 305.363016 253.888691 298.865691 283.685856 223.237189
150.721603 288.751308 479.746252 181.904488 121.948152 263.324720 329.654732 305.007020 254.075933 299.052933 283.422763 223.215321
150.865435 288.437501 479.760211 182.446508 121.912044 263.246447 329.264417 304.648476 254.271377 299.248377 283.146715 223.192375
150.966309 288.185251 479.774170 182.988528 121.887078 263.192328 328.860551 304.277484 254.590286 299.266805 282.879437 223.170158
151.023742 287.979310 479.788387 183.540545 121.876355 263.169082 328.451253 303.905093 254.786133 299.148511 282.604385 223.147295
151.073545 287.800724 479.802490 184.088164 121.868647 263.152374 328.038775 303.555960 254.952876 299.047796 282.341691 223.125459
151.111797 287.663558 479.818229 184.623510 121.860437 263.134577 327.623696 303.204637 255.094625 298.962177 281.954019 223.103995
151.139466 287.564344 479.846144 185.154977 121.836979 263.083727 327.206419 302.851577 255.230725 298.879971 281.496972 223.083233
151.222450 287.342908 479.875044 185.705219 121.807489 263.019801 326.790974 302.500068 255.370934 298.795283 281.225316 223.066030
151.264441 287.289932 479.903169 186.240681 121.771046 262.940802 326.344723 302.181365 255.478444 298.730346 280.981596 223.116663
151.283822 287.265481 479.931681 186.783533 121.683682 262.761943 325.939660 301.898244 255.597596 298.658377 280.715928 223.099839
151.430155 287.253651 479.964752 187.336141 121.608711 262.620369 325.581646 301.649058 255.676345 298.610811 280.451258 223.083079
151.534405 287.221568 479.999006 187.884672 121.514552 262.442561 325.013099 301.606490 255.909479 298.595866 279.906090 223.095247
151.687438 287.228736 480.032910 188.427615 121.404108 262.233999 324.592501 301.734766 255.995985 298.735666 279.637691 223.105632
151.993443 287.217628 480.001398 188.965358 121.286351 261.997790 324.228659 301.979300 256.099434 298.902848 279.375887 223.115762
152.371065 287.128461 479.938976 189.493079 121.158283 261.727384 323.858112 302.221353 256.225089 299.105916 279.116681 223.125791
152.621797 287.105284 479.874886 190.034901 121.018058 261.431312 323.495937 302.457936 256.363583 299.329732 278.839488 223.136517
152.877350 287.062378 479.809832 190.584867 120.861225 261.100174 323.073894 302.727230 256.499025 299.548616 278.577884 223.146639
153.142163 287.010703 479.740555 191.135360 120.688812 260.736139 322.636846 302.893368 256.643833 299.782636 278.315530 223.165682
153.390290 286.978383 479.630123 191.666195 120.506468 260.351136 322.146224 302.964775 256.765279 299.978900 278.054400 223.205837
153.657674 286.955175 479.517369 192.208191 120.323696 259.965230 321.625077 302.978845 256.856415 300.126184 277.782792 223.247604
153.924745 286.941958 479.409217 192.728060 119.850673 259.587724 321.091765 303.047407 256.926189 300.238942 277.512569 223.289157
154.192581 286.932582 479.217215 193.233157 119.440754 259.434802 320.574323 303.241261 256.989858 300.341836 277.241950 223.330772
154.463015 286.923115 478.983162 193.918377 119.010531 259.523782 320.114356 303.523167 257.051107 300.440819 276.978081 223.402094
154.724455 286.913962 478.811940 194.445885 118.634982 259.732474 319.823556 303.882992 257.114039 300.542523 276.731987 223.501998
154.993490 286.904544 478.643250 194.965593 118.383188 260.088663 319.600123 304.196458 257.140665 300.585551 276.476627 223.605663
155.254130 286.895420 478.475363 195.482829 118.174465 260.465976 319.421298 304.456506 257.152872 300.605280 276.235535 223.703536
155.513556 286.820436 478.307600 195.999683 118.079800 260.884892 319.286443 304.652614 257.158976 300.615144 275.996668 223.800506
155.786389 286.810888 478.138910 196.519392 118.196325 261.295843 319.198051 304.781155 257.160976 300.618375 275.499531 223.997018
156.049628 286.801675 477.988479 197.045000 118.475421 261.573794 319.143769 304.860092 257.162449 300.620756 275.250274 224.114703
156.320263 286.792204 477.866325 197.571619 118.811684 261.667494 319.118611 304.896677 257.290740 300.610611 275.003651 224.242135
156.581503 286.783062 477.743493 198.101159 119.111735 261.675918 319.114400 304.902800 257.367977 300.558095 274.780356 224.402571
156.849339 286.773688 477.620344 198.632063 119.360051 261.632987 319.114400 304.902800 257.470353 300.488485 274.560147 224.568291
157.113177 286.764455 477.509248 199.132875 119.552398 261.599732 319.114400 304.902800 257.610769 300.393010 274.351123 224.725592
157.383212 286.755005 477.470159 199.603802 119.727213 261.556204 319.114400 304.902800 257.780293 300.277743 274.133470 224.889388
157.660242 286.745309 477.459979 200.059689 119.871733 261.519127 319.114400 304.902800 257.976002 300.147298 273.932639 225.067258
157.923681 286.736090 477.449120 200.545967 119.963753 261.495518 319.114894 305.022280 258.192980 300.003322 273.739539 225.255971
158.313066 286.721983 477.439065 200.996255 120.074370 261.467138 319.065192 305.099700 258.413957 299.856692 273.542005 225.449017
158.577493 286.712418 477.429670 201.416950 120.162322 261.444574 318.989560 305.217512 258.630101 299.713270 273.352481 225.634235
158.846717 286.702680 477.419959 201.851842 120.334028 261.386757 318.894154 305.366123 258.858525 299.479991 273.156091 225.826162
159.111344 286.693108 477.411870 202.273163 120.479659 261.320973 318.782866 305.539475 259.131492 299.370081 272.966710 226.011240
159.374372 286.683594 477.405486 202.642308 120.665389 261.237076 318.654074 305.740092 259.395624 299.187090 272.773324 226.200232
159.642397 286.673900 477.399593 202.983057 120.874267 261.142722 318.507346 305.968647 259.684903 298.971003 272.587805 226.381536
159.917017 286.663966 477.394101 203.300609 121.120692 261.031408 318.348625 306.215884 259.994876 298.724241 272.423869 226.586411
160.192437 286.654004 477.388969 203.597365 121.402659 260.904039 318.166727 306.557097 260.316115 298.468511 272.263039 226.798282
160.455465 286.644490 477.384183 203.874123 121.708321 260.765966 318.001547 306.870753 260.568193 298.267838 272.106199 227.004897
160.715695 286.635078 477.379037 204.171679 122.041323 260.615544 317.814341 307.204425 260.783030 298.096811 271.948755 227.212309
160.987117 286.625260 477.374081 204.458236 122.405128 260.451207 317.588216 307.547497 260.891904 297.981659 271.789497 227.422109
161.260538 286.615370 477.369098 204.746393 122.791352 260.276743 317.331390 307.909923 261.037843 298.202613 271.628062 227.634778
161.528763 286.605668 477.375382 205.019106 123.209108 260.088036 317.084667 308.262343 261.186979 298.428407 271.461306 227.854455
161.794189 286.596068 477.383077 205.317807 123.645273 259.891013 316.829125 308.623397 261.334792 298.652199 271.331972 228.080902
162.056972 286.585499 477.391492 205.644498 124.105862 259.682957 316.553159 308.970195 261.481392 298.874154 271.210389 228.326895
162.317703 286.573767 477.400428 205.991383 124.585953 259.466092 316.279140 309.308925 261.627316 299.093675 271.093413 228.563565
162.588141 286.564407 477.408504 206.304879 125.083542 259.241323 315.985121 309.628428 261.754558 299.281177 270.972007 228.809200
162.855410 286.551203 477.416301 206.607579 125.599789 259.000654 315.690017 309.949108 261.842493 299.410757 270.851613 229.052882
163.112662 286.537811 477.423991 206.906080 126.119875 258.717857 315.391935 310.273026 261.891121 299.482415 270.735846 229.287249
163.373509 286.524232 477.431299 207.189786 126.664209 258.421876 315.097915 310.592529 261.984855 299.684276 270.618219 229.525381
163.642744 286.510217 477.438082 207.453098 127.233669 258.112233 314.797259 310.919243 262.046550 299.834501 270.497580 229.769611
163.909383 286.496336 477.444829 207.715011 127.812265 257.797622 314.507303 311.234331 262.118806 300.010442 270.382079 230.003440
164.184045 286.553777 477.451200 207.962329 128.409347 257.471770 314.215179 311.551773 262.201016 300.210618 270.260909 230.248745
164.441725 286.545890 477.457288 208.198651 128.986158 257.154726 313.919082 311.875612 262.293179 300.435030 270.139827 230.493872
164.712988 286.537281 477.463654 208.445769 129.565773 256.836141 313.621415 312.201810 262.392635 300.677203 270.073998 230.757003
164.973944 286.526356 477.469716 208.681091 130.139429 256.520832 313.324766 312.511956 262.496043 300.928996 270.011046 231.014623
165.251144 286.511464 477.475386 208.901218 130.721498 256.200898 313.025061 312.822251 262.596564 301.173758 269.948758 231.269523
165.516036 286.484347 477.481201 209.126943 131.295954 255.863151 312.717436 313.140745 262.695185 301.413896 269.887467 231.520343
165.788422 286.451164 477.487052 209.354068 131.866228 255.526948 312.418147 313.450608 262.796693 301.661064 269.816156 231.783714
166.054654 286.418731 477.493289 209.596187 132.434089 255.192168 312.118143 313.761448 262.891515 301.891951 269.737882 232.030394
166.318503 286.386588 477.499335 209.830909 133.005224 254.855457 311.840487 314.051326 263.065873 302.240122 269.657370 232.284126
166.589808 286.388168 477.504388 210.027044 133.578943 254.517223 311.605580 314.296574 263.238501 302.350686 269.575043 232.543578
166.817242 286.425019 477.509368 210.220380 134.145426 254.183255 311.407056 314.503836 263.445655 302.483363 269.491567 232.806651
166.977749 286.451025 477.513870 210.395122 134.710186 253.850303 311.256262 314.661268 263.602547 302.605627 269.379192 233.037884
167.092059 286.469546 477.523716 210.565408 135.282355 253.512983 311.138531 314.784181 263.689864 302.695911 269.251604 233.276970
167.265870 286.670291 477.537267 210.761941 135.830723 253.149745 311.069083 314.856686 263.753823 302.762042 269.121568 233.520644
167.191713 286.832108 477.552716 210.986009 136.377982 252.776187 310.993685 314.935403 264.273126 303.162342 268.999348 233.749673
167.106141 287.018834 477.566157 211.180946 136.925242 252.402628 310.957854 314.972811 264.431527 303.228173 268.869029 233.993877
167.002322 287.245378 477.581717 211.406610 137.470684 252.030310 310.931569 315.000253 264.626512 303.318760 268.742101 234.231728
166.894086 287.481558 477.595350 211.604341 138.015631 251.658331 310.906667 315.026251 264.832917 303.435723 268.614419 234.470991
166.781018 287.728283 477.608557 211.795886 138.561900 251.285449 310.881073 315.052971 265.062194 303.583916 268.486925 234.709901
166.758209 288.045541 477.621365 211.981645 139.105525 250.914371 310.834867 315.101212 265.293486 303.733412 268.365175 234.938048
166.950842 288.219864 477.633183 212.153038 139.648490 250.543745 310.783679 315.154652 265.522595 303.881497 268.233414 235.174733
167.149851 288.399958 477.643831 212.307472 140.193271 250.171878 310.743145 315.196971 265.744313 304.024804 268.088769 235.408620
167.344560 288.576161 477.652924 212.439358 140.736583 249.799989 310.714646 315.226725 265.965567 304.158173 267.950331 235.632471
167.548166 288.760415 477.660009 212.542114 141.280177 249.425682 310.673004 315.270199 266.197421 304.293384 267.813576 235.853600
167.743171 288.936886 477.668759 212.669013 141.813937 249.049303 310.629260 315.315257 266.428239 304.427991 267.670405 236.085105
167.938177 289.113356 477.674757 212.756007 142.344938 248.656326 310.569525 315.376569 266.618273 304.538837 267.529652 236.312698
168.131254 289.288082 477.680232 212.835418 142.877225 248.262398 310.525701 315.421550 266.771682 304.628321 267.384376 236.547605
168.328781 289.466834 477.685171 212.907048 143.408386 247.869302 310.503091 315.444756 266.885703 304.694829 267.246464 236.770605
168.532535 289.651223 477.689326 212.967305 143.939226 247.476444 310.466385 315.482431 266.988706 304.755574 267.106554 236.996838
168.736290 289.835611 477.693137 213.022574 144.473763 247.080850 310.446845 315.502487 267.074461 304.814060 266.915521 237.172341
168.930406 290.011277 477.699728 213.080619 145.007979 246.685494 310.439588 315.509936 267.169468 304.878856 266.712452 237.339155
169.135792 290.197141 477.708256 213.113532 145.536408 246.294421 310.439588 315.509936 267.260345 304.940835 266.592465 237.968823
169.437134 290.449751 477.721047 213.162902 146.071910 245.898113 310.430516 315.519247 267.327924 304.986925 266.763510 238.165963
169.656606 290.616447 477.732735 213.208012 146.606126 245.502757 310.427446 315.522398 267.362127 305.010252 266.884887 238.392458
169.869070 290.777820 477.746680 213.261835 147.133750 245.112279 310.417676 315.532426 267.374685 305.018817 266.977253 238.638064
170.075800 290.934839 477.762631 213.323402 147.656990 244.721269 310.402184 315.548327 267.376502 305.020056 267.069128 238.882359
170.464165 291.140447 477.780740 213.393294 148.182248 244.327947 310.402184 315.548327 267.396330 305.033579 267.157892 239.125669
170.707532 291.248804 477.809783 213.505393 148.710388 243.932467 310.398276 315.552338 267.432297 305.089080 267.247006 239.372048
