28.079336 60.396240 28.201845 29.005173 -10.987484 5.737002 -0.903671 2.473622 28.211449 40.629021 -67.568497 6.214271 -54.682217 -30.598228 1.202769 6.144139 24.639914 54.888691 -47.032486 21.694309
28.077326 60.997547 28.203430 29.553772 -10.711300 5.786290 -0.911453 2.473635 28.209492 41.157207 -67.568497 6.214271 -54.676796 -30.028446 1.202769 6.144139 24.637232 55.432831 -47.032486 21.694309
28.075361 61.598866 28.204716 30.102444 -10.440064 5.829790 -0.916991 2.473647 28.207436 41.685429 -67.568497 6.214271 -54.671394 -29.458641 1.202769 6.144139 24.634542 55.977005 -47.032486 21.694309
28.073437 62.200184 28.205757 30.651178 -10.173128 5.870447 -0.919871 2.473655 28.205257 42.213684 -67.568604 6.214272 -54.666019 -28.888815 1.202769 6.144139 24.631861 56.521194 -47.032486 21.694309
28.071560 62.801533 28.206520 31.199972 -9.908811 5.908633 -0.921117 2.473656 28.203011 42.741966 -67.565002 6.214262 -54.660683 -28.318966 1.202769 6.144139 24.629175 57.065430 -47.032486 21.694309
28.069731 63.402901 28.207006 31.748823 -9.646392 5.944243 -0.921577 2.473655 28.200684 43.270287 -67.556282 6.214169 -54.655365 -27.749094 1.202769 6.144139 24.626490 57.609673 -47.032486 21.694309
28.067955 64.004265 28.207293 32.297722 -9.386069 5.977193 -0.921717 2.473652 28.198261 43.798626 -67.512581 6.214031 -54.650085 -27.179201 1.202769 6.144139 24.623800 58.153957 -47.032486 21.694309
28.066236 64.605644 28.207331 32.846668 -9.127747 6.006452 -0.921747 2.473651 28.195766 44.326996 -67.425873 6.213838 -54.644829 -26.609287 1.202769 6.144139 24.621140 58.698261 -47.032486 21.694309
28.064569 65.207062 28.207174 33.395653 -8.871455 6.032929 -0.921747 2.473651 28.193230 44.855404 -67.297287 6.213556 -54.639603 -26.039351 1.202769 6.144139 24.618479 59.242596 -47.032486 21.694309
28.062965 65.808472 28.206791 33.944687 -8.617586 6.058232 -0.921742 2.473651 28.190634 45.383831 -67.133392 6.213199 -54.634403 -25.469391 1.202769 6.144139 24.615812 59.786957 -47.032486 21.694309
28.061415 66.409889 28.206249 34.482204 -8.365724 6.080567 -0.921739 2.473651 28.187975 45.912300 -66.939835 6.212780 -54.629223 -24.899410 1.202769 6.144139 24.613153 60.331341 -47.032486 21.694309
28.059933 67.011353 28.205427 34.979145 -8.115789 6.100844 -0.921739 2.473651 28.185282 46.440796 -66.718605 6.212300 -54.624081 -24.329409 1.202769 6.144139 24.610487 60.875767 -47.032486 21.694309
28.058510 67.612823 28.204338 35.455856 -7.867527 6.119093 -0.921739 2.473651 28.182556 46.969311 -66.470673 6.211762 -54.618954 -23.759384 1.202769 6.144139 24.607828 61.420200 -47.032486 21.694309
28.057238 68.174767 28.203091 35.893089 -7.620607 6.135455 -0.921739 2.473651 28.179771 47.497875 -66.196701 6.211169 -54.613873 -23.189339 1.202769 6.144139 24.605165 61.964676 -47.032486 21.694309
28.056471 68.530518 28.201618 36.325665 -7.374770 6.150382 -0.921739 2.473651 28.176952 48.026459 -65.897263 6.210520 -54.608807 -22.619270 1.202769 6.144139 24.602507 62.509167 -47.032486 21.694309
28.056288 68.625168 28.200094 36.769535 -7.129607 6.163508 -0.921739 2.473651 28.174110 48.555073 -65.582916 6.209841 -54.603779 -22.049179 1.202769 6.144139 24.599871 63.053699 -47.032486 21.694309
28.056297 68.626732 28.198503 37.229683 -6.884984 6.175641 -0.921739 2.473651 28.171257 49.083725 -65.268883 6.209163 -54.598782 -21.479067 1.202769 6.144139 24.597229 63.598251 -47.032486 21.694309
28.056349 68.611290 28.196800 37.704002 -6.640577 6.186022 -0.921739 2.473651 28.168371 49.612392 -64.955559 6.208485 -54.593807 -20.908932 1.202769 6.144139 24.594601 64.142830 -47.032486 21.694309
28.056406 68.592339 28.194937 38.188946 -6.396405 6.195733 -0.921739 2.473651 28.165474 50.141102 -64.642868 6.207807 -54.588871 -20.338778 1.202769 6.144139 24.591982 64.687431 -47.032486 21.694309
28.056444 68.576218 28.192970 38.682438 -6.156828 6.203463 -0.921705 2.473650 28.162563 50.669838 -64.330757 6.207129 -54.583969 -19.768599 1.202635 6.144140 24.589380 65.232063 -47.032486 21.694309
28.056469 68.565498 28.190918 39.183456 -5.943101 6.208403 -0.910125 2.473570 28.159636 51.198597 -64.002190 6.206417 -54.579102 -19.198399 1.206975 6.144126 24.586788 65.776726 -47.032486 21.694309
28.056475 68.560211 28.188774 39.691177 -5.776636 6.211758 -0.847724 2.473117 28.156691 51.727402 -63.631454 6.205613 -54.574257 -18.628178 1.228904 6.144058 24.584219 66.321404 -47.032486 21.694309
28.056469 68.558922 28.186552 40.204716 -5.671381 6.213279 -0.745976 2.472493 28.153742 52.256226 -63.234428 6.204754 -54.569462 -18.057934 1.278018 6.143773 24.581669 66.866127 -47.032486 21.694309
28.056461 68.559845 28.184231 40.723248 -5.630637 6.213965 -0.645120 2.471964 28.150793 52.785080 -62.822041 6.203864 -54.564800 -17.500174 1.362806 6.143354 24.579140 67.410858 -47.032486 21.694309
28.056452 68.561523 28.181870 41.246078 -5.623150 6.215558 -0.526921 2.471359 28.147846 53.313972 -62.395229 6.202943 -54.560825 -17.025076 1.483925 6.142685 24.576635 67.955635 -47.032486 21.694309
28.056448 68.563080 28.179436 41.772610 -5.628310 6.217127 -0.373954 2.470595 28.144894 53.842884 -61.953438 6.201990 -54.558018 -16.689470 1.633026 6.141846 24.574154 68.500420 -47.032486 21.694309
28.056444 68.564140 28.176918 42.302349 -5.641433 6.217731 -0.196299 2.469739 28.141981 54.364563 -61.498867 6.201018 -54.556416 -16.498419 1.803381 6.140904 24.571711 69.045242 -47.032486 21.694309
28.056442 68.564690 28.174364 42.834862 -5.658429 6.217409 -0.001409 2.468922 28.139320 54.839531 -61.035244 6.200072 -54.555988 -16.448524 1.996606 6.139817 24.569294 69.590088 -47.032486 21.694309
28.056444 68.564819 28.171782 43.369774 -5.675947 6.216542 0.217352 2.467983 28.137045 55.241581 -60.565369 6.199146 -54.556015 -16.451689 2.211397 6.138479 24.566912 70.134956 -47.032486 21.694309
28.056444 68.564751 28.169147 43.906479 -5.691337 6.215557 0.456855 2.467021 28.134844 55.625942 -60.091072 6.198255 -54.556038 -16.454594 2.442584 6.136909 24.564587 70.674561 -47.032486 21.694309
28.056448 68.564598 28.166477 44.443855 -5.702067 6.214857 0.704424 2.466315 28.132717 55.997971 -59.611198 6.197173 -54.556053 -16.456341 2.688264 6.135152 24.562468 71.174721 -47.032486 21.694309
28.056450 68.564453 28.163853 44.970306 -5.704937 6.214615 0.963365 2.465756 28.130791 56.334545 -59.119286 6.196055 -54.556065 -16.457329 2.951501 6.133249 24.560686 71.607323 -47.032486 21.694309
28.056448 68.564362 28.161503 45.429714 -5.691658 6.215240 1.234304 2.465064 28.128868 56.667114 -58.621227 6.194980 -54.556065 -16.457880 3.235156 6.131331 24.559258 71.968803 -47.032486 21.694309
28.056448 68.564308 28.159472 45.795914 -5.659708 6.216266 1.505578 2.464324 28.127193 56.958843 -58.119194 6.193919 -54.556065 -16.458185 3.536867 6.129418 24.558168 72.259056 -47.032486 21.694309
28.056448 68.564293 28.157457 46.129707 -5.601479 6.217739 1.775869 2.463739 28.125832 57.186123 -57.612732 6.192887 -54.556068 -16.458359 3.852294 6.127394 24.557425 72.479172 -47.032486 21.694309
28.056448 68.564293 28.155640 46.420486 -5.515399 6.219522 2.045176 2.463435 28.124586 57.392681 -57.101257 6.191866 -54.556068 -16.458448 4.179407 6.125245 24.556875 72.648743 -47.032486 21.694309
28.056450 68.564308 28.153816 46.707455 -5.402644 6.221709 2.313692 2.463244 28.123299 57.610672 -56.585651 6.188452 -54.556068 -16.458500 4.517797 6.122964 24.556475 72.772026 -47.032486 21.694309
28.056450 68.564323 28.152008 46.990898 -5.265179 6.224050 2.592415 2.463050 28.121887 57.850903 -56.071117 6.185593 -54.556068 -16.458527 4.866491 6.120566 24.556267 72.835808 -47.032486 21.694309
28.056450 68.564323 28.150352 47.246597 -5.104468 6.226393 2.899729 2.462778 28.120340 58.116100 -55.557030 6.184800 -54.556068 -16.458542 5.223901 6.118063 24.556271 72.835403 -47.032486 21.694309
28.056450 68.564323 28.148718 47.481361 -4.921580 6.228508 3.213672 2.462346 28.118706 58.399345 -55.041664 6.185009 -54.556068 -16.458551 5.588745 6.115475 24.556286 72.830765 -47.032486 21.694309
28.056450 68.564316 28.147081 47.719330 -4.718244 6.230955 3.527305 2.462049 28.117147 58.668339 -54.525394 6.186135 -54.556068 -16.458555 5.960203 6.112784 24.556301 72.826569 -47.032486 21.694309
28.056450 68.564323 28.145433 47.966904 -4.496759 6.233294 3.856062 2.461939 28.115700 58.915638 -54.006889 6.185096 -54.556068 -16.458555 6.337546 6.110010 24.556311 72.823555 -47.032486 21.694309
28.056450 68.564323 28.143747 48.212860 -4.259299 6.234129 4.211861 2.461856 28.114286 59.156624 -53.486790 6.183070 -54.556068 -16.458555 6.720008 6.107177 24.556318 72.821541 -47.032486 21.694309
28.056450 68.564323 28.142075 48.454227 -4.008019 6.235662 4.578929 2.461667 28.112820 59.407997 -52.965210 6.179507 -54.556068 -16.458555 7.106893 6.104294 24.556320 72.820244 -47.032486 21.694309
28.056450 68.564323 28.140438 48.694218 -3.470823 6.236547 4.942524 2.461520 28.111385 59.654461 -52.443989 6.178383 -54.556068 -16.458555 7.497632 6.101363 24.556326 72.819420 -47.032486 21.694309
28.056450 68.564323 28.138760 48.936142 -3.470823 6.236547 5.312590 2.461515 28.110064 59.882275 -51.922085 6.177778 -54.556068 -16.458555 7.891744 6.098391 24.556328 72.818893 -47.032486 21.694309
28.056450 68.564323 28.137108 49.176914 -3.187922 6.236507 5.699164 2.461603 28.108759 60.105618 -51.398823 6.178831 -54.556068 -16.458555 8.288790 6.095366 24.556328 72.818558 -47.032486 21.694309
28.056450 68.564323 28.135458 49.415176 -2.897133 6.236715 6.091739 2.461670 28.107388 60.340908 -50.875950 6.178003 -54.556068 -16.458555 8.688375 6.092288 24.556328 72.818352 -47.032486 21.694309
28.056450 68.564323 28.133793 49.653759 -2.599427 6.236703 6.482637 2.461748 28.106030 60.574516 -50.352753 6.176833 -54.556068 -16.458555 9.090155 6.089185 24.556328 72.818237 -47.032486 21.694309
28.056450 68.564323 28.132133 49.893093 -2.295634 6.236285 6.878534 2.461914 28.104757 60.793602 -49.829174 6.175652 -54.556068 -16.458555 9.493844 6.086061 24.556328 72.818169 -47.032486 21.694309
28.056450 68.564323 28.130480 50.131248 -1.986437 6.234762 7.282283 2.462142 28.103493 61.011711 -49.305256 6.174483 -54.556068 -16.458555 9.899191 6.082918 24.556328 72.818123 -47.032486 21.694309
28.056450 68.564323 28.128845 50.368687 -1.672446 6.233081 7.688069 2.462406 28.102146 61.243298 -48.781055 6.173324 -54.556068 -16.458555 10.305971 6.079758 24.556328 72.818100 -47.032486 21.694309
28.056450 68.564323 28.127190 50.606674 -1.354205 6.231253 8.094737 2.462692 28.100817 61.473030 -48.256592 6.172170 -54.556068 -16.458555 10.715568 6.076563 24.556328 72.818077 -47.032486 21.694309
28.056450 68.564323 28.125532 50.844574 -1.032193 6.228675 8.505005 2.463031 28.099566 61.688606 -47.731918 6.171019 -54.556068 -16.458555 11.136562 6.073277 24.556328 72.818062 -47.032486 21.694309
28.056450 68.564323 28.123898 51.081806 -0.706513 6.225489 8.918017 2.463403 28.098318 61.904034 -47.207058 6.169872 -54.556068 -16.458555 11.574468 6.069862 24.556328 72.818054 -47.032486 21.694309
28.056450 68.564323 28.122263 51.319050 -0.375760 6.222336 9.331915 2.463793 28.096989 62.133354 -46.682034 6.168725 -54.556068 -16.458555 12.026735 6.066338 24.556328 72.818054 -47.032486 21.694309
28.056450 68.564323 28.120642 51.556534 -0.037197 6.219067 9.747201 2.464223 28.095673 62.361103 -46.156868 6.167578 -54.556068 -16.458555 12.489217 6.062738 24.556328 72.818054 -47.032486 21.694309
28.056450 68.564323 28.119005 51.793743 0.310520 6.215522 10.164278 2.464688 28.094433 62.575264 -45.631580 6.166431 -54.556068 -16.458555 12.959928 6.059075 24.556328 72.818054 -47.032486 21.694309
28.056450 68.564323 28.117373 52.030762 0.666668 6.211629 10.582355 2.465181 28.093195 62.789883 -45.106182 6.165282 -54.556068 -16.458555 13.438069 6.055355 24.556328 72.818054 -47.032486 21.694309
28.056450 68.564323 28.115736 52.267910 1.030019 6.207726 11.003320 2.465702 28.091909 63.014248 -44.580677 6.164130 -54.556068 -16.458555 13.922753 6.051586 24.556328 72.818054 -47.032486 21.694309
28.056450 68.564323 28.114098 52.505062 1.399832 6.203452 11.440971 2.466261 28.090773 63.211494 -44.055080 6.162977 -54.556068 -16.458555 14.412938 6.047772 24.556328 72.818054 -47.032486 21.694309
28.056450 68.564323 28.112463 52.742046 1.776200 6.198824 11.892693 2.466815 28.089970 63.352196 -43.529408 6.161824 -54.556068 -16.458555 14.907756 6.043924 24.556328 72.818054 -47.032486 21.694309
28.056450 68.564323 28.110851 52.979027 2.161400 6.194141 12.344810 2.467358 28.089521 63.427963 -43.003654 6.160670 -54.556068 -16.458555 15.406558 6.040044 24.556328 72.818054 -47.032486 21.694309
28.056450 68.564323 28.109240 53.216091 2.557301 6.188906 12.795676 2.467923 28.089504 63.430122 -42.477844 6.159514 -54.556068 -16.458555 15.908813 6.036137 24.556328 72.818054 -47.032486 21.694309
28.056450 68.564323 28.107626 53.453094 2.964821 6.183550 13.245176 2.468509 28.089512 63.428501 -41.951965 6.158356 -54.556068 -16.458555 16.414021 6.032204 24.556328 72.818054 -47.032486 21.694309
28.056450 68.564323 28.106014 53.690056 3.383983 6.178220 13.693487 2.469108 28.089518 63.427406 -41.423660 6.156806 -54.556068 -16.458555 16.921751 6.028249 24.556328 72.818054 -47.032486 21.694309
28.056450 68.564323 28.104404 53.927044 3.814191 6.172660 14.150972 2.469735 28.089521 63.426762 -40.892967 6.155860 -54.556068 -16.458555 17.431639 6.024271 24.556328 72.818054 -47.032486 21.694309
28.056450 68.564323 28.102793 54.164051 4.254558 6.166966 14.634039 2.470402 28.089521 63.426426 -40.364220 6.156854 -54.556068 -16.458555 17.943382 6.020264 24.556328 72.818054 -47.032486 21.694309
28.056450 68.564323 28.101179 54.401016 4.704078 6.161047 15.132025 2.471070 28.089523 63.426235 -39.833599 6.156844 -54.556068 -16.458555 18.456717 6.016212 24.556328 72.818054 -47.032486 21.694309
28.056450 68.564323 28.099567 54.637978 5.161706 6.154930 15.635775 2.471730 28.089523 63.426132 -39.305138 6.152857 -54.556068 -16.458555 18.971413 6.012089 24.556328 72.818054 -47.032486 21.694309
28.056450 68.564323 28.097954 54.874985 5.626400 6.148739 16.146366 2.472403 28.089523 63.426079 -38.779099 6.151226 -54.556068 -16.458555 19.487278 6.007845 24.556328 72.818054 -47.032486 21.694309
28.056450 68.564323 28.096350 55.111980 6.097162 6.142369 16.665373 2.473079 28.089523 63.426044 -38.253887 6.149917 -54.556068 -16.458555 20.004147 6.003416 24.556328 72.818054 -47.032486 21.694309
28.056450 68.564323 28.094761 55.348946 6.573076 6.135950 17.191011 2.473755 28.089523 63.426025 -37.732590 6.148859 -54.556068 -16.458555 20.521877 5.998694 24.556328 72.818054 -47.032486 21.694309
28.056450 68.564323 28.093170 55.585957 7.053340 6.129499 17.721704 2.474426 28.089523 63.426014 -37.207912 6.148337 -54.556068 -16.458555 21.040340 5.993541 24.556328 72.818054 -47.032486 21.694309
28.056450 68.564323 28.091597 55.822968 7.537275 6.122941 18.257044 2.475062 28.089523 63.426010 -36.685040 6.149842 -54.556068 -16.458555 21.559441 5.987833 24.556328 72.818054 -47.032486 21.694309
28.056450 68.564323 28.090029 56.059975 8.024335 6.116350 18.796656 2.475568 28.089523 63.426010 -36.160919 6.146206 -54.556068 -16.458555 22.079084 5.981444 24.556328 72.818054 -47.032486 21.694309
28.056450 68.564323 28.088470 56.296986 8.514092 6.109713 19.339909 2.475838 28.089523 63.426010 -35.634277 6.144320 -54.556068 -16.458555 22.599186 5.974210 24.556328 72.818054 -47.032486 21.694309
28.056450 68.564323 28.086927 56.533997 9.006225 6.103034 19.886280 2.475740 28.089523 63.426010 -35.107376 6.143117 -54.556068 -16.458555 23.119682 5.965955 24.556328 72.818054 -47.032486 21.694309
28.056450 68.564323 28.085402 56.771011 9.500482 6.096335 20.435402 2.475080 28.089523 63.426010 -34.580563 6.141970 -54.556068 -16.458555 23.640507 5.956496 24.556328 72.818054 -47.032486 21.694309
28.056450 68.564323 28.083881 57.008049 9.996671 6.089603 20.986933 2.473656 28.089523 63.426010 -34.053822 6.140813 -54.556068 -16.458555 24.161615 5.945649 24.556328 72.818054 -47.032486 21.694309
28.056450 68.564323 28.082460 57.233154 10.494627 6.082836 21.540562 2.471152 28.089523 63.426010 -33.527134 6.139647 -54.556068 -16.458555 24.682947 5.933187 24.556328 72.818054 -47.032486 21.694309
28.056450 68.564323 28.081429 57.398407 10.994205 6.076037 22.096008 2.467483 28.089523 63.426010 -33.000469 6.138470 -54.556068 -16.458555 25.204464 5.919008 24.556328 72.818054 -47.032486 21.694309
28.056450 68.564323 28.080971 57.475765 11.495259 6.069206 22.653034 2.462330 28.089523 63.426010 -32.473808 6.137291 -54.556068 -16.458555 25.726145 5.903195 24.556328 72.818054 -47.032486 21.694309
28.056450 68.564323 28.080959 57.477631 11.997645 6.062344 23.211445 2.455528 28.089523 63.426010 -31.947138 6.136106 -54.556068 -16.458555 26.247959 5.885859 24.556328 72.818054 -47.032486 21.694309
28.056450 68.564323 28.080963 57.477131 12.501218 6.055462 23.771040 2.446708 28.089523 63.426010 -31.420465 6.134917 -54.556068 -16.458555 26.769882 5.867157 24.556328 72.818054 -47.032486 21.694309
28.056450 68.564323 28.080967 57.476780 13.005830 6.048577 24.316507 2.435937 28.089523 63.426010 -30.893782 6.133728 -54.556068 -16.458555 27.291901 5.847219 24.556328 72.818054 -47.032486 21.694309
28.056450 68.564323 28.080967 57.476604 13.511339 6.041700 24.803511 2.424459 28.089523 63.426010 -30.367071 6.132539 -54.556068 -16.458555 27.814001 5.826125 24.556328 72.818054 -47.032486 21.694309
28.056450 68.564323 28.080969 57.476521 14.017620 6.034844 25.277485 2.412085 28.089523 63.426010 -29.840349 6.131343 -54.556068 -16.458555 28.336168 5.804000 24.556328 72.818054 -47.032486 21.694309
28.056450 68.564323 28.080969 57.476498 14.524554 6.028018 25.750092 2.398048 28.089523 63.426010 -29.313601 6.130148 -54.556068 -16.458555 28.858408 5.781097 24.556328 72.818054 -47.032486 21.694309
28.056450 68.564323 28.080969 57.476482 15.032048 6.021228 26.222725 2.382292 28.089523 63.426010 -28.786833 6.128952 -54.556068 -16.458555 29.380703 5.757554 24.556328 72.818054 -47.032486 21.694309
28.056450 68.564323 28.080969 57.476482 15.540024 6.014492 26.691946 2.365198 28.089523 63.426010 -28.260040 6.127751 -54.556068 -16.458555 29.903063 5.733515 24.556328 72.818054 -47.032486 21.694309
28.056450 68.564323 28.080969 57.476482 16.048426 6.007823 27.140577 2.347497 28.089523 63.426010 -27.733223 6.126550 -54.556068 -16.458555 30.425478 5.709105 24.556328 72.818054 -47.032486 21.694309
28.056450 68.564323 28.080969 57.476482 16.557198 6.001215 27.594597 2.328251 28.089523 63.426010 -27.206379 6.125347 -54.556068 -16.458555 30.947948 5.684453 24.556328 72.818054 -47.032486 21.694309
28.056450 68.564323 28.080969 57.476482 17.066305 5.994638 28.071615 2.307172 28.089523 63.426010 -26.679508 6.124140 -54.556068 -16.458555 31.470472 5.659671 24.556328 72.818054 -47.032486 21.694309
28.056450 68.564323 28.080969 57.476482 17.575722 5.988068 28.564528 2.285027 28.089523 63.426010 -26.152611 6.122932 -54.556068 -16.458555 31.993052 5.634751 24.556328 72.818054 -47.032486 21.694309
28.056450 68.564323 28.080969 57.476482 18.085421 5.981479 29.061852 2.262443 28.089523 63.426010 -25.625689 6.121725 -54.556068 -16.458555 32.515682 5.609789 24.556328 72.818054 -47.032486 21.694309
28.056450 68.564323 28.080969 57.476482 18.595375 5.974851 29.564323 2.238853 28.089523 63.426010 -25.098734 6.120514 -54.556068 -16.458555 33.038372 5.584964 24.556328 72.818054 -47.032486 21.694309
28.056450 68.564323 28.080969 57.476482 19.105568 5.968175 30.075113 2.214294 28.089523 63.426010 -24.571753 6.119300 -54.556068 -16.458555 33.561111 5.560331 24.556328 72.818054 -47.032486 21.694309
28.056450 68.564323 28.080969 57.476482 19.615973 5.961446 30.592148 2.189371 28.089523 63.426010 -24.044741 6.118086 -54.556068 -16.458555 34.083908 5.535823 24.556328 72.818054 -47.032486 21.694309
28.056450 68.564323 28.080969 57.476482 20.126574 5.954658 31.112623 2.164107 28.089523 63.426010 -23.517700 6.116869 -54.556068 -16.458555 34.606750 5.511452 24.556328 72.818054 -47.032486 21.694309
28.056450 68.564323 28.080969 57.476482 20.637346 5.947866 31.636425 2.138487 28.089523 63.426010 -22.990631 6.115649 -54.556068 -16.458555 35.129639 5.487164 24.556328 72.818054 -47.032486 21.694309
28.056450 68.564323 28.080969 57.476482 21.148273 5.941064 32.163853 2.112927 28.089523 63.426010 -22.463531 6.114430 -54.556068 -16.458555 35.652569 5.462854 24.556328 72.818054 -47.032486 21.694309
28.056450 68.564323 28.080969 57.476482 21.659344 5.934138 32.694126 2.087354 28.089523 63.426010 -21.936401 6.113209 -54.556068 -16.458555 36.175537 5.438519 24.556328 72.818054 -47.032486 21.694309
28.056450 68.564323 28.080969 57.476482 22.170527 5.926944 33.226479 2.061745 28.089523 63.426010 -21.409243 6.111983 -54.556068 -16.458555 36.698547 5.414280 24.556328 72.818054 -47.032486 21.694309
28.056450 68.564323 28.080969 57.476482 22.681810 5.919331 33.760712 2.036355 28.089523 63.426010 -20.882055 6.110758 -54.556068 -16.458555 37.221607 5.390314 24.556328 72.818054 -47.032486 21.694309
28.056450 68.564323 28.080969 57.476482 23.193180 5.911121 34.296673 2.011055 28.089523 63.426010 -20.354837 6.109528 -54.556068 -16.458555 37.744717 5.366802 24.556328 72.818054 -47.032486 21.694309
28.056450 68.564323 28.080969 57.476482 23.704626 5.902122 34.834049 1.985712 28.089523 63.426010 -19.827589 6.108296 -54.556068 -16.458555 38.267895 5.343884 24.556328 72.818054 -47.032486 21.694309
28.056450 68.564323 28.080969 57.476482 24.216127 5.892129 35.372562 1.960312 28.089523 63.426010 -19.300308 6.107064 -54.556068 -16.458555 38.791134 5.321665 24.556328 72.818054 -47.032486 21.694309
28.056450 68.564323 28.080969 57.476482 24.727674 5.880931 35.912060 1.934849 28.089523 63.426010 -18.772999 6.105829 -54.556068 -16.458555 39.314442 5.300280 24.556328 72.818054 -47.032486 21.694309
28.056450 68.564323 28.080969 57.476482 25.239252 5.868310 36.452435 1.909590 28.089523 63.426010 -18.245657 6.104591 -54.556068 -16.458555 39.837822 5.279822 24.556328 72.818054 -47.032486 21.694309
28.056450 68.564323 28.080969 57.476482 25.750856 5.854152 36.979885 1.885393 28.089523 63.426010 -17.718287 6.103353 -54.556068 -16.458555 40.361275 5.260334 24.556328 72.818054 -47.032486 21.694309
28.056450 68.564323 28.080969 57.476482 26.262482 5.838571 37.450516 1.864246 28.089523 63.426010 -17.190886 6.102110 -54.556068 -16.458555 40.884792 5.241881 24.556328 72.818054 -47.032486 21.694309
28.056450 68.564323 28.080969 57.476482 26.774130 5.821689 37.905571 1.843975 28.089523 63.426010 -16.663452 6.100866 -54.556068 -16.458555 41.408375 5.224527 24.556328 72.818054 -47.032486 21.694309
28.056450 68.564323 28.080969 57.476482 27.285793 5.803669 38.368790 1.823838 28.089523 63.426010 -16.135990 6.099622 -54.556068 -16.458555 41.932030 5.208304 24.556328 72.818054 -47.032486 21.694309
28.056450 68.564323 28.080969 57.476482 27.797472 5.784598 38.833431 1.804516 28.089523 63.426010 -15.608497 6.098372 -54.556068 -16.458555 42.455746 5.193235 24.556328 72.818054 -47.032486 21.694309
28.056450 68.564323 28.080969 57.476482 28.309174 5.764554 39.298050 1.786101 28.089523 63.426010 -15.080973 6.097123 -54.556068 -16.458555 42.979530 5.179313 24.556328 72.818054 -47.032486 21.694309
28.056450 68.564323 28.080969 57.476482 28.820890 5.743640 39.762043 1.768533 28.089523 63.426010 -14.553419 6.095870 -54.556068 -16.458555 43.503380 5.166539 24.556328 72.818054 -47.032486 21.694309
28.056450 68.564323 28.080969 57.476482 29.332619 5.721974 40.225212 1.751936 28.089523 63.426010 -14.025833 6.094614 -54.556068 -16.458555 44.027283 5.154933 24.556328 72.818054 -47.032486 21.694309
28.056450 68.564323 28.080969 57.476482 29.844364 5.699658 40.694988 1.736058 28.089523 63.426010 -13.498219 6.093358 -54.556068 -16.458555 44.551243 5.144438 24.556328 72.818054 -47.032486 21.694309
28.056450 68.564323 28.080969 57.476482 30.356152 5.677144 41.187519 1.720492 28.089523 63.426010 -12.970572 6.092099 -54.556068 -16.458555 45.075264 5.135032 24.556328 72.818054 -47.032486 21.694309
28.056450 68.564323 28.080969 57.476482 30.867971 5.654536 41.694042 1.705620 28.089523 63.426010 -12.442897 6.090837 -54.556068 -16.458555 45.599323 5.126740 24.556328 72.818054 -47.032486 21.694309
28.056450 68.564323 28.080969 57.476482 31.379814 5.631564 42.206009 1.691714 28.089523 63.426010 -11.915189 6.089574 -54.556068 -16.458555 46.123440 5.119536 24.556328 72.818054 -47.032486 21.694309
28.056450 68.564323 28.080969 57.476482 31.891684 5.608360 42.724110 1.678813 28.089523 63.426010 -11.387452 6.088312 -54.556068 -16.458555 46.647602 5.113378 24.556328 72.818054 -47.032486 21.694309
28.056450 68.564323 28.080969 57.476482 32.403591 5.585081 43.249702 1.666934 28.089523 63.426010 -10.859684 6.087043 -54.556068 -16.458555 47.171803 5.108158 24.556328 72.818054 -47.032486 21.694309
28.056450 68.564323 28.080969 57.476482 32.915535 5.561809 43.781277 1.656061 28.089523 63.426010 -10.331884 6.085775 -54.556068 -16.458555 47.696049 5.103838 24.556328 72.818054 -47.032486 21.694309
28.056450 68.564323 28.080969 57.476482 33.427528 5.538866 44.317425 1.646239 28.089523 63.426010 -9.804056 6.084502 -54.556068 -16.458555 48.220325 5.100456 24.556328 72.818054 -47.032486 21.694309
28.056450 68.564323 28.080969 57.476482 33.939564 5.516007 44.857746 1.637506 28.089523 63.426010 -9.276196 6.083228 -54.556068 -16.458555 48.744644 5.097971 24.556328 72.818054 -47.032486 21.694309
28.056450 68.564323 28.080969 57.476482 34.451633 5.493224 45.401905 1.629850 28.089523 63.426010 -8.748306 6.081953 -54.556068 -16.458555 49.269001 5.096249 24.556328 72.818054 -47.032486 21.694309
28.056450 68.564323 28.080969 57.476482 34.963741 5.470500 45.949333 1.623109 28.089523 63.426010 -8.220387 6.080672 -54.556068 -16.458555 49.793392 5.095250 24.556328 72.818054 -47.032486 21.694309
28.056450 68.564323 28.080969 57.476482 35.475883 5.447770 46.499584 1.617500 28.089523 63.426010 -7.692435 6.079391 -54.556068 -16.458555 50.317806 5.095015 24.556328 72.818054 -47.032486 21.694309
28.056450 68.564323 28.080969 57.476482 35.988052 5.424941 47.052303 1.612796 28.089523 63.426010 -7.164454 6.078111 -54.556068 -16.458555 50.842266 5.095501 24.556328 72.818054 -47.032486 21.694309
28.056450 68.564323 28.080969 57.476482 36.500256 5.402094 47.607201 1.608992 28.089523 63.426010 -6.636442 6.076824 -54.556068 -16.458555 51.366745 5.096578 24.556328 72.818054 -47.032486 21.694309
28.056450 68.564323 28.080969 57.476482 37.012501 5.379467 48.149261 1.606220 28.089523 63.426010 -6.108399 6.075538 -54.556068 -16.458555 51.891258 5.098206 24.556328 72.818054 -47.032486 21.694309
28.056450 68.564323 28.080969 57.476482 37.524788 5.357256 48.635330 1.604886 28.089523 63.426010 -5.580326 6.074251 -54.556068 -16.458555 52.415798 5.100428 24.556328 72.818054 -47.032486 21.694309
28.056450 68.564323 28.080969 57.476482 38.037136 5.335711 49.091820 1.605015 28.089523 63.426010 -5.052221 6.072959 -54.556068 -16.458555 52.940365 5.103204 24.556328 72.818054 -47.032486 21.694309
28.056450 68.564323 28.080969 57.476482 38.549549 5.314802 49.489647 1.606285 28.089523 63.426010 -4.524088 6.071667 -54.556068 -16.458555 53.464973 5.106417 24.556328 72.818054 -47.032486 21.694309
28.056450 68.564323 28.080969 57.476482 39.062019 5.294655 49.875927 1.608483 28.089523 63.426010 -3.995925 6.070372 -54.556068 -16.458555 53.989597 5.110030 24.556328 72.818054 -47.032486 21.694309
28.056450 68.564323 28.080969 57.476482 39.574551 5.275369 50.261909 1.611183 28.089523 63.426010 -3.467731 6.069073 -54.556068 -16.458555 54.514256 5.114085 24.556328 72.818054 -47.032486 21.694309
28.056450 68.564323 28.080969 57.476482 40.087151 5.257017 50.642559 1.613974 28.089523 63.426010 -2.939507 6.067774 -54.556068 -16.458555 55.038944 5.118548 24.556328 72.818054 -47.032486 21.694309
28.056450 68.564323 28.080969 57.476482 40.599815 5.239714 51.011761 1.617147 28.089523 63.426010 -2.411251 6.066475 -54.556068 -16.458555 55.563656 5.123318 24.556328 72.818054 -47.032486 21.694309
28.056450 68.564323 28.080969 57.476482 41.112541 5.223434 51.398296 1.621099 28.089523 63.426010 -1.882964 6.065171 -54.556068 -16.458555 56.088402 5.128369 24.556328 72.818054 -47.032486 21.694309
28.056450 68.564323 28.080969 57.476482 41.625332 5.208220 51.814911 1.624803 28.089523 63.426010 -1.354647 6.063867 -54.556068 -16.458555 56.613167 5.133730 24.556328 72.818054 -47.032486 21.694309
28.056450 68.564323 28.080969 57.476482 42.138184 5.194107 52.256084 1.628467 28.089523 63.426010 -0.826300 6.062562 -54.556068 -16.458555 57.137978 5.139377 24.556328 72.818054 -47.032486 21.694309
28.056450 68.564323 28.080969 57.476482 42.651093 5.181114 52.712383 1.632471 28.089523 63.426010 -0.297923 6.061251 -54.556068 -16.458555 57.662807 5.145231 24.556328 72.818054 -47.032486 21.694309
28.056450 68.564323 28.080969 57.476482 43.164055 5.169256 53.181492 1.636930 28.089523 63.426010 0.230485 6.059939 -54.556068 -16.458555 58.187660 5.151266 24.556328 72.818054 -47.032486 21.694309
28.056450 68.564323 28.080969 57.476482 43.677071 5.158422 53.663475 1.641738 28.089523 63.426010 0.758924 6.058628 -54.556068 -16.458555 58.712551 5.157510 24.556328 72.818054 -47.032486 21.694309
28.056450 68.564323 28.080969 57.476482 44.190140 5.148689 54.156067 1.646835 28.089523 63.426010 1.287394 6.057313 -54.556068 -16.458555 59.237461 5.163941 24.556328 72.818054 -47.032486 21.694309
28.056450 68.564323 28.080969 57.476482 44.703262 5.140053 54.656723 1.652174 28.089523 63.426010 1.815894 6.055996 -54.556068 -16.458555 59.762417 5.170504 24.556328 72.818054 -47.032486 21.694309
28.056450 68.564323 28.080969 57.476482 45.216434 5.132474 55.164288 1.657728 28.089523 63.426010 2.344425 6.054678 -54.556068 -16.458555 60.287388 5.177173 24.556328 72.818054 -47.032486 21.694309
28.056450 68.564323 28.080969 57.476482 45.729649 5.125920 55.678089 1.663473 28.089523 63.426010 2.872984 6.053360 -54.556068 -16.458555 60.812389 5.183973 24.556328 72.818054 -47.032486 21.694309
28.056450 68.564323 28.080969 57.476482 46.242908 5.120369 56.197109 1.669413 28.089523 63.426010 3.401575 6.052037 -54.556068 -16.458555 61.337429 5.190886 24.556328 72.818054 -47.032486 21.694309
28.056450 68.564323 28.080969 57.476482 46.756214 5.115570 56.720398 1.675555 28.089523 63.426010 3.930196 6.050714 -54.556068 -16.458555 61.855782 5.197784 24.556328 72.818054 -47.032486 21.694309
28.056450 68.564323 28.080969 57.476482 47.269558 5.111710 57.247330 1.681816 28.089523 63.426010 4.458847 6.049390 -54.556068 -16.458555 62.330711 5.204206 24.556328 72.818054 -47.032486 21.694309
28.056450 68.564323 28.080969 57.476482 47.782928 5.108757 57.777412 1.688226 28.089523 63.426010 4.987530 6.048061 -54.556068 -16.458555 62.739449 5.210027 24.556328 72.818054 -47.032486 21.694309
28.056450 68.564323 28.080969 57.476482 48.296345 5.106642 58.310162 1.694706 28.089523 63.426010 5.516244 6.046732 -54.556068 -16.458555 63.117016 5.215735 24.556328 72.818054 -47.032486 21.694401
28.056450 68.564323 28.080969 57.476482 48.809681 5.105312 58.845127 1.701276 28.089523 63.426010 6.044988 6.045402 -54.556068 -16.458555 63.478619 5.221369 24.556328 72.818054 -47.032494 21.691198
28.056450 68.564323 28.080969 57.476482 49.322136 5.104724 59.381981 1.707944 28.089523 63.426010 6.573761 6.044069 -54.556068 -16.458555 63.807407 5.226624 24.556328 72.818054 -47.032784 21.673107
28.056450 68.564323 28.080969 57.476482 49.831478 5.104842 59.920456 1.714664 28.089523 63.426010 7.102564 6.042734 -54.556068 -16.458555 64.113594 5.231706 24.556328 72.818054 -47.032703 21.622192
28.056450 68.564323 28.080969 57.476482 50.333878 5.105611 60.460293 1.721462 28.089523 63.426010 7.631398 6.041398 -54.556068 -16.458555 64.408333 5.236706 24.556328 72.818054 -47.032452 21.524416
28.056450 68.564323 28.080969 57.476482 50.825790 5.106944 61.001282 1.728298 28.089523 63.426010 8.160262 6.040063 -54.556068 -16.458555 64.692047 5.241547 24.556328 72.818054 -47.032009 21.382324
28.056450 68.564323 28.080969 57.476482 51.307049 5.108940 61.533939 1.735013 28.089523 63.426010 8.689157 6.038721 -54.556068 -16.458555 64.967278 5.246325 24.556328 72.818054 -47.031338 21.201471
28.056450 68.564323 28.080969 57.476482 51.779278 5.111708 62.019402 1.741181 28.089523 63.426010 9.218081 6.037380 -54.556068 -16.458555 65.238541 5.251045 24.556328 72.818054 -47.030457 20.986427
28.056450 68.564323 28.080969 57.476482 52.243530 5.114904 62.398685 1.746100 28.089523 63.426010 9.747036 6.036037 -54.556068 -16.458555 65.505226 5.255632 24.556328 72.818054 -47.029423 20.756573
28.056450 68.564323 28.080969 57.476482 52.701126 5.118452 62.644325 1.749550 28.089523 63.426010 10.276023 6.034696 -54.556068 -16.458555 65.766510 5.260183 24.556328 72.818054 -47.028286 20.525448
28.056450 68.564323 28.080969 57.476482 53.153362 5.122112 62.837929 1.752713 28.089523 63.426010 10.805038 6.033349 -54.556068 -16.458555 66.024612 5.264752 24.556328 72.818054 -47.027191 20.296484
28.056450 68.564323 28.080969 57.476482 53.597466 5.126312 63.029709 1.755923 28.089523 63.426010 11.326818 6.032021 -54.556068 -16.458555 66.280579 5.269313 24.556328 72.818054 -47.026150 20.070442
28.056450 68.564323 28.080969 57.476482 54.018284 5.130474 63.224567 1.758932 28.089523 63.426010 11.801873 6.030812 -54.556068 -16.458555 66.533691 5.273803 24.556328 72.818054 -47.025200 19.846640
28.056450 68.564323 28.080969 57.476482 54.409302 5.134982 63.413681 1.761793 28.089523 63.426010 12.184682 6.029834 -54.556068 -16.458555 66.784546 5.278209 24.556328 72.818054 -47.024292 19.601210
28.056450 68.564323 28.080969 57.476482 54.779037 5.139961 63.614819 1.764825 28.089523 63.426010 12.459949 6.029124 -54.556068 -16.458555 67.034111 5.282596 24.556328 72.818054 -47.023376 19.319208
28.056450 68.564323 28.080969 57.476482 55.129822 5.145260 63.848797 1.768372 28.089523 63.426010 12.627775 6.028681 -54.556068 -16.458555 67.282310 5.286982 24.556328 72.818054 -47.022449 19.002937
28.056450 68.564323 28.080969 57.476482 55.462318 5.150487 64.122467 1.772485 28.089523 63.426010 12.686674 6.028524 -54.556068 -16.458555 67.529114 5.291361 24.556328 72.818054 -47.021503 18.654671
28.056450 68.564323 28.080969 57.476482 55.778687 5.155618 64.424019 1.776870 28.089523 63.426010 12.684574 6.028528 -54.556068 -16.458555 67.775055 5.295712 24.556328 72.818054 -47.020565 18.277822
28.056450 68.564323 28.080969 57.476482 56.081501 5.160699 64.705780 1.780895 28.089523 63.426010 12.682112 6.028533 -54.556068 -16.458555 68.020294 5.300038 24.556328 72.818054 -47.019711 17.876791
28.056450 68.564323 28.080969 57.476482 56.373371 5.165765 64.989258 1.785057 28.089523 63.426010 12.680598 6.028536 -54.556068 -16.458555 68.264778 5.304359 24.556328 72.818054 -47.019028 17.455650
28.056450 68.564323 28.080969 57.476482 56.656590 5.170846 65.282768 1.789413 28.089523 63.426010 12.679741 6.028536 -54.556068 -16.458555 68.508690 5.308644 24.556328 72.818054 -47.018597 17.017588
28.056450 68.564323 28.080969 57.476482 56.933060 5.175959 65.548286 1.793300 28.089523 63.426010 12.679261 6.028537 -54.556068 -16.458555 68.752205 5.312908 24.556328 72.818054 -47.018475 16.565086
28.056450 68.564323 28.080969 57.476482 57.204350 5.181094 65.811096 1.797207 28.089523 63.426010 12.678998 6.028539 -54.556068 -16.458555 68.995331 5.317170 24.556328 72.818054 -47.018700 16.100189
28.056450 68.564323 28.080969 57.476482 57.471664 5.186584 66.082123 1.801242 28.089523 63.426010 12.678847 6.028539 -54.556068 -16.458555 69.238106 5.321430 24.556328 72.818054 -47.019314 15.624597
28.056450 68.564323 28.080969 57.476482 57.735863 5.191761 66.338615 1.805011 28.089523 63.426010 12.678770 6.028539 -54.556068 -16.458555 69.480629 5.325680 24.556328 72.818054 -47.020336 15.139731
28.056450 68.564323 28.080969 57.476482 57.997482 5.196991 66.593124 1.808772 28.089523 63.426010 12.678726 6.028539 -54.556068 -16.458555 69.722954 5.329921 24.556328 72.818054 -47.021820 14.646801
28.056450 68.564323 28.080969 57.476482 58.256844 5.202051 66.852119 1.812609 28.089523 63.426010 12.678703 6.028539 -54.556068 -16.458555 69.965080 5.334161 24.556328 72.818054 -47.022022 14.146194
28.056450 68.564323 28.080969 57.476482 58.514118 5.207218 67.099449 1.816244 28.089523 63.426010 12.678690 6.028539 -54.556068 -16.458555 70.207054 5.338398 24.556328 72.818054 -47.025028 13.637218
28.056450 68.564323 28.080969 57.476482 58.769417 5.212471 67.336357 1.819726 28.089523 63.426010 12.678684 6.028539 -54.556068 -16.458555 70.448914 5.342632 24.556328 72.818054 -47.028259 13.124321
28.056450 68.564323 28.080969 57.476482 59.022869 5.217776 67.582726 1.823368 28.089523 63.426010 12.678684 6.028539 -54.556068 -16.458555 70.690674 5.346866 24.556328 72.818054 -47.031746 12.611566
28.056450 68.564323 28.080969 57.476482 59.274559 5.222895 67.825905 1.826951 28.089523 63.426010 12.678685 6.028539 -54.556068 -16.458555 70.932343 5.351092 24.556328 72.818054 -47.035652 12.099867
28.056450 68.564323 28.080969 57.476482 59.524662 5.228059 68.044373 1.830150 28.089523 63.426010 12.678685 6.028539 -54.556068 -16.458555 71.173950 5.355304 24.556328 72.818054 -47.039165 11.590137
28.056450 68.564323 28.080969 57.476482 59.773373 5.233097 68.261581 1.833348 28.089523 63.426010 12.678685 6.028539 -54.556068 -16.458555 71.415504 5.359501 24.556328 72.818054 -47.044121 11.081821
28.056450 68.564323 28.080969 57.476482 60.020901 5.238334 68.494949 1.836798 28.089523 63.426010 12.678685 6.028539 -54.556068 -16.458555 71.657005 5.363680 24.556328 72.818054 -47.049526 10.567129
28.056450 68.564323 28.080969 57.476482 60.267475 5.243431 68.726372 1.840206 28.089523 63.426010 12.678685 6.028539 -54.556068 -16.458555 71.898468 5.367836 24.556328 72.818054 -47.055527 10.040502
28.056450 68.564323 28.080969 57.476482 60.513325 5.248542 68.949509 1.843484 28.089523 63.426010 12.678685 6.028539 -54.556068 -16.458555 72.130875 5.371809 24.556328 72.818054 -47.061913 9.506522
28.056450 68.564323 28.080969 57.476482 60.758617 5.253473 69.179688 1.846868 28.089523 63.426010 12.678685 6.028539 -54.556068 -16.458555 72.314835 5.374924 24.556328 72.818054 -47.068748 8.968641
28.056450 68.564323 28.080969 57.476482 61.003510 5.258450 69.416595 1.850343 28.089523 63.426010 12.678685 6.028539 -54.556068 -16.458555 72.420387 5.376687 24.556328 72.818054 -47.075859 8.429864
28.056450 68.564323 28.080969 57.476482 61.248119 5.263469 69.639191 1.853587 28.089523 63.426010 12.678685 6.028539 -54.556068 -16.458555 72.437920 5.376928 24.556328 72.818054 -47.083611 7.885644
28.056450 68.564323 28.080969 57.476482 61.492519 5.268503 69.863708 1.856854 28.089523 63.426010 12.678685 6.028539 -54.556068 -16.458555 72.435059 5.376875 24.556328 72.818054 -47.091816 7.336252
28.056450 68.564323 28.080969 57.476482 61.736732 5.273482 70.102837 1.860328 28.089523 63.426010 12.678685 6.028539 -54.556068 -16.458555 72.430656 5.376806 24.556328 72.818054 -47.100491 6.783479
28.056450 68.564323 28.080969 57.476482 61.980804 5.278426 70.336578 1.863694 28.089523 63.426010 12.678685 6.028539 -54.556068 -16.458555 72.427345 5.376753 24.556328 72.818054 -47.109467 6.228405
28.056450 68.564323 28.080969 57.476482 62.224716 5.283351 70.568535 1.867014 28.089523 63.426010 12.678685 6.028539 -54.556068 -16.458555 72.425537 5.376727 24.556328 72.818054 -47.118877 5.671581
28.056450 68.564323 28.080969 57.476482 62.468491 5.288289 70.808609 1.870433 28.089523 63.426010 12.678685 6.028539 -54.556068 -16.458555 72.424850 5.376718 24.556328 72.818054 -47.128651 5.113268
28.056450 68.564323 28.080969 57.476482 62.712097 5.293231 71.045509 1.873772 28.089523 63.426010 12.678685 6.028539 -54.556068 -16.458555 72.424744 5.376718 24.556328 72.818054 -47.138832 4.553589
28.056450 68.564323 28.080969 57.476482 62.955559 5.298160 71.270401 1.876912 28.089523 63.426010 12.678685 6.028539 -54.556068 -16.458555 72.424850 5.376719 24.556328 72.818054 -47.149311 3.992629
28.056450 68.564323 28.080969 57.476482 63.198879 5.303088 71.500885 1.880114 28.089523 63.426010 12.678685 6.028539 -54.556068 -16.458555 72.424973 5.376722 24.556328 72.818054 -47.160084 3.430468
28.056450 68.564323 28.080969 57.476482 63.442074 5.308017 71.741974 1.883432 28.089523 63.426010 12.678685 6.028539 -54.556068 -16.458555 72.425056 5.376723 24.556328 72.818054 -47.171131 2.867197
28.056450 68.564323 28.080969 57.476482 63.685169 5.312936 71.969604 1.886511 28.089523 63.426010 12.678685 6.028539 -54.556068 -16.458555 72.425102 5.376723 24.556328 72.818054 -47.182461 2.302915
28.056450 68.564323 28.080969 57.476482 63.928177 5.317831 72.200508 1.889609 28.089523 63.426010 12.678685 6.028539 -54.556068 -16.458555 72.425117 5.376724 24.556328 72.818054 -47.194096 1.737718
28.056450 68.564323 28.080969 57.476482 64.171135 5.322702 72.442879 1.892828 28.089523 63.426010 12.678685 6.028539 -54.556068 -16.458555 72.425117 5.376724 24.556328 72.818054 -47.206078 1.171673
28.056450 68.564323 28.080969 57.476482 64.414040 5.327550 72.676140 1.895866 28.089523 63.426010 12.678685 6.028539 -54.556068 -16.458555 72.425117 5.376724 24.556328 72.818054 -47.218086 0.604893
28.056450 68.564323 28.080969 57.476482 64.656929 5.332355 72.893372 1.898639 28.089523 63.426010 12.678685 6.028539 -54.556068 -16.458555 72.425110 5.376723 24.556328 72.818054 -47.229652 0.037792
28.056450 68.564323 28.080969 57.476482 64.899811 5.337126 73.037231 1.900401 28.089523 63.426010 12.678685 6.028539 -54.556068 -16.458555 72.425102 5.376723 24.556328 72.818054 -47.241592 -0.530174
28.056450 68.564323 28.080969 57.476482 65.138123 5.341770 73.075485 1.900853 28.089523 63.426010 12.678685 6.028539 -54.556068 -16.458555 72.425102 5.376723 24.556328 72.818054 -47.256153 -1.098071
28.056450 68.564323 28.080969 57.476482 65.350388 5.345870 73.070045 1.900803 28.089523 63.426010 12.678685 6.028539 -54.556068 -16.458555 72.425102 5.376723 24.556328 72.818054 -47.270317 -1.666314
28.056450 68.564323 28.080969 57.476482 65.515259 5.349034 73.062744 1.900768 28.089523 63.426010 12.678685 6.028539 -54.556068 -16.458555 72.425102 5.376723 24.556328 72.818054 -47.283081 -2.235873
28.056450 68.564323 28.080969 57.476482 65.618790 5.351024 73.058159 1.900754 28.089523 63.426010 12.678685 6.028539 -54.556068 -16.458555 72.425102 5.376723 24.556328 72.818054 -47.295937 -2.805833
28.056450 68.564323 28.080969 57.476482 65.658470 5.351817 73.055931 1.900747 28.089523 63.426010 12.678685 6.028539 -54.556068 -16.458555 72.425102 5.376723 24.556328 72.818054 -47.309277 -3.376245
28.056450 68.564323 28.080969 57.476482 65.665703 5.352038 73.055008 1.900745 28.089523 63.426010 12.678685 6.028539 -54.556068 -16.458555 72.425102 5.376723 24.556328 72.818054 -47.323021 -3.947298
28.056450 68.564323 28.080969 57.476482 65.660500 5.351992 73.054680 1.900742 28.089523 63.426010 12.678685 6.028539 -54.556068 -16.458555 72.425102 5.376723 24.556328 72.818054 -47.336319 -4.518262
28.056450 68.564323 28.080969 57.476482 65.647423 5.351731 73.054596 1.900741 28.089523 63.426010 12.678685 6.028539 -54.556068 -16.458555 72.425102 5.376723 24.556328 72.818054 -47.349510 -5.089275
28.056450 68.564323 28.080969 57.476482 65.630516 5.351347 73.054581 1.900740 28.089523 63.426010 12.678685 6.028539 -54.556068 -16.458555 72.425102 5.376723 24.556328 72.818054 -47.362637 -5.660435
28.056450 68.564323 28.080969 57.476482 65.613083 5.350933 73.054581 1.900740 28.089523 63.426010 12.678685 6.028539 -54.556068 -16.458555 72.425102 5.376723 24.556328 72.818054 -47.375740 -6.231794
28.056450 68.564323 28.080969 57.476482 65.597839 5.350568 73.054588 1.900740 28.089523 63.426010 12.678685 6.028539 -54.556068 -16.458555 72.425102 5.376723 24.556328 72.818054 -47.388844 -6.803362
28.056450 68.564323 28.080969 57.476482 65.586716 5.350310 73.054588 1.900740 28.089523 63.426010 12.678685 6.028539 -54.556068 -16.458555 72.425102 5.376723 24.556328 72.818054 -47.402435 -7.373299
28.056450 68.564323 28.080969 57.476482 65.580589 5.350172 73.054581 1.900740 28.089523 63.426010 12.678685 6.028539 -54.556068 -16.458555 72.425102 5.376723 24.556328 72.818054 -47.415195 -7.935811
28.056450 68.564323 28.080969 57.476482 65.579262 5.350142 73.054581 1.900740 28.089523 63.426010 12.678685 6.028539 -54.556068 -16.458555 72.425102 5.376723 24.556328 72.818054 -47.427605 -8.498223
28.056450 68.564323 28.080969 57.476482 65.581772 5.350198 73.054581 1.900740 28.089523 63.426010 12.678685 6.028539 -54.556068 -16.458555 72.425102 5.376723 24.556328 72.818054 -47.440144 -9.064776
28.056450 68.564323 28.080969 57.476482 65.586777 5.350311 73.054581 1.900740 28.089523 63.426010 12.678685 6.028539 -54.556068 -16.458555 72.425102 5.376723 24.556328 72.818054 -47.453266 -9.635485
28.056450 68.564323 28.080969 57.476482 65.592857 5.350453 73.054581 1.900740 28.089523 63.426010 12.678685 6.028539 -54.556068 -16.458555 72.425102 5.376723 24.556328 72.818054 -47.466629 -10.214062
28.056450 68.564323 28.080969 57.476482 65.598770 5.350591 73.054581 1.900740 28.089523 63.426010 12.678685 6.028539 -54.556068 -16.458555 72.425102 5.376723 24.556328 72.818054 -47.479607 -10.794493
28.056450 68.564323 28.080969 57.476482 65.603584 5.350702 73.054581 1.900740 28.089523 63.426010 12.678685 6.028539 -54.556068 -16.458555 72.425102 5.376723 24.556328 72.818054 -47.492298 -11.371796
28.056450 68.564323 28.080969 57.476482 65.606773 5.350777 73.054581 1.900740 28.089523 63.426010 12.678685 6.028539 -54.556068 -16.458555 72.425102 5.376723 24.556328 72.818054 -47.504921 -11.945338
28.056450 68.564323 28.080969 57.476482 65.608192 5.350809 73.054581 1.900740 28.089523 63.426010 12.678685 6.028539 -54.556068 -16.458555 72.425102 5.376723 24.556328 72.818054 -47.517464 -12.516955
28.056450 68.564323 28.080969 57.476482 65.608040 5.350806 73.054581 1.900740 28.089523 63.426010 12.678685 6.028539 -54.556068 -16.458555 72.425102 5.376723 24.556328 72.818054 -47.529888 -13.088037
28.056450 68.564323 28.080969 57.476482 65.606705 5.350778 73.054581 1.900740 28.089523 63.426010 12.678685 6.028539 -54.556068 -16.458555 72.425102 5.376723 24.556328 72.818054 -47.542133 -13.659316
28.056450 68.564323 28.080969 57.476482 65.604713 5.350730 73.054581 1.900740 28.089523 63.426010 12.678685 6.028539 -54.556068 -16.458555 72.425102 5.376723 24.556328 72.818054 -47.554153 -14.231036
28.056450 68.564323 28.080969 57.476482 65.602547 5.350677 73.054581 1.900740 28.089523 63.426010 12.678685 6.028539 -54.556068 -16.458555 72.425102 5.376723 24.556328 72.818054 -47.565937 -14.803185
28.056450 68.564323 28.080969 57.476482 65.600586 5.350630 73.054581 1.900740 28.089523 63.426010 12.678685 6.028539 -54.556068 -16.458555 72.425102 5.376723 24.556328 72.818054 -47.577442 -15.375672
28.056450 68.564323 28.080969 57.476482 65.599113 5.350599 73.054581 1.900740 28.089523 63.426010 12.678685 6.028539 -54.556068 -16.458555 72.425102 5.376723 24.556328 72.818054 -47.588646 -15.948390
28.056450 68.564323 28.080969 57.476482 65.598259 5.350580 73.054581 1.900740 28.089523 63.426010 12.678685 6.028539 -54.556068 -16.458555 72.425102 5.376723 24.556328 72.818054 -47.599548 -16.521269
28.056450 68.564323 28.080969 57.476482 65.598015 5.350575 73.054581 1.900740 28.089523 63.426010 12.678685 6.028539 -54.556068 -16.458555 72.425102 5.376723 24.556328 72.818054 -47.610111 -17.094261
28.056450 68.564323 28.080969 57.476482 65.598274 5.350581 73.054581 1.900740 28.089523 63.426010 12.678685 6.028539 -54.556068 -16.458555 72.425102 5.376723 24.556328 72.818054 -47.620342 -17.667343
28.056450 68.564323 28.080969 57.476482 65.598877 5.350595 73.054581 1.900740 28.089523 63.426010 12.678685 6.028539 -54.556068 -16.458555 72.425102 5.376723 24.556328 72.818054 -47.630234 -18.240505
28.056450 68.564323 28.080969 57.476482 65.599640 5.350611 73.054581 1.900740 28.089523 63.426010 12.678685 6.028539 -54.556068 -16.458555 72.424973 5.376722 24.556328 72.818054 -47.639771 -18.813742
28.056450 68.564323 28.080969 57.476482 65.600388 5.350627 73.054581 1.900740 28.089523 63.426010 12.678685 6.028539 -54.556068 -16.458555 72.429306 5.376796 24.556328 72.818054 -47.648914 -19.387049
28.056450 68.564323 28.080969 57.476482 65.601021 5.350641 73.054581 1.900740 28.089523 63.426010 12.678685 6.028539 -54.556068 -16.458555 72.451111 5.377264 24.556328 72.818054 -47.657707 -19.960426
28.056450 68.564323 28.080969 57.476482 65.601456 5.350649 73.054581 1.900740 28.089523 63.426010 12.678685 6.028539 -54.556068 -16.458555 72.499435 5.378264 24.556328 72.818054 -47.666130 -20.533867
28.056450 68.564323 28.080969 57.476482 65.601646 5.350655 73.054581 1.900740 28.089523 63.426010 12.678685 6.028539 -54.556068 -16.458555 72.584679 5.379717 24.556328 72.818054 -47.674194 -21.107372
28.056450 68.564323 28.080969 57.476482 65.601646 5.350655 73.054581 1.900740 28.089523 63.426010 12.678685 6.028539 -54.556068 -16.458555 72.705803 5.381705 24.556328 72.818054 -47.681854 -21.680933
28.056450 68.564323 28.080969 57.476482 65.601509 5.350652 73.054581 1.900740 28.089523 63.426010 12.678685 6.028539 -54.556068 -16.458555 72.850739 5.384064 24.556328 72.818054 -47.689156 -22.254545
28.056450 68.564323 28.080969 57.476482 65.601280 5.350646 73.054581 1.900740 28.089523 63.426010 12.678685 6.028539 -54.556068 -16.458555 73.008736 5.386615 24.556328 72.818054 -47.696106 -22.828215
28.056450 68.564323 28.080969 57.476482 65.601021 5.350640 73.054581 1.900740 28.089523 63.426010 12.678685 6.028539 -54.556068 -16.458555 73.170753 5.389215 24.556328 72.818054 -47.702709 -23.401930
28.056450 68.564323 28.080969 57.476482 65.600792 5.350634 73.054581 1.900740 28.089523 63.426010 12.678685 6.028539 -54.556068 -16.458555 73.343620 5.391971 24.556328 72.818054 -47.708923 -23.975691
28.056450 68.564323 28.080969 57.476482 65.600563 5.350628 73.054581 1.900740 28.089523 63.426010 12.678685 6.028539 -54.556068 -16.458555 73.534737 5.395000 24.556328 72.818054 -47.714832 -24.549496
28.056450 68.564323 28.080969 57.476482 65.601418 5.350644 73.054581 1.900740 28.089523 63.426010 12.678685 6.028539 -54.556068 -16.458555 73.733940 5.398120 24.556328 72.818054 -47.720406 -25.123339
28.056450 68.564323 28.080969 57.476482 65.605431 5.350647 73.054581 1.900740 28.089523 63.426010 12.678685 6.028539 -54.556068 -16.458555 73.933144 5.401206 24.556328 72.818054 -47.725620 -25.697224
28.056450 68.564323 28.080969 57.476482 65.621239 5.350688 73.054581 1.900740 28.089523 63.426010 12.678685 6.028539 -54.556068 -16.458555 74.138947 5.404354 24.556328 72.818054 -47.730549 -26.271145
28.056450 68.564323 28.080969 57.476482 65.653000 5.351223 73.054581 1.900740 28.089523 63.426010 12.678685 6.028539 -54.556068 -16.458555 74.355560 5.407626 24.556328 72.818054 -47.735195 -26.845100
28.056450 68.564323 28.080969 57.476482 65.707573 5.352195 73.054581 1.900740 28.089523 63.426010 12.678685 6.028539 -54.556068 -16.458555 74.575005 5.410889 24.556328 72.818054 -47.739555 -27.419088
28.056450 68.564323 28.080969 57.476482 65.787933 5.353741 73.054581 1.900740 28.089523 63.426010 12.678685 6.028539 -54.556068 -16.458555 74.794060 5.414089 24.556328 72.818054 -47.743603 -27.993111
28.056450 68.564323 28.080969 57.476482 65.894173 5.355757 73.054581 1.900740 28.089523 63.426010 12.678685 6.028539 -54.556068 -16.458555 75.017624 5.417298 24.556328 72.818054 -47.746464 -28.564123
28.056450 68.564323 28.080969 57.476482 66.022423 5.358183 73.054581 1.900740 28.089523 63.426010 12.678685 6.028539 -54.556068 -16.458555 75.237854 5.420408 24.556328 72.818054 -47.700901 -29.126799
28.056450 68.564323 28.080969 57.476482 66.169113 5.360954 73.054581 1.900740 28.089523 63.426010 12.678685 6.028539 -54.556068 -16.458555 75.412598 5.422805 24.556328 72.818054 -47.612362 -29.687408
28.056450 68.564323 28.080969 57.476482 66.332169 5.364018 73.054581 1.900740 28.089523 63.426010 12.678685 6.028539 -54.556068 -16.458555 75.509850 5.424078 24.556328 72.818054 -47.540604 -30.250484
28.056450 68.564323 28.080969 57.476482 66.509392 5.367324 73.054581 1.900740 28.089523 63.426010 12.678685 6.028539 -54.556068 -16.458555 75.521355 5.424192 24.556328 72.818054 -47.463589 -30.812998
28.056450 68.564323 28.080969 57.476482 66.698006 5.370809 73.054581 1.900740 28.089523 63.426010 12.678685 6.028539 -54.556068 -16.458555 75.518394 5.424158 24.556328 72.818054 -47.369522 -31.374001
28.056450 68.564323 28.080969 57.476482 66.895393 5.374410 73.054581 1.900740 28.089523 63.426010 12.678685 6.028539 -54.556068 -16.458555 75.514206 5.424129 24.556328 72.818054 -47.272400 -31.935360
28.056450 68.564323 28.080969 57.476482 67.099480 5.378052 73.054581 1.900740 28.089523 63.426010 12.678685 6.028539 -54.556068 -16.458555 75.511108 5.424112 24.556328 72.818054 -47.170223 -32.496510
28.056450 68.564323 28.080969 57.476482 67.308708 5.381713 73.054581 1.900740 28.089523 63.426010 12.678685 6.028539 -54.556068 -16.458555 75.509453 5.424106 24.556328 72.818054 -47.063095 -33.057129
28.056450 68.564323 28.080969 57.476482 67.521919 5.385363 73.054581 1.900740 28.089523 63.426010 12.678685 6.028539 -54.556068 -16.458555 75.508835 5.424104 24.556328 72.818054 -46.948956 -33.616787
28.056450 68.564323 28.080969 57.476482 67.738327 5.388977 73.054581 1.900740 28.089523 63.426010 12.678685 6.028539 -54.556068 -16.458555 75.508766 5.424105 24.556328 72.818054 -46.829460 -34.175720
28.056450 68.564323 28.080969 57.476482 67.957458 5.392539 73.054581 1.900740 28.089523 63.426010 12.678685 6.028539 -54.556068 -16.458555 75.508873 5.424106 24.556328 72.818054 -46.705063 -34.733894
28.056450 68.564323 28.080969 57.476482 68.179085 5.396084 73.054581 1.900740 28.089523 63.426010 12.678685 6.028539 -54.556068 -16.458555 75.508995 5.424107 24.556328 72.818054 -46.575718 -35.291233
28.056450 68.564323 28.080969 57.476482 68.398346 5.399475 73.054581 1.900740 28.089523 63.426010 12.678685 6.028539 -54.556068 -16.458555 75.509071 5.424108 24.556328 72.818054 -46.441624 -35.847698
28.056450 68.564323 28.080969 57.476482 68.592628 5.402346 73.054581 1.900740 28.089523 63.426010 12.678685 6.028539 -54.556068 -16.458555 75.509109 5.424108 24.556328 72.818054 -46.302910 -36.403267
28.056450 68.564323 28.080969 57.476482 68.739616 5.404421 73.054581 1.900740 28.089523 63.426010 12.678685 6.028539 -54.556068 -16.458555 75.509125 5.424108 24.556328 72.818054 -46.159607 -36.957886
28.056450 68.564323 28.080969 57.476482 68.826004 5.405614 73.054581 1.900740 28.089523 63.426010 12.678685 6.028539 -54.556068 -16.458555 75.509125 5.424108 24.556328 72.818054 -46.011692 -37.511471
28.056450 68.564323 28.080969 57.476482 68.852333 5.406017 73.054581 1.900740 28.089523 63.426010 12.678685 6.028539 -54.556068 -16.458555 75.509117 5.424108 24.556328 72.818054 -45.861019 -38.064415
28.056450 68.564323 28.080969 57.476482 68.857422 5.406256 73.054581 1.900740 28.089523 63.426010 12.678685 6.028539 -54.556068 -16.458555 75.509117 5.424108 24.556328 72.818054 -45.718304 -38.619427
28.056450 68.564323 28.080969 57.476482 68.851440 5.406297 73.054581 1.900740 28.089523 63.426010 12.678685 6.028539 -54.556068 -16.458555 75.509109 5.424108 24.556328 72.818054 -45.583668 -39.176636
28.056450 68.564323 28.080969 57.476482 68.838547 5.406133 73.054581 1.900740 28.089523 63.426010 12.678685 6.028539 -54.556068 -16.458555 75.509117 5.424108 24.556328 72.818054 -45.450134 -39.734322
28.056450 68.564323 28.080969 57.476482 68.822433 5.405838 73.054581 1.900740 28.089523 63.426010 12.678685 6.028539 -54.556068 -16.458555 75.509117 5.424108 24.556328 72.818054 -45.315727 -40.291935
28.056450 68.564323 28.080969 57.476482 68.806221 5.405500 73.054581 1.900740 28.089523 63.426010 12.678685 6.028539 -54.556068 -16.458555 75.509117 5.424108 24.556328 72.818054 -45.183456 -40.850086
28.056450 68.564323 28.080969 57.476482 68.792389 5.405203 73.054581 1.900740 28.089523 63.426010 12.678685 6.028539 -54.556068 -16.458555 75.509117 5.424108 24.556328 72.818054 -45.058613 -41.409897
28.056450 68.564323 28.080969 57.476482 68.782639 5.405002 73.054581 1.900740 28.089523 63.426010 12.678685 6.028539 -54.556068 -16.458555 75.509117 5.424108 24.556328 72.818054 -44.943432 -41.971836
28.056450 68.564323 28.080969 57.476482 68.777588 5.404903 73.054581 1.900740 28.089523 63.426010 12.678685 6.028539 -54.556068 -16.458555 75.509117 5.424108 24.556328 72.818054 -44.837734 -42.535728
28.056450 68.564323 28.080969 57.476482 68.776970 5.404892 73.054581 1.900740 28.089523 63.426010 12.678685 6.028539 -54.556068 -16.458555 75.509117 5.424108 24.556328 72.818054 -44.740803 -43.101292
28.056450 68.564323 28.080969 57.476482 68.779770 5.404947 73.054581 1.900740 28.089523 63.426010 12.678685 6.028539 -54.556068 -16.458555 75.509117 5.424108 24.556328 72.818054 -44.652157 -43.668316
28.056450 68.564323 28.080969 57.476482 68.784721 5.405043 73.054581 1.900740 28.089523 63.426010 12.678685 6.028539 -54.556068 -16.458555 75.509117 5.424108 24.556328 72.818054 -44.571342 -44.236580
28.056450 68.564323 28.080969 57.476482 68.790466 5.405154 73.054581 1.900740 28.089523 63.426010 12.678685 6.028539 -54.556068 -16.458555 75.509117 5.424108 24.556328 72.818054 -44.497772 -44.805950
28.056450 68.564323 28.080969 57.476482 68.795921 5.405261 73.054581 1.900740 28.089523 63.426010 12.678685 6.028539 -54.556068 -16.458555 75.509117 5.424108 24.556328 72.818054 -44.430481 -45.376137
28.056450 68.564323 28.080969 57.476482 68.800240 5.405347 73.054581 1.900740 28.089523 63.426010 12.678685 6.028539 -54.556068 -16.458555 75.509117 5.424108 24.556328 72.818054 -44.370457 -45.947212
28.056450 68.564323 28.080969 57.476482 68.802979 5.405404 73.054619 1.900741 28.089523 63.426010 12.678685 6.028539 -54.556068 -16.458555 75.509117 5.424108 24.556328 72.818054 -44.316757 -46.519009
28.056450 68.564323 28.080969 57.476482 68.804070 5.405425 73.070312 1.901004 28.089523 63.426010 12.678685 6.028539 -54.556068 -16.458555 75.509117 5.424108 24.556328 72.818054 -44.268799 -47.091412
28.056450 68.564323 28.080969 57.476482 68.803726 5.405418 73.134010 1.901832 28.089523 63.426010 12.678685 6.028539 -54.556068 -16.458555 75.509117 5.424108 24.556328 72.818054 -44.226269 -47.664291
28.056450 68.564323 28.080969 57.476482 68.802345 5.405393 73.234818 1.903098 28.089523 63.426010 12.678685 6.028539 -54.556068 -16.458555 75.509117 5.424108 24.556328 72.818054 -44.188770 -48.237587
28.056450 68.564323 28.080969 57.476482 68.800400 5.405357 73.339355 1.904366 28.089523 63.426010 12.678685 6.028539 -54.556068 -16.458555 75.509117 5.424108 24.556328 72.818054 -44.155937 -48.811234
28.056450 68.564323 28.080969 57.476482 68.798370 5.405320 73.459404 1.905804 28.089523 63.426010 12.678685 6.028539 -54.556068 -16.458555 75.509117 5.424108 24.556328 72.818054 -44.127457 -49.385174
28.056450 68.564323 28.080969 57.476482 68.796562 5.405287 73.613380 1.907662 28.089523 63.426010 12.678685 6.028539 -54.556068 -16.458555 75.509117 5.424108 24.556328 72.818054 -44.102943 -49.959339
28.056450 68.564323 28.080969 57.476482 68.795265 5.405264 73.791168 1.909762 28.089523 63.426010 12.678685 6.028539 -54.556068 -16.458555 75.509117 5.424108 24.556328 72.818054 -44.082104 -50.533710
28.056450 68.564323 28.080969 57.476482 68.794556 5.405251 73.984055 1.911997 28.089523 63.426010 12.678685 6.028539 -54.556068 -16.458555 75.509117 5.424108 24.556328 72.818054 -44.064842 -51.108246
28.056450 68.564323 28.080969 57.476482 68.794411 5.405248 74.199852 1.914468 28.089523 63.426010 12.678685 6.028539 -54.556068 -16.458555 75.509117 5.424108 24.556328 72.818054 -44.050518 -51.682896
28.056450 68.564323 28.080969 57.476482 68.794724 5.405255 74.437431 1.917130 28.089523 63.426010 12.678685 6.028539 -54.556068 -16.458555 75.509117 5.424108 24.556328 72.818054 -44.038940 -52.257660
28.056450 68.564323 28.080969 57.476482 68.795326 5.405267 74.680244 1.919780 28.089523 63.426010 12.678685 6.028539 -54.556068 -16.458555 75.509117 5.424108 24.556328 72.818054 -44.029964 -52.832504
