-2.164244842529296875e+01 1.938827514648437500e+02 -9.493179321289062500e+00 1.146543121337890625e+02 -5.691246986389160156e+00 1.837715759277343750e+02 9.069700622558593750e+01 -1.363998107910156250e+02 8.519469261169433594e+00 -6.965353393554687500e+01 3.320479965209960938e+01 -1.376673583984375000e+02 -7.431518554687500000e+01 2.057159805297851562e+01 2.151779174804687500e+02 1.749707794189453125e+02 -8.490328216552734375e+01 -1.562669372558593750e+02 -1.023130722045898438e+02 1.363817443847656250e+02
-2.218538475036621094e+01 1.938999633789062500e+02 -9.493179321289062500e+00 1.146543121337890625e+02 -5.691246986389160156e+00 1.837715759277343750e+02 9.016592407226562500e+01 -1.364080352783203125e+02 8.542150497436523438e+00 -7.019355010986328125e+01 3.296935653686523438e+01 -1.376710815429687500e+02 -7.431518554687500000e+01 2.057159805297851562e+01 2.139303283691406250e+02 1.761074981689453125e+02 -8.490914916992187500e+01 -1.560390014648437500e+02 -1.023130722045898438e+02 1.363817443847656250e+02
-2.272875213623046875e+01 1.939131927490234375e+02 -9.493179321289062500e+00 1.146543121337890625e+02 -5.691246986389160156e+00 1.837715759277343750e+02 8.963253021240234375e+01 -1.364163208007812500e+02 8.562483787536621094e+00 -7.073419952392578125e+01 3.272488403320312500e+01 -1.376751403808593750e+02 -7.431518554687500000e+01 2.057159805297851562e+01 2.126438751220703125e+02 1.772149963378906250e+02 -8.491490173339843750e+01 -1.558113403320312500e+02 -1.023130722045898438e+02 1.363817443847656250e+02
-2.327248001098632812e+01 1.939235839843750000e+02 -9.493179321289062500e+00 1.146543121337890625e+02 -5.691246986389160156e+00 1.837715759277343750e+02 8.909790039062500000e+01 -1.364246368408203125e+02 8.580557823181152344e+00 -7.127542877197265625e+01 3.249409484863281250e+01 -1.376788024902343750e+02 -7.431518554687500000e+01 2.057159805297851562e+01 2.113183135986328125e+02 1.782951660156250000e+02 -8.492051696777343750e+01 -1.555856933593750000e+02 -1.023130722045898438e+02 1.363817443847656250e+02
-2.381646347045898438e+01 1.939315643310546875e+02 -9.493179321289062500e+00 1.146543121337890625e+02 -5.691246986389160156e+00 1.837715759277343750e+02 8.856226348876953125e+01 -1.364329376220703125e+02 8.597082138061523438e+00 -7.181712341308593750e+01 3.225688552856445312e+01 -1.376823730468750000e+02 -7.431518554687500000e+01 2.057156372070312500e+01 2.099583892822265625e+02 1.793453674316406250e+02 -8.492604064941406250e+01 -1.553616790771484375e+02 -1.023130722045898438e+02 1.363817443847656250e+02
-2.436067771911621094e+01 1.939367675781250000e+02 -9.493179321289062500e+00 1.146543121337890625e+02 -5.691246986389160156e+00 1.837715759277343750e+02 8.802561950683593750e+01 -1.364412231445312500e+02 8.611753463745117188e+00 -7.235923004150390625e+01 3.201502227783203125e+01 -1.376858520507812500e+02 -7.431531524658203125e+01 2.055728912353515625e+01 2.085667572021484375e+02 1.803646392822265625e+02 -8.493148040771484375e+01 -1.551387023925781250e+02 -1.023130722045898438e+02 1.363817443847656250e+02
-2.490506935119628906e+01 1.939401550292968750e+02 -9.493179321289062500e+00 1.146543121337890625e+02 -5.691246986389160156e+00 1.837715759277343750e+02 8.748805236816406250e+01 -1.364495391845703125e+02 8.625190734863281250e+00 -7.290166473388671875e+01 3.178815650939941406e+01 -1.376891021728515625e+02 -7.431558990478515625e+01 2.049172973632812500e+01 2.071431427001953125e+02 1.813544311523437500e+02 -8.493751525878906250e+01 -1.548940124511718750e+02 -1.023130722045898438e+02 1.363817443847656250e+02
-2.544963264465332031e+01 1.939413299560546875e+02 -9.493179321289062500e+00 1.146543121337890625e+02 -5.691246986389160156e+00 1.837715759277343750e+02 8.694969177246093750e+01 -1.364578399658203125e+02 8.636981010437011719e+00 -7.344440460205078125e+01 3.155679702758789062e+01 -1.376924896240234375e+02 -7.431612396240234375e+01 2.037450599670410156e+01 2.056930999755859375e+02 1.823122558593750000e+02 -8.494483184814453125e+01 -1.546041412353515625e+02 -1.023130722045898438e+02 1.363817443847656250e+02
-2.599431991577148438e+01 1.939411163330078125e+02 -9.493179321289062500e+00 1.146543121337890625e+02 -5.691246986389160156e+00 1.837715759277343750e+02 8.641068267822265625e+01 -1.364662017822265625e+02 8.647652626037597656e+00 -7.398740386962890625e+01 3.131616210937500000e+01 -1.376959533691406250e+02 -7.431692504882812500e+01 2.020990562438964844e+01 2.042153015136718750e+02 1.832401580810546875e+02 -8.495334625244140625e+01 -1.542736053466796875e+02 -1.023130722045898438e+02 1.363817443847656250e+02
-2.653911399841308594e+01 1.939389648437500000e+02 -9.493179321289062500e+00 1.146543121337890625e+02 -5.691246986389160156e+00 1.837715759277343750e+02 8.587110137939453125e+01 -1.364746093750000000e+02 8.657526969909667969e+00 -7.453060150146484375e+01 3.108790779113769531e+01 -1.376992034912109375e+02 -7.431772613525390625e+01 2.000081062316894531e+01 2.027154846191406250e+02 1.841354827880859375e+02 -8.496292114257812500e+01 -1.539097595214843750e+02 -1.023130722045898438e+02 1.363817443847656250e+02
-2.708400726318359375e+01 1.939355621337890625e+02 -9.493179321289062500e+00 1.146543121337890625e+02 -5.691246986389160156e+00 1.837715759277343750e+02 8.533101654052734375e+01 -1.364830017089843750e+02 8.666331291198730469e+00 -7.507398986816406250e+01 3.085378265380859375e+01 -1.377023162841796875e+02 -7.431848144531250000e+01 1.977125358581542969e+01 2.011920471191406250e+02 1.850008697509765625e+02 -8.497312927246093750e+01 -1.535182342529296875e+02 -1.023130722045898438e+02 1.363817443847656250e+02
-2.762897872924804688e+01 1.939313201904296875e+02 -9.493179321289062500e+00 1.146543121337890625e+02 -5.691246986389160156e+00 1.837715759277343750e+02 8.479050445556640625e+01 -1.364914093017578125e+02 8.674505233764648438e+00 -7.561753082275390625e+01 3.061398887634277344e+01 -1.377055664062500000e+02 -7.431922912597656250e+01 1.954149818420410156e+01 1.996499023437500000e+02 1.858340454101562500e+02 -8.498386383056640625e+01 -1.531031646728515625e+02 -1.023130722045898438e+02 1.363817443847656250e+02
-2.817401885986328125e+01 1.939257965087890625e+02 -9.493179321289062500e+00 1.146543121337890625e+02 -5.691246986389160156e+00 1.837715759277343750e+02 8.424961853027343750e+01 -1.364998016357421875e+02 8.681856155395507812e+00 -7.616121673583984375e+01 3.038742065429687500e+01 -1.377086791992187500e+02 -7.431996917724609375e+01 1.931326866149902344e+01 1.980863494873046875e+02 1.866378479003906250e+02 -8.499501037597656250e+01 -1.526682586669921875e+02 -1.023130722045898438e+02 1.363817443847656250e+02
-2.871912384033203125e+01 1.939194946289062500e+02 -9.493179321289062500e+00 1.146543121337890625e+02 -5.691246986389160156e+00 1.837715759277343750e+02 8.370899200439453125e+01 -1.365095825195312500e+02 8.688739776611328125e+00 -7.670500946044921875e+01 3.015640068054199219e+01 -1.377117767333984375e+02 -7.432070922851562500e+01 1.908616256713867188e+01 1.965058898925781250e+02 1.874101562500000000e+02 -8.500648498535156250e+01 -1.522166900634765625e+02 -1.023130722045898438e+02 1.363817443847656250e+02
-2.926427650451660156e+01 1.939123382568359375e+02 -9.493179321289062500e+00 1.146543121337890625e+02 -5.691246986389160156e+00 1.837715759277343750e+02 8.316818237304687500e+01 -1.365191802978515625e+02 8.694897651672363281e+00 -7.724891662597656250e+01 2.991647720336914062e+01 -1.377150115966796875e+02 -7.432144165039062500e+01 1.885963058471679688e+01 1.949083404541015625e+02 1.881516571044921875e+02 -8.501757812500000000e+01 -1.517510223388671875e+02 -1.023130722045898438e+02 1.363817443847656250e+02
-2.980948638916015625e+01 1.939047393798828125e+02 -9.493179321289062500e+00 1.146543121337890625e+02 -5.691246986389160156e+00 1.837715759277343750e+02 8.262500762939453125e+01 -1.365238647460937500e+02 8.700613021850585938e+00 -7.779291534423828125e+01 2.968796539306640625e+01 -1.377180480957031250e+02 -7.432222747802734375e+01 1.861120605468750000e+01 1.932930603027343750e+02 1.888635559082031250e+02 -8.502636718750000000e+01 -1.512733917236328125e+02 -1.023130722045898438e+02 1.363817443847656250e+02
-3.035473632812500000e+01 1.938963165283203125e+02 -9.493179321289062500e+00 1.146543121337890625e+02 -5.691246986389160156e+00 1.837715759277343750e+02 8.208238220214843750e+01 -1.365242309570312500e+02 8.706078529357910156e+00 -7.833699035644531250e+01 2.945483779907226562e+01 -1.377209777832031250e+02 -7.432315063476562500e+01 1.831769371032714844e+01 1.916648712158203125e+02 1.895445709228515625e+02 -8.502910614013671875e+01 -1.507857513427734375e+02 -1.023130722045898438e+02 1.363817443847656250e+02
-3.090002822875976562e+01 1.938874816894531250e+02 -9.493179321289062500e+00 1.146543121337890625e+02 -5.691246986389160156e+00 1.837715759277343750e+02 8.153827667236328125e+01 -1.365290527343750000e+02 8.711137771606445312e+00 -7.888114929199218750e+01 2.921841239929199219e+01 -1.377240753173828125e+02 -7.432422637939453125e+01 1.798384094238281250e+01 1.900222167968750000e+02 1.901948852539062500e+02 -8.502111053466796875e+01 -1.502899017333984375e+02 -1.023130722045898438e+02 1.363817443847656250e+02
-3.144536018371582031e+01 1.938783569335937500e+02 -9.493179321289062500e+00 1.146543121337890625e+02 -5.691246986389160156e+00 1.837715759277343750e+02 8.099186706542968750e+01 -1.365383605957031250e+02 8.716013908386230469e+00 -7.942536926269531250e+01 2.904032325744628906e+01 -1.377263946533203125e+02 -7.432540893554687500e+01 1.761708831787109375e+01 1.883661499023437500e+02 1.908146820068359375e+02 -8.499943542480468750e+01 -1.497865142822265625e+02 -1.023130722045898438e+02 1.363817443847656250e+02
-3.199072837829589844e+01 1.938688507080078125e+02 -9.493179321289062500e+00 1.146543121337890625e+02 -5.691246986389160156e+00 1.837715759277343750e+02 8.044641876220703125e+01 -1.365464630126953125e+02 8.720600128173828125e+00 -7.996965789794921875e+01 2.895944023132324219e+01 -1.377272796630859375e+02 -7.432669067382812500e+01 1.722297096252441406e+01 1.866931762695312500e+02 1.914059906005859375e+02 -8.496220397949218750e+01 -1.492783203125000000e+02 -1.023130722045898438e+02 1.363817443847656250e+02
-3.253613281250000000e+01 1.938591156005859375e+02 -9.493179321289062500e+00 1.146543121337890625e+02 -5.691246986389160156e+00 1.837715759277343750e+02 7.991562652587890625e+01 -1.365527801513671875e+02 8.725075721740722656e+00 -8.051399230957031250e+01 2.895769691467285156e+01 -1.377272796630859375e+02 -7.432805633544921875e+01 1.680550956726074219e+01 1.850093536376953125e+02 1.919672546386718750e+02 -8.490280914306640625e+01 -1.487676086425781250e+02 -1.023130722045898438e+02 1.363817443847656250e+02
-3.308156967163085938e+01 1.938491210937500000e+02 -9.493179321289062500e+00 1.146543121337890625e+02 -5.691246986389160156e+00 1.837715759277343750e+02 7.944171905517578125e+01 -1.365571899414062500e+02 8.729310989379882812e+00 -8.105838012695312500e+01 2.896608161926269531e+01 -1.377271728515625000e+02 -7.432986450195312500e+01 1.636822700500488281e+01 1.833137207031250000e+02 1.924979858398437500e+02 -8.482402801513671875e+01 -1.482543487548828125e+02 -1.023130722045898438e+02 1.363817443847656250e+02
-3.362704086303710938e+01 1.938389587402343750e+02 -9.493179321289062500e+00 1.146543121337890625e+02 -5.691246986389160156e+00 1.837715759277343750e+02 7.898509979248046875e+01 -1.365631103515625000e+02 8.733428001403808594e+00 -8.160281372070312500e+01 2.897240447998046875e+01 -1.377271270751953125e+02 -7.433326721191406250e+01 1.591391086578369141e+01 1.816075592041015625e+02 1.929981231689453125e+02 -8.472765350341796875e+01 -1.477419891357421875e+02 -1.023130722045898438e+02 1.363817443847656250e+02
-3.417254257202148438e+01 1.938285522460937500e+02 -9.493179321289062500e+00 1.146543121337890625e+02 -5.691246986389160156e+00 1.837715759277343750e+02 7.851934051513671875e+01 -1.365699615478515625e+02 8.737522125244140625e+00 -8.214728546142578125e+01 2.897573661804199219e+01 -1.377271118164062500e+02 -7.433823394775390625e+01 1.544498825073242188e+01 1.798902282714843750e+02 1.934685058593750000e+02 -8.460729217529296875e+01 -1.472311401367187500e+02 -1.023130722045898438e+02 1.363817443847656250e+02
-3.471807479858398438e+01 1.938180999755859375e+02 -9.493179321289062500e+00 1.146543121337890625e+02 -5.691246986389160156e+00 1.837715759277343750e+02 7.805159759521484375e+01 -1.365770111083984375e+02 8.741522789001464844e+00 -8.269181823730468750e+01 2.897717285156250000e+01 -1.377270965576171875e+02 -7.433922576904296875e+01 1.496489429473876953e+01 1.781633758544921875e+02 1.939081726074218750e+02 -8.447653198242187500e+01 -1.467215423583984375e+02 -1.023130722045898438e+02 1.363817443847656250e+02
-3.526364135742187500e+01 1.938074493408203125e+02 -9.493179321289062500e+00 1.146543121337890625e+02 -5.691246986389160156e+00 1.837715759277343750e+02 7.758380889892578125e+01 -1.365840911865234375e+02 8.745516777038574219e+00 -8.323634338378906250e+01 2.897768402099609375e+01 -1.377270965576171875e+02 -7.433654785156250000e+01 1.447493839263916016e+01 1.764274749755859375e+02 1.943168487548828125e+02 -8.431816101074218750e+01 -1.462169342041015625e+02 -1.023130722045898438e+02 1.363817443847656250e+02
-3.580923080444335938e+01 1.937967681884765625e+02 -9.493179321289062500e+00 1.146543121337890625e+02 -5.691246986389160156e+00 1.837715759277343750e+02 7.711663055419921875e+01 -1.365912170410156250e+02 8.749459266662597656e+00 -8.378097534179687500e+01 2.897782325744628906e+01 -1.377271118164062500e+02 -7.433675384521484375e+01 1.397780990600585938e+01 1.746831817626953125e+02 1.946946105957031250e+02 -8.414208984375000000e+01 -1.457185974121093750e+02 -1.023130722045898438e+02 1.363817443847656250e+02
-3.635485458374023438e+01 1.937859191894531250e+02 -9.493179321289062500e+00 1.146543121337890625e+02 -5.691246986389160156e+00 1.837715759277343750e+02 7.665031433105468750e+01 -1.365983123779296875e+02 8.753413200378417969e+00 -8.432560729980468750e+01 2.897783088684082031e+01 -1.377271118164062500e+02 -7.433888244628906250e+01 1.347432231903076172e+01 1.729302673339843750e+02 1.950416564941406250e+02 -8.393443298339843750e+01 -1.452290802001953125e+02 -1.023130722045898438e+02 1.363817443847656250e+02
-3.690050506591796875e+01 1.937751007080078125e+02 -9.493179321289062500e+00 1.146543121337890625e+02 -5.691246986389160156e+00 1.837715759277343750e+02 7.617962646484375000e+01 -1.366055297851562500e+02 8.757346153259277344e+00 -8.487023925781250000e+01 2.897780609130859375e+01 -1.377271118164062500e+02 -7.434230041503906250e+01 1.296544551849365234e+01 1.711705627441406250e+02 1.953578338623046875e+02 -8.372722625732421875e+01 -1.447398529052734375e+02 -1.023130722045898438e+02 1.363817443847656250e+02
-3.744618225097656250e+01 1.937640991210937500e+02 -9.493179321289062500e+00 1.146543121337890625e+02 -5.691246986389160156e+00 1.837715759277343750e+02 7.568859863281250000e+01 -1.366130676269531250e+02 8.761298179626464844e+00 -8.541497039794921875e+01 2.897777557373046875e+01 -1.377271118164062500e+02 -7.434409332275390625e+01 1.245074939727783203e+01 1.694031982421875000e+02 1.956428985595703125e+02 -8.348044586181640625e+01 -1.442704620361328125e+02 -1.023130722045898438e+02 1.363817443847656250e+02
-3.744618225097656250e+01 1.937640991210937500e+02 -9.493179321289062500e+00 1.146543121337890625e+02 -5.691246986389160156e+00 1.837715759277343750e+02 7.518027496337890625e+01 -1.366213836669921875e+02 8.765245437622070312e+00 -8.595969390869140625e+01 2.897774887084960938e+01 -1.377270965576171875e+02 -7.434404754638671875e+01 1.194554901123046875e+01 1.676283721923828125e+02 1.958975219726562500e+02 -8.321132659912109375e+01 -1.438119354248046875e+02 -1.023130722045898438e+02 1.363817443847656250e+02
-3.853761672973632812e+01 1.937414245605468750e+02 -9.493179321289062500e+00 1.146543121337890625e+02 -5.691246986389160156e+00 1.837715759277343750e+02 7.465329742431640625e+01 -1.366322021484375000e+02 8.769206047058105469e+00 -8.650442504882812500e+01 2.897772216796875000e+01 -1.377271118164062500e+02 -7.434529876708984375e+01 1.149885463714599609e+01 1.658502044677734375e+02 1.961235351562500000e+02 -8.292174530029296875e+01 -1.433690490722656250e+02 -1.023130722045898438e+02 1.363817443847656250e+02
-3.853761672973632812e+01 1.937414245605468750e+02 -9.493179321289062500e+00 1.146543121337890625e+02 -5.691246986389160156e+00 1.837715759277343750e+02 7.411753082275390625e+01 -1.366440277099609375e+02 8.773159980773925781e+00 -8.704924774169921875e+01 2.897769546508789062e+01 -1.377271118164062500e+02 -7.434683990478515625e+01 1.108441257476806641e+01 1.640655364990234375e+02 1.963235321044921875e+02 -8.261161804199218750e+01 -1.429396820068359375e+02 -1.023130722045898438e+02 1.363817443847656250e+02
-3.962913131713867188e+01 1.937169647216796875e+02 -9.493179321289062500e+00 1.146543121337890625e+02 -5.691246986389160156e+00 1.837715759277343750e+02 7.357561492919921875e+01 -1.366554107666015625e+02 8.777107238769531250e+00 -8.759407043457031250e+01 2.897767066955566406e+01 -1.377271118164062500e+02 -7.434819030761718750e+01 1.069063568115234375e+01 1.622747192382812500e+02 1.964992218017578125e+02 -8.229384613037109375e+01 -1.425209045410156250e+02 -1.023130722045898438e+02 1.363817443847656250e+02
-4.017488861083984375e+01 1.937032623291015625e+02 -9.493179321289062500e+00 1.146543121337890625e+02 -5.691246986389160156e+00 1.837715759277343750e+02 7.302756500244140625e+01 -1.366649627685546875e+02 8.781044960021972656e+00 -8.813889312744140625e+01 2.897764587402343750e+01 -1.377271118164062500e+02 -7.434930419921875000e+01 1.035386180877685547e+01 1.604845275878906250e+02 1.966519317626953125e+02 -8.195288848876953125e+01 -1.421211853027343750e+02 -1.023130722045898438e+02 1.363817443847656250e+02
-4.072060775756835938e+01 1.936877746582031250e+02 -9.493179321289062500e+00 1.146543121337890625e+02 -5.691246986389160156e+00 1.837715759277343750e+02 7.248027038574218750e+01 -1.366748046875000000e+02 8.784963607788085938e+00 -8.868379974365234375e+01 2.897762107849121094e+01 -1.377271118164062500e+02 -7.435037231445312500e+01 1.002813720703125000e+01 1.586908111572265625e+02 1.967842712402343750e+02 -8.159976196289062500e+01 -1.417245635986328125e+02 -1.023130722045898438e+02 1.363817443847656250e+02
-4.126628494262695312e+01 1.936697082519531250e+02 -9.493179321289062500e+00 1.146543121337890625e+02 -5.691246986389160156e+00 1.837715759277343750e+02 7.194216156005859375e+01 -1.366860656738281250e+02 8.788882255554199219e+00 -8.922872161865234375e+01 2.897759628295898438e+01 -1.377271118164062500e+02 -7.435134887695312500e+01 9.719299316406250000e+00 1.568946533203125000e+02 1.968984985351562500e+02 -8.122150421142578125e+01 -1.413408203125000000e+02 -1.023130722045898438e+02 1.363817443847656250e+02
-4.181187438964843750e+01 1.936487579345703125e+02 -9.493179321289062500e+00 1.146543121337890625e+02 -5.691246986389160156e+00 1.837715759277343750e+02 7.139271545410156250e+01 -1.367023773193359375e+02 8.792835235595703125e+00 -8.977364349365234375e+01 2.897757339477539062e+01 -1.377271118164062500e+02 -7.435214233398437500e+01 9.472827911376953125e+00 1.550996856689453125e+02 1.969954833984375000e+02 -8.081785583496093750e+01 -1.409771423339843750e+02 -1.023130722045898438e+02 1.363817443847656250e+02
-4.235726547241210938e+01 1.936238250732421875e+02 -9.493179321289062500e+00 1.146543121337890625e+02 -5.691246986389160156e+00 1.837715759277343750e+02 7.082635498046875000e+01 -1.367231597900390625e+02 8.796850204467773438e+00 -9.031858825683593750e+01 2.897754859924316406e+01 -1.377271118164062500e+02 -7.435285949707031250e+01 9.252628326416015625e+00 1.533000488281250000e+02 1.970781555175781250e+02 -8.040377044677734375e+01 -1.406217498779296875e+02 -1.023130722045898438e+02 1.363817443847656250e+02
-4.290238571166992188e+01 1.935933532714843750e+02 -9.493179321289062500e+00 1.146543121337890625e+02 -5.691246986389160156e+00 1.837715759277343750e+02 7.024928283691406250e+01 -1.367246398925781250e+02 8.800948143005371094e+00 -9.086360931396484375e+01 2.897752380371093750e+01 -1.377271118164062500e+02 -7.435369110107421875e+01 9.030375480651855469e+00 1.514999542236328125e+02 1.971477661132812500e+02 -7.997624206542968750e+01 -1.402791595458984375e+02 -1.023130722045898438e+02 1.363817443847656250e+02
-4.344718170166015625e+01 1.935574340820312500e+02 -9.493179321289062500e+00 1.146543121337890625e+02 -5.691246986389160156e+00 1.837715759277343750e+02 6.966921997070312500e+01 -1.367297821044921875e+02 8.805161476135253906e+00 -9.140863037109375000e+01 2.897749900817871094e+01 -1.377271118164062500e+02 -7.435428619384765625e+01 8.863656044006347656e+00 1.496972808837890625e+02 1.972056579589843750e+02 -7.953375244140625000e+01 -1.399512329101562500e+02 -1.023130722045898438e+02 1.363817443847656250e+02
-4.399151229858398438e+01 1.935151672363281250e+02 -9.493179321289062500e+00 1.146543121337890625e+02 -5.691246986389160156e+00 1.837715759277343750e+02 6.908892822265625000e+01 -1.367394561767578125e+02 8.809505462646484375e+00 -9.195365142822265625e+01 2.897747421264648438e+01 -1.377271118164062500e+02 -7.435458374023437500e+01 8.800144195556640625e+00 1.478931732177734375e+02 1.972530059814453125e+02 -7.907943725585937500e+01 -1.396362609863281250e+02 -1.023130722045898438e+02 1.363817443847656250e+02
-4.453524780273437500e+01 1.934659881591796875e+02 -9.493179321289062500e+00 1.146543121337890625e+02 -5.691246986389160156e+00 1.837715759277343750e+02 6.851753997802734375e+01 -1.367553405761718750e+02 8.814010620117187500e+00 -9.249874114990234375e+01 2.897745132446289062e+01 -1.377271118164062500e+02 -7.435461425781250000e+01 8.803033828735351562e+00 1.460880432128906250e+02 1.972909088134765625e+02 -7.861307525634765625e+01 -1.393361206054687500e+02 -1.023130722045898438e+02 1.363817443847656250e+02
-4.507826614379882812e+01 1.934094238281250000e+02 -9.493179321289062500e+00 1.146543121337890625e+02 -5.691246986389160156e+00 1.837715759277343750e+02 6.795043945312500000e+01 -1.367661132812500000e+02 8.818707466125488281e+00 -9.304386138916015625e+01 2.897742652893066406e+01 -1.377271118164062500e+02 -7.435457611083984375e+01 8.810763359069824219e+00 1.442821044921875000e+02 1.973204193115234375e+02 -7.813613128662109375e+01 -1.390499725341796875e+02 -1.023130722045898438e+02 1.363817443847656250e+02
-4.562041473388671875e+01 1.933450164794921875e+02 -9.493179321289062500e+00 1.146543121337890625e+02 -5.691246986389160156e+00 1.837715759277343750e+02 6.738214874267578125e+01 -1.367726593017578125e+02 8.823616981506347656e+00 -9.358898925781250000e+01 2.897740173339843750e+01 -1.377271270751953125e+02 -7.435454559326171875e+01 8.816084861755371094e+00 1.424754486083984375e+02 1.973424377441406250e+02 -7.764892578125000000e+01 -1.387799530029296875e+02 -1.023130722045898438e+02 1.363817443847656250e+02
-4.616150665283203125e+01 1.932724304199218750e+02 -9.493179321289062500e+00 1.146543121337890625e+02 -5.691246986389160156e+00 1.837715759277343750e+02 6.680767822265625000e+01 -1.367825622558593750e+02 8.828765869140625000e+00 -9.413410949707031250e+01 2.897737693786621094e+01 -1.377271270751953125e+02 -7.435452270507812500e+01 8.818807601928710938e+00 1.406681976318359375e+02 1.973578796386718750e+02 -7.715113830566406250e+01 -1.385258026123046875e+02 -1.023130722045898438e+02 1.363817443847656250e+02
-4.670140075683593750e+01 1.931914367675781250e+02 -9.493179321289062500e+00 1.146543121337890625e+02 -5.691246986389160156e+00 1.837715759277343750e+02 6.623014831542968750e+01 -1.367934875488281250e+02 8.834173202514648438e+00 -9.467931365966796875e+01 2.897735214233398438e+01 -1.377271270751953125e+02 -7.435450744628906250e+01 8.819972038269042969e+00 1.388603820800781250e+02 1.973675079345703125e+02 -7.664772033691406250e+01 -1.382836914062500000e+02 -1.023130722045898438e+02 1.363817443847656250e+02
-4.723991012573242188e+01 1.931017150878906250e+02 -9.493179321289062500e+00 1.146543121337890625e+02 -5.691246986389160156e+00 1.837715759277343750e+02 6.565076446533203125e+01 -1.368047180175781250e+02 8.839858055114746094e+00 -9.522452545166015625e+01 2.897732925415039062e+01 -1.377271270751953125e+02 -7.435450744628906250e+01 8.820397377014160156e+00 1.370521392822265625e+02 1.973720397949218750e+02 -7.613433074951171875e+01 -1.380609436035156250e+02 -1.023130722045898438e+02 1.363817443847656250e+02
-4.777687072753906250e+01 1.930030822753906250e+02 -9.493179321289062500e+00 1.146543121337890625e+02 -5.691246986389160156e+00 1.837715759277343750e+02 6.506997680664062500e+01 -1.368160552978515625e+02 8.845841407775878906e+00 -9.576974487304687500e+01 2.897730445861816406e+01 -1.377271270751953125e+02 -7.435450744628906250e+01 8.820525169372558594e+00 1.352435150146484375e+02 1.973721008300781250e+02 -7.561456298828125000e+01 -1.378496093750000000e+02 -1.023130722045898438e+02 1.363817443847656250e+02
-4.831208419799804688e+01 1.928953247070312500e+02 -9.493179321289062500e+00 1.146543121337890625e+02 -5.691246986389160156e+00 1.837715759277343750e+02 6.448181152343750000e+01 -1.368277435302734375e+02 8.852133750915527344e+00 -9.631495666503906250e+01 2.897727966308593750e+01 -1.377271270751953125e+02 -7.435450744628906250e+01 8.820549964904785156e+00 1.334345703125000000e+02 1.973683013916015625e+02 -7.508939361572265625e+01 -1.376518096923828125e+02 -1.023130722045898438e+02 1.363817443847656250e+02
-4.884537887573242188e+01 1.927784118652343750e+02 -9.493179321289062500e+00 1.146543121337890625e+02 -5.691246986389160156e+00 1.837715759277343750e+02 6.387981414794921875e+01 -1.368396606445312500e+02 8.858596801757812500e+00 -9.684657287597656250e+01 2.897725486755371094e+01 -1.377271270751953125e+02 -7.435450744628906250e+01 8.820549964904785156e+00 1.316253051757812500e+02 1.973611297607421875e+02 -7.455707550048828125e+01 -1.374702758789062500e+02 -1.023130722045898438e+02 1.363817443847656250e+02
-4.937656021118164062e+01 1.926521606445312500e+02 -9.493179321289062500e+00 1.146543121337890625e+02 -5.691246986389160156e+00 1.837715759277343750e+02 6.327172851562500000e+01 -1.368517913818359375e+02 8.864593505859375000e+00 -9.731321716308593750e+01 2.897723007202148438e+01 -1.377271423339843750e+02 -7.435450744628906250e+01 8.820546150207519531e+00 1.298157958984375000e+02 1.973510894775390625e+02 -7.402071380615234375e+01 -1.372985839843750000e+02 -1.023130722045898438e+02 1.363817443847656250e+02
-4.990526199340820312e+01 1.925161743164062500e+02 -9.493179321289062500e+00 1.146543121337890625e+02 -5.691246986389160156e+00 1.837715759277343750e+02 6.266024398803710938e+01 -1.368640594482421875e+02 8.870470046997070312e+00 -9.773654174804687500e+01 2.897720718383789062e+01 -1.377271423339843750e+02 -7.435450744628906250e+01 8.820543289184570312e+00 1.280060577392578125e+02 1.973385162353515625e+02 -7.347926330566406250e+01 -1.371429290771484375e+02 -1.023130722045898438e+02 1.363817443847656250e+02
-5.043136596679687500e+01 1.923700408935546875e+02 -9.493179321289062500e+00 1.146543121337890625e+02 -5.691246986389160156e+00 1.837715759277343750e+02 6.204656600952148438e+01 -1.368764953613281250e+02 8.876463890075683594e+00 -9.813784790039062500e+01 2.897718238830566406e+01 -1.377271423339843750e+02 -7.435450744628906250e+01 8.820543289184570312e+00 1.261960983276367188e+02 1.973238372802734375e+02 -7.293313598632812500e+01 -1.370013122558593750e+02 -1.023130722045898438e+02 1.363817443847656250e+02
-5.095506286621093750e+01 1.922153625488281250e+02 -9.493179321289062500e+00 1.146543121337890625e+02 -5.691246986389160156e+00 1.837715759277343750e+02 6.144332885742187500e+01 -1.368888244628906250e+02 8.881890296936035156e+00 -9.848215484619140625e+01 2.897715759277343750e+01 -1.377271423339843750e+02 -7.435450744628906250e+01 8.820543289184570312e+00 1.243859863281250000e+02 1.973074493408203125e+02 -7.238419342041015625e+01 -1.368692626953125000e+02 -1.023130722045898438e+02 1.363817443847656250e+02
-5.095506286621093750e+01 1.922153625488281250e+02 -9.493179321289062500e+00 1.146543121337890625e+02 -5.691246986389160156e+00 1.837715759277343750e+02 6.083982467651367188e+01 -1.369012298583984375e+02 8.887597084045410156e+00 -9.881562042236328125e+01 2.897713279724121094e+01 -1.377271423339843750e+02 -7.435450744628906250e+01 8.820509910583496094e+00 1.225756912231445312e+02 1.972896423339843750e+02 -7.183220672607421875e+01 -1.367497558593750000e+02 -1.023130722045898438e+02 1.363817443847656250e+02
-5.199351501464843750e+01 1.918774414062500000e+02 -9.493179321289062500e+00 1.146543121337890625e+02 -5.691246986389160156e+00 1.837715759277343750e+02 6.023432540893554688e+01 -1.369138183593750000e+02 8.893543243408203125e+00 -9.914866638183593750e+01 2.897710800170898438e+01 -1.377271423339843750e+02 -7.435462188720703125e+01 8.807186126708984375e+00 1.207652740478515625e+02 1.972705688476562500e+02 -7.128230285644531250e+01 -1.366328277587890625e+02 -1.023130722045898438e+02 1.363817443847656250e+02
-5.250804901123046875e+01 1.916944427490234375e+02 -9.493179321289062500e+00 1.146543121337890625e+02 -5.691246986389160156e+00 1.837715759277343750e+02 5.962685012817382812e+01 -1.369265136718750000e+02 8.899056434631347656e+00 -9.945323181152343750e+01 2.897708511352539062e+01 -1.377271575927734375e+02 -7.435479736328125000e+01 8.744046211242675781e+00 1.189547042846679688e+02 1.972505035400390625e+02 -7.072973632812500000e+01 -1.365494689941406250e+02 -1.023130722045898438e+02 1.363817443847656250e+02
-5.301918792724609375e+01 1.915021057128906250e+02 -9.493179321289062500e+00 1.146543121337890625e+02 -5.691246986389160156e+00 1.837715759277343750e+02 5.901591491699218750e+01 -1.369394073486328125e+02 8.904560089111328125e+00 -9.974100494384765625e+01 2.897706031799316406e+01 -1.377271575927734375e+02 -7.435506439208984375e+01 8.643702507019042969e+00 1.171440200805664062e+02 1.972295837402343750e+02 -7.016923522949218750e+01 -1.364516143798828125e+02 -1.023130722045898438e+02 1.363817443847656250e+02
-5.352676010131835938e+01 1.913005065917968750e+02 -9.493179321289062500e+00 1.146543121337890625e+02 -5.691246986389160156e+00 1.837715759277343750e+02 5.840434265136718750e+01 -1.369523925781250000e+02 8.910799026489257812e+00 -1.000457382202148438e+02 2.897703552246093750e+01 -1.377271575927734375e+02 -7.435539245605468750e+01 8.604206085205078125e+00 1.153332138061523438e+02 1.972079315185546875e+02 -6.961074829101562500e+01 -1.363691558837890625e+02 -1.023130722045898438e+02 1.363817443847656250e+02
-5.403060913085937500e+01 1.910897216796875000e+02 -9.493179321289062500e+00 1.146543121337890625e+02 -5.691246986389160156e+00 1.837715759277343750e+02 5.778981018066406250e+01 -1.369655151367187500e+02 8.917188644409179688e+00 -1.003687896728515625e+02 2.897701072692871094e+01 -1.377271575927734375e+02 -7.435541534423828125e+01 8.602781295776367188e+00 1.135223236083984375e+02 1.971857147216796875e+02 -6.905075836181640625e+01 -1.362948150634765625e+02 -1.023130722045898438e+02 1.363817443847656250e+02
-5.453055572509765625e+01 1.908697357177734375e+02 -9.493179321289062500e+00 1.146543121337890625e+02 -5.691246986389160156e+00 1.837715759277343750e+02 5.717390441894531250e+01 -1.369787597656250000e+02 8.923130035400390625e+00 -1.006654891967773438e+02 2.897698593139648438e+01 -1.377271575927734375e+02 -7.435540008544921875e+01 8.605533599853515625e+00 1.117113342285156250e+02 1.971630096435546875e+02 -6.848181152343750000e+01 -1.362164154052734375e+02 -1.023130722045898438e+02 1.363817443847656250e+02
-5.502643585205078125e+01 1.906407012939453125e+02 -9.493179321289062500e+00 1.146543121337890625e+02 -5.691246986389160156e+00 1.837715759277343750e+02 5.655673599243164062e+01 -1.369921112060546875e+02 8.929108619689941406e+00 -1.009416580200195312e+02 2.897695922851562500e+01 -1.377271575927734375e+02 -7.435539245605468750e+01 8.607802391052246094e+00 1.099002609252929688e+02 1.971398925781250000e+02 -6.791960906982421875e+01 -1.361687774658203125e+02 -1.023130722045898438e+02 1.363817443847656250e+02
-5.551808929443359375e+01 1.904026641845703125e+02 -9.493179321289062500e+00 1.146543121337890625e+02 -5.691246986389160156e+00 1.837715759277343750e+02 5.593481826782226562e+01 -1.370056304931640625e+02 8.935322761535644531e+00 -1.012131652832031250e+02 2.897693634033203125e+01 -1.377271575927734375e+02 -7.435537719726562500e+01 8.608968734741210938e+00 1.080891113281250000e+02 1.971164550781250000e+02 -6.735622406005859375e+01 -1.361130523681640625e+02 -1.023130722045898438e+02 1.363817443847656250e+02
-5.600537109375000000e+01 1.901556854248046875e+02 -9.493179321289062500e+00 1.146543121337890625e+02 -5.691246986389160156e+00 1.837715759277343750e+02 5.530122756958007812e+01 -1.370195159912109375e+02 8.941615104675292969e+00 -1.014830169677734375e+02 2.897691154479980469e+01 -1.377271575927734375e+02 -7.435535430908203125e+01 8.590723037719726562e+00 1.062778778076171875e+02 1.970927124023437500e+02 -6.679277038574218750e+01 -1.360637512207031250e+02 -1.023130722045898438e+02 1.363817443847656250e+02
-5.648809814453125000e+01 1.898999023437500000e+02 -9.493179321289062500e+00 1.146543121337890625e+02 -5.691246986389160156e+00 1.837715759277343750e+02 5.465978240966796875e+01 -1.370336151123046875e+02 8.947668075561523438e+00 -1.017329101562500000e+02 2.897688674926757812e+01 -1.377271575927734375e+02 -7.435552215576171875e+01 8.520856857299804688e+00 1.044665527343750000e+02 1.970686798095703125e+02 -6.622755432128906250e+01 -1.360191955566406250e+02 -1.023130722045898438e+02 1.363817443847656250e+02
-5.696612548828125000e+01 1.896353607177734375e+02 -9.493179321289062500e+00 1.146543121337890625e+02 -5.691246986389160156e+00 1.837715759277343750e+02 5.401470184326171875e+01 -1.370478363037109375e+02 8.948819160461425781e+00 -1.019792633056640625e+02 2.897686195373535156e+01 -1.377271575927734375e+02 -7.435584259033203125e+01 8.401229858398437500e+00 1.026551818847656250e+02 1.970443572998046875e+02 -6.565670776367187500e+01 -1.359805603027343750e+02 -1.023130722045898438e+02 1.363817443847656250e+02
-5.743930053710937500e+01 1.893621978759765625e+02 -9.493179321289062500e+00 1.146543121337890625e+02 -5.691246986389160156e+00 1.837715759277343750e+02 5.336634063720703125e+01 -1.370622100830078125e+02 8.951697349548339844e+00 -1.022360610961914062e+02 2.897683715820312500e+01 -1.377271575927734375e+02 -7.435630035400390625e+01 8.235145568847656250e+00 1.008437576293945312e+02 1.970196685791015625e+02 -6.509399414062500000e+01 -1.359440460205078125e+02 -1.023130722045898438e+02 1.363817443847656250e+02
-5.790747070312500000e+01 1.890804901123046875e+02 -9.493179321289062500e+00 1.146543121337890625e+02 -5.691246986389160156e+00 1.837715759277343750e+02 5.272525405883789062e+01 -1.370764923095703125e+02 8.957567214965820312e+00 -1.024827499389648438e+02 2.897681617736816406e+01 -1.377271575927734375e+02 -7.435684204101562500e+01 8.038920402526855469e+00 9.903224182128906250e+01 1.969946594238281250e+02 -6.452570343017578125e+01 -1.359119567871093750e+02 -1.023130722045898438e+02 1.363817443847656250e+02
-5.837052154541015625e+01 1.887903594970703125e+02 -9.493179321289062500e+00 1.146543121337890625e+02 -5.691246986389160156e+00 1.837715759277343750e+02 5.211400222778320312e+01 -1.370901489257812500e+02 8.965444564819335938e+00 -1.027284469604492188e+02 2.897679138183593750e+01 -1.377271575927734375e+02 -7.435736846923828125e+01 7.860216617584228516e+00 9.722068786621093750e+01 1.969693298339843750e+02 -6.395827484130859375e+01 -1.358831329345703125e+02 -1.023130722045898438e+02 1.363817443847656250e+02
-5.882830429077148438e+01 1.884919891357421875e+02 -9.493179321289062500e+00 1.146543121337890625e+02 -5.691246986389160156e+00 1.837715759277343750e+02 5.152573013305664062e+01 -1.371033782958984375e+02 8.978720664978027344e+00 -1.029820175170898438e+02 2.897676658630371094e+01 -1.377271728515625000e+02 -7.435791015625000000e+01 7.672665119171142578e+00 9.540907287597656250e+01 1.969438171386718750e+02 -6.339147186279296875e+01 -1.358575286865234375e+02 -1.023130722045898438e+02 1.363817443847656250e+02
-5.928057861328125000e+01 1.881852722167968750e+02 -9.493179321289062500e+00 1.146543121337890625e+02 -5.691246986389160156e+00 1.837715759277343750e+02 5.093784713745117188e+01 -1.371167297363281250e+02 8.986446380615234375e+00 -1.032247848510742188e+02 2.897674179077148438e+01 -1.377271728515625000e+02 -7.435849761962890625e+01 7.465630531311035156e+00 9.360815429687500000e+01 1.969183807373046875e+02 -6.282454299926757812e+01 -1.358350677490234375e+02 -1.023130722045898438e+02 1.363817443847656250e+02
-5.972728729248046875e+01 1.878704376220703125e+02 -9.493179321289062500e+00 1.146543121337890625e+02 -5.691246986389160156e+00 1.837715759277343750e+02 5.034427642822265625e+01 -1.371302337646484375e+02 8.992538452148437500e+00 -1.034555130004882812e+02 2.897671890258789062e+01 -1.377271728515625000e+02 -7.435900878906250000e+01 7.283487319946289062e+00 9.188586425781250000e+01 1.968941955566406250e+02 -6.225736236572265625e+01 -1.358147583007812500e+02 -1.023130722045898438e+02 1.363817443847656250e+02
-6.016826629638671875e+01 1.875476379394531250e+02 -9.493179321289062500e+00 1.146543121337890625e+02 -5.691246986389160156e+00 1.837715759277343750e+02 4.975351333618164062e+01 -1.371437225341796875e+02 8.998659133911132812e+00 -1.036937179565429688e+02 2.897669410705566406e+01 -1.377271728515625000e+02 -7.435931396484375000e+01 7.190574169158935547e+00 9.029856872558593750e+01 1.968719635009765625e+02 -6.168994522094726562e+01 -1.357967681884765625e+02 -1.023130722045898438e+02 1.363817443847656250e+02
-6.060336303710937500e+01 1.872169342041015625e+02 -9.493179321289062500e+00 1.146543121337890625e+02 -5.691246986389160156e+00 1.837715759277343750e+02 4.916847610473632812e+01 -1.371570892333984375e+02 9.005148887634277344e+00 -1.039341278076171875e+02 2.897666931152343750e+01 -1.377271728515625000e+02 -7.435939025878906250e+01 7.185688495635986328e+00 8.883621215820312500e+01 1.968517150878906250e+02 -6.112232589721679688e+01 -1.357810668945312500e+02 -1.023130722045898438e+02 1.363817443847656250e+02
-6.103245544433593750e+01 1.868783416748046875e+02 -9.493179321289062500e+00 1.146543121337890625e+02 -5.691246986389160156e+00 1.837715759277343750e+02 4.858559417724609375e+01 -1.371705017089843750e+02 9.011239051818847656e+00 -1.041546249389648438e+02 2.897664451599121094e+01 -1.377271728515625000e+02 -7.435936737060546875e+01 7.192526817321777344e+00 8.746092224121093750e+01 1.968330383300781250e+02 -6.055457687377929688e+01 -1.357668457031250000e+02 -1.023130722045898438e+02 1.363817443847656250e+02
-6.103245544433593750e+01 1.868783416748046875e+02 -9.493179321289062500e+00 1.146543121337890625e+02 -5.691246986389160156e+00 1.837715759277343750e+02 4.800300979614257812e+01 -1.371839294433593750e+02 9.017333030700683594e+00 -1.043757781982421875e+02 2.897661972045898438e+01 -1.377271728515625000e+02 -7.435933685302734375e+01 7.198175430297851562e+00 8.610931396484375000e+01 1.968153839111328125e+02 -5.998672103881835938e+01 -1.357543029785156250e+02 -1.023130722045898438e+02 1.363817443847656250e+02
-6.187195205688476562e+01 1.861781158447265625e+02 -9.493179321289062500e+00 1.146543121337890625e+02 -5.691246986389160156e+00 1.837715759277343750e+02 4.742169189453125000e+01 -1.371973724365234375e+02 9.020990371704101562e+00 -1.046143798828125000e+02 2.897659873962402344e+01 -1.377271881103515625e+02 -7.435931396484375000e+01 7.201288223266601562e+00 8.476483917236328125e+01 1.967985687255859375e+02 -5.941875457763671875e+01 -1.357434387207031250e+02 -1.023130722045898438e+02 1.363817443847656250e+02
-6.228254318237304688e+01 1.858170471191406250e+02 -9.493179321289062500e+00 1.146543121337890625e+02 -5.691246986389160156e+00 1.837715759277343750e+02 4.684208297729492188e+01 -1.372108001708984375e+02 9.026988029479980469e+00 -1.048467636108398438e+02 2.897657394409179688e+01 -1.377271881103515625e+02 -7.435930633544921875e+01 7.202652931213378906e+00 8.342907714843750000e+01 1.967826385498046875e+02 -5.885069274902343750e+01 -1.357335662841796875e+02 -1.023130722045898438e+02 1.363817443847656250e+02
-6.268727493286132812e+01 1.854495391845703125e+02 -9.493179321289062500e+00 1.146543121337890625e+02 -5.691246986389160156e+00 1.837715759277343750e+02 4.626355743408203125e+01 -1.372242584228515625e+02 9.033635139465332031e+00 -1.050752410888671875e+02 2.897655296325683594e+01 -1.377271881103515625e+02 -7.435938262939453125e+01 7.189693450927734375e+00 8.210464477539062500e+01 1.967677154541015625e+02 -5.828257751464843750e+01 -1.357248535156250000e+02 -1.023130722045898438e+02 1.363817443847656250e+02
