-5.807023 -67.923637 -53.730873 -2.819551 -60.021809 -2.927833 -42.031425 -2.659001 -47.982761 -2.719400 68.500992 -3.941500
-5.818669 -67.449371 -53.730873 -2.819551 -60.021809 -2.927833 -42.031448 -2.659000 -47.982761 -2.719400 67.930519 -3.951775
-5.830314 -66.975098 -53.730873 -2.819551 -60.021809 -2.927833 -42.031517 -2.658997 -47.982761 -2.719400 67.357674 -3.960692
-5.841959 -66.500832 -53.730873 -2.819551 -60.021809 -2.927833 -42.031605 -2.658993 -47.982761 -2.719400 66.784264 -3.969167
-5.853605 -66.026566 -53.730873 -2.819551 -60.021809 -2.927833 -42.031700 -2.658989 -47.982761 -2.719400 66.211288 -3.977692
-5.865252 -65.552299 -53.730873 -2.819551 -60.021809 -2.927833 -42.031773 -2.658986 -47.982761 -2.719400 65.639000 -3.986433
-5.876896 -65.078033 -53.730873 -2.819551 -60.021809 -2.927833 -42.031826 -2.658983 -47.982761 -2.719400 65.067238 -3.995372
-5.888542 -64.603760 -53.730873 -2.819551 -60.021809 -2.927833 -42.031853 -2.658982 -47.982761 -2.719400 64.495735 -4.004435
-5.900187 -64.129494 -53.730873 -2.819551 -60.021809 -2.927833 -42.031853 -2.658982 -47.982761 -2.719400 63.924324 -4.013549
-5.911833 -63.655228 -53.730873 -2.819551 -60.021809 -2.927833 -42.031841 -2.658983 -47.982761 -2.719400 63.352879 -4.022669
-5.923478 -63.180962 -53.730873 -2.819551 -60.021809 -2.927833 -42.031807 -2.658984 -47.982761 -2.719400 62.781364 -4.031778
-5.935122 -62.706692 -53.730873 -2.819551 -60.021809 -2.927833 -42.031776 -2.658986 -47.982761 -2.719400 62.209793 -4.040873
-5.946767 -62.232426 -53.730873 -2.819551 -60.021809 -2.927833 -42.031746 -2.658987 -47.982761 -2.719400 61.638195 -4.049956
-5.958412 -61.758160 -53.730873 -2.819551 -60.021809 -2.927833 -42.031719 -2.658988 -47.982761 -2.719400 61.066589 -4.059033
-5.970057 -61.283890 -53.730873 -2.819551 -60.021809 -2.927833 -42.031704 -2.658989 -47.982761 -2.719400 60.494999 -4.068110
-5.981703 -60.809624 -53.730873 -2.819551 -60.021809 -2.927833 -42.031704 -2.658989 -47.982761 -2.719400 59.923412 -4.077187
-5.993348 -60.335354 -53.730873 -2.819551 -60.021809 -2.927833 -42.031700 -2.658989 -47.982761 -2.719400 59.351830 -4.086267
-6.004994 -59.861088 -53.730873 -2.819551 -60.021809 -2.927833 -42.031708 -2.658988 -47.982761 -2.719400 58.780243 -4.095345
-6.016639 -59.386822 -53.730873 -2.819551 -60.021809 -2.927833 -42.031719 -2.658988 -47.982761 -2.719400 58.208660 -4.104424
-6.028285 -58.912552 -53.730873 -2.819551 -60.021809 -2.927833 -42.031731 -2.658988 -47.982761 -2.719400 57.637077 -4.113503
-6.039930 -58.438286 -53.730873 -2.819551 -60.021809 -2.927833 -42.031742 -2.658987 -47.982761 -2.719400 57.065475 -4.122582
-6.051576 -57.964016 -53.730873 -2.819551 -60.021809 -2.927833 -42.031754 -2.658987 -47.982761 -2.719400 56.493847 -4.131661
-6.063221 -57.489750 -53.730873 -2.819551 -60.021809 -2.927833 -42.031746 -2.658987 -47.982761 -2.719400 55.922215 -4.140743
-6.074867 -57.015484 -53.730873 -2.819551 -60.021809 -2.927833 -42.031746 -2.658987 -47.982761 -2.719400 55.350586 -4.149825
-6.086512 -56.541214 -53.730873 -2.819551 -60.021809 -2.927833 -42.031746 -2.658987 -47.982761 -2.719400 54.778950 -4.158904
-6.098158 -56.066948 -53.730873 -2.819551 -60.021809 -2.927833 -42.031754 -2.658987 -47.982761 -2.719400 54.207268 -4.167985
-6.109803 -55.592678 -53.730873 -2.819551 -60.021809 -2.927833 -42.031742 -2.658987 -47.982761 -2.719400 53.635590 -4.177065
-6.121449 -55.118412 -53.730873 -2.819551 -60.021809 -2.927833 -42.031738 -2.658987 -47.982761 -2.719400 53.063911 -4.186147
-6.133094 -54.644146 -53.730873 -2.819551 -60.021809 -2.927833 -42.031738 -2.658987 -47.982761 -2.719400 52.492203 -4.195226
-6.144740 -54.169876 -53.730873 -2.819551 -60.021809 -2.927833 -42.031738 -2.658987 -47.982761 -2.719400 51.920471 -4.204305
-6.156385 -53.695610 -53.730873 -2.819551 -60.021809 -2.927833 -42.031738 -2.658987 -47.982761 -2.719400 51.348743 -4.213384
-6.168031 -53.221340 -53.730873 -2.819551 -60.021809 -2.927833 -42.031738 -2.658987 -47.982761 -2.719400 50.776993 -4.222463
-6.179675 -52.747074 -53.730873 -2.819551 -60.021809 -2.927833 -42.031738 -2.658987 -47.982761 -2.719400 50.205215 -4.231543
-6.191320 -52.272808 -53.730873 -2.819551 -60.021809 -2.927833 -42.031738 -2.658987 -47.982761 -2.719400 49.633438 -4.240622
-6.202966 -51.798538 -53.730873 -2.819551 -60.021809 -2.927833 -42.031738 -2.658987 -47.982761 -2.719400 49.061630 -4.249699
-6.214609 -51.324272 -53.730873 -2.819551 -60.021809 -2.927833 -42.031738 -2.658987 -47.982761 -2.719400 48.489803 -4.258776
-6.226248 -50.850002 -53.730873 -2.819551 -60.021809 -2.927833 -42.031738 -2.658987 -47.982761 -2.719400 47.917976 -4.267851
-6.237887 -50.375736 -53.730873 -2.819551 -60.021809 -2.927833 -42.031738 -2.658987 -47.982761 -2.719400 47.346111 -4.276925
-6.249533 -49.901470 -53.730873 -2.819551 -60.021809 -2.927833 -42.031738 -2.658987 -47.982761 -2.719400 46.774239 -4.285998
-6.261178 -49.427200 -53.730873 -2.819551 -60.021809 -2.927833 -42.031738 -2.658987 -47.982761 -2.719400 46.202351 -4.295068
-6.272824 -48.952934 -53.730873 -2.819551 -60.021809 -2.927833 -42.031738 -2.658987 -47.982761 -2.719400 45.630428 -4.304137
-6.284470 -48.478664 -53.730873 -2.819551 -60.021809 -2.927833 -42.031738 -2.658987 -47.982761 -2.719400 45.058506 -4.313203
-6.296115 -48.004398 -53.730873 -2.819551 -60.021809 -2.927833 -42.031738 -2.658987 -47.982761 -2.719400 44.486553 -4.322268
-6.307761 -47.530132 -53.730873 -2.819551 -60.021809 -2.927833 -42.031738 -2.658987 -47.982761 -2.719400 43.914577 -4.331330
-6.319408 -47.055862 -53.730873 -2.819551 -60.021809 -2.927833 -42.031738 -2.658987 -47.982761 -2.719400 43.342602 -4.340390
-6.331073 -46.581596 -53.730873 -2.819551 -60.021809 -2.927833 -42.031738 -2.658987 -47.982761 -2.719400 42.770580 -4.349447
-6.342774 -46.107327 -53.730873 -2.819551 -60.021809 -2.927833 -42.031738 -2.658987 -47.982761 -2.719400 42.198559 -4.358501
-6.354576 -45.633060 -53.730873 -2.819551 -60.021809 -2.927833 -42.031738 -2.658987 -47.982761 -2.719400 41.626503 -4.367557
-6.366561 -45.158794 -53.730873 -2.819551 -60.021809 -2.927833 -42.031738 -2.658987 -47.982761 -2.719400 41.054432 -4.376615
-6.378758 -44.684528 -53.730873 -2.819551 -60.021809 -2.927833 -42.031738 -2.658987 -47.982761 -2.719400 40.482342 -4.385675
-6.391524 -44.210274 -53.730873 -2.819551 -60.021809 -2.927833 -42.031738 -2.658987 -47.982761 -2.719400 39.910233 -4.394736
-6.404812 -43.736019 -53.730873 -2.819551 -60.021809 -2.927833 -42.031738 -2.658987 -47.982761 -2.719400 39.338104 -4.403799
-6.418643 -43.261787 -53.730873 -2.819551 -60.021809 -2.927833 -42.031738 -2.658987 -47.982761 -2.719400 38.765957 -4.412862
-6.433551 -42.787586 -53.730873 -2.819551 -60.021809 -2.927833 -42.031738 -2.658987 -47.982761 -2.719400 38.193790 -4.421928
-6.449538 -42.313431 -53.730873 -2.819551 -60.021809 -2.927833 -42.031738 -2.658987 -47.982761 -2.719400 37.621601 -4.431002
-6.466766 -41.839321 -53.730873 -2.819551 -60.021809 -2.927833 -42.031738 -2.658987 -47.982761 -2.719400 37.049393 -4.440093
-6.485422 -41.365261 -53.730873 -2.819551 -60.021809 -2.927833 -42.031738 -2.658987 -47.982761 -2.719400 36.477161 -4.449214
-6.505308 -40.891258 -53.730873 -2.819551 -60.021809 -2.927833 -42.031738 -2.658987 -47.982761 -2.719400 35.904915 -4.458378
-6.527300 -40.417351 -53.730873 -2.819551 -60.021809 -2.927833 -42.031738 -2.658987 -47.982761 -2.719400 35.332649 -4.467606
-6.551067 -39.943531 -53.730873 -2.819551 -60.021809 -2.927833 -42.031738 -2.658987 -47.982761 -2.719400 34.760357 -4.476914
-6.576782 -39.469822 -53.730873 -2.819551 -60.021809 -2.927833 -42.031738 -2.658987 -47.982761 -2.719400 34.188053 -4.486337
-6.604603 -38.996235 -53.730873 -2.819551 -60.021809 -2.927833 -42.031738 -2.658987 -47.982761 -2.719400 33.615730 -4.495905
-6.634613 -38.522781 -53.730873 -2.819551 -60.021809 -2.927833 -42.031738 -2.658987 -47.982761 -2.719400 33.043388 -4.505645
-6.666502 -38.049454 -53.730873 -2.819551 -60.021809 -2.927833 -42.031738 -2.658987 -47.982761 -2.719400 32.471027 -4.515600
-6.701227 -37.576328 -53.730873 -2.819551 -60.021809 -2.927833 -42.031738 -2.658987 -47.982761 -2.719400 31.898657 -4.525842
-6.738164 -37.103374 -53.730873 -2.819551 -60.021809 -2.927833 -42.031738 -2.658987 -47.982761 -2.719400 31.326284 -4.536647
-6.777527 -36.630615 -53.730873 -2.819551 -60.021809 -2.927833 -42.031738 -2.658987 -47.982761 -2.719400 30.758715 -4.548646
-6.819377 -36.158073 -53.730873 -2.819551 -60.021809 -2.927833 -42.031738 -2.658987 -47.982761 -2.719400 30.223425 -4.562584
-6.863742 -35.685760 -53.730873 -2.819551 -60.021809 -2.927833 -42.031738 -2.658987 -47.982761 -2.719400 29.748569 -4.577140
-6.910288 -35.213657 -53.730873 -2.819551 -60.021809 -2.927833 -42.031738 -2.658987 -47.982761 -2.719400 29.341223 -4.590268
-6.959828 -34.741863 -53.730873 -2.819551 -60.021809 -2.927833 -42.031738 -2.658987 -47.982761 -2.719400 29.003147 -4.600856
-7.011721 -34.270321 -53.730873 -2.819551 -60.021809 -2.927833 -42.031738 -2.658987 -47.982761 -2.719400 28.733517 -4.608934
-7.066258 -33.799076 -53.730873 -2.819551 -60.021809 -2.927833 -42.031738 -2.658987 -47.982761 -2.719400 28.526169 -4.614755
-7.123439 -33.328148 -53.730873 -2.819551 -60.021809 -2.927833 -42.031738 -2.658987 -47.982761 -2.719400 28.373312 -4.619144
-7.185024 -32.857784 -53.730873 -2.819551 -60.021809 -2.927833 -42.031738 -2.658987 -47.982761 -2.719400 28.276419 -4.622423
-7.249547 -32.387829 -53.730873 -2.819551 -60.021809 -2.927833 -42.031738 -2.658987 -47.982761 -2.719400 28.253637 -4.623559
-7.321682 -31.919020 -53.730873 -2.819551 -60.021809 -2.927833 -42.031738 -2.658987 -47.982761 -2.719400 28.261206 -4.623456
-7.396411 -31.450645 -53.730873 -2.819551 -60.021809 -2.927833 -42.031738 -2.658987 -47.982761 -2.719400 28.273634 -4.623030
-7.480681 -30.983961 -53.730873 -2.819551 -60.021809 -2.927833 -42.031738 -2.658987 -47.982761 -2.719400 28.283930 -4.622633
-7.567272 -30.517738 -53.730873 -2.819551 -60.021809 -2.927833 -42.031738 -2.658987 -47.982761 -2.719400 28.289690 -4.622396
-7.666851 -30.054211 -53.730873 -2.819551 -60.021809 -2.927833 -42.031738 -2.658987 -47.982761 -2.719400 28.291420 -4.622311
-7.763387 -29.589985 -53.730873 -2.819551 -60.021809 -2.927833 -42.031738 -2.658987 -47.982761 -2.719400 28.290775 -4.622320
-7.883095 -29.131367 -53.730873 -2.819551 -60.021809 -2.927833 -42.031738 -2.658987 -47.982761 -2.719400 28.289324 -4.622365
-7.996148 -28.671049 -53.730873 -2.819551 -60.021809 -2.927833 -42.031738 -2.658987 -47.982761 -2.719400 28.288046 -4.622406
-8.129311 -28.216251 -53.730873 -2.819551 -60.021809 -2.927833 -42.031738 -2.658987 -47.982761 -2.719400 28.287304 -4.622431
-8.263245 -27.761721 -53.730873 -2.819551 -60.021809 -2.927833 -42.031738 -2.658987 -47.982761 -2.719400 28.287056 -4.622439
-8.418662 -27.314289 -53.730873 -2.819551 -60.021809 -2.927833 -42.031738 -2.658987 -47.982761 -2.719400 28.287117 -4.622438
-8.567706 -26.864494 -53.730873 -2.819551 -60.021809 -2.927833 -42.031738 -2.658987 -47.982761 -2.719400 28.287292 -4.622433
-8.741671 -26.423971 -53.730873 -2.819551 -60.021809 -2.927833 -42.031738 -2.658987 -47.982761 -2.719400 28.287453 -4.622429
-8.912744 -25.982235 -53.730873 -2.819551 -60.021809 -2.927833 -42.031738 -2.658987 -47.982761 -2.719400 28.287548 -4.622427
-9.111462 -25.552542 -53.730873 -2.819551 -60.021809 -2.927833 -42.031738 -2.658987 -47.982761 -2.719400 28.287577 -4.622426
-9.297963 -25.117004 -53.730873 -2.819551 -60.021809 -2.927833 -42.031738 -2.658987 -47.982761 -2.719400 28.287575 -4.622426
-9.516212 -24.696877 -53.730873 -2.819551 -60.021809 -2.927833 -42.031738 -2.658987 -47.982761 -2.719400 28.287556 -4.622427
-9.726200 -24.272375 -53.730873 -2.819551 -60.021809 -2.927833 -42.031738 -2.658987 -47.982761 -2.719400 28.287539 -4.622427
-9.969055 -23.866219 -53.730873 -2.819551 -60.021809 -2.927833 -42.031738 -2.658987 -47.982761 -2.719400 28.287529 -4.622427
-10.194824 -23.449743 -53.730873 -2.819551 -60.021809 -2.927833 -42.031738 -2.658987 -47.982761 -2.719400 28.287529 -4.622427
-10.456945 -23.055727 -53.730873 -2.819551 -60.021809 -2.927833 -42.031738 -2.658987 -47.982761 -2.719400 28.287529 -4.622427
-10.706425 -22.653267 -53.730873 -2.819551 -60.021809 -2.927833 -42.031738 -2.658987 -47.982761 -2.719400 28.287529 -4.622427
-10.991906 -22.276089 -53.730873 -2.819551 -60.021809 -2.927833 -42.031738 -2.658987 -47.982761 -2.719400 28.287527 -4.622427
-11.258437 -21.884611 -53.730873 -2.819551 -60.021809 -2.927833 -42.031738 -2.658987 -47.982761 -2.719400 28.287527 -4.622427
-11.555860 -21.516523 -53.730873 -2.819551 -60.021809 -2.927833 -42.031738 -2.658987 -47.982761 -2.719400 28.287527 -4.622427
-11.851473 -21.147003 -53.730873 -2.819551 -60.021809 -2.927833 -42.031738 -2.658987 -47.982761 -2.719400 28.287527 -4.622427
-12.153096 -20.781776 -53.730873 -2.819551 -60.021809 -2.927833 -42.031738 -2.658987 -47.982761 -2.719400 28.287527 -4.622427
-12.461748 -20.422350 -53.730873 -2.819551 -60.021809 -2.927833 -42.031738 -2.658987 -47.982761 -2.719400 28.287527 -4.622427
-12.775255 -20.066980 -53.730873 -2.819551 -60.021809 -2.927833 -42.031738 -2.658987 -47.982761 -2.719400 28.287527 -4.622427
-13.092923 -19.715061 -53.730873 -2.819551 -60.021809 -2.927833 -42.031738 -2.658987 -47.982761 -2.719400 28.287527 -4.622427
-13.412562 -19.364738 -53.730873 -2.819551 -60.021809 -2.927833 -42.031738 -2.658987 -47.982761 -2.719400 28.287607 -4.622425
-13.737508 -19.019333 -53.730873 -2.819551 -60.021809 -2.927833 -42.031738 -2.658987 -47.982761 -2.719400 28.286125 -4.622469
-14.063399 -18.674730 -53.730873 -2.819551 -60.021809 -2.927833 -42.031738 -2.658987 -47.982761 -2.719400 28.281086 -4.622630
-14.390248 -18.330938 -53.730873 -2.819551 -60.021809 -2.927833 -42.031738 -2.658987 -47.982761 -2.719400 28.259418 -4.623486
-14.719683 -17.989624 -53.730873 -2.819551 -60.021809 -2.927833 -42.031738 -2.658987 -47.982761 -2.719400 28.214495 -4.624892
-15.047435 -17.646645 -53.730873 -2.819551 -60.021809 -2.927833 -42.031738 -2.658987 -47.982761 -2.719400 28.131552 -4.627686
-15.375942 -17.304371 -53.730873 -2.819551 -60.021809 -2.927833 -42.031738 -2.658987 -47.982761 -2.719400 28.015322 -4.631921
-15.705390 -16.963013 -53.730873 -2.819551 -60.021809 -2.927833 -42.031738 -2.658987 -47.982761 -2.719400 27.880127 -4.637229
-16.034166 -16.621006 -53.730873 -2.819551 -60.021809 -2.927833 -42.031738 -2.658987 -47.982761 -2.719400 27.732216 -4.643770
-16.362377 -16.278454 -53.730873 -2.819551 -60.021809 -2.927833 -42.031738 -2.658987 -47.982761 -2.719400 27.569878 -4.651405
-16.691717 -15.936984 -53.730873 -2.819551 -60.021809 -2.927833 -42.031738 -2.658987 -47.982761 -2.719400 27.395054 -4.660482
-17.018064 -15.592652 -53.730873 -2.819551 -60.021809 -2.927833 -42.031738 -2.658987 -47.982761 -2.719400 27.211571 -4.671548
-17.338484 -15.242796 -53.730873 -2.819551 -60.021809 -2.927833 -42.031738 -2.658987 -47.982761 -2.719400 27.015627 -4.684975
-17.656883 -14.891194 -53.730873 -2.819551 -60.021809 -2.927833 -42.031738 -2.658987 -47.982761 -2.719400 26.802254 -4.701138
-17.967613 -14.532916 -53.730873 -2.819551 -60.021809 -2.927833 -42.031738 -2.658987 -47.982761 -2.719400 26.577644 -4.719832
-18.277990 -14.174434 -53.730873 -2.819551 -60.021809 -2.927833 -42.031738 -2.658987 -47.982761 -2.719400 26.351486 -4.741732
-18.580328 -13.809226 -53.730873 -2.819551 -60.021809 -2.927833 -42.031738 -2.658987 -47.982761 -2.719400 26.125984 -4.766469
-18.873426 -13.436750 -53.730873 -2.819551 -60.021809 -2.927833 -42.031738 -2.658987 -47.982761 -2.719400 25.902107 -4.793952
-19.166998 -13.064581 -53.730873 -2.819551 -60.021809 -2.927833 -42.031738 -2.658987 -47.982761 -2.719400 25.679943 -4.824187
-19.443096 -12.679506 -53.730873 -2.819551 -60.021809 -2.927833 -42.031738 -2.658987 -47.982761 -2.719400 25.448778 -4.858279
-19.724894 -12.298418 -53.730873 -2.819551 -60.021809 -2.927833 -42.031738 -2.658987 -47.982761 -2.719400 25.193865 -4.898919
-19.982845 -11.901080 -53.730873 -2.819551 -60.021809 -2.927833 -42.031738 -2.658987 -47.982761 -2.719400 24.916567 -4.948886
-20.251331 -11.510510 -53.730873 -2.819551 -60.021809 -2.927833 -42.031738 -2.658987 -47.982761 -2.719400 24.617985 -5.013793
-20.495667 -11.104637 -53.730873 -2.819551 -60.021809 -2.927833 -42.031738 -2.658987 -47.982761 -2.719400 24.300222 -5.091087
-20.739204 -10.698385 -53.730873 -2.819551 -60.021809 -2.927833 -42.031738 -2.658987 -47.982761 -2.719400 23.965261 -5.184000
-20.973764 -10.286758 -53.730873 -2.819551 -60.021809 -2.927833 -42.031738 -2.658987 -47.982761 -2.719400 23.614424 -5.292008
-21.193689 -9.867336 -53.730873 -2.819551 -60.021809 -2.927833 -42.031738 -2.658987 -47.982761 -2.719400 23.249130 -5.415876
-21.415976 -9.448870 -53.730873 -2.819551 -60.021809 -2.927833 -42.031738 -2.658987 -47.982761 -2.719400 22.871393 -5.556375
-21.612219 -9.017874 -53.730873 -2.819551 -60.021809 -2.927833 -42.031738 -2.658987 -47.982761 -2.719400 22.483706 -5.713984
-21.821106 -8.592443 -53.730873 -2.819551 -60.021809 -2.927833 -42.031738 -2.658987 -47.982761 -2.719400 22.088610 -5.889109
-22.000622 -8.154105 -53.730873 -2.819551 -60.021809 -2.927833 -42.031738 -2.658987 -47.982761 -2.719400 21.688484 -6.081995
-22.182167 -7.716646 -53.730873 -2.819551 -60.021809 -2.927833 -42.031738 -2.658987 -47.982761 -2.719400 21.285480 -6.292769
-22.350735 -7.273933 -53.730873 -2.819551 -60.021809 -2.927833 -42.031738 -2.658987 -47.982761 -2.719400 20.881567 -6.521452
-22.506687 -6.826778 -53.730873 -2.819551 -60.021809 -2.927833 -42.031738 -2.658987 -47.982761 -2.719400 20.478552 -6.767961
-22.662079 -6.379184 -53.730873 -2.819551 -60.021809 -2.927833 -42.031738 -2.658987 -47.982761 -2.719400 20.079613 -7.031104
-22.796871 -5.925110 -53.730873 -2.819551 -60.021809 -2.927833 -42.031738 -2.658987 -47.982761 -2.719400 19.688683 -7.307000
-22.934000 -5.471558 -53.730873 -2.819551 -60.021809 -2.927833 -42.031738 -2.658987 -47.982761 -2.719400 19.304644 -7.591207
-23.050346 -5.012357 -53.730873 -2.819551 -60.021809 -2.927833 -42.031738 -2.658987 -47.982761 -2.719400 18.927172 -7.881681
-23.161350 -4.551895 -53.730873 -2.819551 -60.021809 -2.927833 -42.031738 -2.658987 -47.982761 -2.719400 18.556980 -8.179586
-23.265816 -4.089743 -53.730873 -2.819551 -60.021809 -2.927833 -42.031738 -2.658987 -47.982761 -2.719400 18.190454 -8.486171
-23.355129 -3.624529 -53.730873 -2.819551 -60.021809 -2.927833 -42.031738 -2.658987 -47.982761 -2.719400 17.819941 -8.806620
-23.440609 -3.158509 -53.730873 -2.819551 -60.021809 -2.927833 -42.031738 -2.658987 -47.982761 -2.719400 17.447248 -9.140103
-23.510904 -2.689990 -53.730873 -2.819551 -60.021809 -2.927833 -42.031738 -2.658987 -47.982761 -2.719400 17.072132 -9.481693
-23.570269 -2.220071 -53.730873 -2.819551 -60.021809 -2.927833 -42.031738 -2.658987 -47.982761 -2.719400 16.695808 -9.829702
-23.627724 -1.749712 -53.730873 -2.819551 -60.021809 -2.927833 -42.031738 -2.658987 -47.982761 -2.719400 16.319836 -10.184345
-23.660744 -1.277258 -53.730873 -2.819551 -60.021809 -2.927833 -42.031738 -2.658987 -47.982761 -2.719400 15.944163 -10.544565
-23.697485 -0.804942 -53.730873 -2.819551 -60.021809 -2.927833 -42.031738 -2.658987 -47.982761 -2.719400 15.569545 -10.910671
-23.716982 -0.331589 -53.730873 -2.819551 -60.021809 -2.927833 -42.031738 -2.658987 -47.982761 -2.719400 15.196135 -11.282396
-23.725626 0.141964 -53.730873 -2.819551 -60.021809 -2.927833 -42.031738 -2.658987 -47.982761 -2.719400 14.824913 -11.660479
-23.731232 0.615769 -53.730873 -2.819551 -60.021809 -2.927833 -42.031738 -2.658987 -47.982761 -2.719400 14.455953 -12.044660
-23.713465 1.089059 -53.730873 -2.819551 -60.021809 -2.927833 -42.031738 -2.658987 -47.982761 -2.719400 14.089526 -12.434823
-23.698399 1.562567 -53.730873 -2.819551 -60.021809 -2.927833 -42.031738 -2.658987 -47.982761 -2.719400 13.726080 -12.830982
-23.667057 2.035298 -53.730873 -2.819551 -60.021809 -2.927833 -42.031738 -2.658987 -47.982761 -2.719400 13.365972 -13.233117
-23.624199 2.507002 -53.730873 -2.819551 -60.021809 -2.927833 -42.031738 -2.658987 -47.982761 -2.719400 13.009423 -13.641011
-23.579033 2.978702 -53.730873 -2.819551 -60.021809 -2.927833 -42.031738 -2.658987 -47.982761 -2.719400 12.657162 -14.054989
-23.516321 3.448305 -53.730873 -2.819551 -60.021809 -2.927833 -42.031738 -2.658987 -47.982761 -2.719400 12.309392 -14.474933
-23.444553 3.916517 -53.730873 -2.819551 -60.021809 -2.927833 -42.031738 -2.658987 -47.982761 -2.719400 11.966027 -14.900436
-23.369144 4.384355 -53.730873 -2.819551 -60.021809 -2.927833 -42.031738 -2.658987 -47.982761 -2.719400 11.627557 -15.331614
-23.271755 4.847883 -53.730873 -2.819551 -60.021809 -2.927833 -42.031738 -2.658987 -47.982761 -2.719400 11.294332 -15.768478
-23.182011 5.313254 -53.730873 -2.819551 -60.021809 -2.927833 -42.031738 -2.658987 -47.982761 -2.719400 10.966868 -16.211079
-23.060856 5.771142 -53.730873 -2.819551 -60.021809 -2.927833 -42.031738 -2.658987 -47.982761 -2.719400 10.646122 -16.659906
-22.954967 6.233153 -53.730873 -2.819551 -60.021809 -2.927833 -42.031738 -2.658987 -47.982761 -2.719400 10.331945 -17.114632
-22.817724 6.686554 -53.730873 -2.819551 -60.021809 -2.927833 -42.031738 -2.658987 -47.982761 -2.719400 10.023875 -17.574593
-22.683285 7.140754 -53.730873 -2.819551 -60.021809 -2.927833 -42.031738 -2.658987 -47.982761 -2.719400 9.722519 -18.039963
-22.535151 7.590741 -53.730873 -2.819551 -60.021809 -2.927833 -42.031738 -2.658987 -47.982761 -2.719400 9.428164 -18.510710
-22.375439 8.036615 -53.730873 -2.819551 -60.021809 -2.927833 -42.031738 -2.658987 -47.982761 -2.719400 9.141335 -18.986837
-22.214130 8.482130 -53.730873 -2.819551 -60.021809 -2.927833 -42.031738 -2.658987 -47.982761 -2.719400 8.862904 -19.468767
-22.036491 8.921322 -53.730873 -2.819551 -60.021809 -2.927833 -42.031738 -2.658987 -47.982761 -2.719400 8.591782 -19.955536
-21.849701 9.356589 -53.730873 -2.819551 -60.021809 -2.927833 -42.031738 -2.658987 -47.982761 -2.719400 8.328602 -20.447260
-21.660324 9.790959 -53.730873 -2.819551 -60.021809 -2.927833 -42.031738 -2.658987 -47.982761 -2.719400 8.073914 -20.943901
-21.450047 10.215350 -53.730873 -2.819551 -60.021809 -2.927833 -42.031738 -2.658987 -47.982761 -2.719400 7.828551 -21.445827
-21.247324 10.643733 -53.730873 -2.819551 -60.021809 -2.927833 -42.031738 -2.658987 -47.982761 -2.719400 7.591209 -21.952055
-21.020317 11.059528 -53.730873 -2.819551 -60.021809 -2.927833 -42.031738 -2.658987 -47.982761 -2.719400 7.362585 -22.462702
-20.796137 11.476933 -53.730873 -2.819551 -60.021809 -2.927833 -42.031738 -2.658987 -47.982761 -2.719400 7.143081 -22.977686
-20.555576 11.885056 -53.730873 -2.819551 -60.021809 -2.927833 -42.031738 -2.658987 -47.982761 -2.719400 6.933014 -23.497080
-20.308416 12.289127 -53.730873 -2.819551 -60.021809 -2.927833 -42.031738 -2.658987 -47.982761 -2.719400 6.730633 -24.019846
-20.056707 12.690560 -53.730873 -2.819551 -60.021809 -2.927833 -42.031738 -2.658987 -47.982761 -2.719400 6.536619 -24.546129
-19.790621 13.082467 -53.730873 -2.819551 -60.021809 -2.927833 -42.031738 -2.658987 -47.982761 -2.719400 6.350507 -25.075531
-19.531088 13.479238 -53.730873 -2.819551 -60.021809 -2.927833 -42.031738 -2.658987 -47.982761 -2.719400 6.172715 -25.608137
-19.254303 13.864028 -53.730873 -2.819551 -60.021809 -2.927833 -42.031738 -2.658987 -47.982761 -2.719400 6.002021 -26.143311
-18.981039 14.251522 -53.730873 -2.819551 -60.021809 -2.927833 -42.031738 -2.658987 -47.982761 -2.719400 5.838499 -26.680908
-18.699038 14.632775 -53.730873 -2.819551 -60.021809 -2.927833 -42.031738 -2.658987 -47.982761 -2.719400 5.682683 -27.220970
-18.418772 15.015466 -53.730873 -2.819551 -60.021809 -2.927833 -42.031738 -2.658987 -47.982761 -2.719400 5.534550 -27.763420
-18.133345 15.394337 -53.730873 -2.819551 -60.021809 -2.927833 -42.031738 -2.658987 -47.982761 -2.719400 5.393190 -28.307865
-17.848225 15.773508 -53.730873 -2.819551 -60.021809 -2.927833 -42.031738 -2.658987 -47.982761 -2.719400 5.258817 -28.854256
-17.561728 16.151667 -53.730873 -2.819551 -60.021809 -2.927833 -42.031738 -2.658987 -47.982761 -2.719400 5.131647 -29.402548
-17.275206 16.529816 -53.730873 -2.819551 -60.021809 -2.927833 -42.031738 -2.658987 -47.982761 -2.719400 5.011207 -29.952549
-16.988813 16.908062 -53.730873 -2.819551 -60.021809 -2.927833 -42.031738 -2.658987 -47.982761 -2.719400 4.897144 -30.504030
-16.702644 17.286472 -53.730873 -2.819551 -60.021809 -2.927833 -42.031738 -2.658987 -47.982761 -2.719400 4.789733 -31.056980
-16.416912 17.665205 -53.730873 -2.819551 -60.021809 -2.927833 -42.031738 -2.658987 -47.982761 -2.719400 4.688518 -31.611208
-16.129896 18.042965 -53.730873 -2.819551 -60.021809 -2.927833 -42.031738 -2.658987 -47.982761 -2.719400 4.593769 -32.166687
-15.846983 18.423809 -53.730873 -2.819551 -60.021809 -2.927833 -42.031738 -2.658987 -47.982761 -2.719400 4.505229 -32.723312
-15.570690 18.809471 -53.730873 -2.819551 -60.021809 -2.927833 -42.031738 -2.658987 -47.982761 -2.719400 4.422607 -33.280933
-15.299604 19.198700 -53.730873 -2.819551 -60.021809 -2.927833 -42.031738 -2.658987 -47.982761 -2.719400 4.346113 -33.839527
-15.037722 19.593994 -53.730873 -2.819551 -60.021809 -2.927833 -42.031738 -2.658987 -47.982761 -2.719400 4.275371 -34.398972
-14.776487 19.989580 -53.730873 -2.819551 -60.021809 -2.927833 -42.031738 -2.658987 -47.982761 -2.719400 4.210452 -34.959190
-14.526607 20.392303 -53.730873 -2.819551 -60.021809 -2.927833 -42.031738 -2.658987 -47.982761 -2.719400 4.151467 -35.520149
-14.282469 20.798426 -53.730873 -2.819551 -60.021809 -2.927833 -42.031738 -2.658987 -47.982761 -2.719400 4.098123 -36.081745
-14.048613 21.210468 -53.730873 -2.819551 -60.021809 -2.927833 -42.031738 -2.658987 -47.982761 -2.719400 4.050577 -36.643929
-13.828154 21.629608 -53.730873 -2.819551 -60.021809 -2.927833 -42.031738 -2.658987 -47.982761 -2.719400 4.008584 -37.206612
-13.607021 22.048578 -53.730873 -2.819551 -60.021809 -2.927833 -42.031738 -2.658987 -47.982761 -2.719400 3.972273 -37.769768
-13.406145 22.477427 -53.730873 -2.819551 -60.021809 -2.927833 -42.031738 -2.658987 -47.982761 -2.719400 3.941234 -38.333305
-13.206209 22.906796 -53.730873 -2.819551 -60.021809 -2.927833 -42.031738 -2.658987 -47.982761 -2.719400 3.915077 -38.897160
-13.032580 23.347147 -53.730873 -2.819551 -60.021809 -2.927833 -42.031738 -2.658987 -47.982761 -2.719400 3.893318 -39.461258
-12.837126 23.779213 -53.730873 -2.819551 -60.021809 -2.927833 -42.031738 -2.658987 -47.982761 -2.719400 3.875636 -40.025562
-12.683640 24.227261 -53.730873 -2.819551 -60.021809 -2.927833 -42.031738 -2.658987 -47.982761 -2.719400 3.861861 -40.590027
-12.510571 24.668453 -53.730873 -2.819551 -60.021809 -2.927833 -42.031738 -2.658987 -47.982761 -2.719400 3.851700 -41.154625
-12.366879 25.119902 -53.730873 -2.819551 -60.021809 -2.927833 -42.031738 -2.658987 -47.982761 -2.719400 3.844668 -41.719330
-12.212151 25.567905 -53.730873 -2.819551 -60.021809 -2.927833 -42.031738 -2.658987 -47.982761 -2.719400 3.840551 -42.284107
-12.078549 26.022552 -53.730873 -2.819551 -60.021809 -2.927833 -42.031738 -2.658987 -47.982761 -2.719400 3.839188 -42.848938
-11.941347 26.476284 -53.730873 -2.819551 -60.021809 -2.927833 -42.031738 -2.658987 -47.982761 -2.719400 3.840581 -43.413822
-11.817106 26.933739 -53.730873 -2.819551 -60.021809 -2.927833 -42.031738 -2.658987 -47.982761 -2.719400 3.844142 -43.978725
-11.696202 27.392118 -53.730873 -2.819551 -60.021809 -2.927833 -42.031738 -2.658987 -47.982761 -2.719400 3.849788 -44.543674
-11.579636 27.851711 -53.730873 -2.819551 -60.021809 -2.927833 -42.031738 -2.658987 -47.982761 -2.719400 3.857601 -45.108627
-11.470935 28.313225 -53.730873 -2.819551 -60.021809 -2.927833 -42.031738 -2.658987 -47.982761 -2.719400 3.867087 -45.673584
-11.365587 28.775551 -53.730873 -2.819551 -60.021809 -2.927833 -42.031738 -2.658987 -47.982761 -2.719400 3.878360 -46.238533
-11.266142 29.239210 -53.730873 -2.819551 -60.021809 -2.927833 -42.031738 -2.658987 -47.982761 -2.719400 3.890920 -46.803490
-11.169987 29.703606 -53.730873 -2.819551 -60.021809 -2.927833 -42.031738 -2.658987 -47.982761 -2.719400 3.904732 -47.368446
-11.080172 30.169271 -53.730873 -2.819551 -60.021809 -2.927833 -42.031738 -2.658987 -47.982761 -2.719400 3.919922 -47.933422
-10.994308 30.635691 -53.730873 -2.819551 -60.021809 -2.927833 -42.031738 -2.658987 -47.982761 -2.719400 3.936045 -48.498428
-10.912039 31.102787 -53.730873 -2.819551 -60.021809 -2.927833 -42.031738 -2.658987 -47.982761 -2.719400 3.953071 -49.063416
-10.833799 31.570585 -53.730873 -2.819551 -60.021809 -2.927833 -42.031738 -2.658987 -47.982761 -2.719400 3.971118 -49.628410
-10.760417 32.039173 -53.730873 -2.819551 -60.021809 -2.927833 -42.031738 -2.658987 -47.982761 -2.719400 3.989824 -50.193409
-10.690406 32.508286 -53.730873 -2.819551 -60.021809 -2.927833 -42.031738 -2.658987 -47.982761 -2.719400 4.009160 -50.758411
-10.624405 32.977989 -53.730873 -2.819551 -60.021809 -2.927833 -42.031738 -2.658987 -47.982761 -2.719400 4.029228 -51.323406
-10.562078 33.448204 -53.730873 -2.819551 -60.021809 -2.927833 -42.031738 -2.658987 -47.982761 -2.719400 4.049747 -51.888401
-10.502934 33.918839 -53.730873 -2.819551 -60.021809 -2.927833 -42.031738 -2.658987 -47.982761 -2.719400 4.070694 -52.453430
-10.448170 34.390003 -53.730873 -2.819551 -60.021809 -2.927833 -42.031738 -2.658987 -47.982761 -2.719400 4.092153 -53.018475
-10.396517 34.861526 -53.730873 -2.819551 -60.021809 -2.927833 -42.031738 -2.658987 -47.982761 -2.719400 4.113940 -53.583519
-10.348486 35.333435 -53.730873 -2.819551 -60.021679 -2.927833 -42.031738 -2.658987 -47.982761 -2.719400 4.136109 -54.148567
-10.303879 35.805676 -53.730873 -2.819551 -60.025925 -2.927854 -42.031738 -2.658987 -47.982761 -2.719400 4.158497 -54.713657
-10.262709 36.278236 -53.730873 -2.819551 -60.049194 -2.927980 -42.031738 -2.658987 -47.982761 -2.719400 4.181091 -55.278748
-10.224924 36.751080 -53.730873 -2.819551 -60.110741 -2.928308 -42.031738 -2.658987 -47.982761 -2.719400 4.203944 -55.843853
-10.190025 37.224155 -53.730873 -2.819551 -60.217617 -2.928836 -42.031738 -2.658987 -47.982761 -2.719400 4.226943 -56.408989
-10.158920 37.697498 -53.730873 -2.819551 -60.367413 -2.929582 -42.031738 -2.658987 -47.982761 -2.719400 4.250079 -56.974129
-10.130066 38.170986 -53.730782 -2.819548 -60.552769 -2.930507 -42.031738 -2.658987 -47.982761 -2.719400 4.273387 -57.539295
-10.104020 38.644650 -53.733978 -2.819643 -60.770821 -2.931597 -42.031738 -2.658987 -47.982761 -2.719400 4.296797 -58.104481
-10.080494 39.118450 -53.752171 -2.819871 -61.019657 -2.932841 -42.031738 -2.658987 -47.982761 -2.719400 4.320303 -58.669670
-10.059318 39.592369 -53.802998 -2.821546 -61.278389 -2.934138 -42.031738 -2.658987 -47.982761 -2.719400 4.343930 -59.234909
-10.040499 40.066395 -53.896751 -2.824510 -61.536480 -2.935431 -42.031738 -2.658987 -47.982761 -2.719400 4.367644 -59.800144
-10.023760 40.540501 -54.015564 -2.828331 -61.793816 -2.936720 -42.031738 -2.658987 -47.982761 -2.719400 4.391447 -60.365425
-10.008677 41.014668 -54.146622 -2.832652 -62.050526 -2.938006 -42.031738 -2.658987 -47.982761 -2.719400 4.415359 -60.930706
-9.995402 41.488899 -54.296589 -2.837629 -62.306961 -2.939290 -42.031738 -2.658987 -47.982761 -2.719400 4.439376 -61.495998
-9.983673 41.963169 -54.470097 -2.843340 -62.590843 -2.940711 -42.031738 -2.658987 -47.982761 -2.719400 4.463512 -62.061337
