28.201845	29.005173	-10.987484	5.737002	-0.903671	2.473622	28.211449	40.629021	1.202769	6.144139
28.20343	29.553772	-10.7113	5.78629	-0.911453	2.473635	28.209492	41.157207	1.202769	6.144139
28.204716	30.102444	-10.440064	5.82979	-0.916991	2.473647	28.207436	41.685429	1.202769	6.144139
28.205757	30.651178	-10.173128	5.870447	-0.919871	2.473655	28.205257	42.213684	1.202769	6.144139
28.20652	31.199972	-9.908811	5.908633	-0.921117	2.473656	28.203011	42.741966	1.202769	6.144139
28.207006	31.748823	-9.646392	5.944243	-0.921577	2.473655	28.200684	43.270287	1.202769	6.144139
28.207293	32.297722	-9.386069	5.977193	-0.921717	2.473652	28.198261	43.798626	1.202769	6.144139
28.207331	32.846668	-9.127747	6.006452	-0.921747	2.473651	28.195766	44.326996	1.202769	6.144139
28.207174	33.395653	-8.871455	6.032929	-0.921747	2.473651	28.19323	44.855404	1.202769	6.144139
28.206791	33.944687	-8.617586	6.058232	-0.921742	2.473651	28.190634	45.383831	1.202769	6.144139
28.206249	34.482204	-8.365724	6.080567	-0.921739	2.473651	28.187975	45.9123	1.202769	6.144139
28.205427	34.979145	-8.115789	6.100844	-0.921739	2.473651	28.185282	46.440796	1.202769	6.144139
28.204338	35.455856	-7.867527	6.119093	-0.921739	2.473651	28.182556	46.969311	1.202769	6.144139
28.203091	35.893089	-7.620607	6.135455	-0.921739	2.473651	28.179771	47.497875	1.202769	6.144139
28.201618	36.325665	-7.37477	6.150382	-0.921739	2.473651	28.176952	48.026459	1.202769	6.144139
28.200094	36.769535	-7.129607	6.163508	-0.921739	2.473651	28.17411	48.555073	1.202769	6.144139
28.198503	37.229683	-6.884984	6.175641	-0.921739	2.473651	28.171257	49.083725	1.202769	6.144139
28.1968	37.704002	-6.640577	6.186022	-0.921739	2.473651	28.168371	49.612392	1.202769	6.144139
28.194937	38.188946	-6.396405	6.195733	-0.921739	2.473651	28.165474	50.141102	1.202769	6.144139
28.19297	38.682438	-6.156828	6.203463	-0.921705	2.47365	28.162563	50.669838	1.202635	6.14414
28.190918	39.183456	-5.943101	6.208403	-0.910125	2.47357	28.159636	51.198597	1.206975	6.144126
28.188774	39.691177	-5.776636	6.211758	-0.847724	2.473117	28.156691	51.727402	1.228904	6.144058
28.186552	40.204716	-5.671381	6.213279	-0.745976	2.472493	28.153742	52.256226	1.278018	6.143773
28.184231	40.723248	-5.630637	6.213965	-0.64512	2.471964	28.150793	52.78508	1.362806	6.143354
28.18187	41.246078	-5.62315	6.215558	-0.526921	2.471359	28.147846	53.313972	1.483925	6.142685
28.179436	41.77261	-5.62831	6.217127	-0.373954	2.470595	28.144894	53.842884	1.633026	6.141846
28.176918	42.302349	-5.641433	6.217731	-0.196299	2.469739	28.141981	54.364563	1.803381	6.140904
28.174364	42.834862	-5.658429	6.217409	-0.001409	2.468922	28.13932	54.839531	1.996606	6.139817
28.171782	43.369774	-5.675947	6.216542	0.217352	2.467983	28.137045	55.241581	2.211397	6.138479
28.169147	43.906479	-5.691337	6.215557	0.456855	2.467021	28.134844	55.625942	2.442584	6.136909
28.166477	44.443855	-5.702067	6.214857	0.704424	2.466315	28.132717	55.997971	2.688264	6.135152
28.163853	44.970306	-5.704937	6.214615	0.963365	2.465756	28.130791	56.334545	2.951501	6.133249
28.161503	45.429714	-5.691658	6.21524	1.234304	2.465064	28.128868	56.667114	3.235156	6.131331
28.159472	45.795914	-5.659708	6.216266	1.505578	2.464324	28.127193	56.958843	3.536867	6.129418
28.157457	46.129707	-5.601479	6.217739	1.775869	2.463739	28.125832	57.186123	3.852294	6.127394
28.15564	46.420486	-5.515399	6.219522	2.045176	2.463435	28.124586	57.392681	4.179407	6.125245
28.153816	46.707455	-5.402644	6.221709	2.313692	2.463244	28.123299	57.610672	4.517797	6.122964
28.152008	46.990898	-5.265179	6.22405	2.592415	2.46305	28.121887	57.850903	4.866491	6.120566
28.150352	47.246597	-5.104468	6.226393	2.899729	2.462778	28.12034	58.1161	5.223901	6.118063
28.148718	47.481361	-4.92158	6.228508	3.213672	2.462346	28.118706	58.399345	5.588745	6.115475
28.147081	47.71933	-4.718244	6.230955	3.527305	2.462049	28.117147	58.668339	5.960203	6.112784
28.145433	47.966904	-4.496759	6.233294	3.856062	2.461939	28.1157	58.915638	6.337546	6.11001
28.143747	48.21286	-4.259299	6.234129	4.211861	2.461856	28.114286	59.156624	6.720008	6.107177
28.142075	48.454227	-4.008019	6.235662	4.578929	2.461667	28.11282	59.407997	7.106893	6.104294
28.140438	48.694218	-3.470823	6.236547	4.942524	2.46152	28.111385	59.654461	7.497632	6.101363
28.13876	48.936142	-3.470823	6.236547	5.31259	2.461515	28.110064	59.882275	7.891744	6.098391
28.137108	49.176914	-3.187922	6.236507	5.699164	2.461603	28.108759	60.105618	8.28879	6.095366
28.135458	49.415176	-2.897133	6.236715	6.091739	2.46167	28.107388	60.340908	8.688375	6.092288
28.133793	49.653759	-2.599427	6.236703	6.482637	2.461748	28.10603	60.574516	9.090155	6.089185
28.132133	49.893093	-2.295634	6.236285	6.878534	2.461914	28.104757	60.793602	9.493844	6.086061
28.13048	50.131248	-1.986437	6.234762	7.282283	2.462142	28.103493	61.011711	9.899191	6.082918
28.128845	50.368687	-1.672446	6.233081	7.688069	2.462406	28.102146	61.243298	10.305971	6.079758
28.12719	50.606674	-1.354205	6.231253	8.094737	2.462692	28.100817	61.47303	10.715568	6.076563
28.125532	50.844574	-1.032193	6.228675	8.505005	2.463031	28.099566	61.688606	11.136562	6.073277
28.123898	51.081806	-0.706513	6.225489	8.918017	2.463403	28.098318	61.904034	11.574468	6.069862
28.122263	51.31905	-0.37576	6.222336	9.331915	2.463793	28.096989	62.133354	12.026735	6.066338
28.120642	51.556534	-0.037197	6.219067	9.747201	2.464223	28.095673	62.361103	12.489217	6.062738
28.119005	51.793743	0.31052	6.215522	10.164278	2.464688	28.094433	62.575264	12.959928	6.059075
28.117373	52.030762	0.666668	6.211629	10.582355	2.465181	28.093195	62.789883	13.438069	6.055355
28.115736	52.26791	1.030019	6.207726	11.00332	2.465702	28.091909	63.014248	13.922753	6.051586
28.114098	52.505062	1.399832	6.203452	11.440971	2.466261	28.090773	63.211494	14.412938	6.047772
28.112463	52.742046	1.7762	6.198824	11.892693	2.466815	28.08997	63.352196	14.907756	6.043924
28.110851	52.979027	2.1614	6.194141	12.34481	2.467358	28.089521	63.427963	15.406558	6.040044
28.10924	53.216091	2.557301	6.188906	12.795676	2.467923	28.089504	63.430122	15.908813	6.036137
28.107626	53.453094	2.964821	6.18355	13.245176	2.468509	28.089512	63.428501	16.414021	6.032204
28.106014	53.690056	3.383983	6.17822	13.693487	2.469108	28.089518	63.427406	16.921751	6.028249
28.104404	53.927044	3.814191	6.17266	14.150972	2.469735	28.089521	63.426762	17.431639	6.024271
28.102793	54.164051	4.254558	6.166966	14.634039	2.470402	28.089521	63.426426	17.943382	6.020264
28.101179	54.401016	4.704078	6.161047	15.132025	2.47107	28.089523	63.426235	18.456717	6.016212
28.099567	54.637978	5.161706	6.15493	15.635775	2.47173	28.089523	63.426132	18.971413	6.012089
28.097954	54.874985	5.6264	6.148739	16.146366	2.472403	28.089523	63.426079	19.487278	6.007845
28.09635	55.11198	6.097162	6.142369	16.665373	2.473079	28.089523	63.426044	20.004147	6.003416
28.094761	55.348946	6.573076	6.13595	17.191011	2.473755	28.089523	63.426025	20.521877	5.998694
28.09317	55.585957	7.05334	6.129499	17.721704	2.474426	28.089523	63.426014	21.04034	5.993541
28.091597	55.822968	7.537275	6.122941	18.257044	2.475062	28.089523	63.42601	21.559441	5.987833
28.090029	56.059975	8.024335	6.11635	18.796656	2.475568	28.089523	63.42601	22.079084	5.981444
28.08847	56.296986	8.514092	6.109713	19.339909	2.475838	28.089523	63.42601	22.599186	5.97421
28.086927	56.533997	9.006225	6.103034	19.88628	2.47574	28.089523	63.42601	23.119682	5.965955
28.085402	56.771011	9.500482	6.096335	20.435402	2.47508	28.089523	63.42601	23.640507	5.956496
28.083881	57.008049	9.996671	6.089603	20.986933	2.473656	28.089523	63.42601	24.161615	5.945649
28.08246	57.233154	10.494627	6.082836	21.540562	2.471152	28.089523	63.42601	24.682947	5.933187
28.081429	57.398407	10.994205	6.076037	22.096008	2.467483	28.089523	63.42601	25.204464	5.919008
28.080971	57.475765	11.495259	6.069206	22.653034	2.46233	28.089523	63.42601	25.726145	5.903195
28.080959	57.477631	11.997645	6.062344	23.211445	2.455528	28.089523	63.42601	26.247959	5.885859
28.080963	57.477131	12.501218	6.055462	23.77104	2.446708	28.089523	63.42601	26.769882	5.867157
28.080967	57.47678	13.00583	6.048577	24.316507	2.435937	28.089523	63.42601	27.291901	5.847219
28.080967	57.476604	13.511339	6.0417	24.803511	2.424459	28.089523	63.42601	27.814001	5.826125
28.080969	57.476521	14.01762	6.034844	25.277485	2.412085	28.089523	63.42601	28.336168	5.804
28.080969	57.476498	14.524554	6.028018	25.750092	2.398048	28.089523	63.42601	28.858408	5.781097
28.080969	57.476482	15.032048	6.021228	26.222725	2.382292	28.089523	63.42601	29.380703	5.757554
28.080969	57.476482	15.540024	6.014492	26.691946	2.365198	28.089523	63.42601	29.903063	5.733515
28.080969	57.476482	16.048426	6.007823	27.140577	2.347497	28.089523	63.42601	30.425478	5.709105
28.080969	57.476482	16.557198	6.001215	27.594597	2.328251	28.089523	63.42601	30.947948	5.684453
28.080969	57.476482	17.066305	5.994638	28.071615	2.307172	28.089523	63.42601	31.470472	5.659671
28.080969	57.476482	17.575722	5.988068	28.564528	2.285027	28.089523	63.42601	31.993052	5.634751
28.080969	57.476482	18.085421	5.981479	29.061852	2.262443	28.089523	63.42601	32.515682	5.609789
28.080969	57.476482	18.595375	5.974851	29.564323	2.238853	28.089523	63.42601	33.038372	5.584964
28.080969	57.476482	19.105568	5.968175	30.075113	2.214294	28.089523	63.42601	33.561111	5.560331
28.080969	57.476482	19.615973	5.961446	30.592148	2.189371	28.089523	63.42601	34.083908	5.535823
28.080969	57.476482	20.126574	5.954658	31.112623	2.164107	28.089523	63.42601	34.60675	5.511452
28.080969	57.476482	20.637346	5.947866	31.636425	2.138487	28.089523	63.42601	35.129639	5.487164
28.080969	57.476482	21.148273	5.941064	32.163853	2.112927	28.089523	63.42601	35.652569	5.462854
28.080969	57.476482	21.659344	5.934138	32.694126	2.087354	28.089523	63.42601	36.175537	5.438519
28.080969	57.476482	22.170527	5.926944	33.226479	2.061745	28.089523	63.42601	36.698547	5.41428
28.080969	57.476482	22.68181	5.919331	33.760712	2.036355	28.089523	63.42601	37.221607	5.390314
28.080969	57.476482	23.19318	5.911121	34.296673	2.011055	28.089523	63.42601	37.744717	5.366802
28.080969	57.476482	23.704626	5.902122	34.834049	1.985712	28.089523	63.42601	38.267895	5.343884
28.080969	57.476482	24.216127	5.892129	35.372562	1.960312	28.089523	63.42601	38.791134	5.321665
28.080969	57.476482	24.727674	5.880931	35.91206	1.934849	28.089523	63.42601	39.314442	5.30028
28.080969	57.476482	25.239252	5.86831	36.452435	1.90959	28.089523	63.42601	39.837822	5.279822
28.080969	57.476482	25.750856	5.854152	36.979885	1.885393	28.089523	63.42601	40.361275	5.260334
28.080969	57.476482	26.262482	5.838571	37.450516	1.864246	28.089523	63.42601	40.884792	5.241881
28.080969	57.476482	26.77413	5.821689	37.905571	1.843975	28.089523	63.42601	41.408375	5.224527
28.080969	57.476482	27.285793	5.803669	38.36879	1.823838	28.089523	63.42601	41.93203	5.208304
28.080969	57.476482	27.797472	5.784598	38.833431	1.804516	28.089523	63.42601	42.455746	5.193235
28.080969	57.476482	28.309174	5.764554	39.29805	1.786101	28.089523	63.42601	42.97953	5.179313
28.080969	57.476482	28.82089	5.74364	39.762043	1.768533	28.089523	63.42601	43.50338	5.166539
28.080969	57.476482	29.332619	5.721974	40.225212	1.751936	28.089523	63.42601	44.027283	5.154933
28.080969	57.476482	29.844364	5.699658	40.694988	1.736058	28.089523	63.42601	44.551243	5.144438
28.080969	57.476482	30.356152	5.677144	41.187519	1.720492	28.089523	63.42601	45.075264	5.135032
28.080969	57.476482	30.867971	5.654536	41.694042	1.70562	28.089523	63.42601	45.599323	5.12674
28.080969	57.476482	31.379814	5.631564	42.206009	1.691714	28.089523	63.42601	46.12344	5.119536
28.080969	57.476482	31.891684	5.60836	42.72411	1.678813	28.089523	63.42601	46.647602	5.113378
28.080969	57.476482	32.403591	5.585081	43.249702	1.666934	28.089523	63.42601	47.171803	5.108158
28.080969	57.476482	32.915535	5.561809	43.781277	1.656061	28.089523	63.42601	47.696049	5.103838
28.080969	57.476482	33.427528	5.538866	44.317425	1.646239	28.089523	63.42601	48.220325	5.100456
28.080969	57.476482	33.939564	5.516007	44.857746	1.637506	28.089523	63.42601	48.744644	5.097971
28.080969	57.476482	34.451633	5.493224	45.401905	1.62985	28.089523	63.42601	49.269001	5.096249
28.080969	57.476482	34.963741	5.4705	45.949333	1.623109	28.089523	63.42601	49.793392	5.09525
28.080969	57.476482	35.475883	5.44777	46.499584	1.6175	28.089523	63.42601	50.317806	5.095015
28.080969	57.476482	35.988052	5.424941	47.052303	1.612796	28.089523	63.42601	50.842266	5.095501
28.080969	57.476482	36.500256	5.402094	47.607201	1.608992	28.089523	63.42601	51.366745	5.096578
28.080969	57.476482	37.012501	5.379467	48.149261	1.60622	28.089523	63.42601	51.891258	5.098206
28.080969	57.476482	37.524788	5.357256	48.63533	1.604886	28.089523	63.42601	52.415798	5.100428
28.080969	57.476482	38.037136	5.335711	49.09182	1.605015	28.089523	63.42601	52.940365	5.103204
28.080969	57.476482	38.549549	5.314802	49.489647	1.606285	28.089523	63.42601	53.464973	5.106417
28.080969	57.476482	39.062019	5.294655	49.875927	1.608483	28.089523	63.42601	53.989597	5.11003
28.080969	57.476482	39.574551	5.275369	50.261909	1.611183	28.089523	63.42601	54.514256	5.114085
28.080969	57.476482	40.087151	5.257017	50.642559	1.613974	28.089523	63.42601	55.038944	5.118548
28.080969	57.476482	40.599815	5.239714	51.011761	1.617147	28.089523	63.42601	55.563656	5.123318
28.080969	57.476482	41.112541	5.223434	51.398296	1.621099	28.089523	63.42601	56.088402	5.128369
28.080969	57.476482	41.625332	5.20822	51.814911	1.624803	28.089523	63.42601	56.613167	5.13373
28.080969	57.476482	42.138184	5.194107	52.256084	1.628467	28.089523	63.42601	57.137978	5.139377
28.080969	57.476482	42.651093	5.181114	52.712383	1.632471	28.089523	63.42601	57.662807	5.145231
28.080969	57.476482	43.164055	5.169256	53.181492	1.63693	28.089523	63.42601	58.18766	5.151266
28.080969	57.476482	43.677071	5.158422	53.663475	1.641738	28.089523	63.42601	58.712551	5.15751
28.080969	57.476482	44.19014	5.148689	54.156067	1.646835	28.089523	63.42601	59.237461	5.163941
28.080969	57.476482	44.703262	5.140053	54.656723	1.652174	28.089523	63.42601	59.762417	5.170504
28.080969	57.476482	45.216434	5.132474	55.164288	1.657728	28.089523	63.42601	60.287388	5.177173
28.080969	57.476482	45.729649	5.12592	55.678089	1.663473	28.089523	63.42601	60.812389	5.183973
28.080969	57.476482	46.242908	5.120369	56.197109	1.669413	28.089523	63.42601	61.337429	5.190886
28.080969	57.476482	46.756214	5.11557	56.720398	1.675555	28.089523	63.42601	61.855782	5.197784
28.080969	57.476482	47.269558	5.11171	57.24733	1.681816	28.089523	63.42601	62.330711	5.204206
28.080969	57.476482	47.782928	5.108757	57.777412	1.688226	28.089523	63.42601	62.739449	5.210027
28.080969	57.476482	48.296345	5.106642	58.310162	1.694706	28.089523	63.42601	63.117016	5.215735
28.080969	57.476482	48.809681	5.105312	58.845127	1.701276	28.089523	63.42601	63.478619	5.221369
28.080969	57.476482	49.322136	5.104724	59.381981	1.707944	28.089523	63.42601	63.807407	5.226624
28.080969	57.476482	49.831478	5.104842	59.920456	1.714664	28.089523	63.42601	64.113594	5.231706
28.080969	57.476482	50.333878	5.105611	60.460293	1.721462	28.089523	63.42601	64.408333	5.236706
28.080969	57.476482	50.82579	5.106944	61.001282	1.728298	28.089523	63.42601	64.692047	5.241547
28.080969	57.476482	51.307049	5.10894	61.533939	1.735013	28.089523	63.42601	64.967278	5.246325
28.080969	57.476482	51.779278	5.111708	62.019402	1.741181	28.089523	63.42601	65.238541	5.251045
28.080969	57.476482	52.24353	5.114904	62.398685	1.7461	28.089523	63.42601	65.505226	5.255632
28.080969	57.476482	52.701126	5.118452	62.644325	1.74955	28.089523	63.42601	65.76651	5.260183
28.080969	57.476482	53.153362	5.122112	62.837929	1.752713	28.089523	63.42601	66.024612	5.264752
28.080969	57.476482	53.597466	5.126312	63.029709	1.755923	28.089523	63.42601	66.280579	5.269313
28.080969	57.476482	54.018284	5.130474	63.224567	1.758932	28.089523	63.42601	66.533691	5.273803
28.080969	57.476482	54.409302	5.134982	63.413681	1.761793	28.089523	63.42601	66.784546	5.278209
28.080969	57.476482	54.779037	5.139961	63.614819	1.764825	28.089523	63.42601	67.034111	5.282596
28.080969	57.476482	55.129822	5.14526	63.848797	1.768372	28.089523	63.42601	67.28231	5.286982
28.080969	57.476482	55.462318	5.150487	64.122467	1.772485	28.089523	63.42601	67.529114	5.291361
28.080969	57.476482	55.778687	5.155618	64.424019	1.77687	28.089523	63.42601	67.775055	5.295712
28.080969	57.476482	56.081501	5.160699	64.70578	1.780895	28.089523	63.42601	68.020294	5.300038
28.080969	57.476482	56.373371	5.165765	64.989258	1.785057	28.089523	63.42601	68.264778	5.304359
28.080969	57.476482	56.65659	5.170846	65.282768	1.789413	28.089523	63.42601	68.50869	5.308644
28.080969	57.476482	56.93306	5.175959	65.548286	1.7933	28.089523	63.42601	68.752205	5.312908
28.080969	57.476482	57.20435	5.181094	65.811096	1.797207	28.089523	63.42601	68.995331	5.31717
28.080969	57.476482	57.471664	5.186584	66.082123	1.801242	28.089523	63.42601	69.238106	5.32143
28.080969	57.476482	57.735863	5.191761	66.338615	1.805011	28.089523	63.42601	69.480629	5.32568
28.080969	57.476482	57.997482	5.196991	66.593124	1.808772	28.089523	63.42601	69.722954	5.329921
28.080969	57.476482	58.256844	5.202051	66.852119	1.812609	28.089523	63.42601	69.96508	5.334161
28.080969	57.476482	58.514118	5.207218	67.099449	1.816244	28.089523	63.42601	70.207054	5.338398
28.080969	57.476482	58.769417	5.212471	67.336357	1.819726	28.089523	63.42601	70.448914	5.342632
28.080969	57.476482	59.022869	5.217776	67.582726	1.823368	28.089523	63.42601	70.690674	5.346866
28.080969	57.476482	59.274559	5.222895	67.825905	1.826951	28.089523	63.42601	70.932343	5.351092
28.080969	57.476482	59.524662	5.228059	68.044373	1.83015	28.089523	63.42601	71.17395	5.355304
28.080969	57.476482	59.773373	5.233097	68.261581	1.833348	28.089523	63.42601	71.415504	5.359501
28.080969	57.476482	60.020901	5.238334	68.494949	1.836798	28.089523	63.42601	71.657005	5.36368
28.080969	57.476482	60.267475	5.243431	68.726372	1.840206	28.089523	63.42601	71.898468	5.367836
28.080969	57.476482	60.513325	5.248542	68.949509	1.843484	28.089523	63.42601	72.130875	5.371809
28.080969	57.476482	60.758617	5.253473	69.179688	1.846868	28.089523	63.42601	72.314835	5.374924
28.080969	57.476482	61.00351	5.25845	69.416595	1.850343	28.089523	63.42601	72.420387	5.376687
28.080969	57.476482	61.248119	5.263469	69.639191	1.853587	28.089523	63.42601	72.43792	5.376928
28.080969	57.476482	61.492519	5.268503	69.863708	1.856854	28.089523	63.42601	72.435059	5.376875
28.080969	57.476482	61.736732	5.273482	70.102837	1.860328	28.089523	63.42601	72.430656	5.376806
28.080969	57.476482	61.980804	5.278426	70.336578	1.863694	28.089523	63.42601	72.427345	5.376753
28.080969	57.476482	62.224716	5.283351	70.568535	1.867014	28.089523	63.42601	72.425537	5.376727
28.080969	57.476482	62.468491	5.288289	70.808609	1.870433	28.089523	63.42601	72.42485	5.376718
28.080969	57.476482	62.712097	5.293231	71.045509	1.873772	28.089523	63.42601	72.424744	5.376718
28.080969	57.476482	62.955559	5.29816	71.270401	1.876912	28.089523	63.42601	72.42485	5.376719
28.080969	57.476482	63.198879	5.303088	71.500885	1.880114	28.089523	63.42601	72.424973	5.376722
28.080969	57.476482	63.442074	5.308017	71.741974	1.883432	28.089523	63.42601	72.425056	5.376723
28.080969	57.476482	63.685169	5.312936	71.969604	1.886511	28.089523	63.42601	72.425102	5.376723
28.080969	57.476482	63.928177	5.317831	72.200508	1.889609	28.089523	63.42601	72.425117	5.376724
28.080969	57.476482	64.171135	5.322702	72.442879	1.892828	28.089523	63.42601	72.425117	5.376724
28.080969	57.476482	64.41404	5.32755	72.67614	1.895866	28.089523	63.42601	72.425117	5.376724
28.080969	57.476482	64.656929	5.332355	72.893372	1.898639	28.089523	63.42601	72.42511	5.376723
28.080969	57.476482	64.899811	5.337126	73.037231	1.900401	28.089523	63.42601	72.425102	5.376723
28.080969	57.476482	65.138123	5.34177	73.075485	1.900853	28.089523	63.42601	72.425102	5.376723
28.080969	57.476482	65.350388	5.34587	73.070045	1.900803	28.089523	63.42601	72.425102	5.376723
28.080969	57.476482	65.515259	5.349034	73.062744	1.900768	28.089523	63.42601	72.425102	5.376723
28.080969	57.476482	65.61879	5.351024	73.058159	1.900754	28.089523	63.42601	72.425102	5.376723
28.080969	57.476482	65.65847	5.351817	73.055931	1.900747	28.089523	63.42601	72.425102	5.376723
28.080969	57.476482	65.665703	5.352038	73.055008	1.900745	28.089523	63.42601	72.425102	5.376723
28.080969	57.476482	65.6605	5.351992	73.05468	1.900742	28.089523	63.42601	72.425102	5.376723
28.080969	57.476482	65.647423	5.351731	73.054596	1.900741	28.089523	63.42601	72.425102	5.376723
28.080969	57.476482	65.630516	5.351347	73.054581	1.90074	28.089523	63.42601	72.425102	5.376723
28.080969	57.476482	65.613083	5.350933	73.054581	1.90074	28.089523	63.42601	72.425102	5.376723
28.080969	57.476482	65.597839	5.350568	73.054588	1.90074	28.089523	63.42601	72.425102	5.376723
28.080969	57.476482	65.586716	5.35031	73.054588	1.90074	28.089523	63.42601	72.425102	5.376723
28.080969	57.476482	65.580589	5.350172	73.054581	1.90074	28.089523	63.42601	72.425102	5.376723
28.080969	57.476482	65.579262	5.350142	73.054581	1.90074	28.089523	63.42601	72.425102	5.376723
28.080969	57.476482	65.581772	5.350198	73.054581	1.90074	28.089523	63.42601	72.425102	5.376723
28.080969	57.476482	65.586777	5.350311	73.054581	1.90074	28.089523	63.42601	72.425102	5.376723
28.080969	57.476482	65.592857	5.350453	73.054581	1.90074	28.089523	63.42601	72.425102	5.376723
28.080969	57.476482	65.59877	5.350591	73.054581	1.90074	28.089523	63.42601	72.425102	5.376723
28.080969	57.476482	65.603584	5.350702	73.054581	1.90074	28.089523	63.42601	72.425102	5.376723
28.080969	57.476482	65.606773	5.350777	73.054581	1.90074	28.089523	63.42601	72.425102	5.376723
28.080969	57.476482	65.608192	5.350809	73.054581	1.90074	28.089523	63.42601	72.425102	5.376723
28.080969	57.476482	65.60804	5.350806	73.054581	1.90074	28.089523	63.42601	72.425102	5.376723
28.080969	57.476482	65.606705	5.350778	73.054581	1.90074	28.089523	63.42601	72.425102	5.376723
28.080969	57.476482	65.604713	5.35073	73.054581	1.90074	28.089523	63.42601	72.425102	5.376723
28.080969	57.476482	65.602547	5.350677	73.054581	1.90074	28.089523	63.42601	72.425102	5.376723
28.080969	57.476482	65.600586	5.35063	73.054581	1.90074	28.089523	63.42601	72.425102	5.376723
28.080969	57.476482	65.599113	5.350599	73.054581	1.90074	28.089523	63.42601	72.425102	5.376723
28.080969	57.476482	65.598259	5.35058	73.054581	1.90074	28.089523	63.42601	72.425102	5.376723
28.080969	57.476482	65.598015	5.350575	73.054581	1.90074	28.089523	63.42601	72.425102	5.376723
28.080969	57.476482	65.598274	5.350581	73.054581	1.90074	28.089523	63.42601	72.425102	5.376723
28.080969	57.476482	65.598877	5.350595	73.054581	1.90074	28.089523	63.42601	72.425102	5.376723
28.080969	57.476482	65.59964	5.350611	73.054581	1.90074	28.089523	63.42601	72.424973	5.376722
28.080969	57.476482	65.600388	5.350627	73.054581	1.90074	28.089523	63.42601	72.429306	5.376796
28.080969	57.476482	65.601021	5.350641	73.054581	1.90074	28.089523	63.42601	72.451111	5.377264
28.080969	57.476482	65.601456	5.350649	73.054581	1.90074	28.089523	63.42601	72.499435	5.378264
28.080969	57.476482	65.601646	5.350655	73.054581	1.90074	28.089523	63.42601	72.584679	5.379717
28.080969	57.476482	65.601646	5.350655	73.054581	1.90074	28.089523	63.42601	72.705803	5.381705
28.080969	57.476482	65.601509	5.350652	73.054581	1.90074	28.089523	63.42601	72.850739	5.384064
28.080969	57.476482	65.60128	5.350646	73.054581	1.90074	28.089523	63.42601	73.008736	5.386615
28.080969	57.476482	65.601021	5.35064	73.054581	1.90074	28.089523	63.42601	73.170753	5.389215
28.080969	57.476482	65.600792	5.350634	73.054581	1.90074	28.089523	63.42601	73.34362	5.391971
28.080969	57.476482	65.600563	5.350628	73.054581	1.90074	28.089523	63.42601	73.534737	5.395
28.080969	57.476482	65.601418	5.350644	73.054581	1.90074	28.089523	63.42601	73.73394	5.39812
28.080969	57.476482	65.605431	5.350647	73.054581	1.90074	28.089523	63.42601	73.933144	5.401206
28.080969	57.476482	65.621239	5.350688	73.054581	1.90074	28.089523	63.42601	74.138947	5.404354
28.080969	57.476482	65.653	5.351223	73.054581	1.90074	28.089523	63.42601	74.35556	5.407626
28.080969	57.476482	65.707573	5.352195	73.054581	1.90074	28.089523	63.42601	74.575005	5.410889
28.080969	57.476482	65.787933	5.353741	73.054581	1.90074	28.089523	63.42601	74.79406	5.414089
28.080969	57.476482	65.894173	5.355757	73.054581	1.90074	28.089523	63.42601	75.017624	5.417298
28.080969	57.476482	66.022423	5.358183	73.054581	1.90074	28.089523	63.42601	75.237854	5.420408
28.080969	57.476482	66.169113	5.360954	73.054581	1.90074	28.089523	63.42601	75.412598	5.422805
28.080969	57.476482	66.332169	5.364018	73.054581	1.90074	28.089523	63.42601	75.50985	5.424078
28.080969	57.476482	66.509392	5.367324	73.054581	1.90074	28.089523	63.42601	75.521355	5.424192
28.080969	57.476482	66.698006	5.370809	73.054581	1.90074	28.089523	63.42601	75.518394	5.424158
28.080969	57.476482	66.895393	5.37441	73.054581	1.90074	28.089523	63.42601	75.514206	5.424129
28.080969	57.476482	67.09948	5.378052	73.054581	1.90074	28.089523	63.42601	75.511108	5.424112
28.080969	57.476482	67.308708	5.381713	73.054581	1.90074	28.089523	63.42601	75.509453	5.424106
28.080969	57.476482	67.521919	5.385363	73.054581	1.90074	28.089523	63.42601	75.508835	5.424104
28.080969	57.476482	67.738327	5.388977	73.054581	1.90074	28.089523	63.42601	75.508766	5.424105
28.080969	57.476482	67.957458	5.392539	73.054581	1.90074	28.089523	63.42601	75.508873	5.424106
28.080969	57.476482	68.179085	5.396084	73.054581	1.90074	28.089523	63.42601	75.508995	5.424107
28.080969	57.476482	68.398346	5.399475	73.054581	1.90074	28.089523	63.42601	75.509071	5.424108
28.080969	57.476482	68.592628	5.402346	73.054581	1.90074	28.089523	63.42601	75.509109	5.424108
28.080969	57.476482	68.739616	5.404421	73.054581	1.90074	28.089523	63.42601	75.509125	5.424108
28.080969	57.476482	68.826004	5.405614	73.054581	1.90074	28.089523	63.42601	75.509125	5.424108
28.080969	57.476482	68.852333	5.406017	73.054581	1.90074	28.089523	63.42601	75.509117	5.424108
28.080969	57.476482	68.857422	5.406256	73.054581	1.90074	28.089523	63.42601	75.509117	5.424108
28.080969	57.476482	68.85144	5.406297	73.054581	1.90074	28.089523	63.42601	75.509109	5.424108
28.080969	57.476482	68.838547	5.406133	73.054581	1.90074	28.089523	63.42601	75.509117	5.424108
28.080969	57.476482	68.822433	5.405838	73.054581	1.90074	28.089523	63.42601	75.509117	5.424108
28.080969	57.476482	68.806221	5.4055	73.054581	1.90074	28.089523	63.42601	75.509117	5.424108
28.080969	57.476482	68.792389	5.405203	73.054581	1.90074	28.089523	63.42601	75.509117	5.424108
28.080969	57.476482	68.782639	5.405002	73.054581	1.90074	28.089523	63.42601	75.509117	5.424108
28.080969	57.476482	68.777588	5.404903	73.054581	1.90074	28.089523	63.42601	75.509117	5.424108
28.080969	57.476482	68.77697	5.404892	73.054581	1.90074	28.089523	63.42601	75.509117	5.424108
28.080969	57.476482	68.77977	5.404947	73.054581	1.90074	28.089523	63.42601	75.509117	5.424108
28.080969	57.476482	68.784721	5.405043	73.054581	1.90074	28.089523	63.42601	75.509117	5.424108
28.080969	57.476482	68.790466	5.405154	73.054581	1.90074	28.089523	63.42601	75.509117	5.424108
28.080969	57.476482	68.795921	5.405261	73.054581	1.90074	28.089523	63.42601	75.509117	5.424108
28.080969	57.476482	68.80024	5.405347	73.054581	1.90074	28.089523	63.42601	75.509117	5.424108
28.080969	57.476482	68.802979	5.405404	73.054619	1.900741	28.089523	63.42601	75.509117	5.424108
28.080969	57.476482	68.80407	5.405425	73.070312	1.901004	28.089523	63.42601	75.509117	5.424108
28.080969	57.476482	68.803726	5.405418	73.13401	1.901832	28.089523	63.42601	75.509117	5.424108
28.080969	57.476482	68.802345	5.405393	73.234818	1.903098	28.089523	63.42601	75.509117	5.424108
28.080969	57.476482	68.8004	5.405357	73.339355	1.904366	28.089523	63.42601	75.509117	5.424108
28.080969	57.476482	68.79837	5.40532	73.459404	1.905804	28.089523	63.42601	75.509117	5.424108
28.080969	57.476482	68.796562	5.405287	73.61338	1.907662	28.089523	63.42601	75.509117	5.424108
28.080969	57.476482	68.795265	5.405264	73.791168	1.909762	28.089523	63.42601	75.509117	5.424108
28.080969	57.476482	68.794556	5.405251	73.984055	1.911997	28.089523	63.42601	75.509117	5.424108
28.080969	57.476482	68.794411	5.405248	74.199852	1.914468	28.089523	63.42601	75.509117	5.424108
28.080969	57.476482	68.794724	5.405255	74.437431	1.91713	28.089523	63.42601	75.509117	5.424108
28.080969	57.476482	68.795326	5.405267	74.680244	1.91978	28.089523	63.42601	75.509117	5.424108