39.000000 0.000000 0.000000 40.000000 40.000000 40.000000 
39.000000 0.000000 0.000000 40.000000 40.000000 40.000000 
39.000000 0.000000 0.000000 40.000000 40.000000 40.000000 
39.000000 0.000000 0.000000 40.000000 40.000000 40.000000 
39.000000 0.000000 0.000000 40.000000 40.000000 40.000000 
39.000000 0.000000 0.000000 40.000000 40.000000 40.000000 
39.000000 0.000000 0.000000 40.000000 40.000000 40.000000 
39.000000 0.000000 0.000000 40.000000 40.000000 40.000000 
39.000000 0.000000 0.000000 40.000000 40.000000 40.000000 
39.000000 0.000000 0.000000 40.000000 40.000000 40.000000 
39.000000 0.000000 0.000000 40.000000 40.000000 40.000000 
39.000000 0.000000 0.000000 40.000000 40.000000 40.000000 
39.000000 0.000000 0.000000 40.000000 40.000000 40.000000 
39.000000 0.000000 0.000000 40.000000 40.000000 40.000000 
39.000000 0.000000 0.000000 40.000000 40.000000 40.000000 
39.000000 0.000000 0.000000 40.000000 40.000000 40.000000 
39.000000 0.000000 0.000000 40.000000 40.000000 40.000000 
39.000000 0.000000 0.000000 40.000000 40.000000 40.000000 
39.000000 0.000000 0.000000 40.000000 40.000000 40.000000 
39.000000 0.000000 0.000000 40.000000 40.000000 40.000000 
39.000000 0.000000 0.000000 40.000000 40.000000 40.000000 
39.000000 0.000000 0.000000 40.000000 40.000000 40.000000 
39.000000 0.000000 0.000000 40.000000 40.000000 40.000000 
39.000000 0.000000 0.000000 40.000000 40.000000 40.000000 
39.000000 0.000000 0.000000 40.000000 40.000000 40.000000 
39.000000 0.000000 0.000000 40.000000 40.000000 40.000000 
39.000000 0.000000 0.000000 40.000000 40.000000 40.000000 
39.000000 0.000000 0.000000 40.000000 40.000000 40.000000 
39.000000 0.000000 0.000000 40.000000 40.000000 40.000000 
39.000000 0.000000 0.000000 40.000000 40.000000 40.000000 
39.000000 0.000000 0.000000 40.000000 40.000000 40.000000 
39.000000 0.000000 0.000000 40.000000 40.000000 40.000000 
39.000000 0.000000 0.000000 40.000000 40.000000 40.000000 
39.000000 0.000000 0.000000 40.000000 40.000000 40.000000 
39.000000 0.000000 0.000000 40.000000 40.000000 40.000000 
39.000000 0.000000 0.000000 40.000000 40.000000 40.000000 
39.000000 0.000000 0.000000 40.000000 40.000000 40.000000 
39.000000 0.000000 0.000000 40.000000 40.000000 40.000000 
39.000000 0.000000 0.000000 40.000000 40.000000 40.000000 
39.000000 0.000000 0.000000 40.000000 40.000000 40.000000 
39.000000 0.000000 0.000000 40.000000 40.000000 40.000000 
39.000000 0.000000 0.000000 40.000000 40.000000 40.000000 
39.000000 0.000000 0.000000 40.000000 40.000000 40.000000 
39.000000 0.000000 0.000000 40.000000 40.000000 40.000000 
39.000000 0.000000 0.000000 40.000000 40.000000 40.000000 
39.000000 0.000000 0.000000 40.000000 40.000000 40.000000 
39.000000 0.000000 0.000000 40.000000 40.000000 40.000000 
39.000000 0.000000 0.000000 40.000000 40.000000 40.000000 
39.000000 0.000000 0.000000 40.000000 40.000000 40.000000 
39.000000 0.000000 0.000000 40.000000 40.000000 40.000000 
39.000000 0.000000 0.000000 40.000000 40.000000 40.000000 
39.000000 0.000000 0.000000 40.000000 40.000000 40.000000 
39.000000 0.000000 0.000000 40.000000 40.000000 40.000000 
39.000000 0.000000 0.000000 40.000000 40.000000 40.000000 
39.000000 0.000000 0.000000 40.000000 40.000000 40.000000 
39.000000 0.000000 0.000000 40.000000 40.000000 40.000000 
39.000000 0.000000 0.000000 40.000000 40.000000 40.000000 
39.000000 0.000000 0.000000 40.000000 40.000000 40.000000 
39.000000 0.000000 0.000000 40.000000 40.000000 40.000000 
39.000000 0.000000 0.000000 40.000000 40.000000 40.000000 
39.000000 0.000000 0.000000 40.000000 40.000000 40.000000 
39.000000 0.000000 0.000000 40.000000 40.000000 40.000000 
39.000000 0.000000 0.000000 40.000000 40.000000 40.000000 
39.000000 0.000000 0.000000 40.000000 40.000000 40.000000 
39.000000 0.000000 0.000000 40.000000 40.000000 40.000000 
39.000000 0.000000 0.000000 40.000000 40.000000 40.000000 
39.000000 0.000000 0.000000 40.000000 40.000000 40.000000 
39.000000 0.000000 0.000000 40.000000 40.000000 40.000000 
39.000000 0.000000 0.000000 40.000000 40.000000 40.000000 
39.000000 0.000000 0.000000 40.000000 40.000000 40.000000 
39.000000 0.000000 0.000000 40.000000 40.000000 40.000000 
39.000000 0.000000 0.000000 40.000000 40.000000 40.000000 
39.000000 0.000000 0.000000 40.000000 40.000000 40.000000 
39.000000 0.000000 0.000000 40.000000 40.000000 40.000000 
39.000000 0.000000 0.000000 40.000000 40.000000 40.000000 
39.000000 0.000000 0.000000 40.000000 40.000000 40.000000 
39.000000 0.000000 0.000000 40.000000 40.000000 40.000000 
39.000000 0.000000 0.000000 40.000000 40.000000 40.000000 
39.000000 0.000000 0.000000 40.000000 40.000000 40.000000 
39.000000 0.000000 0.000000 40.000000 40.000000 40.000000 
39.000000 0.000000 0.000000 40.000000 40.000000 40.000000 
39.000000 0.000000 0.000000 40.000000 40.000000 40.000000 
39.000000 0.000000 0.000000 40.000000 40.000000 40.000000 
39.000000 0.000000 0.000000 40.000000 40.000000 40.000000 
39.000000 0.000000 0.000000 40.000000 40.000000 40.000000 
39.000000 0.000000 0.000000 40.000000 40.000000 40.000000 
39.000000 0.000000 0.000000 40.000000 40.000000 40.000000 
39.000000 0.000000 0.000000 40.000000 40.000000 40.000000 
39.000000 0.000000 0.000000 40.000000 40.000000 40.000000 
39.000000 0.000000 0.000000 40.000000 40.000000 40.000000 
39.000000 0.000000 0.000000 40.000000 40.000000 40.000000 
39.000000 0.000000 0.000000 40.000000 40.000000 40.000000 
39.000000 0.000000 0.000000 40.000000 40.000000 40.000000 
39.000000 0.000000 0.000000 40.000000 40.000000 40.000000 
39.000000 0.000000 0.000000 40.000000 40.000000 40.000000 
39.000000 0.000000 0.000000 40.000000 40.000000 40.000000 
39.000000 0.000000 0.000000 40.000000 40.000000 40.000000 
39.000000 0.000000 0.000000 40.000000 40.000000 40.000000 
39.000000 0.000000 0.000000 40.000000 40.000000 40.000000 
39.000000 0.000000 0.000000 40.000000 40.000000 40.000000 
39.000000 0.400000 0.000000 39.600000 40.000000 39.600000 
39.000000 0.800000 0.000000 39.200000 40.000000 39.200000 
39.000000 1.200000 0.000000 38.800000 40.000000 38.800000 
39.000000 1.600000 0.000000 38.400000 40.000000 38.400000 
39.000000 2.000000 0.000000 38.000000 40.000000 38.000000 
39.000000 2.400000 0.000000 37.600000 40.000000 37.600000 
39.000000 2.800000 0.000000 37.200000 40.000000 37.200000 
39.000000 3.200000 0.000000 36.800000 40.000000 36.800000 
39.000000 3.600000 0.000000 36.400000 40.000000 36.400000 
39.000000 4.000000 0.000000 36.000000 40.000000 36.000000 
39.000000 4.400000 0.000000 35.600000 40.000000 35.600000 
39.000000 4.800000 0.000000 35.200000 40.000000 35.200000 
39.000000 5.200000 0.000000 34.800000 40.000000 34.800000 
39.000000 5.600000 0.000000 34.400000 40.000000 34.400000 
39.000000 6.000000 0.000000 34.000000 40.000000 34.000000 
39.000000 6.400000 0.000000 33.600000 40.000000 33.600000 
39.000000 6.800000 0.000000 33.200000 40.000000 33.200000 
39.000000 7.200000 0.000000 32.800000 40.000000 32.800000 
39.000000 7.600000 0.000000 32.400000 40.000000 32.400000 
39.000000 8.000000 0.000000 32.000000 40.000000 32.000000 
39.000000 8.400000 0.000000 31.600000 40.000000 31.600000 
39.000000 8.800000 0.000000 31.200000 40.000000 31.200000 
39.000000 9.200000 0.000000 30.800000 40.000000 30.800000 
39.000000 9.600000 0.000000 30.400000 40.000000 30.400000 
39.000000 10.000000 0.000000 30.000000 40.000000 30.0000000
39.000000 10.400000 0.000000 29.600000 40.000000 29.600000
39.000000 10.800000 0.000000 29.200000 40.000000 29.200000
39.000000 11.200000 0.000000 28.800000 40.000000 28.800000
39.000000 11.600000 0.000000 28.400000 40.000000 28.400000
39.000000 12.000000 0.000000 28.000000 40.000000 28.000000
39.000000 12.400000 0.000000 27.600000 40.000000 27.600000
39.000000 12.800000 0.000000 27.200000 40.000000 27.200000
39.000000 13.200000 0.000000 26.800000 40.000000 26.800000
39.000000 13.600000 0.000000 26.400000 40.000000 26.400000
39.000000 14.000000 0.000000 26.000000 40.000000 26.000000
39.000000 14.400000 0.000000 25.600000 40.000000 25.600000
39.000000 14.800000 0.000000 25.200000 40.000000 25.200000
39.000000 15.200000 0.000000 24.800000 40.000000 24.800000
39.000000 15.600000 0.000000 24.400000 40.000000 24.400000
39.000000 16.000000 0.000000 24.000000 40.000000 24.000000
39.000000 16.400000 0.000000 23.600000 40.000000 23.600000
39.000000 16.800000 0.000000 23.200000 40.000000 23.200000
39.000000 17.200000 0.000000 22.800000 40.000000 22.800000
39.000000 17.600000 0.000000 22.400000 40.000000 22.400000
39.000000 18.000000 0.000000 22.000000 40.000000 22.000000
39.000000 18.400000 0.000000 21.600000 40.000000 21.600000
39.000000 18.800000 0.000000 21.200000 40.000000 21.200000
39.000000 19.200000 0.000000 20.800000 40.000000 20.800000
39.000000 19.600000 0.000000 20.400000 40.000000 20.400000
39.000000 20.000000 0.000000 20.000000 40.000000 20.000000
39.000000 20.400000 0.000000 19.600000 40.000000 19.600000
39.000000 20.800000 0.000000 19.200000 40.000000 19.200000
39.000000 21.200000 0.000000 18.800000 40.000000 18.800000
39.000000 21.600000 0.000000 18.400000 40.000000 18.400000
39.000000 22.000000 0.000000 18.000000 40.000000 18.000000
39.000000 22.400000 0.000000 17.600000 40.000000 17.600000
39.000000 22.800000 0.000000 17.200000 40.000000 17.200000
39.000000 23.200000 0.000000 16.800000 40.000000 16.800000
39.000000 23.600000 0.000000 16.400000 40.000000 16.400000
39.000000 24.000000 0.000000 16.000000 40.000000 16.000000
39.000000 24.400000 0.000000 15.600000 40.000000 15.600000
39.000000 24.800000 0.000000 15.200000 40.000000 15.200000
39.000000 25.200000 0.000000 14.800000 40.000000 14.800000
39.000000 25.600000 0.000000 14.400000 40.000000 14.400000
39.000000 26.000000 0.000000 14.000000 40.000000 14.000000
39.000000 26.400000 0.000000 13.600000 40.000000 13.600000
39.000000 26.800000 0.000000 13.200000 40.000000 13.200000
39.000000 27.200000 0.000000 12.800000 40.000000 12.800000
39.000000 27.600000 0.000000 12.400000 40.000000 12.400000
39.000000 28.000000 0.000000 12.000000 40.000000 12.000000
39.000000 28.400000 0.000000 11.600000 40.000000 11.600000
39.000000 28.800000 0.000000 11.200000 40.000000 11.200000
39.000000 29.200000 0.000000 10.800000 40.000000 10.800000
39.000000 29.600000 0.000000 10.400000 40.000000 10.400000
39.000000 30.000000 0.000000 10.000000 40.000000 10.000000
39.000000 30.400000 0.000000 9.600000 40.000000 9.600000
39.000000 30.800000 0.000000 9.200000 40.000000 9.200000
39.000000 31.200000 0.000000 8.800000 40.000000 8.800000
39.000000 31.600000 0.000000 8.400000 40.000000 8.400000
39.000000 32.000000 0.000000 8.000000 40.000000 8.000000
39.000000 32.400000 0.000000 7.600000 40.000000 7.600000
39.000000 32.800000 0.000000 7.200000 40.000000 7.200000
39.000000 33.200000 0.000000 6.800000 40.000000 6.800000
39.000000 33.600000 0.000000 6.400000 40.000000 6.400000
39.000000 34.000000 0.000000 6.000000 40.000000 6.000000
39.000000 34.400000 0.000000 5.600000 40.000000 5.600000
39.000000 34.800000 0.000000 5.200000 40.000000 5.200000
39.000000 35.200000 0.000000 4.800000 40.000000 4.800000
39.000000 35.600000 0.000000 4.400000 40.000000 4.400000
39.000000 36.000000 0.000000 4.000000 40.000000 4.000000
39.000000 36.400000 0.000000 3.600000 40.000000 3.600000
39.000000 36.800000 0.000000 3.200000 40.000000 3.200000
39.000000 37.200000 0.000000 2.800000 40.000000 2.800000
39.000000 37.600000 0.000000 2.400000 40.000000 2.400000
39.000000 38.000000 0.000000 2.000000 40.000000 2.000000
39.000000 38.400000 0.000000 1.600000 40.000000 1.600000
39.000000 38.800000 0.000000 1.200000 40.000000 1.200000
39.000000 39.200000 0.000000 0.800000 40.000000 0.800000
39.000000 39.600000 0.000000 0.400000 40.000000 0.400000
39.000000 40.000000 0.000000 0.000000 40.000000 0.000000
39.000000 40.000000 0.000000 0.000000 40.000000 0.000000
39.000000 40.000000 0.000000 0.000000 40.000000 0.000000
39.000000 40.000000 0.000000 0.000000 40.000000 0.000000
39.000000 40.000000 0.000000 0.000000 40.000000 0.000000
39.000000 40.000000 0.000000 0.000000 40.000000 0.000000
39.000000 40.000000 0.000000 0.000000 40.000000 0.000000
39.000000 40.000000 0.000000 0.000000 40.000000 0.000000
39.000000 40.000000 0.000000 0.000000 40.000000 0.000000
39.000000 40.000000 0.000000 0.000000 40.000000 0.000000
39.000000 40.000000 0.000000 0.000000 40.000000 0.000000
39.000000 40.000000 0.000000 0.000000 40.000000 0.000000
39.000000 40.000000 0.000000 0.000000 40.000000 0.000000
39.000000 40.000000 0.000000 0.000000 40.000000 0.000000
39.000000 40.000000 0.000000 0.000000 40.000000 0.000000
39.000000 40.000000 0.000000 0.000000 40.000000 0.000000
39.000000 40.000000 0.000000 0.000000 40.000000 0.000000
39.000000 40.000000 0.000000 0.000000 40.000000 0.000000
39.000000 40.000000 0.000000 0.000000 40.000000 0.000000
39.000000 40.000000 0.000000 0.000000 40.000000 0.000000
39.000000 40.000000 0.000000 0.000000 40.000000 0.000000
39.000000 40.000000 0.000000 0.000000 40.000000 0.000000
39.000000 40.000000 0.000000 0.000000 40.000000 0.000000
39.000000 40.000000 0.000000 0.000000 40.000000 0.000000
39.000000 40.000000 0.000000 0.000000 40.000000 0.000000
39.000000 40.000000 0.000000 0.000000 40.000000 0.000000
39.000000 40.000000 0.000000 0.000000 40.000000 0.000000
39.000000 40.000000 0.000000 0.000000 40.000000 0.000000
39.000000 40.000000 0.000000 0.000000 40.000000 0.000000
39.000000 40.000000 0.000000 0.000000 40.000000 0.000000
39.000000 40.000000 0.000000 0.000000 40.000000 0.000000
39.000000 40.000000 0.000000 0.000000 40.000000 0.000000
39.000000 40.000000 0.000000 0.000000 40.000000 0.000000
39.000000 40.000000 0.000000 0.000000 40.000000 0.000000
39.000000 40.000000 0.000000 0.000000 40.000000 0.000000
39.000000 40.000000 0.000000 0.000000 40.000000 0.000000
39.000000 40.000000 0.000000 0.000000 40.000000 0.000000
39.000000 40.000000 0.000000 0.000000 40.000000 0.000000
39.000000 40.000000 0.000000 0.000000 40.000000 0.000000
39.000000 40.000000 0.000000 0.000000 40.000000 0.000000
39.000000 40.000000 0.000000 0.000000 40.000000 0.000000
39.000000 40.000000 0.000000 0.000000 40.000000 0.000000
39.000000 40.000000 0.000000 0.000000 40.000000 0.000000
39.000000 40.000000 0.000000 0.000000 40.000000 0.000000
39.000000 40.000000 0.000000 0.000000 40.000000 0.000000
39.000000 40.000000 0.000000 0.000000 40.000000 0.000000
39.000000 40.000000 0.000000 0.000000 40.000000 0.000000
39.000000 40.000000 0.000000 0.000000 40.000000 0.000000
39.000000 40.000000 0.000000 0.000000 40.000000 0.000000
39.000000 40.000000 0.000000 0.000000 40.000000 0.000000
39.000000 40.000000 0.000000 0.000000 40.000000 0.000000
39.000000 40.000000 0.000000 0.000000 40.000000 0.000000
39.000000 40.000000 0.000000 0.000000 40.000000 0.000000
39.000000 40.000000 0.000000 0.000000 40.000000 0.000000
38.610000 41.000000 0.070000 0.700000 40.370000 0.700000
38.220000 42.000000 0.140000 1.400000 40.740000 1.400000
37.830000 43.000000 0.210000 2.100000 41.110000 2.100000
37.440000 44.000000 0.280000 2.800000 41.480000 2.800000
37.050000 45.000000 0.350000 3.500000 41.850000 3.500000
36.660000 46.000000 0.420000 4.200000 42.220000 4.200000
36.270000 47.000000 0.490000 4.900000 42.590000 4.900000
35.880000 48.000000 0.560000 5.600000 42.960000 5.600000
35.490000 49.000000 0.630000 6.300000 43.330000 6.300000
35.100000 50.000000 0.700000 7.000000 43.700000 7.000000
34.710000 51.000000 0.770000 7.700000 44.070000 7.700000
34.320000 52.000000 0.840000 8.400000 44.440000 8.400000 
33.930000 53.000000 0.910000 9.100000 44.810000 9.100000 
33.540000 54.000000 0.980000 9.800000 45.180000 9.800000 
33.150000 55.000000 1.050000 10.500000 45.550000 10.5000000
32.760000 56.000000 1.120000 11.200000 45.920000 11.2000000
32.370000 57.000000 1.190000 11.900000 46.290000 11.9000000
31.980000 58.000000 1.260000 12.600000 46.660000 12.6000000
31.590000 59.000000 1.330000 13.300000 47.030000 13.3000000
31.200000 60.000000 1.400000 14.000000 47.400000 14.0000000
30.810000 61.000000 1.470000 14.700000 47.770000 14.7000000
30.420000 62.000000 1.540000 15.400000 48.140000 15.4000000
30.030000 63.000000 1.610000 16.100000 48.510000 16.1000000
29.640000 64.000000 1.680000 16.800000 48.880000 16.8000000
29.250000 65.000000 1.750000 17.500000 49.250000 17.5000000
28.860000 66.000000 1.820000 18.200000 49.620000 18.2000000
28.470000 67.000000 1.890000 18.900000 49.990000 18.9000000
28.080000 68.000000 1.960000 19.600000 50.360000 19.6000000
27.690000 69.000000 2.030000 20.300000 50.730000 20.3000000
27.300000 70.000000 2.100000 21.000000 51.100000 21.0000000
26.910000 71.000000 2.170000 21.700000 51.470000 21.7000000
26.520000 72.000000 2.240000 22.400000 51.840000 22.4000000
26.130000 73.000000 2.310000 23.100000 52.210000 23.1000000
25.740000 74.000000 2.380000 23.800000 52.580000 23.80000000
25.350000 75.000000 2.450000 24.500000 52.950000 24.50000000
24.960000 76.000000 2.520000 25.200000 53.320000 25.20000000
24.570000 77.000000 2.590000 25.900000 53.690000 25.90000000
24.180000 78.000000 2.660000 26.600000 54.060000 26.60000000
23.790000 79.000000 2.730000 27.300000 54.430000 27.30000000
23.400000 80.000000 2.800000 28.000000 54.800000 28.00000000
23.010000 81.000000 2.870000 28.700000 55.170000 28.70000000
22.620000 82.000000 2.940000 29.400000 55.540000 29.400000
22.230000 83.000000 3.010000 30.100000 55.910000 30.100000
21.840000 84.000000 3.080000 30.800000 56.280000 30.800000
21.450000 85.000000 3.150000 31.500000 56.650000 31.500000
21.060000 86.000000 3.220000 32.200000 57.020000 32.200000
20.670000 87.000000 3.290000 32.900000 57.390000 32.900000
20.280000 88.000000 3.360000 33.600000 57.760000 33.600000
19.890000 89.000000 3.430000 34.300000 58.130000 34.300000
19.500000 90.000000 3.500000 35.000000 58.500000 35.000000
19.110000 91.000000 3.570000 35.700000 58.870000 35.700000
18.720000 92.000000 3.640000 36.400000 59.240000 36.400000
18.330000 93.000000 3.710000 37.100000 59.610000 37.100000
17.940000 94.000000 3.780000 37.800000 59.980000 37.800000
17.550000 95.000000 3.850000 38.500000 60.350000 38.500000
17.160000 96.000000 3.920000 39.200000 60.720000 39.200000
16.770000 97.000000 3.990000 39.900000 61.090000 39.900000
16.380000 98.000000 4.060000 40.600000 61.460000 40.600000
15.990000 99.000000 4.130000 41.300000 61.830000 41.300000
15.600000 100.000000 4.200000 42.000000 62.200000 42.00000
15.210000 101.000000 4.270000 42.700000 62.570000 42.700000
14.820000 102.000000 4.340000 43.400000 62.940000 43.400000
14.430000 103.000000 4.410000 44.100000 63.310000 44.100000
14.040000 104.000000 4.480000 44.800000 63.680000 44.800000
13.650000 105.000000 4.550000 45.500000 64.050000 45.500000
13.260000 106.000000 4.620000 46.200000 64.420000 46.200000
12.870000 107.000000 4.690000 46.900000 64.790000 46.900000
12.480000 108.000000 4.760000 47.600000 65.160000 47.600000
12.090000 109.000000 4.830000 48.300000 65.530000 48.300000
11.700000 110.000000 4.900000 49.000000 65.900000 49.000000
11.310000 111.000000 4.970000 49.700000 66.270000 49.700000
10.920000 112.000000 5.040000 50.400000 66.640000 50.400000
10.530000 113.000000 5.110000 51.100000 67.010000 51.100000
10.140000 114.000000 5.180000 51.800000 67.380000 51.800000
9.750000 115.000000 5.250000 52.500000 67.750000 52.500000 
9.360000 116.000000 5.320000 53.200000 68.120000 53.200000 
8.970000 117.000000 5.390000 53.900000 68.490000 53.900000 
8.580000 118.000000 5.460000 54.600000 68.860000 54.600000 
8.190000 119.000000 5.530000 55.300000 69.230000 55.300000 
7.800000 120.000000 5.600000 56.000000 69.600000 56.000000 
7.410000 121.000000 5.670000 56.700000 69.970000 56.700000 
7.020000 122.000000 5.740000 57.400000 70.340000 57.400000 
6.630000 123.000000 5.810000 58.100000 70.710000 58.100000 
6.240000 124.000000 5.880000 58.800000 71.080000 58.800000 
5.850000 125.000000 5.950000 59.500000 71.450000 59.500000 
5.460000 126.000000 6.020000 60.200000 71.820000 60.200000 
5.070000 127.000000 6.090000 60.900000 72.190000 60.900000 
4.680000 128.000000 6.160000 61.600000 72.560000 61.600000
4.290000 129.000000 6.230000 62.300000 72.930000 62.300000
3.900000 130.000000 6.300000 63.000000 73.300000 63.000000
3.510000 131.000000 6.370000 63.700000 73.670000 63.700000
3.120000 132.000000 6.440000 64.400000 74.040000 64.400000
2.730000 133.000000 6.510000 65.100000 74.410000 65.100000
2.340000 134.000000 6.580000 65.800000 74.780000 65.800000
1.950000 135.000000 6.650000 66.500000 75.150000 66.500000
1.560000 136.000000 6.720000 67.200000 75.520000 67.200000
1.170000 137.000000 6.790000 67.900000 75.890000 67.900000
0.780000 138.000000 6.860000 68.600000 76.260000 68.600000
0.390000 139.000000 6.930000 69.300000 76.630000 69.300000
0.000000 140.000000 7.000000 70.000000 77.000000 70.000000
0.000000 140.000000 7.000000 70.000000 77.000000 70.000000
0.000000 140.000000 7.000000 70.000000 77.000000 70.000000
0.000000 140.000000 7.000000 70.000000 77.000000 70.000000
0.000000 140.000000 7.000000 70.000000 77.000000 70.000000
0.000000 140.000000 7.000000 70.000000 77.000000 70.000000
0.000000 140.000000 7.000000 70.000000 77.000000 70.000000
0.000000 140.000000 7.000000 70.000000 77.000000 70.000000
0.000000 140.000000 7.000000 70.000000 77.000000 70.000000
0.000000 140.000000 7.000000 70.000000 77.000000 70.000000
0.000000 140.000000 7.000000 70.000000 77.000000 70.000000
0.000000 140.000000 7.000000 70.000000 77.000000 70.000000
0.000000 140.000000 7.000000 70.000000 77.000000 70.000000
0.000000 140.000000 7.000000 70.000000 77.000000 70.000000
0.000000 140.000000 7.000000 70.000000 77.000000 70.000000
0.000000 140.000000 7.000000 70.000000 77.000000 70.000000
0.000000 140.000000 7.000000 70.000000 77.000000 70.000000
0.000000 140.000000 7.000000 70.000000 77.000000 70.000000
0.000000 140.000000 7.000000 70.000000 77.000000 70.000000
0.000000 140.000000 7.000000 70.000000 77.000000 70.000000
0.000000 140.000000 7.000000 70.000000 77.000000 70.000000
0.000000 140.000000 7.000000 70.000000 77.000000 70.000000
0.000000 140.000000 7.000000 70.000000 77.000000 70.000000
0.000000 140.000000 7.000000 70.000000 77.000000 70.000000
0.000000 140.000000 7.000000 70.000000 77.000000 70.000000
0.000000 140.000000 7.000000 70.000000 77.000000 70.000000
0.000000 140.000000 7.000000 70.000000 77.000000 70.000000
0.000000 140.000000 7.000000 70.000000 77.000000 70.000000
0.000000 140.000000 7.000000 70.000000 77.000000 70.000000
0.000000 140.000000 7.000000 70.000000 77.000000 70.000000
0.000000 140.000000 7.000000 70.000000 77.000000 70.000000
0.000000 140.000000 7.000000 70.000000 77.000000 70.000000
0.000000 140.000000 7.000000 70.000000 77.000000 70.000000
0.000000 140.000000 7.000000 70.000000 77.000000 70.000000
0.000000 140.000000 7.000000 70.000000 77.000000 70.000000
0.000000 140.000000 7.000000 70.000000 77.000000 70.000000
0.000000 140.000000 7.000000 70.000000 77.000000 70.000000
0.000000 140.000000 7.000000 70.000000 77.000000 70.000000
0.000000 140.000000 7.000000 70.000000 77.000000 70.000000
0.000000 140.000000 7.000000 70.000000 77.000000 70.000000
0.000000 140.000000 7.000000 70.000000 77.000000 70.000000
0.000000 140.000000 7.000000 70.000000 77.000000 70.000000
0.000000 140.000000 7.000000 70.000000 77.000000 70.000000
0.000000 140.000000 7.000000 70.000000 77.000000 70.000000
0.000000 140.000000 7.000000 70.000000 77.000000 70.000000
0.000000 140.000000 7.000000 70.000000 77.000000 70.000000
0.000000 140.000000 7.000000 70.000000 77.000000 70.000000
0.000000 140.000000 7.000000 70.000000 77.000000 70.000000
0.000000 140.000000 7.000000 70.000000 77.000000 70.000000
0.000000 140.000000 7.000000 70.000000 77.000000 70.000000