0.000000 60.000000 40.000000 60.000000 0.000000 0.000000 40.000000 0.000000 0.000000 80.000000 40.000000 80.000000
0.000000 60.000000 40.000000 60.000000 0.000000 0.000000 40.000000 0.000000 0.000000 80.000000 40.000000 80.000000
0.000000 60.000000 40.000000 60.000000 0.000000 0.000000 40.000000 0.000000 0.000000 80.000000 40.000000 80.000000
0.000000 60.000000 40.000000 60.000000 0.000000 0.000000 40.000000 0.000000 0.000000 80.000000 40.000000 80.000000
0.000000 60.000000 40.000000 60.000000 0.000000 0.000000 40.000000 0.000000 0.000000 80.000000 40.000000 80.000000
0.000000 60.000000 40.000000 60.000000 0.000000 0.000000 40.000000 0.000000 0.000000 80.000000 40.000000 80.000000
0.000000 60.000000 40.000000 60.000000 0.000000 0.000000 40.000000 0.000000 0.000000 80.000000 40.000000 80.000000
0.000000 60.000000 40.000000 60.000000 0.000000 0.000000 40.000000 0.000000 0.000000 80.000000 40.000000 80.000000
0.000000 60.000000 40.000000 60.000000 0.000000 0.000000 40.000000 0.000000 0.000000 80.000000 40.000000 80.000000
0.000000 60.000000 40.000000 60.000000 0.000000 0.000000 40.000000 0.000000 0.000000 80.000000 40.000000 80.000000
0.000000 60.000000 40.000000 60.000000 0.000000 0.000000 40.000000 0.000000 0.000000 80.000000 40.000000 80.000000
0.000000 60.000000 40.000000 60.000000 0.000000 0.000000 40.000000 0.000000 0.000000 80.000000 40.000000 80.000000
0.000000 60.000000 40.000000 60.000000 0.000000 0.000000 40.000000 0.000000 0.000000 80.000000 40.000000 80.000000
0.000000 60.000000 40.000000 60.000000 0.000000 0.000000 40.000000 0.000000 0.000000 80.000000 40.000000 80.000000
0.000000 60.000000 40.000000 60.000000 0.000000 0.000000 40.000000 0.000000 0.000000 80.000000 40.000000 80.000000
0.000000 60.000000 40.000000 60.000000 0.000000 0.000000 40.000000 0.000000 0.000000 80.000000 40.000000 80.000000
0.000000 60.000000 40.000000 60.000000 0.000000 0.000000 40.000000 0.000000 0.000000 80.000000 40.000000 80.000000
0.000000 60.000000 40.000000 60.000000 0.000000 0.000000 40.000000 0.000000 0.000000 80.000000 40.000000 80.000000
0.000000 60.000000 40.000000 60.000000 0.000000 0.000000 40.000000 0.000000 0.000000 80.000000 40.000000 80.000000
0.000000 60.000000 40.000000 60.000000 0.000000 0.000000 40.000000 0.000000 0.000000 80.000000 40.000000 80.000000
0.000000 60.000000 40.000000 60.000000 0.000000 0.000000 40.000000 0.000000 0.000000 80.000000 40.000000 80.000000
0.000000 60.000000 40.000000 60.000000 0.000000 0.000000 40.000000 0.000000 0.000000 80.000000 40.000000 80.000000
0.000000 60.000000 40.000000 60.000000 0.000000 0.000000 40.000000 0.000000 0.000000 80.000000 40.000000 80.000000
0.000000 60.000000 40.000000 60.000000 0.000000 0.000000 40.000000 0.000000 0.000000 80.000000 40.000000 80.000000
0.000000 60.000000 40.000000 60.000000 0.000000 0.000000 40.000000 0.000000 0.000000 80.000000 40.000000 80.000000
0.000000 60.000000 40.000000 60.000000 0.000000 0.000000 40.000000 0.000000 0.000000 80.000000 40.000000 80.000000
0.000000 60.000000 40.000000 60.000000 0.000000 0.000000 40.000000 0.000000 0.000000 80.000000 40.000000 80.000000
0.000000 60.000000 40.000000 60.000000 0.000000 0.000000 40.000000 0.000000 0.000000 80.000000 40.000000 80.000000
0.000000 60.000000 40.000000 60.000000 0.000000 0.000000 40.000000 0.000000 0.000000 80.000000 40.000000 80.000000
0.000000 60.000000 40.000000 60.000000 0.000000 0.000000 40.000000 0.000000 0.000000 80.000000 40.000000 80.000000
0.000000 60.000000 40.000000 60.000000 0.000000 0.000000 40.000000 0.000000 0.000000 80.000000 40.000000 80.000000
0.000000 60.000000 40.000000 60.000000 0.000000 0.000000 40.000000 0.000000 0.000000 80.000000 40.000000 80.000000
0.000000 60.000000 40.000000 60.000000 0.000000 0.000000 40.000000 0.000000 0.000000 80.000000 40.000000 80.000000
0.000000 60.000000 40.000000 60.000000 0.000000 0.000000 40.000000 0.000000 0.000000 80.000000 40.000000 80.000000
0.000000 60.000000 40.000000 60.000000 0.000000 0.000000 40.000000 0.000000 0.000000 80.000000 40.000000 80.000000
0.000000 60.000000 40.000000 60.000000 0.000000 0.000000 40.000000 0.000000 0.000000 80.000000 40.000000 80.000000
0.000000 60.000000 40.000000 60.000000 0.000000 0.000000 40.000000 0.000000 0.000000 80.000000 40.000000 80.000000
0.000000 60.000000 40.000000 60.000000 0.000000 0.000000 40.000000 0.000000 0.000000 80.000000 40.000000 80.000000
0.000000 60.000000 40.000000 60.000000 0.000000 0.000000 40.000000 0.000000 0.000000 80.000000 40.000000 80.000000
0.000000 60.000000 40.000000 60.000000 0.000000 0.000000 40.000000 0.000000 0.000000 80.000000 40.000000 80.000000
0.000000 60.000000 40.000000 60.000000 0.000000 0.000000 40.000000 0.000000 0.000000 80.000000 40.000000 80.000000
0.000000 60.000000 40.000000 60.000000 0.000000 0.000000 40.000000 0.000000 0.000000 80.000000 40.000000 80.000000
0.000000 60.000000 40.000000 60.000000 0.000000 0.000000 40.000000 0.000000 0.000000 80.000000 40.000000 80.000000
0.000000 60.000000 40.000000 60.000000 0.000000 0.000000 40.000000 0.000000 0.000000 80.000000 40.000000 80.000000
0.000000 60.000000 40.000000 60.000000 0.000000 0.000000 40.000000 0.000000 0.000000 80.000000 40.000000 80.000000
0.000000 60.000000 40.000000 60.000000 0.000000 0.000000 40.000000 0.000000 0.000000 80.000000 40.000000 80.000000
0.000000 60.000000 40.000000 60.000000 0.000000 0.000000 40.000000 0.000000 0.000000 80.000000 40.000000 80.000000
0.000000 60.000000 40.000000 60.000000 0.000000 0.000000 40.000000 0.000000 0.000000 80.000000 40.000000 80.000000
0.000000 60.000000 40.000000 60.000000 0.000000 0.000000 40.000000 0.000000 0.000000 80.000000 40.000000 80.000000
0.000000 60.000000 40.000000 60.000000 0.000000 0.000000 40.000000 0.000000 0.000000 80.000000 40.000000 80.000000
0.000000 60.000000 40.000000 60.000000 0.000000 0.000000 40.000000 0.000000 0.000000 80.000000 40.000000 80.000000
0.000000 60.000000 40.000000 60.000000 0.000000 0.000000 40.000000 0.000000 0.000000 80.000000 40.000000 80.000000
0.000000 60.000000 40.000000 60.000000 0.000000 0.000000 40.000000 0.000000 0.000000 80.000000 40.000000 80.000000
0.000000 60.000000 40.000000 60.000000 0.000000 0.000000 40.000000 0.000000 0.000000 80.000000 40.000000 80.000000
0.000000 60.000000 40.000000 60.000000 0.000000 0.000000 40.000000 0.000000 0.000000 80.000000 40.000000 80.000000
0.000000 60.000000 40.000000 60.000000 0.000000 0.000000 40.000000 0.000000 0.000000 80.000000 40.000000 80.000000
0.000000 60.000000 40.000000 60.000000 0.000000 0.000000 40.000000 0.000000 0.000000 80.000000 40.000000 80.000000
0.000000 60.000000 40.000000 60.000000 0.000000 0.000000 40.000000 0.000000 0.000000 80.000000 40.000000 80.000000
0.000000 60.000000 40.000000 60.000000 0.000000 0.000000 40.000000 0.000000 0.000000 80.000000 40.000000 80.000000
0.000000 60.000000 40.000000 60.000000 0.000000 0.000000 40.000000 0.000000 0.000000 80.000000 40.000000 80.000000
0.000000 60.000000 40.000000 60.000000 0.000000 0.000000 40.000000 0.000000 0.000000 80.000000 40.000000 80.000000
0.000000 60.000000 40.000000 60.000000 0.000000 0.000000 40.000000 0.000000 0.000000 80.000000 40.000000 80.000000
0.000000 60.000000 40.000000 60.000000 0.000000 0.000000 40.000000 0.000000 0.000000 80.000000 40.000000 80.000000
0.000000 60.000000 40.000000 60.000000 0.000000 0.000000 40.000000 0.000000 0.000000 80.000000 40.000000 80.000000
0.000000 60.000000 40.000000 60.000000 0.000000 0.000000 40.000000 0.000000 0.000000 80.000000 40.000000 80.000000
0.000000 60.000000 40.000000 60.000000 0.000000 0.000000 40.000000 0.000000 0.000000 80.000000 40.000000 80.000000
0.000000 60.000000 40.000000 60.000000 0.000000 0.000000 40.000000 0.000000 0.000000 80.000000 40.000000 80.000000
0.000000 60.000000 40.000000 60.000000 0.000000 0.000000 40.000000 0.000000 0.000000 80.000000 40.000000 80.000000
0.000000 60.000000 40.000000 60.000000 0.000000 0.000000 40.000000 0.000000 0.000000 80.000000 40.000000 80.000000
0.000000 60.000000 40.000000 60.000000 0.000000 0.000000 40.000000 0.000000 0.000000 80.000000 40.000000 80.000000
0.000000 60.000000 40.000000 60.000000 0.000000 0.000000 40.000000 0.000000 0.000000 80.000000 40.000000 80.000000
0.000000 60.000000 40.000000 60.000000 0.000000 0.000000 40.000000 0.000000 0.000000 80.000000 40.000000 80.000000
0.000000 60.000000 40.000000 60.000000 0.000000 0.000000 40.000000 0.000000 0.000000 80.000000 40.000000 80.000000
0.000000 60.000000 40.000000 60.000000 0.000000 0.000000 40.000000 0.000000 0.000000 80.000000 40.000000 80.000000
0.000000 60.000000 40.000000 60.000000 0.000000 0.000000 40.000000 0.000000 0.000000 80.000000 40.000000 80.000000
0.000000 60.000000 40.000000 60.000000 0.000000 0.000000 40.000000 0.000000 0.000000 80.000000 40.000000 80.000000
0.000000 60.000000 40.000000 60.000000 0.000000 0.000000 40.000000 0.000000 0.000000 80.000000 40.000000 80.000000
0.000000 60.000000 40.000000 60.000000 0.000000 0.000000 40.000000 0.000000 0.000000 80.000000 40.000000 80.000000
0.000000 60.000000 40.000000 60.000000 0.000000 0.000000 40.000000 0.000000 0.000000 80.000000 40.000000 80.000000
0.000000 60.000000 40.000000 60.000000 0.000000 0.000000 40.000000 0.000000 0.000000 80.000000 40.000000 80.000000
0.000000 61.800000 40.000000 61.800000 0.000000 1.900000 40.000000 1.900000 0.000000 82.000000 40.000000 82.000000
0.000000 63.600000 40.000000 63.600000 0.000000 3.800000 40.000000 3.800000 0.000000 84.000000 40.000000 84.000000
0.000000 65.400000 40.000000 65.400000 0.000000 5.700000 40.000000 5.700000 0.000000 86.000000 40.000000 86.000000
0.000000 67.200000 40.000000 67.200000 0.000000 7.600000 40.000000 7.600000 0.000000 88.000000 40.000000 88.000000
0.000000 69.000000 40.000000 69.000000 0.000000 9.500000 40.000000 9.500000 0.000000 90.000000 40.000000 90.000000
0.000000 70.800000 40.000000 70.800000 0.000000 11.400000 40.000000 11.400000 0.000000 92.000000 40.000000 92.000000
0.000000 72.600000 40.000000 72.600000 0.000000 13.300000 40.000000 13.300000 0.000000 94.000000 40.000000 94.000000
0.000000 74.400000 40.000000 74.400000 0.000000 15.200000 40.000000 15.200000 0.000000 96.000000 40.000000 96.000000
0.000000 76.200000 40.000000 76.200000 0.000000 17.100000 40.000000 17.100000 0.000000 98.000000 40.000000 98.000000
0.000000 78.000000 40.000000 78.000000 0.000000 19.000000 40.000000 19.000000 0.000000 100.000000 40.000000 100.000000
0.000000 79.800000 40.000000 79.800000 0.000000 20.900000 40.000000 20.900000 0.000000 102.000000 40.000000 102.000000
0.000000 81.600000 40.000000 81.600000 0.000000 22.800000 40.000000 22.800000 0.000000 104.000000 40.000000 104.000000
0.000000 83.400000 40.000000 83.400000 0.000000 24.700000 40.000000 24.700000 0.000000 106.000000 40.000000 106.000000
0.000000 85.200000 40.000000 85.200000 0.000000 26.600000 40.000000 26.600000 0.000000 108.000000 40.000000 108.000000
0.000000 87.000000 40.000000 87.000000 0.000000 28.500000 40.000000 28.500000 0.000000 110.000000 40.000000 110.000000
0.000000 88.800000 40.000000 88.800000 0.000000 30.400000 40.000000 30.400000 0.000000 112.000000 40.000000 112.000000
0.000000 90.600000 40.000000 90.600000 0.000000 32.300000 40.000000 32.300000 0.000000 114.000000 40.000000 114.000000
0.000000 92.400000 40.000000 92.400000 0.000000 34.200000 40.000000 34.200000 0.000000 116.000000 40.000000 116.000000
0.000000 94.200000 40.000000 94.200000 0.000000 36.100000 40.000000 36.100000 0.000000 118.000000 40.000000 118.000000
0.000000 96.000000 40.000000 96.000000 0.000000 38.000000 40.000000 38.000000 0.000000 120.000000 40.000000 120.000000
0.000000 97.800000 40.000000 97.800000 0.000000 39.900000 40.000000 39.900000 0.000000 122.000000 40.000000 122.000000
0.000000 99.600000 40.000000 99.600000 0.000000 41.800000 40.000000 41.800000 0.000000 124.000000 40.000000 124.000000
0.000000 101.400000 40.000000 101.400000 0.000000 43.700000 40.000000 43.700000 0.000000 126.000000 40.000000 126.000000
0.000000 103.200000 40.000000 103.200000 0.000000 45.600000 40.000000 45.600000 0.000000 128.000000 40.000000 128.000000
0.000000 105.000000 40.000000 105.000000 0.000000 47.500000 40.000000 47.500000 0.000000 130.000000 40.000000 130.000000
0.000000 106.800000 40.000000 106.800000 0.000000 49.400000 40.000000 49.400000 0.000000 132.000000 40.000000 132.000000
0.000000 108.600000 40.000000 108.600000 0.000000 51.300000 40.000000 51.300000 0.000000 134.000000 40.000000 134.000000
0.000000 110.400000 40.000000 110.400000 0.000000 53.200000 40.000000 53.200000 0.000000 136.000000 40.000000 136.000000
0.000000 112.200000 40.000000 112.200000 0.000000 55.100000 40.000000 55.100000 0.000000 138.000000 40.000000 138.000000
0.000000 114.000000 40.000000 114.000000 0.000000 57.000000 40.000000 57.000000 0.000000 140.000000 40.000000 140.000000
0.000000 115.800000 40.000000 115.800000 0.000000 58.900000 40.000000 58.900000 0.000000 142.000000 40.000000 142.000000
0.000000 117.600000 40.000000 117.600000 0.000000 60.800000 40.000000 60.800000 0.000000 144.000000 40.000000 144.000000
0.000000 119.400000 40.000000 119.400000 0.000000 62.700000 40.000000 62.700000 0.000000 146.000000 40.000000 146.000000
0.000000 121.200000 40.000000 121.200000 0.000000 64.600000 40.000000 64.600000 0.000000 148.000000 40.000000 148.000000
0.000000 123.000000 40.000000 123.000000 0.000000 66.500000 40.000000 66.500000 0.000000 150.000000 40.000000 150.000000
0.000000 124.800000 40.000000 124.800000 0.000000 68.400000 40.000000 68.400000 0.000000 152.000000 40.000000 152.000000
0.000000 126.600000 40.000000 126.600000 0.000000 70.300000 40.000000 70.300000 0.000000 154.000000 40.000000 154.000000
0.000000 128.400000 40.000000 128.400000 0.000000 72.200000 40.000000 72.200000 0.000000 156.000000 40.000000 156.000000
0.000000 130.200000 40.000000 130.200000 0.000000 74.100000 40.000000 74.100000 0.000000 158.000000 40.000000 158.000000
0.000000 132.000000 40.000000 132.000000 0.000000 76.000000 40.000000 76.000000 0.000000 160.000000 40.000000 160.000000
0.000000 133.800000 40.000000 133.800000 0.000000 77.900000 40.000000 77.900000 0.000000 162.000000 40.000000 162.000000
0.000000 135.600000 40.000000 135.600000 0.000000 79.800000 40.000000 79.800000 0.000000 164.000000 40.000000 164.000000
0.000000 137.400000 40.000000 137.400000 0.000000 81.700000 40.000000 81.700000 0.000000 166.000000 40.000000 166.000000
0.000000 139.200000 40.000000 139.200000 0.000000 83.600000 40.000000 83.600000 0.000000 168.000000 40.000000 168.000000
0.000000 141.000000 40.000000 141.000000 0.000000 85.500000 40.000000 85.500000 0.000000 170.000000 40.000000 170.000000
0.000000 142.800000 40.000000 142.800000 0.000000 87.400000 40.000000 87.400000 0.000000 172.000000 40.000000 172.000000
0.000000 144.600000 40.000000 144.600000 0.000000 89.300000 40.000000 89.300000 0.000000 174.000000 40.000000 174.000000
0.000000 146.400000 40.000000 146.400000 0.000000 91.200000 40.000000 91.200000 0.000000 176.000000 40.000000 176.000000
0.000000 148.200000 40.000000 148.200000 0.000000 93.100000 40.000000 93.100000 0.000000 178.000000 40.000000 178.000000
0.000000 150.000000 40.000000 150.000000 0.000000 95.000000 40.000000 95.000000 0.000000 180.000000 40.000000 180.000000
0.000000 151.800000 40.000000 151.800000 0.000000 96.900000 40.000000 96.900000 0.000000 182.000000 40.000000 182.000000
0.000000 153.600000 40.000000 153.600000 0.000000 98.800000 40.000000 98.800000 0.000000 184.000000 40.000000 184.000000
0.000000 155.400000 40.000000 155.400000 0.000000 100.700000 40.000000 100.700000 0.000000 186.000000 40.000000 186.000000
0.000000 157.200000 40.000000 157.200000 0.000000 102.600000 40.000000 102.600000 0.000000 188.000000 40.000000 188.000000
0.000000 159.000000 40.000000 159.000000 0.000000 104.500000 40.000000 104.500000 0.000000 190.000000 40.000000 190.000000
0.000000 160.800000 40.000000 160.800000 0.000000 106.400000 40.000000 106.400000 0.000000 192.000000 40.000000 192.000000
0.000000 162.600000 40.000000 162.600000 0.000000 108.300000 40.000000 108.300000 0.000000 194.000000 40.000000 194.000000
0.000000 164.400000 40.000000 164.400000 0.000000 110.200000 40.000000 110.200000 0.000000 196.000000 40.000000 196.000000
0.000000 166.200000 40.000000 166.200000 0.000000 112.100000 40.000000 112.100000 0.000000 198.000000 40.000000 198.000000
0.000000 168.000000 40.000000 168.000000 0.000000 114.000000 40.000000 114.000000 0.000000 200.000000 40.000000 200.000000
0.000000 169.800000 40.000000 169.800000 0.000000 115.900000 40.000000 115.900000 0.000000 202.000000 40.000000 202.000000
0.000000 171.600000 40.000000 171.600000 0.000000 117.800000 40.000000 117.800000 0.000000 204.000000 40.000000 204.000000
0.000000 173.400000 40.000000 173.400000 0.000000 119.700000 40.000000 119.700000 0.000000 206.000000 40.000000 206.000000
0.000000 175.200000 40.000000 175.200000 0.000000 121.600000 40.000000 121.600000 0.000000 208.000000 40.000000 208.000000
0.000000 177.000000 40.000000 177.000000 0.000000 123.500000 40.000000 123.500000 0.000000 210.000000 40.000000 210.000000
0.000000 178.800000 40.000000 178.800000 0.000000 125.400000 40.000000 125.400000 0.000000 212.000000 40.000000 212.000000
0.000000 180.600000 40.000000 180.600000 0.000000 127.300000 40.000000 127.300000 0.000000 214.000000 40.000000 214.000000
0.000000 182.400000 40.000000 182.400000 0.000000 129.200000 40.000000 129.200000 0.000000 216.000000 40.000000 216.000000
0.000000 184.200000 40.000000 184.200000 0.000000 131.100000 40.000000 131.100000 0.000000 218.000000 40.000000 218.000000
0.000000 186.000000 40.000000 186.000000 0.000000 133.000000 40.000000 133.000000 0.000000 220.000000 40.000000 220.000000
0.000000 187.800000 40.000000 187.800000 0.000000 134.900000 40.000000 134.900000 0.000000 222.000000 40.000000 222.000000
0.000000 189.600000 40.000000 189.600000 0.000000 136.800000 40.000000 136.800000 0.000000 224.000000 40.000000 224.000000
0.000000 191.400000 40.000000 191.400000 0.000000 138.700000 40.000000 138.700000 0.000000 226.000000 40.000000 226.000000
0.000000 193.200000 40.000000 193.200000 0.000000 140.600000 40.000000 140.600000 0.000000 228.000000 40.000000 228.000000
0.000000 195.000000 40.000000 195.000000 0.000000 142.500000 40.000000 142.500000 0.000000 230.000000 40.000000 230.000000
0.000000 196.800000 40.000000 196.800000 0.000000 144.400000 40.000000 144.400000 0.000000 232.000000 40.000000 232.000000
0.000000 198.600000 40.000000 198.600000 0.000000 146.300000 40.000000 146.300000 0.000000 234.000000 40.000000 234.000000
0.000000 200.400000 40.000000 200.400000 0.000000 148.200000 40.000000 148.200000 0.000000 236.000000 40.000000 236.000000
0.000000 202.200000 40.000000 202.200000 0.000000 150.100000 40.000000 150.100000 0.000000 238.000000 40.000000 238.000000
0.000000 204.000000 40.000000 204.000000 0.000000 152.000000 40.000000 152.000000 0.000000 240.000000 40.000000 240.000000
0.000000 205.800000 40.000000 205.800000 0.000000 153.900000 40.000000 153.900000 0.000000 242.000000 40.000000 242.000000
0.000000 207.600000 40.000000 207.600000 0.000000 155.800000 40.000000 155.800000 0.000000 244.000000 40.000000 244.000000
0.000000 209.400000 40.000000 209.400000 0.000000 157.700000 40.000000 157.700000 0.000000 246.000000 40.000000 246.000000
0.000000 211.200000 40.000000 211.200000 0.000000 159.600000 40.000000 159.600000 0.000000 248.000000 40.000000 248.000000
0.000000 213.000000 40.000000 213.000000 0.000000 161.500000 40.000000 161.500000 0.000000 250.000000 40.000000 250.000000
0.000000 214.800000 40.000000 214.800000 0.000000 163.400000 40.000000 163.400000 0.000000 252.000000 40.000000 252.000000
0.000000 216.600000 40.000000 216.600000 0.000000 165.300000 40.000000 165.300000 0.000000 254.000000 40.000000 254.000000
0.000000 218.400000 40.000000 218.400000 0.000000 167.200000 40.000000 167.200000 0.000000 256.000000 40.000000 256.000000
0.000000 220.200000 40.000000 220.200000 0.000000 169.100000 40.000000 169.100000 0.000000 258.000000 40.000000 258.000000
0.000000 222.000000 40.000000 222.000000 0.000000 171.000000 40.000000 171.000000 0.000000 260.000000 40.000000 260.000000
0.000000 223.800000 40.000000 223.800000 0.000000 172.900000 40.000000 172.900000 0.000000 262.000000 40.000000 262.000000
0.000000 225.600000 40.000000 225.600000 0.000000 174.800000 40.000000 174.800000 0.000000 264.000000 40.000000 264.000000
0.000000 227.400000 40.000000 227.400000 0.000000 176.700000 40.000000 176.700000 0.000000 266.000000 40.000000 266.000000
0.000000 229.200000 40.000000 229.200000 0.000000 178.600000 40.000000 178.600000 0.000000 268.000000 40.000000 268.000000
0.000000 231.000000 40.000000 231.000000 0.000000 180.500000 40.000000 180.500000 0.000000 270.000000 40.000000 270.000000
0.000000 232.800000 40.000000 232.800000 0.000000 182.400000 40.000000 182.400000 0.000000 272.000000 40.000000 272.000000
0.000000 234.600000 40.000000 234.600000 0.000000 184.300000 40.000000 184.300000 0.000000 274.000000 40.000000 274.000000
0.000000 236.400000 40.000000 236.400000 0.000000 186.200000 40.000000 186.200000 0.000000 276.000000 40.000000 276.000000
0.000000 238.200000 40.000000 238.200000 0.000000 188.100000 40.000000 188.100000 0.000000 278.000000 40.000000 278.000000
0.000000 240.000000 40.000000 240.000000 0.000000 190.000000 40.000000 190.000000 0.000000 280.000000 40.000000 280.000000
0.000000 241.800000 40.000000 241.800000 0.000000 191.900000 40.000000 191.900000 0.000000 282.000000 40.000000 282.000000
0.000000 243.600000 40.000000 243.600000 0.000000 193.800000 40.000000 193.800000 0.000000 284.000000 40.000000 284.000000
0.000000 245.400000 40.000000 245.400000 0.000000 195.700000 40.000000 195.700000 0.000000 286.000000 40.000000 286.000000
0.000000 247.200000 40.000000 247.200000 0.000000 197.600000 40.000000 197.600000 0.000000 288.000000 40.000000 288.000000
0.000000 249.000000 40.000000 249.000000 0.000000 199.500000 40.000000 199.500000 0.000000 290.000000 40.000000 290.000000
0.000000 250.800000 40.000000 250.800000 0.000000 201.400000 40.000000 201.400000 0.000000 292.000000 40.000000 292.000000
0.000000 252.600000 40.000000 252.600000 0.000000 203.300000 40.000000 203.300000 0.000000 294.000000 40.000000 294.000000
0.000000 254.400000 40.000000 254.400000 0.000000 205.200000 40.000000 205.200000 0.000000 296.000000 40.000000 296.000000
0.000000 256.200000 40.000000 256.200000 0.000000 207.100000 40.000000 207.100000 0.000000 298.000000 40.000000 298.000000
0.000000 258.000000 40.000000 258.000000 0.000000 209.000000 40.000000 209.000000 0.000000 300.000000 40.000000 300.000000
0.000000 259.800000 40.000000 259.800000 0.000000 210.900000 40.000000 210.900000 0.000000 302.000000 40.000000 302.000000
0.000000 261.600000 40.000000 261.600000 0.000000 212.800000 40.000000 212.800000 0.000000 304.000000 40.000000 304.000000
0.000000 263.400000 40.000000 263.400000 0.000000 214.700000 40.000000 214.700000 0.000000 306.000000 40.000000 306.000000
0.000000 265.200000 40.000000 265.200000 0.000000 216.600000 40.000000 216.600000 0.000000 308.000000 40.000000 308.000000
0.000000 267.000000 40.000000 267.000000 0.000000 218.500000 40.000000 218.500000 0.000000 310.000000 40.000000 310.000000
0.000000 268.800000 40.000000 268.800000 0.000000 220.400000 40.000000 220.400000 0.000000 312.000000 40.000000 312.000000
0.000000 270.600000 40.000000 270.600000 0.000000 222.300000 40.000000 222.300000 0.000000 314.000000 40.000000 314.000000
0.000000 272.400000 40.000000 272.400000 0.000000 224.200000 40.000000 224.200000 0.000000 316.000000 40.000000 316.000000
0.000000 274.200000 40.000000 274.200000 0.000000 226.100000 40.000000 226.100000 0.000000 318.000000 40.000000 318.000000
0.000000 276.000000 40.000000 276.000000 0.000000 228.000000 40.000000 228.000000 0.000000 320.000000 40.000000 320.000000
0.000000 277.800000 40.000000 277.800000 0.000000 229.900000 40.000000 229.900000 0.000000 322.000000 40.000000 322.000000
0.000000 279.600000 40.000000 279.600000 0.000000 231.800000 40.000000 231.800000 0.000000 324.000000 40.000000 324.000000
0.000000 281.400000 40.000000 281.400000 0.000000 233.700000 40.000000 233.700000 0.000000 326.000000 40.000000 326.000000
0.000000 283.200000 40.000000 283.200000 0.000000 235.600000 40.000000 235.600000 0.000000 328.000000 40.000000 328.000000
0.000000 285.000000 40.000000 285.000000 0.000000 237.500000 40.000000 237.500000 0.000000 330.000000 40.000000 330.000000
0.000000 286.800000 40.000000 286.800000 0.000000 239.400000 40.000000 239.400000 0.000000 332.000000 40.000000 332.000000
0.000000 288.600000 40.000000 288.600000 0.000000 241.300000 40.000000 241.300000 0.000000 334.000000 40.000000 334.000000
0.000000 290.400000 40.000000 290.400000 0.000000 243.200000 40.000000 243.200000 0.000000 336.000000 40.000000 336.000000
0.000000 292.200000 40.000000 292.200000 0.000000 245.100000 40.000000 245.100000 0.000000 338.000000 40.000000 338.000000
0.000000 294.000000 40.000000 294.000000 0.000000 247.000000 40.000000 247.000000 0.000000 340.000000 40.000000 340.000000
0.000000 295.800000 40.000000 295.800000 0.000000 248.900000 40.000000 248.900000 0.000000 342.000000 40.000000 342.000000
0.000000 297.600000 40.000000 297.600000 0.000000 250.800000 40.000000 250.800000 0.000000 344.000000 40.000000 344.000000
0.000000 299.400000 40.000000 299.400000 0.000000 252.700000 40.000000 252.700000 0.000000 346.000000 40.000000 346.000000
0.000000 301.200000 40.000000 301.200000 0.000000 254.600000 40.000000 254.600000 0.000000 348.000000 40.000000 348.000000
0.000000 303.000000 40.000000 303.000000 0.000000 256.500000 40.000000 256.500000 0.000000 350.000000 40.000000 350.000000
0.000000 304.800000 40.000000 304.800000 0.000000 258.400000 40.000000 258.400000 0.000000 352.000000 40.000000 352.000000
0.000000 306.600000 40.000000 306.600000 0.000000 260.300000 40.000000 260.300000 0.000000 354.000000 40.000000 354.000000
0.000000 308.400000 40.000000 308.400000 0.000000 262.200000 40.000000 262.200000 0.000000 356.000000 40.000000 356.000000
0.000000 310.200000 40.000000 310.200000 0.000000 264.100000 40.000000 264.100000 0.000000 358.000000 40.000000 358.000000
0.000000 312.000000 40.000000 312.000000 0.000000 266.000000 40.000000 266.000000 0.000000 360.000000 40.000000 360.000000
0.000000 313.800000 40.000000 313.800000 0.000000 267.900000 40.000000 267.900000 0.000000 362.000000 40.000000 362.000000
0.000000 315.600000 40.000000 315.600000 0.000000 269.800000 40.000000 269.800000 0.000000 364.000000 40.000000 364.000000
0.000000 317.400000 40.000000 317.400000 0.000000 271.700000 40.000000 271.700000 0.000000 366.000000 40.000000 366.000000
0.000000 319.200000 40.000000 319.200000 0.000000 273.600000 40.000000 273.600000 0.000000 368.000000 40.000000 368.000000
0.000000 321.000000 40.000000 321.000000 0.000000 275.500000 40.000000 275.500000 0.000000 370.000000 40.000000 370.000000
0.000000 322.800000 40.000000 322.800000 0.000000 277.400000 40.000000 277.400000 0.000000 372.000000 40.000000 372.000000
0.000000 324.600000 40.000000 324.600000 0.000000 279.300000 40.000000 279.300000 0.000000 374.000000 40.000000 374.000000
0.000000 326.400000 40.000000 326.400000 0.000000 281.200000 40.000000 281.200000 0.000000 376.000000 40.000000 376.000000
0.000000 328.200000 40.000000 328.200000 0.000000 283.100000 40.000000 283.100000 0.000000 378.000000 40.000000 378.000000
0.000000 330.000000 40.000000 330.000000 0.000000 285.000000 40.000000 285.000000 0.000000 380.000000 40.000000 380.000000
0.000000 331.800000 40.000000 331.800000 0.000000 286.900000 40.000000 286.900000 0.000000 382.000000 40.000000 382.000000
0.000000 333.600000 40.000000 333.600000 0.000000 288.800000 40.000000 288.800000 0.000000 384.000000 40.000000 384.000000
0.000000 335.400000 40.000000 335.400000 0.000000 290.700000 40.000000 290.700000 0.000000 386.000000 40.000000 386.000000
0.000000 337.200000 40.000000 337.200000 0.000000 292.600000 40.000000 292.600000 0.000000 388.000000 40.000000 388.000000
0.000000 339.000000 40.000000 339.000000 0.000000 294.500000 40.000000 294.500000 0.000000 390.000000 40.000000 390.000000
0.000000 340.800000 40.000000 340.800000 0.000000 296.400000 40.000000 296.400000 0.000000 392.000000 40.000000 392.000000
0.000000 342.600000 40.000000 342.600000 0.000000 298.300000 40.000000 298.300000 0.000000 394.000000 40.000000 394.000000
0.000000 344.400000 40.000000 344.400000 0.000000 300.200000 40.000000 300.200000 0.000000 396.000000 40.000000 396.000000
0.000000 346.200000 40.000000 346.200000 0.000000 302.100000 40.000000 302.100000 0.000000 398.000000 40.000000 398.000000
0.000000 348.000000 40.000000 348.000000 0.000000 304.000000 40.000000 304.000000 0.000000 400.000000 40.000000 400.000000
0.000000 349.800000 40.000000 349.800000 0.000000 305.900000 40.000000 305.900000 0.000000 402.000000 40.000000 402.000000
0.000000 351.600000 40.000000 351.600000 0.000000 307.800000 40.000000 307.800000 0.000000 404.000000 40.000000 404.000000
0.000000 353.400000 40.000000 353.400000 0.000000 309.700000 40.000000 309.700000 0.000000 406.000000 40.000000 406.000000
0.000000 355.200000 40.000000 355.200000 0.000000 311.600000 40.000000 311.600000 0.000000 408.000000 40.000000 408.000000
0.000000 357.000000 40.000000 357.000000 0.000000 313.500000 40.000000 313.500000 0.000000 410.000000 40.000000 410.000000
0.000000 358.800000 40.000000 358.800000 0.000000 315.400000 40.000000 315.400000 0.000000 412.000000 40.000000 412.000000
0.000000 360.600000 40.000000 360.600000 0.000000 317.300000 40.000000 317.300000 0.000000 414.000000 40.000000 414.000000
0.000000 362.400000 40.000000 362.400000 0.000000 319.200000 40.000000 319.200000 0.000000 416.000000 40.000000 416.000000
0.000000 364.200000 40.000000 364.200000 0.000000 321.100000 40.000000 321.100000 0.000000 418.000000 40.000000 418.000000
0.000000 366.000000 40.000000 366.000000 0.000000 323.000000 40.000000 323.000000 0.000000 420.000000 40.000000 420.000000
0.000000 367.800000 40.000000 367.800000 0.000000 324.900000 40.000000 324.900000 0.000000 422.000000 40.000000 422.000000
0.000000 369.600000 40.000000 369.600000 0.000000 326.800000 40.000000 326.800000 0.000000 424.000000 40.000000 424.000000
0.000000 371.400000 40.000000 371.400000 0.000000 328.700000 40.000000 328.700000 0.000000 426.000000 40.000000 426.000000
0.000000 373.200000 40.000000 373.200000 0.000000 330.600000 40.000000 330.600000 0.000000 428.000000 40.000000 428.000000
0.000000 375.000000 40.000000 375.000000 0.000000 332.500000 40.000000 332.500000 0.000000 430.000000 40.000000 430.000000
0.000000 376.800000 40.000000 376.800000 0.000000 334.400000 40.000000 334.400000 0.000000 432.000000 40.000000 432.000000
0.000000 378.600000 40.000000 378.600000 0.000000 336.300000 40.000000 336.300000 0.000000 434.000000 40.000000 434.000000
0.000000 380.400000 40.000000 380.400000 0.000000 338.200000 40.000000 338.200000 0.000000 436.000000 40.000000 436.000000
0.000000 382.200000 40.000000 382.200000 0.000000 340.100000 40.000000 340.100000 0.000000 438.000000 40.000000 438.000000
0.000000 384.000000 40.000000 384.000000 0.000000 342.000000 40.000000 342.000000 0.000000 440.000000 40.000000 440.000000
0.000000 385.800000 40.000000 385.800000 0.000000 343.900000 40.000000 343.900000 0.000000 442.000000 40.000000 442.000000
0.000000 387.600000 40.000000 387.600000 0.000000 345.800000 40.000000 345.800000 0.000000 444.000000 40.000000 444.000000
0.000000 389.400000 40.000000 389.400000 0.000000 347.700000 40.000000 347.700000 0.000000 446.000000 40.000000 446.000000
0.000000 391.200000 40.000000 391.200000 0.000000 349.600000 40.000000 349.600000 0.000000 448.000000 40.000000 448.000000
0.000000 393.000000 40.000000 393.000000 0.000000 351.500000 40.000000 351.500000 0.000000 450.000000 40.000000 450.000000
0.000000 394.800000 40.000000 394.800000 0.000000 353.400000 40.000000 353.400000 0.000000 452.000000 40.000000 452.000000
0.000000 396.600000 40.000000 396.600000 0.000000 355.300000 40.000000 355.300000 0.000000 454.000000 40.000000 454.000000
0.000000 398.400000 40.000000 398.400000 0.000000 357.200000 40.000000 357.200000 0.000000 456.000000 40.000000 456.000000
0.000000 400.200000 40.000000 400.200000 0.000000 359.100000 40.000000 359.100000 0.000000 458.000000 40.000000 458.000000
0.000000 402.000000 40.000000 402.000000 0.000000 361.000000 40.000000 361.000000 0.000000 460.000000 40.000000 460.000000
0.000000 403.800000 40.000000 403.800000 0.000000 362.900000 40.000000 362.900000 0.000000 462.000000 40.000000 462.000000
0.000000 405.600000 40.000000 405.600000 0.000000 364.800000 40.000000 364.800000 0.000000 464.000000 40.000000 464.000000
0.000000 407.400000 40.000000 407.400000 0.000000 366.700000 40.000000 366.700000 0.000000 466.000000 40.000000 466.000000
0.000000 409.200000 40.000000 409.200000 0.000000 368.600000 40.000000 368.600000 0.000000 468.000000 40.000000 468.000000
0.000000 411.000000 40.000000 411.000000 0.000000 370.500000 40.000000 370.500000 0.000000 470.000000 40.000000 470.000000
0.000000 412.800000 40.000000 412.800000 0.000000 372.400000 40.000000 372.400000 0.000000 472.000000 40.000000 472.000000
0.000000 414.600000 40.000000 414.600000 0.000000 374.300000 40.000000 374.300000 0.000000 474.000000 40.000000 474.000000
0.000000 416.400000 40.000000 416.400000 0.000000 376.200000 40.000000 376.200000 0.000000 476.000000 40.000000 476.000000
0.000000 418.200000 40.000000 418.200000 0.000000 378.100000 40.000000 378.100000 0.000000 478.000000 40.000000 478.000000
0.000000 420.000000 40.000000 420.000000 0.000000 380.000000 40.000000 380.000000 0.000000 480.000000 40.000000 480.000000
0.000000 420.000000 40.000000 420.000000 0.000000 380.000000 40.000000 380.000000 0.000000 480.000000 40.000000 480.000000
0.000000 420.000000 40.000000 420.000000 0.000000 380.000000 40.000000 380.000000 0.000000 480.000000 40.000000 480.000000
0.000000 420.000000 40.000000 420.000000 0.000000 380.000000 40.000000 380.000000 0.000000 480.000000 40.000000 480.000000
0.000000 420.000000 40.000000 420.000000 0.000000 380.000000 40.000000 380.000000 0.000000 480.000000 40.000000 480.000000
0.000000 420.000000 40.000000 420.000000 0.000000 380.000000 40.000000 380.000000 0.000000 480.000000 40.000000 480.000000
0.000000 420.000000 40.000000 420.000000 0.000000 380.000000 40.000000 380.000000 0.000000 480.000000 40.000000 480.000000
0.000000 420.000000 40.000000 420.000000 0.000000 380.000000 40.000000 380.000000 0.000000 480.000000 40.000000 480.000000
0.000000 420.000000 40.000000 420.000000 0.000000 380.000000 40.000000 380.000000 0.000000 480.000000 40.000000 480.000000
0.000000 420.000000 40.000000 420.000000 0.000000 380.000000 40.000000 380.000000 0.000000 480.000000 40.000000 480.000000
0.000000 420.000000 40.000000 420.000000 0.000000 380.000000 40.000000 380.000000 0.000000 480.000000 40.000000 480.000000
0.000000 420.000000 40.000000 420.000000 0.000000 380.000000 40.000000 380.000000 0.000000 480.000000 40.000000 480.000000
0.000000 420.000000 40.000000 420.000000 0.000000 380.000000 40.000000 380.000000 0.000000 480.000000 40.000000 480.000000
0.000000 420.000000 40.000000 420.000000 0.000000 380.000000 40.000000 380.000000 0.000000 480.000000 40.000000 480.000000
0.000000 420.000000 40.000000 420.000000 0.000000 380.000000 40.000000 380.000000 0.000000 480.000000 40.000000 480.000000
0.000000 420.000000 40.000000 420.000000 0.000000 380.000000 40.000000 380.000000 0.000000 480.000000 40.000000 480.000000
0.000000 420.000000 40.000000 420.000000 0.000000 380.000000 40.000000 380.000000 0.000000 480.000000 40.000000 480.000000
0.000000 420.000000 40.000000 420.000000 0.000000 380.000000 40.000000 380.000000 0.000000 480.000000 40.000000 480.000000
0.000000 420.000000 40.000000 420.000000 0.000000 380.000000 40.000000 380.000000 0.000000 480.000000 40.000000 480.000000
0.000000 420.000000 40.000000 420.000000 0.000000 380.000000 40.000000 380.000000 0.000000 480.000000 40.000000 480.000000
0.000000 420.000000 40.000000 420.000000 0.000000 380.000000 40.000000 380.000000 0.000000 480.000000 40.000000 480.000000
0.000000 420.000000 40.000000 420.000000 0.000000 380.000000 40.000000 380.000000 0.000000 480.000000 40.000000 480.000000
0.000000 420.000000 40.000000 420.000000 0.000000 380.000000 40.000000 380.000000 0.000000 480.000000 40.000000 480.000000
0.000000 420.000000 40.000000 420.000000 0.000000 380.000000 40.000000 380.000000 0.000000 480.000000 40.000000 480.000000
0.000000 420.000000 40.000000 420.000000 0.000000 380.000000 40.000000 380.000000 0.000000 480.000000 40.000000 480.000000
0.000000 420.000000 40.000000 420.000000 0.000000 380.000000 40.000000 380.000000 0.000000 480.000000 40.000000 480.000000
0.000000 420.000000 40.000000 420.000000 0.000000 380.000000 40.000000 380.000000 0.000000 480.000000 40.000000 480.000000
0.000000 420.000000 40.000000 420.000000 0.000000 380.000000 40.000000 380.000000 0.000000 480.000000 40.000000 480.000000
0.000000 420.000000 40.000000 420.000000 0.000000 380.000000 40.000000 380.000000 0.000000 480.000000 40.000000 480.000000
0.000000 420.000000 40.000000 420.000000 0.000000 380.000000 40.000000 380.000000 0.000000 480.000000 40.000000 480.000000
0.000000 420.000000 40.000000 420.000000 0.000000 380.000000 40.000000 380.000000 0.000000 480.000000 40.000000 480.000000
0.000000 420.000000 40.000000 420.000000 0.000000 380.000000 40.000000 380.000000 0.000000 480.000000 40.000000 480.000000
0.000000 420.000000 40.000000 420.000000 0.000000 380.000000 40.000000 380.000000 0.000000 480.000000 40.000000 480.000000
0.000000 420.000000 40.000000 420.000000 0.000000 380.000000 40.000000 380.000000 0.000000 480.000000 40.000000 480.000000
0.000000 420.000000 40.000000 420.000000 0.000000 380.000000 40.000000 380.000000 0.000000 480.000000 40.000000 480.000000
0.000000 420.000000 40.000000 420.000000 0.000000 380.000000 40.000000 380.000000 0.000000 480.000000 40.000000 480.000000
0.000000 420.000000 40.000000 420.000000 0.000000 380.000000 40.000000 380.000000 0.000000 480.000000 40.000000 480.000000
0.000000 420.000000 40.000000 420.000000 0.000000 380.000000 40.000000 380.000000 0.000000 480.000000 40.000000 480.000000
0.000000 420.000000 40.000000 420.000000 0.000000 380.000000 40.000000 380.000000 0.000000 480.000000 40.000000 480.000000
0.000000 420.000000 40.000000 420.000000 0.000000 380.000000 40.000000 380.000000 0.000000 480.000000 40.000000 480.000000
0.000000 420.000000 40.000000 420.000000 0.000000 380.000000 40.000000 380.000000 0.000000 480.000000 40.000000 480.000000
0.000000 420.000000 40.000000 420.000000 0.000000 380.000000 40.000000 380.000000 0.000000 480.000000 40.000000 480.000000
0.000000 420.000000 40.000000 420.000000 0.000000 380.000000 40.000000 380.000000 0.000000 480.000000 40.000000 480.000000
0.000000 420.000000 40.000000 420.000000 0.000000 380.000000 40.000000 380.000000 0.000000 480.000000 40.000000 480.000000
0.000000 420.000000 40.000000 420.000000 0.000000 380.000000 40.000000 380.000000 0.000000 480.000000 40.000000 480.000000
0.000000 420.000000 40.000000 420.000000 0.000000 380.000000 40.000000 380.000000 0.000000 480.000000 40.000000 480.000000
0.000000 420.000000 40.000000 420.000000 0.000000 380.000000 40.000000 380.000000 0.000000 480.000000 40.000000 480.000000
0.000000 420.000000 40.000000 420.000000 0.000000 380.000000 40.000000 380.000000 0.000000 480.000000 40.000000 480.000000
0.000000 420.000000 40.000000 420.000000 0.000000 380.000000 40.000000 380.000000 0.000000 480.000000 40.000000 480.000000
0.000000 420.000000 40.000000 420.000000 0.000000 380.000000 40.000000 380.000000 0.000000 480.000000 40.000000 480.000000
0.000000 420.000000 40.000000 420.000000 0.000000 380.000000 40.000000 380.000000 0.000000 480.000000 40.000000 480.000000
0.000000 420.000000 40.000000 420.000000 0.000000 380.000000 40.000000 380.000000 0.000000 480.000000 40.000000 480.000000
0.000000 420.000000 40.000000 420.000000 0.000000 380.000000 40.000000 380.000000 0.000000 480.000000 40.000000 480.000000
0.000000 420.000000 40.000000 420.000000 0.000000 380.000000 40.000000 380.000000 0.000000 480.000000 40.000000 480.000000
0.000000 420.000000 40.000000 420.000000 0.000000 380.000000 40.000000 380.000000 0.000000 480.000000 40.000000 480.000000
0.000000 420.000000 40.000000 420.000000 0.000000 380.000000 40.000000 380.000000 0.000000 480.000000 40.000000 480.000000
0.000000 420.000000 40.000000 420.000000 0.000000 380.000000 40.000000 380.000000 0.000000 480.000000 40.000000 480.000000
0.000000 420.000000 40.000000 420.000000 0.000000 380.000000 40.000000 380.000000 0.000000 480.000000 40.000000 480.000000
0.000000 420.000000 40.000000 420.000000 0.000000 380.000000 40.000000 380.000000 0.000000 480.000000 40.000000 480.000000
0.000000 420.000000 40.000000 420.000000 0.000000 380.000000 40.000000 380.000000 0.000000 480.000000 40.000000 480.000000
0.000000 420.000000 40.000000 420.000000 0.000000 380.000000 40.000000 380.000000 0.000000 480.000000 40.000000 480.000000
0.000000 420.000000 40.000000 420.000000 0.000000 380.000000 40.000000 380.000000 0.000000 480.000000 40.000000 480.000000
0.000000 420.000000 40.000000 420.000000 0.000000 380.000000 40.000000 380.000000 0.000000 480.000000 40.000000 480.000000
0.000000 420.000000 40.000000 420.000000 0.000000 380.000000 40.000000 380.000000 0.000000 480.000000 40.000000 480.000000
0.000000 420.000000 40.000000 420.000000 0.000000 380.000000 40.000000 380.000000 0.000000 480.000000 40.000000 480.000000
0.000000 420.000000 40.000000 420.000000 0.000000 380.000000 40.000000 380.000000 0.000000 480.000000 40.000000 480.000000
0.000000 420.000000 40.000000 420.000000 0.000000 380.000000 40.000000 380.000000 0.000000 480.000000 40.000000 480.000000
0.000000 420.000000 40.000000 420.000000 0.000000 380.000000 40.000000 380.000000 0.000000 480.000000 40.000000 480.000000
0.000000 420.000000 40.000000 420.000000 0.000000 380.000000 40.000000 380.000000 0.000000 480.000000 40.000000 480.000000
0.000000 420.000000 40.000000 420.000000 0.000000 380.000000 40.000000 380.000000 0.000000 480.000000 40.000000 480.000000
0.000000 420.000000 40.000000 420.000000 0.000000 380.000000 40.000000 380.000000 0.000000 480.000000 40.000000 480.000000
0.000000 420.000000 40.000000 420.000000 0.000000 380.000000 40.000000 380.000000 0.000000 480.000000 40.000000 480.000000
0.000000 420.000000 40.000000 420.000000 0.000000 380.000000 40.000000 380.000000 0.000000 480.000000 40.000000 480.000000
0.000000 420.000000 40.000000 420.000000 0.000000 380.000000 40.000000 380.000000 0.000000 480.000000 40.000000 480.000000
0.000000 420.000000 40.000000 420.000000 0.000000 380.000000 40.000000 380.000000 0.000000 480.000000 40.000000 480.000000
0.000000 420.000000 40.000000 420.000000 0.000000 380.000000 40.000000 380.000000 0.000000 480.000000 40.000000 480.000000
0.000000 420.000000 40.000000 420.000000 0.000000 380.000000 40.000000 380.000000 0.000000 480.000000 40.000000 480.000000
0.000000 420.000000 40.000000 420.000000 0.000000 380.000000 40.000000 380.000000 0.000000 480.000000 40.000000 480.000000
0.000000 420.000000 40.000000 420.000000 0.000000 380.000000 40.000000 380.000000 0.000000 480.000000 40.000000 480.000000
0.000000 420.000000 40.000000 420.000000 0.000000 380.000000 40.000000 380.000000 0.000000 480.000000 40.000000 480.000000
0.000000 420.000000 40.000000 420.000000 0.000000 380.000000 40.000000 380.000000 0.000000 480.000000 40.000000 480.000000
0.000000 420.000000 40.000000 420.000000 0.000000 380.000000 40.000000 380.000000 0.000000 480.000000 40.000000 480.000000
0.000000 420.000000 40.000000 420.000000 0.000000 380.000000 40.000000 380.000000 0.000000 480.000000 40.000000 480.000000
0.000000 420.000000 40.000000 420.000000 0.000000 380.000000 40.000000 380.000000 0.000000 480.000000 40.000000 480.000000
0.000000 420.000000 40.000000 420.000000 0.000000 380.000000 40.000000 380.000000 0.000000 480.000000 40.000000 480.000000
0.000000 420.000000 40.000000 420.000000 0.000000 380.000000 40.000000 380.000000 0.000000 480.000000 40.000000 480.000000
0.000000 420.000000 40.000000 420.000000 0.000000 380.000000 40.000000 380.000000 0.000000 480.000000 40.000000 480.000000
0.000000 420.000000 40.000000 420.000000 0.000000 380.000000 40.000000 380.000000 0.000000 480.000000 40.000000 480.000000
0.000000 420.000000 40.000000 420.000000 0.000000 380.000000 40.000000 380.000000 0.000000 480.000000 40.000000 480.000000
0.000000 420.000000 40.000000 420.000000 0.000000 380.000000 40.000000 380.000000 0.000000 480.000000 40.000000 480.000000
0.000000 420.000000 40.000000 420.000000 0.000000 380.000000 40.000000 380.000000 0.000000 480.000000 40.000000 480.000000
0.000000 420.000000 40.000000 420.000000 0.000000 380.000000 40.000000 380.000000 0.000000 480.000000 40.000000 480.000000
0.000000 420.000000 40.000000 420.000000 0.000000 380.000000 40.000000 380.000000 0.000000 480.000000 40.000000 480.000000
0.000000 420.000000 40.000000 420.000000 0.000000 380.000000 40.000000 380.000000 0.000000 480.000000 40.000000 480.000000
0.000000 420.000000 40.000000 420.000000 0.000000 380.000000 40.000000 380.000000 0.000000 480.000000 40.000000 480.000000
0.000000 420.000000 40.000000 420.000000 0.000000 380.000000 40.000000 380.000000 0.000000 480.000000 40.000000 480.000000
0.000000 420.000000 40.000000 420.000000 0.000000 380.000000 40.000000 380.000000 0.000000 480.000000 40.000000 480.000000
0.000000 420.000000 40.000000 420.000000 0.000000 380.000000 40.000000 380.000000 0.000000 480.000000 40.000000 480.000000
0.000000 420.000000 40.000000 420.000000 0.000000 380.000000 40.000000 380.000000 0.000000 480.000000 40.000000 480.000000
0.000000 420.000000 40.000000 420.000000 0.000000 380.000000 40.000000 380.000000 0.000000 480.000000 40.000000 480.000000
0.000000 420.000000 40.000000 420.000000 0.000000 380.000000 40.000000 380.000000 0.000000 480.000000 40.000000 480.000000
0.000000 420.000000 40.000000 420.000000 0.000000 380.000000 40.000000 380.000000 0.000000 480.000000 40.000000 480.000000
0.000000 420.000000 40.000000 420.000000 0.000000 380.000000 40.000000 380.000000 0.000000 480.000000 40.000000 480.000000
0.000000 420.000000 40.000000 420.000000 0.000000 380.000000 40.000000 380.000000 0.000000 480.000000 40.000000 480.000000
0.000000 420.000000 40.000000 420.000000 0.000000 380.000000 40.000000 380.000000 0.000000 480.000000 40.000000 480.000000
0.000000 420.000000 40.000000 420.000000 0.000000 380.000000 40.000000 380.000000 0.000000 480.000000 40.000000 480.000000
0.000000 420.000000 40.000000 420.000000 0.000000 380.000000 40.000000 380.000000 0.000000 480.000000 40.000000 480.000000
0.000000 420.000000 40.000000 420.000000 0.000000 380.000000 40.000000 380.000000 0.000000 480.000000 40.000000 480.000000
0.000000 420.000000 40.000000 420.000000 0.000000 380.000000 40.000000 380.000000 0.000000 480.000000 40.000000 480.000000
0.000000 420.000000 40.000000 420.000000 0.000000 380.000000 40.000000 380.000000 0.000000 480.000000 40.000000 480.000000
0.000000 420.000000 40.000000 420.000000 0.000000 380.000000 40.000000 380.000000 0.000000 480.000000 40.000000 480.000000
0.000000 420.000000 40.000000 420.000000 0.000000 380.000000 40.000000 380.000000 0.000000 480.000000 40.000000 480.000000
0.000000 420.000000 40.000000 420.000000 0.000000 380.000000 40.000000 380.000000 0.000000 480.000000 40.000000 480.000000
0.000000 420.000000 40.000000 420.000000 0.000000 380.000000 40.000000 380.000000 0.000000 480.000000 40.000000 480.000000
0.000000 420.000000 40.000000 420.000000 0.000000 380.000000 40.000000 380.000000 0.000000 480.000000 40.000000 480.000000
0.000000 420.000000 40.000000 420.000000 0.000000 380.000000 40.000000 380.000000 0.000000 480.000000 40.000000 480.000000
0.000000 420.000000 40.000000 420.000000 0.000000 380.000000 40.000000 380.000000 0.000000 480.000000 40.000000 480.000000
0.000000 420.000000 40.000000 420.000000 0.000000 380.000000 40.000000 380.000000 0.000000 480.000000 40.000000 480.000000
0.000000 420.000000 40.000000 420.000000 0.000000 380.000000 40.000000 380.000000 0.000000 480.000000 40.000000 480.000000
0.000000 420.000000 40.000000 420.000000 0.000000 380.000000 40.000000 380.000000 0.000000 480.000000 40.000000 480.000000
0.000000 420.000000 40.000000 420.000000 0.000000 380.000000 40.000000 380.000000 0.000000 480.000000 40.000000 480.000000
0.000000 420.000000 40.000000 420.000000 0.000000 380.000000 40.000000 380.000000 0.000000 480.000000 40.000000 480.000000
0.000000 420.000000 40.000000 420.000000 0.000000 380.000000 40.000000 380.000000 0.000000 480.000000 40.000000 480.000000
0.000000 420.000000 40.000000 420.000000 0.000000 380.000000 40.000000 380.000000 0.000000 480.000000 40.000000 480.000000
0.000000 420.000000 40.000000 420.000000 0.000000 380.000000 40.000000 380.000000 0.000000 480.000000 40.000000 480.000000
0.000000 420.000000 40.000000 420.000000 0.000000 380.000000 40.000000 380.000000 0.000000 480.000000 40.000000 480.000000
0.000000 420.000000 40.000000 420.000000 0.000000 380.000000 40.000000 380.000000 0.000000 480.000000 40.000000 480.000000
0.000000 420.000000 40.000000 420.000000 0.000000 380.000000 40.000000 380.000000 0.000000 480.000000 40.000000 480.000000
0.000000 420.000000 40.000000 420.000000 0.000000 380.000000 40.000000 380.000000 0.000000 480.000000 40.000000 480.000000
0.000000 420.000000 40.000000 420.000000 0.000000 380.000000 40.000000 380.000000 0.000000 480.000000 40.000000 480.000000
0.000000 420.000000 40.000000 420.000000 0.000000 380.000000 40.000000 380.000000 0.000000 480.000000 40.000000 480.000000
0.000000 420.000000 40.000000 420.000000 0.000000 380.000000 40.000000 380.000000 0.000000 480.000000 40.000000 480.000000
0.000000 420.000000 40.000000 420.000000 0.000000 380.000000 40.000000 380.000000 0.000000 480.000000 40.000000 480.000000
0.000000 420.000000 40.000000 420.000000 0.000000 380.000000 40.000000 380.000000 0.000000 480.000000 40.000000 480.000000
0.000000 420.000000 40.000000 420.000000 0.000000 380.000000 40.000000 380.000000 0.000000 480.000000 40.000000 480.000000
0.000000 420.000000 40.000000 420.000000 0.000000 380.000000 40.000000 380.000000 0.000000 480.000000 40.000000 480.000000
0.000000 420.000000 40.000000 420.000000 0.000000 380.000000 40.000000 380.000000 0.000000 480.000000 40.000000 480.000000
0.000000 420.000000 40.000000 420.000000 0.000000 380.000000 40.000000 380.000000 0.000000 480.000000 40.000000 480.000000
0.000000 420.000000 40.000000 420.000000 0.000000 380.000000 40.000000 380.000000 0.000000 480.000000 40.000000 480.000000
0.000000 420.000000 40.000000 420.000000 0.000000 380.000000 40.000000 380.000000 0.000000 480.000000 40.000000 480.000000
0.000000 420.000000 40.000000 420.000000 0.000000 380.000000 40.000000 380.000000 0.000000 480.000000 40.000000 480.000000
0.000000 420.000000 40.000000 420.000000 0.000000 380.000000 40.000000 380.000000 0.000000 480.000000 40.000000 480.000000
0.000000 420.000000 40.000000 420.000000 0.000000 380.000000 40.000000 380.000000 0.000000 480.000000 40.000000 480.000000
0.000000 420.000000 40.000000 420.000000 0.000000 380.000000 40.000000 380.000000 0.000000 480.000000 40.000000 480.000000
0.000000 420.000000 40.000000 420.000000 0.000000 380.000000 40.000000 380.000000 0.000000 480.000000 40.000000 480.000000
0.000000 420.000000 40.000000 420.000000 0.000000 380.000000 40.000000 380.000000 0.000000 480.000000 40.000000 480.000000
0.000000 420.000000 40.000000 420.000000 0.000000 380.000000 40.000000 380.000000 0.000000 480.000000 40.000000 480.000000
0.000000 420.000000 40.000000 420.000000 0.000000 380.000000 40.000000 380.000000 0.000000 480.000000 40.000000 480.000000
0.000000 420.000000 40.000000 420.000000 0.000000 380.000000 40.000000 380.000000 0.000000 480.000000 40.000000 480.000000
0.000000 420.000000 40.000000 420.000000 0.000000 380.000000 40.000000 380.000000 0.000000 480.000000 40.000000 480.000000
0.000000 420.000000 40.000000 420.000000 0.000000 380.000000 40.000000 380.000000 0.000000 480.000000 40.000000 480.000000
0.000000 420.000000 40.000000 420.000000 0.000000 380.000000 40.000000 380.000000 0.000000 480.000000 40.000000 480.000000
0.000000 420.000000 40.000000 420.000000 0.000000 380.000000 40.000000 380.000000 0.000000 480.000000 40.000000 480.000000
0.000000 420.000000 40.000000 420.000000 0.000000 380.000000 40.000000 380.000000 0.000000 480.000000 40.000000 480.000000
0.000000 420.000000 40.000000 420.000000 0.000000 380.000000 40.000000 380.000000 0.000000 480.000000 40.000000 480.000000
0.000000 420.000000 40.000000 420.000000 0.000000 380.000000 40.000000 380.000000 0.000000 480.000000 40.000000 480.000000
0.000000 420.000000 40.000000 420.000000 0.000000 380.000000 40.000000 380.000000 0.000000 480.000000 40.000000 480.000000
0.000000 420.000000 40.000000 420.000000 0.000000 380.000000 40.000000 380.000000 0.000000 480.000000 40.000000 480.000000
0.000000 420.000000 40.000000 420.000000 0.000000 380.000000 40.000000 380.000000 0.000000 480.000000 40.000000 480.000000
0.000000 420.000000 40.000000 420.000000 0.000000 380.000000 40.000000 380.000000 0.000000 480.000000 40.000000 480.000000