2.599976316285628997e+01 2.177170888485168803e+02 3.577452095469674305e+02 1.677718941765655245e+02 7.935720843074336983e+01 3.443631998497893960e+02 2.476137934003382668e+02 6.887204405592615331e+01 3.506789522129500369e+02 3.410955361620254394e+02 3.399494297000563279e+02 2.317482174763121350e+01 2.584408318175858312e+02 1.585891261090795012e+02 1.275522142784142332e+01 1.443032136469411455e+02
2.599976316285628997e+01 2.177170888485168803e+02 3.577452095469674305e+02 1.677718941765655245e+02 7.935720843074336983e+01 3.443631998497893960e+02 2.476137934003382668e+02 6.887204405592615331e+01 3.506789522129500369e+02 3.410955361620254394e+02 3.399494297000563279e+02 2.317482174763121350e+01 2.584408318175858312e+02 1.585891261090795012e+02 1.275522142784142332e+01 1.443032136469411455e+02
2.749976316285628997e+01 2.177170888485168803e+02 3.577452095469674305e+02 1.677718941765655245e+02 7.935720843074336983e+01 3.443631998497893960e+02 2.476137934003382668e+02 6.887204405592615331e+01 3.506789522129500369e+02 3.410955361620254394e+02 3.399494297000563279e+02 2.317482174763121350e+01 2.569408318175858312e+02 1.585891261090795012e+02 1.275522142784142332e+01 1.443032136469411455e+02
2.899976316285628997e+01 2.177170888485168803e+02 3.577452095469674305e+02 1.677718941765655245e+02 7.935720843074336983e+01 3.443631998497893960e+02 2.476137934003382668e+02 6.887204405592615331e+01 3.506789522129500369e+02 3.410955361620254394e+02 3.399494297000563279e+02 2.317482174763121350e+01 2.554408318175858312e+02 1.585891261090795012e+02 1.275522142784142332e+01 1.443032136469411455e+02
3.049976316285628997e+01 2.177170888485168803e+02 3.577452095469674305e+02 1.677718941765655245e+02 7.935720843074336983e+01 3.443631998497893960e+02 2.476137934003382668e+02 6.887204405592615331e+01 3.506789522129500369e+02 3.410955361620254394e+02 3.399494297000563279e+02 2.317482174763121350e+01 2.539408318175858312e+02 1.585891261090795012e+02 1.275522142784142332e+01 1.443032136469411455e+02
3.199976316285628997e+01 2.177170888485168803e+02 3.577452095469674305e+02 1.677718941765655245e+02 7.935720843074336983e+01 3.443631998497893960e+02 2.476137934003382668e+02 6.887204405592615331e+01 3.506789522129500369e+02 3.410955361620254394e+02 3.399494297000563279e+02 2.317482174763121350e+01 2.524408318175858312e+02 1.585891261090795012e+02 1.275522142784142332e+01 1.443032136469411455e+02
3.349976316285628997e+01 2.177170888485168803e+02 3.577452095469674305e+02 1.677718941765655245e+02 7.935720843074336983e+01 3.443631998497893960e+02 2.476137934003382668e+02 6.887204405592615331e+01 3.506789522129500369e+02 3.410955361620254394e+02 3.399494297000563279e+02 2.317482174763121350e+01 2.509408318175858312e+02 1.585891261090795012e+02 1.275522142784142332e+01 1.443032136469411455e+02
3.499976316285628997e+01 2.177170888485168803e+02 3.577452095469674305e+02 1.677718941765655245e+02 7.935720843074336983e+01 3.443631998497893960e+02 2.476137934003382668e+02 6.887204405592615331e+01 3.506789522129500369e+02 3.410955361620254394e+02 3.399494297000563279e+02 2.317482174763121350e+01 2.494408318175858312e+02 1.585891261090795012e+02 1.275522142784142332e+01 1.443032136469411455e+02
3.649976316285628997e+01 2.177170888485168803e+02 3.577452095469674305e+02 1.677718941765655245e+02 7.935720843074336983e+01 3.443631998497893960e+02 2.476137934003382668e+02 6.887204405592615331e+01 3.506789522129500369e+02 3.410955361620254394e+02 3.399494297000563279e+02 2.317482174763121350e+01 2.479408318175858312e+02 1.585891261090795012e+02 1.275522142784142332e+01 1.443032136469411455e+02
3.799976316285628997e+01 2.177170888485168803e+02 3.577452095469674305e+02 1.677718941765655245e+02 7.935720843074336983e+01 3.443631998497893960e+02 2.476137934003382668e+02 6.887204405592615331e+01 3.506789522129500369e+02 3.410955361620254394e+02 3.399494297000563279e+02 2.317482174763121350e+01 2.464408318175858312e+02 1.585891261090795012e+02 1.275522142784142332e+01 1.443032136469411455e+02
3.949976316285628997e+01 2.177170888485168803e+02 3.577452095469674305e+02 1.677718941765655245e+02 7.935720843074336983e+01 3.443631998497893960e+02 2.476137934003382668e+02 6.887204405592615331e+01 3.506789522129500369e+02 3.410955361620254394e+02 3.399494297000563279e+02 2.317482174763121350e+01 2.449408318175858312e+02 1.585891261090795012e+02 1.275522142784142332e+01 1.443032136469411455e+02
4.099976316285628997e+01 2.177170888485168803e+02 3.577452095469674305e+02 1.677718941765655245e+02 7.935720843074336983e+01 3.443631998497893960e+02 2.476137934003382668e+02 6.887204405592615331e+01 3.506789522129500369e+02 3.410955361620254394e+02 3.399494297000563279e+02 2.317482174763121350e+01 2.434408318175858312e+02 1.585891261090795012e+02 1.275522142784142332e+01 1.443032136469411455e+02
4.249976316285628997e+01 2.177170888485168803e+02 3.577452095469674305e+02 1.677718941765655245e+02 7.935720843074336983e+01 3.443631998497893960e+02 2.476137934003382668e+02 6.887204405592615331e+01 3.506789522129500369e+02 3.410955361620254394e+02 3.399494297000563279e+02 2.317482174763121350e+01 2.419408318175858312e+02 1.585891261090795012e+02 1.275522142784142332e+01 1.443032136469411455e+02
4.399976316285628997e+01 2.177170888485168803e+02 3.577452095469674305e+02 1.677718941765655245e+02 7.935720843074336983e+01 3.443631998497893960e+02 2.476137934003382668e+02 6.887204405592615331e+01 3.506789522129500369e+02 3.410955361620254394e+02 3.399494297000563279e+02 2.317482174763121350e+01 2.404408318175858312e+02 1.585891261090795012e+02 1.275522142784142332e+01 1.443032136469411455e+02
4.549976316285628997e+01 2.177170888485168803e+02 3.577452095469674305e+02 1.677718941765655245e+02 7.935720843074336983e+01 3.443631998497893960e+02 2.476137934003382668e+02 6.887204405592615331e+01 3.506789522129500369e+02 3.410955361620254394e+02 3.399494297000563279e+02 2.317482174763121350e+01 2.389408318175858312e+02 1.585891261090795012e+02 1.275522142784142332e+01 1.443032136469411455e+02
4.699976316285628997e+01 2.177170888485168803e+02 3.577452095469674305e+02 1.677718941765655245e+02 7.935720843074336983e+01 3.443631998497893960e+02 2.476137934003382668e+02 6.887204405592615331e+01 3.506789522129500369e+02 3.410955361620254394e+02 3.399494297000563279e+02 2.317482174763121350e+01 2.374408318175858312e+02 1.585891261090795012e+02 1.275522142784142332e+01 1.443032136469411455e+02
4.849976316285628997e+01 2.177170888485168803e+02 3.577452095469674305e+02 1.677718941765655245e+02 7.935720843074336983e+01 3.443631998497893960e+02 2.476137934003382668e+02 6.887204405592615331e+01 3.506789522129500369e+02 3.410955361620254394e+02 3.399494297000563279e+02 2.317482174763121350e+01 2.359408318175858312e+02 1.585891261090795012e+02 1.275522142784142332e+01 1.443032136469411455e+02
4.999976316285628997e+01 2.177170888485168803e+02 3.577452095469674305e+02 1.677718941765655245e+02 7.935720843074336983e+01 3.443631998497893960e+02 2.476137934003382668e+02 6.887204405592615331e+01 3.506789522129500369e+02 3.410955361620254394e+02 3.399494297000563279e+02 2.317482174763121350e+01 2.344408318175858312e+02 1.585891261090795012e+02 1.275522142784142332e+01 1.443032136469411455e+02
5.149976316285628997e+01 2.177170888485168803e+02 3.577452095469674305e+02 1.677718941765655245e+02 7.935720843074336983e+01 3.443631998497893960e+02 2.476137934003382668e+02 6.887204405592615331e+01 3.506789522129500369e+02 3.410955361620254394e+02 3.399494297000563279e+02 2.317482174763121350e+01 2.329408318175858312e+02 1.585891261090795012e+02 1.275522142784142332e+01 1.443032136469411455e+02
5.299976316285628997e+01 2.177170888485168803e+02 3.577452095469674305e+02 1.677718941765655245e+02 7.935720843074336983e+01 3.443631998497893960e+02 2.476137934003382668e+02 6.887204405592615331e+01 3.506789522129500369e+02 3.410955361620254394e+02 3.399494297000563279e+02 2.317482174763121350e+01 2.314408318175858312e+02 1.585891261090795012e+02 1.275522142784142332e+01 1.443032136469411455e+02
5.449976316285628997e+01 2.177170888485168803e+02 3.577452095469674305e+02 1.677718941765655245e+02 7.935720843074336983e+01 3.443631998497893960e+02 2.476137934003382668e+02 6.887204405592615331e+01 3.506789522129500369e+02 3.410955361620254394e+02 3.399494297000563279e+02 2.317482174763121350e+01 2.299408318175858312e+02 1.585891261090795012e+02 1.275522142784142332e+01 1.443032136469411455e+02
5.599976316285628997e+01 2.177170888485168803e+02 3.577452095469674305e+02 1.677718941765655245e+02 7.935720843074336983e+01 3.443631998497893960e+02 2.476137934003382668e+02 6.887204405592615331e+01 3.506789522129500369e+02 3.410955361620254394e+02 3.399494297000563279e+02 2.317482174763121350e+01 2.284408318175858312e+02 1.585891261090795012e+02 1.275522142784142332e+01 1.443032136469411455e+02
5.749976316285628997e+01 2.177170888485168803e+02 3.577452095469674305e+02 1.677718941765655245e+02 7.935720843074336983e+01 3.443631998497893960e+02 2.476137934003382668e+02 6.887204405592615331e+01 3.506789522129500369e+02 3.410955361620254394e+02 3.399494297000563279e+02 2.317482174763121350e+01 2.269408318175858312e+02 1.585891261090795012e+02 1.275522142784142332e+01 1.443032136469411455e+02
5.899976316285628997e+01 2.177170888485168803e+02 3.577452095469674305e+02 1.677718941765655245e+02 7.935720843074336983e+01 3.443631998497893960e+02 2.476137934003382668e+02 6.887204405592615331e+01 3.506789522129500369e+02 3.410955361620254394e+02 3.399494297000563279e+02 2.317482174763121350e+01 2.254408318175858312e+02 1.585891261090795012e+02 1.275522142784142332e+01 1.443032136469411455e+02
6.049976316285628997e+01 2.177170888485168803e+02 3.577452095469674305e+02 1.677718941765655245e+02 7.935720843074336983e+01 3.443631998497893960e+02 2.476137934003382668e+02 6.887204405592615331e+01 3.506789522129500369e+02 3.410955361620254394e+02 3.399494297000563279e+02 2.317482174763121350e+01 2.239408318175858312e+02 1.585891261090795012e+02 1.275522142784142332e+01 1.443032136469411455e+02
6.199976316285628997e+01 2.177170888485168803e+02 3.577452095469674305e+02 1.677718941765655245e+02 7.935720843074336983e+01 3.443631998497893960e+02 2.476137934003382668e+02 6.887204405592615331e+01 3.506789522129500369e+02 3.410955361620254394e+02 3.399494297000563279e+02 2.317482174763121350e+01 2.224408318175858312e+02 1.585891261090795012e+02 1.275522142784142332e+01 1.443032136469411455e+02
6.349976316285628997e+01 2.177170888485168803e+02 3.577452095469674305e+02 1.677718941765655245e+02 7.935720843074336983e+01 3.443631998497893960e+02 2.476137934003382668e+02 6.887204405592615331e+01 3.506789522129500369e+02 3.410955361620254394e+02 3.399494297000563279e+02 2.317482174763121350e+01 2.209408318175858312e+02 1.585891261090795012e+02 1.275522142784142332e+01 1.443032136469411455e+02
6.499976316285628286e+01 2.177170888485168803e+02 3.577452095469674305e+02 1.677718941765655245e+02 7.935720843074336983e+01 3.443631998497893960e+02 2.476137934003382668e+02 6.887204405592615331e+01 3.506789522129500369e+02 3.410955361620254394e+02 3.399494297000563279e+02 2.317482174763121350e+01 2.194408318175858312e+02 1.585891261090795012e+02 1.275522142784142332e+01 1.443032136469411455e+02
6.649976316285628286e+01 2.177170888485168803e+02 3.577452095469674305e+02 1.677718941765655245e+02 7.935720843074336983e+01 3.443631998497893960e+02 2.476137934003382668e+02 6.887204405592615331e+01 3.506789522129500369e+02 3.410955361620254394e+02 3.399494297000563279e+02 2.317482174763121350e+01 2.179408318175858312e+02 1.585891261090795012e+02 1.275522142784142332e+01 1.443032136469411455e+02
6.799976316285628286e+01 2.177170888485168803e+02 3.577452095469674305e+02 1.677718941765655245e+02 7.935720843074336983e+01 3.443631998497893960e+02 2.476137934003382668e+02 6.887204405592615331e+01 3.506789522129500369e+02 3.410955361620254394e+02 3.399494297000563279e+02 2.317482174763121350e+01 2.164408318175858312e+02 1.585891261090795012e+02 1.275522142784142332e+01 1.443032136469411455e+02
6.949976316285628286e+01 2.177170888485168803e+02 3.577452095469674305e+02 1.677718941765655245e+02 7.935720843074336983e+01 3.443631998497893960e+02 2.476137934003382668e+02 6.887204405592615331e+01 3.506789522129500369e+02 3.410955361620254394e+02 3.399494297000563279e+02 2.317482174763121350e+01 2.149408318175858312e+02 1.585891261090795012e+02 1.275522142784142332e+01 1.443032136469411455e+02
7.099976316285628286e+01 2.177170888485168803e+02 3.577452095469674305e+02 1.677718941765655245e+02 7.935720843074336983e+01 3.443631998497893960e+02 2.476137934003382668e+02 6.887204405592615331e+01 3.506789522129500369e+02 3.410955361620254394e+02 3.399494297000563279e+02 2.317482174763121350e+01 2.134408318175858312e+02 1.585891261090795012e+02 1.275522142784142332e+01 1.443032136469411455e+02
7.249976316285628286e+01 2.177170888485168803e+02 3.577452095469674305e+02 1.677718941765655245e+02 7.935720843074336983e+01 3.443631998497893960e+02 2.476137934003382668e+02 6.887204405592615331e+01 3.506789522129500369e+02 3.410955361620254394e+02 3.399494297000563279e+02 2.317482174763121350e+01 2.119408318175858312e+02 1.585891261090795012e+02 1.275522142784142332e+01 1.443032136469411455e+02
7.399976316285628286e+01 2.177170888485168803e+02 3.577452095469674305e+02 1.677718941765655245e+02 7.935720843074336983e+01 3.443631998497893960e+02 2.476137934003382668e+02 6.887204405592615331e+01 3.506789522129500369e+02 3.410955361620254394e+02 3.399494297000563279e+02 2.317482174763121350e+01 2.104408318175858312e+02 1.585891261090795012e+02 1.275522142784142332e+01 1.443032136469411455e+02
7.549976316285628286e+01 2.177170888485168803e+02 3.577452095469674305e+02 1.677718941765655245e+02 7.935720843074336983e+01 3.443631998497893960e+02 2.476137934003382668e+02 6.887204405592615331e+01 3.506789522129500369e+02 3.410955361620254394e+02 3.399494297000563279e+02 2.317482174763121350e+01 2.089408318175858312e+02 1.585891261090795012e+02 1.275522142784142332e+01 1.443032136469411455e+02
7.699976316285628286e+01 2.177170888485168803e+02 3.577452095469674305e+02 1.677718941765655245e+02 7.935720843074336983e+01 3.443631998497893960e+02 2.476137934003382668e+02 6.887204405592615331e+01 3.506789522129500369e+02 3.410955361620254394e+02 3.399494297000563279e+02 2.317482174763121350e+01 2.074408318175858312e+02 1.585891261090795012e+02 1.275522142784142332e+01 1.443032136469411455e+02
7.849976316285628286e+01 2.177170888485168803e+02 3.577452095469674305e+02 1.677718941765655245e+02 7.935720843074336983e+01 3.443631998497893960e+02 2.476137934003382668e+02 6.887204405592615331e+01 3.506789522129500369e+02 3.410955361620254394e+02 3.399494297000563279e+02 2.317482174763121350e+01 2.059408318175858312e+02 1.585891261090795012e+02 1.275522142784142332e+01 1.443032136469411455e+02
7.999976316285628286e+01 2.177170888485168803e+02 3.577452095469674305e+02 1.677718941765655245e+02 7.935720843074336983e+01 3.443631998497893960e+02 2.476137934003382668e+02 6.887204405592615331e+01 3.506789522129500369e+02 3.410955361620254394e+02 3.399494297000563279e+02 2.317482174763121350e+01 2.044408318175858312e+02 1.585891261090795012e+02 1.275522142784142332e+01 1.443032136469411455e+02
8.149976316285628286e+01 2.177170888485168803e+02 3.577452095469674305e+02 1.677718941765655245e+02 7.935720843074336983e+01 3.443631998497893960e+02 2.476137934003382668e+02 6.887204405592615331e+01 3.506789522129500369e+02 3.410955361620254394e+02 3.399494297000563279e+02 2.317482174763121350e+01 2.029408318175858312e+02 1.585891261090795012e+02 1.275522142784142332e+01 1.443032136469411455e+02
8.299976316285628286e+01 2.177170888485168803e+02 3.577452095469674305e+02 1.677718941765655245e+02 7.935720843074336983e+01 3.443631998497893960e+02 2.476137934003382668e+02 6.887204405592615331e+01 3.506789522129500369e+02 3.410955361620254394e+02 3.399494297000563279e+02 2.317482174763121350e+01 2.014408318175858312e+02 1.585891261090795012e+02 1.275522142784142332e+01 1.443032136469411455e+02
8.449976316285628286e+01 2.177170888485168803e+02 3.577452095469674305e+02 1.677718941765655245e+02 7.935720843074336983e+01 3.443631998497893960e+02 2.476137934003382668e+02 6.887204405592615331e+01 3.506789522129500369e+02 3.410955361620254394e+02 3.399494297000563279e+02 2.317482174763121350e+01 1.999408318175858312e+02 1.585891261090795012e+02 1.275522142784142332e+01 1.443032136469411455e+02
8.599976316285628286e+01 2.177170888485168803e+02 3.577452095469674305e+02 1.677718941765655245e+02 7.935720843074336983e+01 3.443631998497893960e+02 2.476137934003382668e+02 6.887204405592615331e+01 3.506789522129500369e+02 3.410955361620254394e+02 3.399494297000563279e+02 2.317482174763121350e+01 1.984408318175858312e+02 1.585891261090795012e+02 1.275522142784142332e+01 1.443032136469411455e+02
8.749976316285628286e+01 2.177170888485168803e+02 3.577452095469674305e+02 1.677718941765655245e+02 7.935720843074336983e+01 3.443631998497893960e+02 2.476137934003382668e+02 6.887204405592615331e+01 3.506789522129500369e+02 3.410955361620254394e+02 3.399494297000563279e+02 2.317482174763121350e+01 1.969408318175858312e+02 1.585891261090795012e+02 1.275522142784142332e+01 1.443032136469411455e+02
8.899976316285628286e+01 2.177170888485168803e+02 3.577452095469674305e+02 1.677718941765655245e+02 7.935720843074336983e+01 3.443631998497893960e+02 2.476137934003382668e+02 6.887204405592615331e+01 3.506789522129500369e+02 3.410955361620254394e+02 3.399494297000563279e+02 2.317482174763121350e+01 1.954408318175858312e+02 1.585891261090795012e+02 1.275522142784142332e+01 1.443032136469411455e+02
9.049976316285628286e+01 2.177170888485168803e+02 3.577452095469674305e+02 1.677718941765655245e+02 7.935720843074336983e+01 3.443631998497893960e+02 2.476137934003382668e+02 6.887204405592615331e+01 3.506789522129500369e+02 3.410955361620254394e+02 3.399494297000563279e+02 2.317482174763121350e+01 1.939408318175858312e+02 1.585891261090795012e+02 1.275522142784142332e+01 1.443032136469411455e+02
9.199976316285628286e+01 2.177170888485168803e+02 3.577452095469674305e+02 1.677718941765655245e+02 7.935720843074336983e+01 3.443631998497893960e+02 2.476137934003382668e+02 6.887204405592615331e+01 3.506789522129500369e+02 3.410955361620254394e+02 3.399494297000563279e+02 2.317482174763121350e+01 1.924408318175858312e+02 1.585891261090795012e+02 1.275522142784142332e+01 1.443032136469411455e+02
9.349976316285628286e+01 2.177170888485168803e+02 3.577452095469674305e+02 1.677718941765655245e+02 7.935720843074336983e+01 3.443631998497893960e+02 2.476137934003382668e+02 6.887204405592615331e+01 3.506789522129500369e+02 3.410955361620254394e+02 3.399494297000563279e+02 2.317482174763121350e+01 1.909408318175858312e+02 1.585891261090795012e+02 1.275522142784142332e+01 1.443032136469411455e+02
9.499976316285628286e+01 2.177170888485168803e+02 3.577452095469674305e+02 1.677718941765655245e+02 7.935720843074336983e+01 3.443631998497893960e+02 2.476137934003382668e+02 6.887204405592615331e+01 3.506789522129500369e+02 3.410955361620254394e+02 3.399494297000563279e+02 2.317482174763121350e+01 1.894408318175858312e+02 1.585891261090795012e+02 1.275522142784142332e+01 1.443032136469411455e+02
9.649976316285628286e+01 2.177170888485168803e+02 3.577452095469674305e+02 1.677718941765655245e+02 7.935720843074336983e+01 3.443631998497893960e+02 2.476137934003382668e+02 6.887204405592615331e+01 3.506789522129500369e+02 3.410955361620254394e+02 3.399494297000563279e+02 2.317482174763121350e+01 1.879408318175858312e+02 1.585891261090795012e+02 1.275522142784142332e+01 1.443032136469411455e+02
9.799976316285628286e+01 2.177170888485168803e+02 3.577452095469674305e+02 1.677718941765655245e+02 7.935720843074336983e+01 3.443631998497893960e+02 2.476137934003382668e+02 6.887204405592615331e+01 3.506789522129500369e+02 3.410955361620254394e+02 3.399494297000563279e+02 2.317482174763121350e+01 1.864408318175858312e+02 1.585891261090795012e+02 1.275522142784142332e+01 1.443032136469411455e+02
9.949976316285628286e+01 2.177170888485168803e+02 3.577452095469674305e+02 1.677718941765655245e+02 7.935720843074336983e+01 3.443631998497893960e+02 2.476137934003382668e+02 6.887204405592615331e+01 3.506789522129500369e+02 3.410955361620254394e+02 3.399494297000563279e+02 2.317482174763121350e+01 1.849408318175858312e+02 1.585891261090795012e+02 1.275522142784142332e+01 1.443032136469411455e+02
1.009997631628562829e+02 2.177170888485168803e+02 3.577452095469674305e+02 1.677718941765655245e+02 7.935720843074336983e+01 3.443631998497893960e+02 2.476137934003382668e+02 6.887204405592615331e+01 3.506789522129500369e+02 3.410955361620254394e+02 3.399494297000563279e+02 2.317482174763121350e+01 1.834408318175858312e+02 1.585891261090795012e+02 1.275522142784142332e+01 1.443032136469411455e+02
1.024997631628562829e+02 2.177170888485168803e+02 3.577452095469674305e+02 1.677718941765655245e+02 7.935720843074336983e+01 3.443631998497893960e+02 2.476137934003382668e+02 6.887204405592615331e+01 3.506789522129500369e+02 3.410955361620254394e+02 3.399494297000563279e+02 2.317482174763121350e+01 1.819408318175858312e+02 1.585891261090795012e+02 1.275522142784142332e+01 1.443032136469411455e+02
1.039997631628562829e+02 2.177170888485168803e+02 3.577452095469674305e+02 1.677718941765655245e+02 7.935720843074336983e+01 3.443631998497893960e+02 2.476137934003382668e+02 6.887204405592615331e+01 3.506789522129500369e+02 3.410955361620254394e+02 3.399494297000563279e+02 2.317482174763121350e+01 1.804408318175858312e+02 1.585891261090795012e+02 1.275522142784142332e+01 1.443032136469411455e+02
1.054997631628562829e+02 2.177170888485168803e+02 3.577452095469674305e+02 1.677718941765655245e+02 7.935720843074336983e+01 3.443631998497893960e+02 2.476137934003382668e+02 6.887204405592615331e+01 3.506789522129500369e+02 3.410955361620254394e+02 3.399494297000563279e+02 2.317482174763121350e+01 1.789408318175858312e+02 1.585891261090795012e+02 1.275522142784142332e+01 1.443032136469411455e+02
1.069997631628562829e+02 2.177170888485168803e+02 3.577452095469674305e+02 1.677718941765655245e+02 7.935720843074336983e+01 3.443631998497893960e+02 2.476137934003382668e+02 6.887204405592615331e+01 3.506789522129500369e+02 3.410955361620254394e+02 3.399494297000563279e+02 2.317482174763121350e+01 1.774408318175858312e+02 1.585891261090795012e+02 1.275522142784142332e+01 1.443032136469411455e+02
1.084997631628562829e+02 2.177170888485168803e+02 3.577452095469674305e+02 1.677718941765655245e+02 7.935720843074336983e+01 3.443631998497893960e+02 2.476137934003382668e+02 6.887204405592615331e+01 3.506789522129500369e+02 3.410955361620254394e+02 3.399494297000563279e+02 2.317482174763121350e+01 1.759408318175858312e+02 1.585891261090795012e+02 1.275522142784142332e+01 1.443032136469411455e+02
1.099997631628562829e+02 2.177170888485168803e+02 3.577452095469674305e+02 1.677718941765655245e+02 7.935720843074336983e+01 3.443631998497893960e+02 2.476137934003382668e+02 6.887204405592615331e+01 3.506789522129500369e+02 3.410955361620254394e+02 3.399494297000563279e+02 2.317482174763121350e+01 1.744408318175858312e+02 1.585891261090795012e+02 1.275522142784142332e+01 1.443032136469411455e+02
1.114997631628562829e+02 2.177170888485168803e+02 3.577452095469674305e+02 1.677718941765655245e+02 7.935720843074336983e+01 3.443631998497893960e+02 2.476137934003382668e+02 6.887204405592615331e+01 3.506789522129500369e+02 3.410955361620254394e+02 3.399494297000563279e+02 2.317482174763121350e+01 1.729408318175858312e+02 1.585891261090795012e+02 1.275522142784142332e+01 1.443032136469411455e+02
1.129997631628562829e+02 2.177170888485168803e+02 3.577452095469674305e+02 1.677718941765655245e+02 7.935720843074336983e+01 3.443631998497893960e+02 2.476137934003382668e+02 6.887204405592615331e+01 3.506789522129500369e+02 3.410955361620254394e+02 3.399494297000563279e+02 2.317482174763121350e+01 1.714408318175858312e+02 1.585891261090795012e+02 1.275522142784142332e+01 1.443032136469411455e+02
1.144997631628562829e+02 2.177170888485168803e+02 3.577452095469674305e+02 1.677718941765655245e+02 7.935720843074336983e+01 3.443631998497893960e+02 2.476137934003382668e+02 6.887204405592615331e+01 3.506789522129500369e+02 3.410955361620254394e+02 3.399494297000563279e+02 2.317482174763121350e+01 1.699408318175858312e+02 1.585891261090795012e+02 1.275522142784142332e+01 1.443032136469411455e+02
1.159997631628562829e+02 2.177170888485168803e+02 3.577452095469674305e+02 1.677718941765655245e+02 7.935720843074336983e+01 3.443631998497893960e+02 2.476137934003382668e+02 6.887204405592615331e+01 3.506789522129500369e+02 3.410955361620254394e+02 3.399494297000563279e+02 2.317482174763121350e+01 1.684408318175858312e+02 1.585891261090795012e+02 1.275522142784142332e+01 1.443032136469411455e+02
1.174997631628562829e+02 2.177170888485168803e+02 3.577452095469674305e+02 1.677718941765655245e+02 7.935720843074336983e+01 3.443631998497893960e+02 2.476137934003382668e+02 6.887204405592615331e+01 3.506789522129500369e+02 3.410955361620254394e+02 3.399494297000563279e+02 2.317482174763121350e+01 1.669408318175858312e+02 1.585891261090795012e+02 1.275522142784142332e+01 1.443032136469411455e+02
1.189997631628562829e+02 2.177170888485168803e+02 3.577452095469674305e+02 1.677718941765655245e+02 7.935720843074336983e+01 3.443631998497893960e+02 2.476137934003382668e+02 6.887204405592615331e+01 3.506789522129500369e+02 3.410955361620254394e+02 3.399494297000563279e+02 2.317482174763121350e+01 1.654408318175858312e+02 1.585891261090795012e+02 1.275522142784142332e+01 1.443032136469411455e+02
1.204997631628562829e+02 2.177170888485168803e+02 3.577452095469674305e+02 1.677718941765655245e+02 7.935720843074336983e+01 3.443631998497893960e+02 2.476137934003382668e+02 6.887204405592615331e+01 3.506789522129500369e+02 3.410955361620254394e+02 3.399494297000563279e+02 2.317482174763121350e+01 1.639408318175858312e+02 1.585891261090795012e+02 1.275522142784142332e+01 1.443032136469411455e+02
1.219997631628562829e+02 2.177170888485168803e+02 3.577452095469674305e+02 1.677718941765655245e+02 7.935720843074336983e+01 3.443631998497893960e+02 2.476137934003382668e+02 6.887204405592615331e+01 3.506789522129500369e+02 3.410955361620254394e+02 3.399494297000563279e+02 2.317482174763121350e+01 1.624408318175858312e+02 1.585891261090795012e+02 1.275522142784142332e+01 1.443032136469411455e+02
1.234997631628562829e+02 2.177170888485168803e+02 3.577452095469674305e+02 1.677718941765655245e+02 7.935720843074336983e+01 3.443631998497893960e+02 2.476137934003382668e+02 6.887204405592615331e+01 3.506789522129500369e+02 3.410955361620254394e+02 3.399494297000563279e+02 2.317482174763121350e+01 1.609408318175858312e+02 1.585891261090795012e+02 1.275522142784142332e+01 1.443032136469411455e+02
1.249997631628562829e+02 2.177170888485168803e+02 3.577452095469674305e+02 1.677718941765655245e+02 7.935720843074336983e+01 3.443631998497893960e+02 2.476137934003382668e+02 6.887204405592615331e+01 3.506789522129500369e+02 3.410955361620254394e+02 3.399494297000563279e+02 2.317482174763121350e+01 1.594408318175858312e+02 1.585891261090795012e+02 1.275522142784142332e+01 1.443032136469411455e+02
1.264997631628562829e+02 2.177170888485168803e+02 3.577452095469674305e+02 1.677718941765655245e+02 7.935720843074336983e+01 3.443631998497893960e+02 2.476137934003382668e+02 6.887204405592615331e+01 3.506789522129500369e+02 3.410955361620254394e+02 3.399494297000563279e+02 2.317482174763121350e+01 1.579408318175858312e+02 1.585891261090795012e+02 1.275522142784142332e+01 1.443032136469411455e+02
1.279997631628562829e+02 2.177170888485168803e+02 3.577452095469674305e+02 1.677718941765655245e+02 7.935720843074336983e+01 3.443631998497893960e+02 2.476137934003382668e+02 6.887204405592615331e+01 3.506789522129500369e+02 3.410955361620254394e+02 3.399494297000563279e+02 2.317482174763121350e+01 1.564408318175858312e+02 1.585891261090795012e+02 1.275522142784142332e+01 1.443032136469411455e+02
1.294997631628562829e+02 2.177170888485168803e+02 3.577452095469674305e+02 1.677718941765655245e+02 7.935720843074336983e+01 3.443631998497893960e+02 2.476137934003382668e+02 6.887204405592615331e+01 3.506789522129500369e+02 3.410955361620254394e+02 3.399494297000563279e+02 2.317482174763121350e+01 1.549408318175858312e+02 1.585891261090795012e+02 1.275522142784142332e+01 1.443032136469411455e+02
1.309997631628562829e+02 2.177170888485168803e+02 3.577452095469674305e+02 1.677718941765655245e+02 7.935720843074336983e+01 3.443631998497893960e+02 2.476137934003382668e+02 6.887204405592615331e+01 3.506789522129500369e+02 3.410955361620254394e+02 3.399494297000563279e+02 2.317482174763121350e+01 1.534408318175858312e+02 1.585891261090795012e+02 1.275522142784142332e+01 1.443032136469411455e+02
1.324997631628562829e+02 2.177170888485168803e+02 3.577452095469674305e+02 1.677718941765655245e+02 7.935720843074336983e+01 3.443631998497893960e+02 2.476137934003382668e+02 6.887204405592615331e+01 3.506789522129500369e+02 3.410955361620254394e+02 3.399494297000563279e+02 2.317482174763121350e+01 1.519408318175858312e+02 1.585891261090795012e+02 1.275522142784142332e+01 1.443032136469411455e+02
1.339997631628562829e+02 2.177170888485168803e+02 3.577452095469674305e+02 1.677718941765655245e+02 7.935720843074336983e+01 3.443631998497893960e+02 2.476137934003382668e+02 6.887204405592615331e+01 3.506789522129500369e+02 3.410955361620254394e+02 3.399494297000563279e+02 2.317482174763121350e+01 1.504408318175858312e+02 1.585891261090795012e+02 1.275522142784142332e+01 1.443032136469411455e+02
1.354997631628562829e+02 2.177170888485168803e+02 3.577452095469674305e+02 1.677718941765655245e+02 7.935720843074336983e+01 3.443631998497893960e+02 2.476137934003382668e+02 6.887204405592615331e+01 3.506789522129500369e+02 3.410955361620254394e+02 3.399494297000563279e+02 2.317482174763121350e+01 1.489408318175858312e+02 1.585891261090795012e+02 1.275522142784142332e+01 1.443032136469411455e+02
1.369997631628562829e+02 2.177170888485168803e+02 3.577452095469674305e+02 1.677718941765655245e+02 7.935720843074336983e+01 3.443631998497893960e+02 2.476137934003382668e+02 6.887204405592615331e+01 3.506789522129500369e+02 3.410955361620254394e+02 3.399494297000563279e+02 2.317482174763121350e+01 1.474408318175858312e+02 1.585891261090795012e+02 1.275522142784142332e+01 1.443032136469411455e+02
1.384997631628562829e+02 2.177170888485168803e+02 3.577452095469674305e+02 1.677718941765655245e+02 7.935720843074336983e+01 3.443631998497893960e+02 2.476137934003382668e+02 6.887204405592615331e+01 3.506789522129500369e+02 3.410955361620254394e+02 3.399494297000563279e+02 2.317482174763121350e+01 1.459408318175858312e+02 1.585891261090795012e+02 1.275522142784142332e+01 1.443032136469411455e+02
1.399997631628562829e+02 2.177170888485168803e+02 3.577452095469674305e+02 1.677718941765655245e+02 7.935720843074336983e+01 3.443631998497893960e+02 2.476137934003382668e+02 6.887204405592615331e+01 3.506789522129500369e+02 3.410955361620254394e+02 3.399494297000563279e+02 2.317482174763121350e+01 1.444408318175858312e+02 1.585891261090795012e+02 1.275522142784142332e+01 1.443032136469411455e+02
1.414997631628562829e+02 2.177170888485168803e+02 3.577452095469674305e+02 1.677718941765655245e+02 7.935720843074336983e+01 3.443631998497893960e+02 2.476137934003382668e+02 6.887204405592615331e+01 3.506789522129500369e+02 3.410955361620254394e+02 3.399494297000563279e+02 2.317482174763121350e+01 1.429408318175858312e+02 1.585891261090795012e+02 1.275522142784142332e+01 1.443032136469411455e+02
1.429997631628562829e+02 2.177170888485168803e+02 3.577452095469674305e+02 1.677718941765655245e+02 7.935720843074336983e+01 3.443631998497893960e+02 2.476137934003382668e+02 6.887204405592615331e+01 3.506789522129500369e+02 3.410955361620254394e+02 3.399494297000563279e+02 2.317482174763121350e+01 1.414408318175858312e+02 1.585891261090795012e+02 1.275522142784142332e+01 1.443032136469411455e+02
1.444997631628562829e+02 2.177170888485168803e+02 3.577452095469674305e+02 1.677718941765655245e+02 7.935720843074336983e+01 3.443631998497893960e+02 2.476137934003382668e+02 6.887204405592615331e+01 3.506789522129500369e+02 3.410955361620254394e+02 3.399494297000563279e+02 2.317482174763121350e+01 1.399408318175858312e+02 1.585891261090795012e+02 1.275522142784142332e+01 1.443032136469411455e+02
1.459997631628562829e+02 2.177170888485168803e+02 3.577452095469674305e+02 1.677718941765655245e+02 7.935720843074336983e+01 3.443631998497893960e+02 2.476137934003382668e+02 6.887204405592615331e+01 3.506789522129500369e+02 3.410955361620254394e+02 3.399494297000563279e+02 2.317482174763121350e+01 1.384408318175858312e+02 1.585891261090795012e+02 1.275522142784142332e+01 1.443032136469411455e+02
1.474997631628562829e+02 2.177170888485168803e+02 3.577452095469674305e+02 1.677718941765655245e+02 7.935720843074336983e+01 3.443631998497893960e+02 2.476137934003382668e+02 6.887204405592615331e+01 3.506789522129500369e+02 3.410955361620254394e+02 3.399494297000563279e+02 2.317482174763121350e+01 1.369408318175858312e+02 1.585891261090795012e+02 1.275522142784142332e+01 1.443032136469411455e+02
1.489997631628562829e+02 2.177170888485168803e+02 3.577452095469674305e+02 1.677718941765655245e+02 7.935720843074336983e+01 3.443631998497893960e+02 2.476137934003382668e+02 6.887204405592615331e+01 3.506789522129500369e+02 3.410955361620254394e+02 3.399494297000563279e+02 2.317482174763121350e+01 1.354408318175858312e+02 1.585891261090795012e+02 1.275522142784142332e+01 1.443032136469411455e+02
1.504997631628562829e+02 2.177170888485168803e+02 3.577452095469674305e+02 1.677718941765655245e+02 7.935720843074336983e+01 3.443631998497893960e+02 2.476137934003382668e+02 6.887204405592615331e+01 3.506789522129500369e+02 3.410955361620254394e+02 3.399494297000563279e+02 2.317482174763121350e+01 1.339408318175858312e+02 1.585891261090795012e+02 1.275522142784142332e+01 1.443032136469411455e+02
1.519997631628562829e+02 2.177170888485168803e+02 3.577452095469674305e+02 1.677718941765655245e+02 7.935720843074336983e+01 3.443631998497893960e+02 2.476137934003382668e+02 6.887204405592615331e+01 3.506789522129500369e+02 3.410955361620254394e+02 3.399494297000563279e+02 2.317482174763121350e+01 1.324408318175858312e+02 1.585891261090795012e+02 1.275522142784142332e+01 1.443032136469411455e+02
1.534997631628562829e+02 2.177170888485168803e+02 3.577452095469674305e+02 1.677718941765655245e+02 7.935720843074336983e+01 3.443631998497893960e+02 2.476137934003382668e+02 6.887204405592615331e+01 3.506789522129500369e+02 3.410955361620254394e+02 3.399494297000563279e+02 2.317482174763121350e+01 1.309408318175858312e+02 1.585891261090795012e+02 1.275522142784142332e+01 1.443032136469411455e+02
1.549997631628562829e+02 2.177170888485168803e+02 3.577452095469674305e+02 1.677718941765655245e+02 7.935720843074336983e+01 3.443631998497893960e+02 2.476137934003382668e+02 6.887204405592615331e+01 3.506789522129500369e+02 3.410955361620254394e+02 3.399494297000563279e+02 2.317482174763121350e+01 1.294408318175858312e+02 1.585891261090795012e+02 1.275522142784142332e+01 1.443032136469411455e+02
1.564997631628562829e+02 2.177170888485168803e+02 3.577452095469674305e+02 1.677718941765655245e+02 7.935720843074336983e+01 3.443631998497893960e+02 2.476137934003382668e+02 6.887204405592615331e+01 3.506789522129500369e+02 3.410955361620254394e+02 3.399494297000563279e+02 2.317482174763121350e+01 1.279408318175858312e+02 1.585891261090795012e+02 1.275522142784142332e+01 1.443032136469411455e+02
1.579997631628562829e+02 2.177170888485168803e+02 3.577452095469674305e+02 1.677718941765655245e+02 7.935720843074336983e+01 3.443631998497893960e+02 2.476137934003382668e+02 6.887204405592615331e+01 3.506789522129500369e+02 3.410955361620254394e+02 3.399494297000563279e+02 2.317482174763121350e+01 1.264408318175858312e+02 1.585891261090795012e+02 1.275522142784142332e+01 1.443032136469411455e+02
1.594997631628562829e+02 2.177170888485168803e+02 3.577452095469674305e+02 1.677718941765655245e+02 7.935720843074336983e+01 3.443631998497893960e+02 2.476137934003382668e+02 6.887204405592615331e+01 3.506789522129500369e+02 3.410955361620254394e+02 3.399494297000563279e+02 2.317482174763121350e+01 1.249408318175858312e+02 1.585891261090795012e+02 1.275522142784142332e+01 1.443032136469411455e+02
1.609997631628562829e+02 2.177170888485168803e+02 3.577452095469674305e+02 1.677718941765655245e+02 7.935720843074336983e+01 3.443631998497893960e+02 2.476137934003382668e+02 6.887204405592615331e+01 3.506789522129500369e+02 3.410955361620254394e+02 3.399494297000563279e+02 2.317482174763121350e+01 1.234408318175858312e+02 1.585891261090795012e+02 1.275522142784142332e+01 1.443032136469411455e+02
1.624997631628562829e+02 2.177170888485168803e+02 3.577452095469674305e+02 1.677718941765655245e+02 7.935720843074336983e+01 3.443631998497893960e+02 2.476137934003382668e+02 6.887204405592615331e+01 3.506789522129500369e+02 3.410955361620254394e+02 3.399494297000563279e+02 2.317482174763121350e+01 1.219408318175858312e+02 1.585891261090795012e+02 1.275522142784142332e+01 1.443032136469411455e+02
1.639997631628562829e+02 2.177170888485168803e+02 3.577452095469674305e+02 1.677718941765655245e+02 7.935720843074336983e+01 3.443631998497893960e+02 2.476137934003382668e+02 6.887204405592615331e+01 3.506789522129500369e+02 3.410955361620254394e+02 3.399494297000563279e+02 2.317482174763121350e+01 1.204408318175858312e+02 1.585891261090795012e+02 1.275522142784142332e+01 1.443032136469411455e+02
1.654997631628562829e+02 2.177170888485168803e+02 3.577452095469674305e+02 1.677718941765655245e+02 7.935720843074336983e+01 3.443631998497893960e+02 2.476137934003382668e+02 6.887204405592615331e+01 3.506789522129500369e+02 3.410955361620254394e+02 3.399494297000563279e+02 2.317482174763121350e+01 1.189408318175858312e+02 1.585891261090795012e+02 1.275522142784142332e+01 1.443032136469411455e+02
1.669997631628562829e+02 2.177170888485168803e+02 3.577452095469674305e+02 1.677718941765655245e+02 7.935720843074336983e+01 3.443631998497893960e+02 2.476137934003382668e+02 6.887204405592615331e+01 3.506789522129500369e+02 3.410955361620254394e+02 3.399494297000563279e+02 2.317482174763121350e+01 1.174408318175858312e+02 1.585891261090795012e+02 1.275522142784142332e+01 1.443032136469411455e+02
1.684997631628562829e+02 2.177170888485168803e+02 3.577452095469674305e+02 1.677718941765655245e+02 7.935720843074336983e+01 3.443631998497893960e+02 2.476137934003382668e+02 6.887204405592615331e+01 3.506789522129500369e+02 3.410955361620254394e+02 3.399494297000563279e+02 2.317482174763121350e+01 1.159408318175858312e+02 1.585891261090795012e+02 1.275522142784142332e+01 1.443032136469411455e+02
1.699997631628562829e+02 2.177170888485168803e+02 3.577452095469674305e+02 1.677718941765655245e+02 7.935720843074336983e+01 3.443631998497893960e+02 2.476137934003382668e+02 6.887204405592615331e+01 3.506789522129500369e+02 3.410955361620254394e+02 3.399494297000563279e+02 2.317482174763121350e+01 1.144408318175858312e+02 1.585891261090795012e+02 1.275522142784142332e+01 1.443032136469411455e+02
1.714997631628562829e+02 2.177170888485168803e+02 3.577452095469674305e+02 1.677718941765655245e+02 7.935720843074336983e+01 3.443631998497893960e+02 2.476137934003382668e+02 6.887204405592615331e+01 3.506789522129500369e+02 3.410955361620254394e+02 3.399494297000563279e+02 2.317482174763121350e+01 1.129408318175858312e+02 1.585891261090795012e+02 1.275522142784142332e+01 1.443032136469411455e+02
1.729997631628562829e+02 2.177170888485168803e+02 3.577452095469674305e+02 1.677718941765655245e+02 7.935720843074336983e+01 3.443631998497893960e+02 2.476137934003382668e+02 6.887204405592615331e+01 3.506789522129500369e+02 3.410955361620254394e+02 3.399494297000563279e+02 2.317482174763121350e+01 1.114408318175858312e+02 1.585891261090795012e+02 1.275522142784142332e+01 1.443032136469411455e+02