1.000000 0.000000 39.000000 0.000000 0.000000 40.000000 40.000000 40.000000 0.000000 80.000000 40.000000 80.000000
1.000000 0.000000 39.000000 0.000000 0.000000 40.000000 40.000000 40.000000 0.000000 80.000000 40.000000 80.000000
1.000000 0.000000 39.000000 0.000000 0.000000 40.000000 40.000000 40.000000 0.000000 80.000000 40.000000 80.000000
1.000000 0.000000 39.000000 0.000000 0.000000 40.000000 40.000000 40.000000 0.000000 80.000000 40.000000 80.000000
1.000000 0.000000 39.000000 0.000000 0.000000 40.000000 40.000000 40.000000 0.000000 80.000000 40.000000 80.000000
1.000000 0.000000 39.000000 0.000000 0.000000 40.000000 40.000000 40.000000 0.000000 80.000000 40.000000 80.000000
1.000000 0.000000 39.000000 0.000000 0.000000 40.000000 40.000000 40.000000 0.000000 80.000000 40.000000 80.000000
1.000000 0.000000 39.000000 0.000000 0.000000 40.000000 40.000000 40.000000 0.000000 80.000000 40.000000 80.000000
1.000000 0.000000 39.000000 0.000000 0.000000 40.000000 40.000000 40.000000 0.000000 80.000000 40.000000 80.000000
1.000000 0.000000 39.000000 0.000000 0.000000 40.000000 40.000000 40.000000 0.000000 80.000000 40.000000 80.000000
1.000000 0.000000 39.000000 0.000000 0.000000 40.000000 40.000000 40.000000 0.000000 80.000000 40.000000 80.000000
1.000000 0.000000 39.000000 0.000000 0.000000 40.000000 40.000000 40.000000 0.000000 80.000000 40.000000 80.000000
1.000000 0.000000 39.000000 0.000000 0.000000 40.000000 40.000000 40.000000 0.000000 80.000000 40.000000 80.000000
1.000000 0.000000 39.000000 0.000000 0.000000 40.000000 40.000000 40.000000 0.000000 80.000000 40.000000 80.000000
1.000000 0.000000 39.000000 0.000000 0.000000 40.000000 40.000000 40.000000 0.000000 80.000000 40.000000 80.000000
1.000000 0.000000 39.000000 0.000000 0.000000 40.000000 40.000000 40.000000 0.000000 80.000000 40.000000 80.000000
1.000000 0.000000 39.000000 0.000000 0.000000 40.000000 40.000000 40.000000 0.000000 80.000000 40.000000 80.000000
1.000000 0.000000 39.000000 0.000000 0.000000 40.000000 40.000000 40.000000 0.000000 80.000000 40.000000 80.000000
1.000000 0.000000 39.000000 0.000000 0.000000 40.000000 40.000000 40.000000 0.000000 80.000000 40.000000 80.000000
1.000000 0.000000 39.000000 0.000000 0.000000 40.000000 40.000000 40.000000 0.000000 80.000000 40.000000 80.000000
1.000000 0.000000 39.000000 0.000000 0.000000 40.000000 40.000000 40.000000 0.000000 80.000000 40.000000 80.000000
1.000000 0.000000 39.000000 0.000000 0.000000 40.000000 40.000000 40.000000 0.000000 80.000000 40.000000 80.000000
1.000000 0.000000 39.000000 0.000000 0.000000 40.000000 40.000000 40.000000 0.000000 80.000000 40.000000 80.000000
1.000000 0.000000 39.000000 0.000000 0.000000 40.000000 40.000000 40.000000 0.000000 80.000000 40.000000 80.000000
1.000000 0.000000 39.000000 0.000000 0.000000 40.000000 40.000000 40.000000 0.000000 80.000000 40.000000 80.000000
1.000000 0.000000 39.000000 0.000000 0.000000 40.000000 40.000000 40.000000 0.000000 80.000000 40.000000 80.000000
1.000000 0.000000 39.000000 0.000000 0.000000 40.000000 40.000000 40.000000 0.000000 80.000000 40.000000 80.000000
1.000000 0.000000 39.000000 0.000000 0.000000 40.000000 40.000000 40.000000 0.000000 80.000000 40.000000 80.000000
1.000000 0.000000 39.000000 0.000000 0.000000 40.000000 40.000000 40.000000 0.000000 80.000000 40.000000 80.000000
1.000000 0.000000 39.000000 0.000000 0.000000 40.000000 40.000000 40.000000 0.000000 80.000000 40.000000 80.000000
1.000000 0.000000 39.000000 0.000000 0.000000 40.000000 40.000000 40.000000 0.000000 80.000000 40.000000 80.000000
1.000000 0.000000 39.000000 0.000000 0.000000 40.000000 40.000000 40.000000 0.000000 80.000000 40.000000 80.000000
1.000000 0.000000 39.000000 0.000000 0.000000 40.000000 40.000000 40.000000 0.000000 80.000000 40.000000 80.000000
1.000000 0.000000 39.000000 0.000000 0.000000 40.000000 40.000000 40.000000 0.000000 80.000000 40.000000 80.000000
1.000000 0.000000 39.000000 0.000000 0.000000 40.000000 40.000000 40.000000 0.000000 80.000000 40.000000 80.000000
1.000000 0.000000 39.000000 0.000000 0.000000 40.000000 40.000000 40.000000 0.000000 80.000000 40.000000 80.000000
1.000000 0.000000 39.000000 0.000000 0.000000 40.000000 40.000000 40.000000 0.000000 80.000000 40.000000 80.000000
1.000000 0.000000 39.000000 0.000000 0.000000 40.000000 40.000000 40.000000 0.000000 80.000000 40.000000 80.000000
1.000000 0.000000 39.000000 0.000000 0.000000 40.000000 40.000000 40.000000 0.000000 80.000000 40.000000 80.000000
1.000000 0.000000 39.000000 0.000000 0.000000 40.000000 40.000000 40.000000 0.000000 80.000000 40.000000 80.000000
1.000000 0.000000 39.000000 0.000000 0.000000 40.000000 40.000000 40.000000 0.000000 80.000000 40.000000 80.000000
1.000000 0.000000 39.000000 0.000000 0.000000 40.000000 40.000000 40.000000 0.000000 80.000000 40.000000 80.000000
1.000000 0.000000 39.000000 0.000000 0.000000 40.000000 40.000000 40.000000 0.000000 80.000000 40.000000 80.000000
1.000000 0.000000 39.000000 0.000000 0.000000 40.000000 40.000000 40.000000 0.000000 80.000000 40.000000 80.000000
1.000000 0.000000 39.000000 0.000000 0.000000 40.000000 40.000000 40.000000 0.000000 80.000000 40.000000 80.000000
1.000000 0.000000 39.000000 0.000000 0.000000 40.000000 40.000000 40.000000 0.000000 80.000000 40.000000 80.000000
1.000000 0.000000 39.000000 0.000000 0.000000 40.000000 40.000000 40.000000 0.000000 80.000000 40.000000 80.000000
1.000000 0.000000 39.000000 0.000000 0.000000 40.000000 40.000000 40.000000 0.000000 80.000000 40.000000 80.000000
1.000000 0.000000 39.000000 0.000000 0.000000 40.000000 40.000000 40.000000 0.000000 80.000000 40.000000 80.000000
1.000000 0.000000 39.000000 0.000000 0.000000 40.000000 40.000000 40.000000 0.000000 80.000000 40.000000 80.000000
1.000000 0.000000 39.000000 0.000000 0.000000 40.000000 40.000000 40.000000 0.000000 80.000000 40.000000 80.000000
1.000000 0.000000 39.000000 0.000000 0.000000 40.000000 40.000000 40.000000 0.000000 80.000000 40.000000 80.000000
1.000000 0.000000 39.000000 0.000000 0.000000 40.000000 40.000000 40.000000 0.000000 80.000000 40.000000 80.000000
1.000000 0.000000 39.000000 0.000000 0.000000 40.000000 40.000000 40.000000 0.000000 80.000000 40.000000 80.000000
1.000000 0.000000 39.000000 0.000000 0.000000 40.000000 40.000000 40.000000 0.000000 80.000000 40.000000 80.000000
1.000000 0.000000 39.000000 0.000000 0.000000 40.000000 40.000000 40.000000 0.000000 80.000000 40.000000 80.000000
1.000000 0.000000 39.000000 0.000000 0.000000 40.000000 40.000000 40.000000 0.000000 80.000000 40.000000 80.000000
1.000000 0.000000 39.000000 0.000000 0.000000 40.000000 40.000000 40.000000 0.000000 80.000000 40.000000 80.000000
1.000000 0.000000 39.000000 0.000000 0.000000 40.000000 40.000000 40.000000 0.000000 80.000000 40.000000 80.000000
1.000000 0.000000 39.000000 0.000000 0.000000 40.000000 40.000000 40.000000 0.000000 80.000000 40.000000 80.000000
1.000000 0.000000 39.000000 0.000000 0.000000 40.000000 40.000000 40.000000 0.000000 80.000000 40.000000 80.000000
1.000000 0.000000 39.000000 0.000000 0.000000 40.000000 40.000000 40.000000 0.000000 80.000000 40.000000 80.000000
1.000000 0.000000 39.000000 0.000000 0.000000 40.000000 40.000000 40.000000 0.000000 80.000000 40.000000 80.000000
1.000000 0.000000 39.000000 0.000000 0.000000 40.000000 40.000000 40.000000 0.000000 80.000000 40.000000 80.000000
1.000000 0.000000 39.000000 0.000000 0.000000 40.000000 40.000000 40.000000 0.000000 80.000000 40.000000 80.000000
1.000000 0.000000 39.000000 0.000000 0.000000 40.000000 40.000000 40.000000 0.000000 80.000000 40.000000 80.000000
1.000000 0.000000 39.000000 0.000000 0.000000 40.000000 40.000000 40.000000 0.000000 80.000000 40.000000 80.000000
1.000000 0.000000 39.000000 0.000000 0.000000 40.000000 40.000000 40.000000 0.000000 80.000000 40.000000 80.000000
1.000000 0.000000 39.000000 0.000000 0.000000 40.000000 40.000000 40.000000 0.000000 80.000000 40.000000 80.000000
1.000000 0.000000 39.000000 0.000000 0.000000 40.000000 40.000000 40.000000 0.000000 80.000000 40.000000 80.000000
1.000000 0.000000 39.000000 0.000000 0.000000 40.000000 40.000000 40.000000 0.000000 80.000000 40.000000 80.000000
1.000000 0.000000 39.000000 0.000000 0.000000 40.000000 40.000000 40.000000 0.000000 80.000000 40.000000 80.000000
1.000000 0.000000 39.000000 0.000000 0.000000 40.000000 40.000000 40.000000 0.000000 80.000000 40.000000 80.000000
1.000000 0.000000 39.000000 0.000000 0.000000 40.000000 40.000000 40.000000 0.000000 80.000000 40.000000 80.000000
1.000000 0.000000 39.000000 0.000000 0.000000 40.000000 40.000000 40.000000 0.000000 80.000000 40.000000 80.000000
1.000000 0.000000 39.000000 0.000000 0.000000 40.000000 40.000000 40.000000 0.000000 80.000000 40.000000 80.000000
1.000000 0.000000 39.000000 0.000000 0.000000 40.000000 40.000000 40.000000 0.000000 80.000000 40.000000 80.000000
1.000000 0.000000 39.000000 0.000000 0.000000 40.000000 40.000000 40.000000 0.000000 80.000000 40.000000 80.000000
1.000000 0.000000 39.000000 0.000000 0.000000 40.000000 40.000000 40.000000 0.000000 80.000000 40.000000 80.000000
1.000000 0.000000 39.000000 0.000000 0.000000 40.000000 40.000000 40.000000 0.000000 80.000000 40.000000 80.000000
1.000000 0.000000 39.000000 0.000000 0.000000 40.000000 40.000000 40.000000 0.000000 80.000000 40.000000 80.000000
1.000000 0.000000 39.000000 0.000000 0.000000 40.000000 40.000000 40.000000 0.000000 80.000000 40.000000 80.000000
1.000000 0.000000 39.000000 0.000000 0.000000 40.000000 40.000000 40.000000 0.000000 80.000000 40.000000 80.000000
1.000000 0.000000 39.000000 0.000000 0.000000 40.000000 40.000000 40.000000 0.000000 80.000000 40.000000 80.000000
1.000000 0.000000 39.000000 0.000000 0.000000 40.000000 40.000000 40.000000 0.000000 80.000000 40.000000 80.000000
1.000000 0.000000 39.000000 0.000000 0.000000 40.000000 40.000000 40.000000 0.000000 80.000000 40.000000 80.000000
1.000000 0.000000 39.000000 0.000000 0.000000 40.000000 40.000000 40.000000 0.000000 80.000000 40.000000 80.000000
1.000000 0.000000 39.000000 0.000000 0.000000 40.000000 40.000000 40.000000 0.000000 80.000000 40.000000 80.000000
1.000000 0.000000 39.000000 0.000000 0.000000 40.000000 40.000000 40.000000 0.000000 80.000000 40.000000 80.000000
1.000000 0.000000 39.000000 0.000000 0.000000 40.000000 40.000000 40.000000 0.000000 80.000000 40.000000 80.000000
1.000000 0.000000 39.000000 0.000000 0.000000 40.000000 40.000000 40.000000 0.000000 80.000000 40.000000 80.000000
1.000000 0.000000 39.000000 0.000000 0.000000 40.000000 40.000000 40.000000 0.000000 80.000000 40.000000 80.000000
1.000000 0.000000 39.000000 0.000000 0.000000 40.000000 40.000000 40.000000 0.000000 80.000000 40.000000 80.000000
1.000000 0.000000 39.000000 0.000000 0.000000 40.000000 40.000000 40.000000 0.000000 80.000000 40.000000 80.000000
1.000000 0.000000 39.000000 0.000000 0.000000 40.000000 40.000000 40.000000 0.000000 80.000000 40.000000 80.000000
1.000000 0.000000 39.000000 0.000000 0.000000 40.000000 40.000000 40.000000 0.000000 80.000000 40.000000 80.000000
1.000000 0.000000 39.000000 0.000000 0.000000 40.000000 40.000000 40.000000 0.000000 80.000000 40.000000 80.000000
1.000000 0.000000 39.000000 0.000000 0.000000 40.000000 40.000000 40.000000 0.000000 80.000000 40.000000 80.000000
1.000000 0.000000 39.000000 0.000000 0.000000 40.000000 40.000000 40.000000 0.000000 80.000000 40.000000 80.000000
1.000000 0.000000 39.000000 0.000000 0.000000 40.000000 40.000000 40.000000 0.000000 80.000000 40.000000 80.000000
1.000000 0.400000 39.000000 0.400000 0.000000 39.600000 40.000000 39.600000 0.000000 80.000000 40.000000 80.000000
1.000000 0.800000 39.000000 0.800000 0.000000 39.200000 40.000000 39.200000 0.000000 80.000000 40.000000 80.000000
1.000000 1.200000 39.000000 1.200000 0.000000 38.800000 40.000000 38.800000 0.000000 80.000000 40.000000 80.000000
1.000000 1.600000 39.000000 1.600000 0.000000 38.400000 40.000000 38.400000 0.000000 80.000000 40.000000 80.000000
1.000000 2.000000 39.000000 2.000000 0.000000 38.000000 40.000000 38.000000 0.000000 80.000000 40.000000 80.000000
1.000000 2.400000 39.000000 2.400000 0.000000 37.600000 40.000000 37.600000 0.000000 80.000000 40.000000 80.000000
1.000000 2.800000 39.000000 2.800000 0.000000 37.200000 40.000000 37.200000 0.000000 80.000000 40.000000 80.000000
1.000000 3.200000 39.000000 3.200000 0.000000 36.800000 40.000000 36.800000 0.000000 80.000000 40.000000 80.000000
1.000000 3.600000 39.000000 3.600000 0.000000 36.400000 40.000000 36.400000 0.000000 80.000000 40.000000 80.000000
1.000000 4.000000 39.000000 4.000000 0.000000 36.000000 40.000000 36.000000 0.000000 80.000000 40.000000 80.000000
1.000000 4.400000 39.000000 4.400000 0.000000 35.600000 40.000000 35.600000 0.000000 80.000000 40.000000 80.000000
1.000000 4.800000 39.000000 4.800000 0.000000 35.200000 40.000000 35.200000 0.000000 80.000000 40.000000 80.000000
1.000000 5.200000 39.000000 5.200000 0.000000 34.800000 40.000000 34.800000 0.000000 80.000000 40.000000 80.000000
1.000000 5.600000 39.000000 5.600000 0.000000 34.400000 40.000000 34.400000 0.000000 80.000000 40.000000 80.000000
1.000000 6.000000 39.000000 6.000000 0.000000 34.000000 40.000000 34.000000 0.000000 80.000000 40.000000 80.000000
1.000000 6.400000 39.000000 6.400000 0.000000 33.600000 40.000000 33.600000 0.000000 80.000000 40.000000 80.000000
1.000000 6.800000 39.000000 6.800000 0.000000 33.200000 40.000000 33.200000 0.000000 80.000000 40.000000 80.000000
1.000000 7.200000 39.000000 7.200000 0.000000 32.800000 40.000000 32.800000 0.000000 80.000000 40.000000 80.000000
1.000000 7.600000 39.000000 7.600000 0.000000 32.400000 40.000000 32.400000 0.000000 80.000000 40.000000 80.000000
1.000000 8.000000 39.000000 8.000000 0.000000 32.000000 40.000000 32.000000 0.000000 80.000000 40.000000 80.000000
1.000000 8.400000 39.000000 8.400000 0.000000 31.600000 40.000000 31.600000 0.000000 80.000000 40.000000 80.000000
1.000000 8.800000 39.000000 8.800000 0.000000 31.200000 40.000000 31.200000 0.000000 80.000000 40.000000 80.000000
1.000000 9.200000 39.000000 9.200000 0.000000 30.800000 40.000000 30.800000 0.000000 80.000000 40.000000 80.000000
1.000000 9.600000 39.000000 9.600000 0.000000 30.400000 40.000000 30.400000 0.000000 80.000000 40.000000 80.000000
1.000000 10.000000 39.000000 10.000000 0.000000 30.000000 40.000000 30.000000 0.000000 80.000000 40.000000 80.000000
1.000000 10.400000 39.000000 10.400000 0.000000 29.600000 40.000000 29.600000 0.000000 80.000000 40.000000 80.000000
1.000000 10.800000 39.000000 10.800000 0.000000 29.200000 40.000000 29.200000 0.000000 80.000000 40.000000 80.000000
1.000000 11.200000 39.000000 11.200000 0.000000 28.800000 40.000000 28.800000 0.000000 80.000000 40.000000 80.000000
1.000000 11.600000 39.000000 11.600000 0.000000 28.400000 40.000000 28.400000 0.000000 80.000000 40.000000 80.000000
1.000000 12.000000 39.000000 12.000000 0.000000 28.000000 40.000000 28.000000 0.000000 80.000000 40.000000 80.000000
1.000000 12.400000 39.000000 12.400000 0.000000 27.600000 40.000000 27.600000 0.000000 80.000000 40.000000 80.000000
1.000000 12.800000 39.000000 12.800000 0.000000 27.200000 40.000000 27.200000 0.000000 80.000000 40.000000 80.000000
1.000000 13.200000 39.000000 13.200000 0.000000 26.800000 40.000000 26.800000 0.000000 80.000000 40.000000 80.000000
1.000000 13.600000 39.000000 13.600000 0.000000 26.400000 40.000000 26.400000 0.000000 80.000000 40.000000 80.000000
1.000000 14.000000 39.000000 14.000000 0.000000 26.000000 40.000000 26.000000 0.000000 80.000000 40.000000 80.000000
1.000000 14.400000 39.000000 14.400000 0.000000 25.600000 40.000000 25.600000 0.000000 80.000000 40.000000 80.000000
1.000000 14.800000 39.000000 14.800000 0.000000 25.200000 40.000000 25.200000 0.000000 80.000000 40.000000 80.000000
1.000000 15.200000 39.000000 15.200000 0.000000 24.800000 40.000000 24.800000 0.000000 80.000000 40.000000 80.000000
1.000000 15.600000 39.000000 15.600000 0.000000 24.400000 40.000000 24.400000 0.000000 80.000000 40.000000 80.000000
1.000000 16.000000 39.000000 16.000000 0.000000 24.000000 40.000000 24.000000 0.000000 80.000000 40.000000 80.000000
1.000000 16.400000 39.000000 16.400000 0.000000 23.600000 40.000000 23.600000 0.000000 80.000000 40.000000 80.000000
1.000000 16.800000 39.000000 16.800000 0.000000 23.200000 40.000000 23.200000 0.000000 80.000000 40.000000 80.000000
1.000000 17.200000 39.000000 17.200000 0.000000 22.800000 40.000000 22.800000 0.000000 80.000000 40.000000 80.000000
1.000000 17.600000 39.000000 17.600000 0.000000 22.400000 40.000000 22.400000 0.000000 80.000000 40.000000 80.000000
1.000000 18.000000 39.000000 18.000000 0.000000 22.000000 40.000000 22.000000 0.000000 80.000000 40.000000 80.000000
1.000000 18.400000 39.000000 18.400000 0.000000 21.600000 40.000000 21.600000 0.000000 80.000000 40.000000 80.000000
1.000000 18.800000 39.000000 18.800000 0.000000 21.200000 40.000000 21.200000 0.000000 80.000000 40.000000 80.000000
1.000000 19.200000 39.000000 19.200000 0.000000 20.800000 40.000000 20.800000 0.000000 80.000000 40.000000 80.000000
1.000000 19.600000 39.000000 19.600000 0.000000 20.400000 40.000000 20.400000 0.000000 80.000000 40.000000 80.000000
1.000000 20.000000 39.000000 20.000000 0.000000 20.000000 40.000000 20.000000 0.000000 80.000000 40.000000 80.000000
1.000000 20.400000 39.000000 20.400000 0.000000 19.600000 40.000000 19.600000 0.000000 80.000000 40.000000 80.000000
1.000000 20.800000 39.000000 20.800000 0.000000 19.200000 40.000000 19.200000 0.000000 80.000000 40.000000 80.000000
1.000000 21.200000 39.000000 21.200000 0.000000 18.800000 40.000000 18.800000 0.000000 80.000000 40.000000 80.000000
1.000000 21.600000 39.000000 21.600000 0.000000 18.400000 40.000000 18.400000 0.000000 80.000000 40.000000 80.000000
1.000000 22.000000 39.000000 22.000000 0.000000 18.000000 40.000000 18.000000 0.000000 80.000000 40.000000 80.000000
1.000000 22.400000 39.000000 22.400000 0.000000 17.600000 40.000000 17.600000 0.000000 80.000000 40.000000 80.000000
1.000000 22.800000 39.000000 22.800000 0.000000 17.200000 40.000000 17.200000 0.000000 80.000000 40.000000 80.000000
1.000000 23.200000 39.000000 23.200000 0.000000 16.800000 40.000000 16.800000 0.000000 80.000000 40.000000 80.000000
1.000000 23.600000 39.000000 23.600000 0.000000 16.400000 40.000000 16.400000 0.000000 80.000000 40.000000 80.000000
1.000000 24.000000 39.000000 24.000000 0.000000 16.000000 40.000000 16.000000 0.000000 80.000000 40.000000 80.000000
1.000000 24.400000 39.000000 24.400000 0.000000 15.600000 40.000000 15.600000 0.000000 80.000000 40.000000 80.000000
1.000000 24.800000 39.000000 24.800000 0.000000 15.200000 40.000000 15.200000 0.000000 80.000000 40.000000 80.000000
1.000000 25.200000 39.000000 25.200000 0.000000 14.800000 40.000000 14.800000 0.000000 80.000000 40.000000 80.000000
1.000000 25.600000 39.000000 25.600000 0.000000 14.400000 40.000000 14.400000 0.000000 80.000000 40.000000 80.000000
1.000000 26.000000 39.000000 26.000000 0.000000 14.000000 40.000000 14.000000 0.000000 80.000000 40.000000 80.000000
1.000000 26.400000 39.000000 26.400000 0.000000 13.600000 40.000000 13.600000 0.000000 80.000000 40.000000 80.000000
1.000000 26.800000 39.000000 26.800000 0.000000 13.200000 40.000000 13.200000 0.000000 80.000000 40.000000 80.000000
1.000000 27.200000 39.000000 27.200000 0.000000 12.800000 40.000000 12.800000 0.000000 80.000000 40.000000 80.000000
1.000000 27.600000 39.000000 27.600000 0.000000 12.400000 40.000000 12.400000 0.000000 80.000000 40.000000 80.000000
1.000000 28.000000 39.000000 28.000000 0.000000 12.000000 40.000000 12.000000 0.000000 80.000000 40.000000 80.000000
1.000000 28.400000 39.000000 28.400000 0.000000 11.600000 40.000000 11.600000 0.000000 80.000000 40.000000 80.000000
1.000000 28.800000 39.000000 28.800000 0.000000 11.200000 40.000000 11.200000 0.000000 80.000000 40.000000 80.000000
1.000000 29.200000 39.000000 29.200000 0.000000 10.800000 40.000000 10.800000 0.000000 80.000000 40.000000 80.000000
1.000000 29.600000 39.000000 29.600000 0.000000 10.400000 40.000000 10.400000 0.000000 80.000000 40.000000 80.000000
1.000000 30.000000 39.000000 30.000000 0.000000 10.000000 40.000000 10.000000 0.000000 80.000000 40.000000 80.000000
1.000000 30.400000 39.000000 30.400000 0.000000 9.600000 40.000000 9.600000 0.000000 80.000000 40.000000 80.000000
1.000000 30.800000 39.000000 30.800000 0.000000 9.200000 40.000000 9.200000 0.000000 80.000000 40.000000 80.000000
1.000000 31.200000 39.000000 31.200000 0.000000 8.800000 40.000000 8.800000 0.000000 80.000000 40.000000 80.000000
1.000000 31.600000 39.000000 31.600000 0.000000 8.400000 40.000000 8.400000 0.000000 80.000000 40.000000 80.000000
1.000000 32.000000 39.000000 32.000000 0.000000 8.000000 40.000000 8.000000 0.000000 80.000000 40.000000 80.000000
1.000000 32.400000 39.000000 32.400000 0.000000 7.600000 40.000000 7.600000 0.000000 80.000000 40.000000 80.000000
1.000000 32.800000 39.000000 32.800000 0.000000 7.200000 40.000000 7.200000 0.000000 80.000000 40.000000 80.000000
1.000000 33.200000 39.000000 33.200000 0.000000 6.800000 40.000000 6.800000 0.000000 80.000000 40.000000 80.000000
1.000000 33.600000 39.000000 33.600000 0.000000 6.400000 40.000000 6.400000 0.000000 80.000000 40.000000 80.000000
1.000000 34.000000 39.000000 34.000000 0.000000 6.000000 40.000000 6.000000 0.000000 80.000000 40.000000 80.000000
1.000000 34.400000 39.000000 34.400000 0.000000 5.600000 40.000000 5.600000 0.000000 80.000000 40.000000 80.000000
1.000000 34.800000 39.000000 34.800000 0.000000 5.200000 40.000000 5.200000 0.000000 80.000000 40.000000 80.000000
1.000000 35.200000 39.000000 35.200000 0.000000 4.800000 40.000000 4.800000 0.000000 80.000000 40.000000 80.000000
1.000000 35.600000 39.000000 35.600000 0.000000 4.400000 40.000000 4.400000 0.000000 80.000000 40.000000 80.000000
1.000000 36.000000 39.000000 36.000000 0.000000 4.000000 40.000000 4.000000 0.000000 80.000000 40.000000 80.000000
1.000000 36.400000 39.000000 36.400000 0.000000 3.600000 40.000000 3.600000 0.000000 80.000000 40.000000 80.000000
1.000000 36.800000 39.000000 36.800000 0.000000 3.200000 40.000000 3.200000 0.000000 80.000000 40.000000 80.000000
1.000000 37.200000 39.000000 37.200000 0.000000 2.800000 40.000000 2.800000 0.000000 80.000000 40.000000 80.000000
1.000000 37.600000 39.000000 37.600000 0.000000 2.400000 40.000000 2.400000 0.000000 80.000000 40.000000 80.000000
1.000000 38.000000 39.000000 38.000000 0.000000 2.000000 40.000000 2.000000 0.000000 80.000000 40.000000 80.000000
1.000000 38.400000 39.000000 38.400000 0.000000 1.600000 40.000000 1.600000 0.000000 80.000000 40.000000 80.000000
1.000000 38.800000 39.000000 38.800000 0.000000 1.200000 40.000000 1.200000 0.000000 80.000000 40.000000 80.000000
1.000000 39.200000 39.000000 39.200000 0.000000 0.800000 40.000000 0.800000 0.000000 80.000000 40.000000 80.000000
1.000000 39.600000 39.000000 39.600000 0.000000 0.400000 40.000000 0.400000 0.000000 80.000000 40.000000 80.000000
1.000000 40.000000 39.000000 40.000000 0.000000 0.000000 40.000000 0.000000 0.000000 80.000000 40.000000 80.000000
1.000000 40.000000 39.000000 40.000000 0.000000 0.000000 40.000000 0.000000 0.000000 80.000000 40.000000 80.000000
1.000000 40.000000 39.000000 40.000000 0.000000 0.000000 40.000000 0.000000 0.000000 80.000000 40.000000 80.000000
1.000000 40.000000 39.000000 40.000000 0.000000 0.000000 40.000000 0.000000 0.000000 80.000000 40.000000 80.000000
1.000000 40.000000 39.000000 40.000000 0.000000 0.000000 40.000000 0.000000 0.000000 80.000000 40.000000 80.000000
1.000000 40.000000 39.000000 40.000000 0.000000 0.000000 40.000000 0.000000 0.000000 80.000000 40.000000 80.000000
1.000000 40.000000 39.000000 40.000000 0.000000 0.000000 40.000000 0.000000 0.000000 80.000000 40.000000 80.000000
1.000000 40.000000 39.000000 40.000000 0.000000 0.000000 40.000000 0.000000 0.000000 80.000000 40.000000 80.000000
1.000000 40.000000 39.000000 40.000000 0.000000 0.000000 40.000000 0.000000 0.000000 80.000000 40.000000 80.000000
1.000000 40.000000 39.000000 40.000000 0.000000 0.000000 40.000000 0.000000 0.000000 80.000000 40.000000 80.000000
1.000000 40.000000 39.000000 40.000000 0.000000 0.000000 40.000000 0.000000 0.000000 80.000000 40.000000 80.000000
1.000000 40.000000 39.000000 40.000000 0.000000 0.000000 40.000000 0.000000 0.000000 80.000000 40.000000 80.000000
1.000000 40.000000 39.000000 40.000000 0.000000 0.000000 40.000000 0.000000 0.000000 80.000000 40.000000 80.000000
1.000000 40.000000 39.000000 40.000000 0.000000 0.000000 40.000000 0.000000 0.000000 80.000000 40.000000 80.000000
1.000000 40.000000 39.000000 40.000000 0.000000 0.000000 40.000000 0.000000 0.000000 80.000000 40.000000 80.000000
1.000000 40.000000 39.000000 40.000000 0.000000 0.000000 40.000000 0.000000 0.000000 80.000000 40.000000 80.000000
1.000000 40.000000 39.000000 40.000000 0.000000 0.000000 40.000000 0.000000 0.000000 80.000000 40.000000 80.000000
1.000000 40.000000 39.000000 40.000000 0.000000 0.000000 40.000000 0.000000 0.000000 80.000000 40.000000 80.000000
1.000000 40.000000 39.000000 40.000000 0.000000 0.000000 40.000000 0.000000 0.000000 80.000000 40.000000 80.000000
1.000000 40.000000 39.000000 40.000000 0.000000 0.000000 40.000000 0.000000 0.000000 80.000000 40.000000 80.000000
1.000000 40.000000 39.000000 40.000000 0.000000 0.000000 40.000000 0.000000 0.000000 80.000000 40.000000 80.000000
1.000000 40.000000 39.000000 40.000000 0.000000 0.000000 40.000000 0.000000 0.000000 80.000000 40.000000 80.000000
1.000000 40.000000 39.000000 40.000000 0.000000 0.000000 40.000000 0.000000 0.000000 80.000000 40.000000 80.000000
1.000000 40.000000 39.000000 40.000000 0.000000 0.000000 40.000000 0.000000 0.000000 80.000000 40.000000 80.000000
1.000000 40.000000 39.000000 40.000000 0.000000 0.000000 40.000000 0.000000 0.000000 80.000000 40.000000 80.000000
1.000000 40.000000 39.000000 40.000000 0.000000 0.000000 40.000000 0.000000 0.000000 80.000000 40.000000 80.000000
1.000000 40.000000 39.000000 40.000000 0.000000 0.000000 40.000000 0.000000 0.000000 80.000000 40.000000 80.000000
1.000000 40.000000 39.000000 40.000000 0.000000 0.000000 40.000000 0.000000 0.000000 80.000000 40.000000 80.000000
1.000000 40.000000 39.000000 40.000000 0.000000 0.000000 40.000000 0.000000 0.000000 80.000000 40.000000 80.000000
1.000000 40.000000 39.000000 40.000000 0.000000 0.000000 40.000000 0.000000 0.000000 80.000000 40.000000 80.000000
1.000000 40.000000 39.000000 40.000000 0.000000 0.000000 40.000000 0.000000 0.000000 80.000000 40.000000 80.000000
1.000000 40.000000 39.000000 40.000000 0.000000 0.000000 40.000000 0.000000 0.000000 80.000000 40.000000 80.000000
1.000000 40.000000 39.000000 40.000000 0.000000 0.000000 40.000000 0.000000 0.000000 80.000000 40.000000 80.000000
1.000000 40.000000 39.000000 40.000000 0.000000 0.000000 40.000000 0.000000 0.000000 80.000000 40.000000 80.000000
1.000000 40.000000 39.000000 40.000000 0.000000 0.000000 40.000000 0.000000 0.000000 80.000000 40.000000 80.000000
1.000000 40.000000 39.000000 40.000000 0.000000 0.000000 40.000000 0.000000 0.000000 80.000000 40.000000 80.000000
1.000000 40.000000 39.000000 40.000000 0.000000 0.000000 40.000000 0.000000 0.000000 80.000000 40.000000 80.000000
1.000000 40.000000 39.000000 40.000000 0.000000 0.000000 40.000000 0.000000 0.000000 80.000000 40.000000 80.000000
1.000000 40.000000 39.000000 40.000000 0.000000 0.000000 40.000000 0.000000 0.000000 80.000000 40.000000 80.000000
1.000000 40.000000 39.000000 40.000000 0.000000 0.000000 40.000000 0.000000 0.000000 80.000000 40.000000 80.000000
1.000000 40.000000 39.000000 40.000000 0.000000 0.000000 40.000000 0.000000 0.000000 80.000000 40.000000 80.000000
1.000000 40.000000 39.000000 40.000000 0.000000 0.000000 40.000000 0.000000 0.000000 80.000000 40.000000 80.000000
1.000000 40.000000 39.000000 40.000000 0.000000 0.000000 40.000000 0.000000 0.000000 80.000000 40.000000 80.000000
1.000000 40.000000 39.000000 40.000000 0.000000 0.000000 40.000000 0.000000 0.000000 80.000000 40.000000 80.000000
1.000000 40.000000 39.000000 40.000000 0.000000 0.000000 40.000000 0.000000 0.000000 80.000000 40.000000 80.000000
1.000000 40.000000 39.000000 40.000000 0.000000 0.000000 40.000000 0.000000 0.000000 80.000000 40.000000 80.000000
1.000000 40.000000 39.000000 40.000000 0.000000 0.000000 40.000000 0.000000 0.000000 80.000000 40.000000 80.000000
1.000000 40.000000 39.000000 40.000000 0.000000 0.000000 40.000000 0.000000 0.000000 80.000000 40.000000 80.000000
1.000000 40.000000 39.000000 40.000000 0.000000 0.000000 40.000000 0.000000 0.000000 80.000000 40.000000 80.000000
1.000000 40.000000 39.000000 40.000000 0.000000 0.000000 40.000000 0.000000 0.000000 80.000000 40.000000 80.000000
1.000000 40.000000 39.000000 40.000000 0.000000 0.000000 40.000000 0.000000 0.000000 80.000000 40.000000 80.000000
1.000000 40.000000 39.000000 40.000000 0.000000 0.000000 40.000000 0.000000 0.000000 80.000000 40.000000 80.000000
1.000000 40.000000 39.000000 40.000000 0.000000 0.000000 40.000000 0.000000 0.000000 80.000000 40.000000 80.000000
1.000000 40.000000 39.000000 40.000000 0.000000 0.000000 40.000000 0.000000 0.000000 80.000000 40.000000 80.000000
0.990000 39.600000 38.610000 41.000000 0.070000 0.700000 40.370000 0.700000 0.840000 79.200000 40.440000 80.600000
0.980000 39.200000 38.220000 42.000000 0.140000 1.400000 40.740000 1.400000 1.680000 78.400000 40.880000 81.200000
0.970000 38.800000 37.830000 43.000000 0.210000 2.100000 41.110000 2.100000 2.520000 77.600000 41.320000 81.800000
0.960000 38.400000 37.440000 44.000000 0.280000 2.800000 41.480000 2.800000 3.360000 76.800000 41.760000 82.400000
0.950000 38.000000 37.050000 45.000000 0.350000 3.500000 41.850000 3.500000 4.200000 76.000000 42.200000 83.000000
0.940000 37.600000 36.660000 46.000000 0.420000 4.200000 42.220000 4.200000 5.040000 75.200000 42.640000 83.600000
0.930000 37.200000 36.270000 47.000000 0.490000 4.900000 42.590000 4.900000 5.880000 74.400000 43.080000 84.200000
0.920000 36.800000 35.880000 48.000000 0.560000 5.600000 42.960000 5.600000 6.720000 73.600000 43.520000 84.800000
0.910000 36.400000 35.490000 49.000000 0.630000 6.300000 43.330000 6.300000 7.560000 72.800000 43.960000 85.400000
0.900000 36.000000 35.100000 50.000000 0.700000 7.000000 43.700000 7.000000 8.400000 72.000000 44.400000 86.000000
0.890000 35.600000 34.710000 51.000000 0.770000 7.700000 44.070000 7.700000 9.240000 71.200000 44.840000 86.600000
0.880000 35.200000 34.320000 52.000000 0.840000 8.400000 44.440000 8.400000 10.080000 70.400000 45.280000 87.200000
0.870000 34.800000 33.930000 53.000000 0.910000 9.100000 44.810000 9.100000 10.920000 69.600000 45.720000 87.800000
0.860000 34.400000 33.540000 54.000000 0.980000 9.800000 45.180000 9.800000 11.760000 68.800000 46.160000 88.400000
0.850000 34.000000 33.150000 55.000000 1.050000 10.500000 45.550000 10.500000 12.600000 68.000000 46.600000 89.000000
0.840000 33.600000 32.760000 56.000000 1.120000 11.200000 45.920000 11.200000 13.440000 67.200000 47.040000 89.600000
0.830000 33.200000 32.370000 57.000000 1.190000 11.900000 46.290000 11.900000 14.280000 66.400000 47.480000 90.200000
0.820000 32.800000 31.980000 58.000000 1.260000 12.600000 46.660000 12.600000 15.120000 65.600000 47.920000 90.800000
0.810000 32.400000 31.590000 59.000000 1.330000 13.300000 47.030000 13.300000 15.960000 64.800000 48.360000 91.400000
0.800000 32.000000 31.200000 60.000000 1.400000 14.000000 47.400000 14.000000 16.800000 64.000000 48.800000 92.000000
0.790000 31.600000 30.810000 61.000000 1.470000 14.700000 47.770000 14.700000 17.640000 63.200000 49.240000 92.600000
0.780000 31.200000 30.420000 62.000000 1.540000 15.400000 48.140000 15.400000 18.480000 62.400000 49.680000 93.200000
0.770000 30.800000 30.030000 63.000000 1.610000 16.100000 48.510000 16.100000 19.320000 61.600000 50.120000 93.800000
0.760000 30.400000 29.640000 64.000000 1.680000 16.800000 48.880000 16.800000 20.160000 60.800000 50.560000 94.400000
0.750000 30.000000 29.250000 65.000000 1.750000 17.500000 49.250000 17.500000 21.000000 60.000000 51.000000 95.000000
0.740000 29.600000 28.860000 66.000000 1.820000 18.200000 49.620000 18.200000 21.840000 59.200000 51.440000 95.600000
0.730000 29.200000 28.470000 67.000000 1.890000 18.900000 49.990000 18.900000 22.680000 58.400000 51.880000 96.200000
0.720000 28.800000 28.080000 68.000000 1.960000 19.600000 50.360000 19.600000 23.520000 57.600000 52.320000 96.800000
0.710000 28.400000 27.690000 69.000000 2.030000 20.300000 50.730000 20.300000 24.360000 56.800000 52.760000 97.400000
0.700000 28.000000 27.300000 70.000000 2.100000 21.000000 51.100000 21.000000 25.200000 56.000000 53.200000 98.000000
0.690000 27.600000 26.910000 71.000000 2.170000 21.700000 51.470000 21.700000 26.040000 55.200000 53.640000 98.600000
0.680000 27.200000 26.520000 72.000000 2.240000 22.400000 51.840000 22.400000 26.880000 54.400000 54.080000 99.200000
0.670000 26.800000 26.130000 73.000000 2.310000 23.100000 52.210000 23.100000 27.720000 53.600000 54.520000 99.800000
0.660000 26.400000 25.740000 74.000000 2.380000 23.800000 52.580000 23.800000 28.560000 52.800000 54.960000 100.400000
0.650000 26.000000 25.350000 75.000000 2.450000 24.500000 52.950000 24.500000 29.400000 52.000000 55.400000 101.000000
0.640000 25.600000 24.960000 76.000000 2.520000 25.200000 53.320000 25.200000 30.240000 51.200000 55.840000 101.600000
0.630000 25.200000 24.570000 77.000000 2.590000 25.900000 53.690000 25.900000 31.080000 50.400000 56.280000 102.200000
0.620000 24.800000 24.180000 78.000000 2.660000 26.600000 54.060000 26.600000 31.920000 49.600000 56.720000 102.800000
0.610000 24.400000 23.790000 79.000000 2.730000 27.300000 54.430000 27.300000 32.760000 48.800000 57.160000 103.400000
0.600000 24.000000 23.400000 80.000000 2.800000 28.000000 54.800000 28.000000 33.600000 48.000000 57.600000 104.000000
0.590000 23.600000 23.010000 81.000000 2.870000 28.700000 55.170000 28.700000 34.440000 47.200000 58.040000 104.600000
0.580000 23.200000 22.620000 82.000000 2.940000 29.400000 55.540000 29.400000 35.280000 46.400000 58.480000 105.200000
0.570000 22.800000 22.230000 83.000000 3.010000 30.100000 55.910000 30.100000 36.120000 45.600000 58.920000 105.800000
0.560000 22.400000 21.840000 84.000000 3.080000 30.800000 56.280000 30.800000 36.960000 44.800000 59.360000 106.400000
0.550000 22.000000 21.450000 85.000000 3.150000 31.500000 56.650000 31.500000 37.800000 44.000000 59.800000 107.000000
0.540000 21.600000 21.060000 86.000000 3.220000 32.200000 57.020000 32.200000 38.640000 43.200000 60.240000 107.600000
0.530000 21.200000 20.670000 87.000000 3.290000 32.900000 57.390000 32.900000 39.480000 42.400000 60.680000 108.200000
0.520000 20.800000 20.280000 88.000000 3.360000 33.600000 57.760000 33.600000 40.320000 41.600000 61.120000 108.800000
0.510000 20.400000 19.890000 89.000000 3.430000 34.300000 58.130000 34.300000 41.160000 40.800000 61.560000 109.400000
0.500000 20.000000 19.500000 90.000000 3.500000 35.000000 58.500000 35.000000 42.000000 40.000000 62.000000 110.000000
0.490000 19.600000 19.110000 91.000000 3.570000 35.700000 58.870000 35.700000 42.840000 39.200000 62.440000 110.600000
0.480000 19.200000 18.720000 92.000000 3.640000 36.400000 59.240000 36.400000 43.680000 38.400000 62.880000 111.200000
0.470000 18.800000 18.330000 93.000000 3.710000 37.100000 59.610000 37.100000 44.520000 37.600000 63.320000 111.800000
0.460000 18.400000 17.940000 94.000000 3.780000 37.800000 59.980000 37.800000 45.360000 36.800000 63.760000 112.400000
0.450000 18.000000 17.550000 95.000000 3.850000 38.500000 60.350000 38.500000 46.200000 36.000000 64.200000 113.000000
0.440000 17.600000 17.160000 96.000000 3.920000 39.200000 60.720000 39.200000 47.040000 35.200000 64.640000 113.600000
0.430000 17.200000 16.770000 97.000000 3.990000 39.900000 61.090000 39.900000 47.880000 34.400000 65.080000 114.200000
0.420000 16.800000 16.380000 98.000000 4.060000 40.600000 61.460000 40.600000 48.720000 33.600000 65.520000 114.800000
0.410000 16.400000 15.990000 99.000000 4.130000 41.300000 61.830000 41.300000 49.560000 32.800000 65.960000 115.400000
0.400000 16.000000 15.600000 100.000000 4.200000 42.000000 62.200000 42.000000 50.400000 32.000000 66.400000 116.000000
0.390000 15.600000 15.210000 101.000000 4.270000 42.700000 62.570000 42.700000 51.240000 31.200000 66.840000 116.600000
0.380000 15.200000 14.820000 102.000000 4.340000 43.400000 62.940000 43.400000 52.080000 30.400000 67.280000 117.200000
0.370000 14.800000 14.430000 103.000000 4.410000 44.100000 63.310000 44.100000 52.920000 29.600000 67.720000 117.800000
0.360000 14.400000 14.040000 104.000000 4.480000 44.800000 63.680000 44.800000 53.760000 28.800000 68.160000 118.400000
0.350000 14.000000 13.650000 105.000000 4.550000 45.500000 64.050000 45.500000 54.600000 28.000000 68.600000 119.000000
0.340000 13.600000 13.260000 106.000000 4.620000 46.200000 64.420000 46.200000 55.440000 27.200000 69.040000 119.600000
0.330000 13.200000 12.870000 107.000000 4.690000 46.900000 64.790000 46.900000 56.280000 26.400000 69.480000 120.200000
0.320000 12.800000 12.480000 108.000000 4.760000 47.600000 65.160000 47.600000 57.120000 25.600000 69.920000 120.800000
0.310000 12.400000 12.090000 109.000000 4.830000 48.300000 65.530000 48.300000 57.960000 24.800000 70.360000 121.400000
0.300000 12.000000 11.700000 110.000000 4.900000 49.000000 65.900000 49.000000 58.800000 24.000000 70.800000 122.000000
0.290000 11.600000 11.310000 111.000000 4.970000 49.700000 66.270000 49.700000 59.640000 23.200000 71.240000 122.600000
0.280000 11.200000 10.920000 112.000000 5.040000 50.400000 66.640000 50.400000 60.480000 22.400000 71.680000 123.200000
0.270000 10.800000 10.530000 113.000000 5.110000 51.100000 67.010000 51.100000 61.320000 21.600000 72.120000 123.800000
0.260000 10.400000 10.140000 114.000000 5.180000 51.800000 67.380000 51.800000 62.160000 20.800000 72.560000 124.400000
0.250000 10.000000 9.750000 115.000000 5.250000 52.500000 67.750000 52.500000 63.000000 20.000000 73.000000 125.000000
0.240000 9.600000 9.360000 116.000000 5.320000 53.200000 68.120000 53.200000 63.840000 19.200000 73.440000 125.600000
0.230000 9.200000 8.970000 117.000000 5.390000 53.900000 68.490000 53.900000 64.680000 18.400000 73.880000 126.200000
0.220000 8.800000 8.580000 118.000000 5.460000 54.600000 68.860000 54.600000 65.520000 17.600000 74.320000 126.800000
0.210000 8.400000 8.190000 119.000000 5.530000 55.300000 69.230000 55.300000 66.360000 16.800000 74.760000 127.400000
0.200000 8.000000 7.800000 120.000000 5.600000 56.000000 69.600000 56.000000 67.200000 16.000000 75.200000 128.000000
0.190000 7.600000 7.410000 121.000000 5.670000 56.700000 69.970000 56.700000 68.040000 15.200000 75.640000 128.600000
0.180000 7.200000 7.020000 122.000000 5.740000 57.400000 70.340000 57.400000 68.880000 14.400000 76.080000 129.200000
0.170000 6.800000 6.630000 123.000000 5.810000 58.100000 70.710000 58.100000 69.720000 13.600000 76.520000 129.800000
0.160000 6.400000 6.240000 124.000000 5.880000 58.800000 71.080000 58.800000 70.560000 12.800000 76.960000 130.400000
0.150000 6.000000 5.850000 125.000000 5.950000 59.500000 71.450000 59.500000 71.400000 12.000000 77.400000 131.000000
0.140000 5.600000 5.460000 126.000000 6.020000 60.200000 71.820000 60.200000 72.240000 11.200000 77.840000 131.600000
0.130000 5.200000 5.070000 127.000000 6.090000 60.900000 72.190000 60.900000 73.080000 10.400000 78.280000 132.200000
0.120000 4.800000 4.680000 128.000000 6.160000 61.600000 72.560000 61.600000 73.920000 9.600000 78.720000 132.800000
0.110000 4.400000 4.290000 129.000000 6.230000 62.300000 72.930000 62.300000 74.760000 8.800000 79.160000 133.400000
0.100000 4.000000 3.900000 130.000000 6.300000 63.000000 73.300000 63.000000 75.600000 8.000000 79.600000 134.000000
0.090000 3.600000 3.510000 131.000000 6.370000 63.700000 73.670000 63.700000 76.440000 7.200000 80.040000 134.600000
0.080000 3.200000 3.120000 132.000000 6.440000 64.400000 74.040000 64.400000 77.280000 6.400000 80.480000 135.200000
0.070000 2.800000 2.730000 133.000000 6.510000 65.100000 74.410000 65.100000 78.120000 5.600000 80.920000 135.800000
0.060000 2.400000 2.340000 134.000000 6.580000 65.800000 74.780000 65.800000 78.960000 4.800000 81.360000 136.400000
0.050000 2.000000 1.950000 135.000000 6.650000 66.500000 75.150000 66.500000 79.800000 4.000000 81.800000 137.000000
0.040000 1.600000 1.560000 136.000000 6.720000 67.200000 75.520000 67.200000 80.640000 3.200000 82.240000 137.600000
0.030000 1.200000 1.170000 137.000000 6.790000 67.900000 75.890000 67.900000 81.480000 2.400000 82.680000 138.200000
0.020000 0.800000 0.780000 138.000000 6.860000 68.600000 76.260000 68.600000 82.320000 1.600000 83.120000 138.800000
0.010000 0.400000 0.390000 139.000000 6.930000 69.300000 76.630000 69.300000 83.160000 0.800000 83.560000 139.400000
0.000000 0.000000 0.000000 140.000000 7.000000 70.000000 77.000000 70.000000 84.000000 0.000000 84.000000 140.000000
0.000000 0.000000 0.000000 140.000000 7.000000 70.000000 77.000000 70.000000 84.000000 0.000000 84.000000 140.000000
0.000000 0.000000 0.000000 140.000000 7.000000 70.000000 77.000000 70.000000 84.000000 0.000000 84.000000 140.000000
0.000000 0.000000 0.000000 140.000000 7.000000 70.000000 77.000000 70.000000 84.000000 0.000000 84.000000 140.000000
0.000000 0.000000 0.000000 140.000000 7.000000 70.000000 77.000000 70.000000 84.000000 0.000000 84.000000 140.000000
0.000000 0.000000 0.000000 140.000000 7.000000 70.000000 77.000000 70.000000 84.000000 0.000000 84.000000 140.000000
0.000000 0.000000 0.000000 140.000000 7.000000 70.000000 77.000000 70.000000 84.000000 0.000000 84.000000 140.000000
0.000000 0.000000 0.000000 140.000000 7.000000 70.000000 77.000000 70.000000 84.000000 0.000000 84.000000 140.000000
0.000000 0.000000 0.000000 140.000000 7.000000 70.000000 77.000000 70.000000 84.000000 0.000000 84.000000 140.000000
0.000000 0.000000 0.000000 140.000000 7.000000 70.000000 77.000000 70.000000 84.000000 0.000000 84.000000 140.000000
0.000000 0.000000 0.000000 140.000000 7.000000 70.000000 77.000000 70.000000 84.000000 0.000000 84.000000 140.000000
0.000000 0.000000 0.000000 140.000000 7.000000 70.000000 77.000000 70.000000 84.000000 0.000000 84.000000 140.000000
0.000000 0.000000 0.000000 140.000000 7.000000 70.000000 77.000000 70.000000 84.000000 0.000000 84.000000 140.000000
0.000000 0.000000 0.000000 140.000000 7.000000 70.000000 77.000000 70.000000 84.000000 0.000000 84.000000 140.000000
0.000000 0.000000 0.000000 140.000000 7.000000 70.000000 77.000000 70.000000 84.000000 0.000000 84.000000 140.000000
0.000000 0.000000 0.000000 140.000000 7.000000 70.000000 77.000000 70.000000 84.000000 0.000000 84.000000 140.000000
0.000000 0.000000 0.000000 140.000000 7.000000 70.000000 77.000000 70.000000 84.000000 0.000000 84.000000 140.000000
0.000000 0.000000 0.000000 140.000000 7.000000 70.000000 77.000000 70.000000 84.000000 0.000000 84.000000 140.000000
0.000000 0.000000 0.000000 140.000000 7.000000 70.000000 77.000000 70.000000 84.000000 0.000000 84.000000 140.000000
0.000000 0.000000 0.000000 140.000000 7.000000 70.000000 77.000000 70.000000 84.000000 0.000000 84.000000 140.000000
0.000000 0.000000 0.000000 140.000000 7.000000 70.000000 77.000000 70.000000 84.000000 0.000000 84.000000 140.000000
0.000000 0.000000 0.000000 140.000000 7.000000 70.000000 77.000000 70.000000 84.000000 0.000000 84.000000 140.000000
0.000000 0.000000 0.000000 140.000000 7.000000 70.000000 77.000000 70.000000 84.000000 0.000000 84.000000 140.000000
0.000000 0.000000 0.000000 140.000000 7.000000 70.000000 77.000000 70.000000 84.000000 0.000000 84.000000 140.000000
0.000000 0.000000 0.000000 140.000000 7.000000 70.000000 77.000000 70.000000 84.000000 0.000000 84.000000 140.000000
0.000000 0.000000 0.000000 140.000000 7.000000 70.000000 77.000000 70.000000 84.000000 0.000000 84.000000 140.000000
0.000000 0.000000 0.000000 140.000000 7.000000 70.000000 77.000000 70.000000 84.000000 0.000000 84.000000 140.000000
0.000000 0.000000 0.000000 140.000000 7.000000 70.000000 77.000000 70.000000 84.000000 0.000000 84.000000 140.000000
0.000000 0.000000 0.000000 140.000000 7.000000 70.000000 77.000000 70.000000 84.000000 0.000000 84.000000 140.000000
0.000000 0.000000 0.000000 140.000000 7.000000 70.000000 77.000000 70.000000 84.000000 0.000000 84.000000 140.000000
0.000000 0.000000 0.000000 140.000000 7.000000 70.000000 77.000000 70.000000 84.000000 0.000000 84.000000 140.000000
0.000000 0.000000 0.000000 140.000000 7.000000 70.000000 77.000000 70.000000 84.000000 0.000000 84.000000 140.000000
0.000000 0.000000 0.000000 140.000000 7.000000 70.000000 77.000000 70.000000 84.000000 0.000000 84.000000 140.000000
0.000000 0.000000 0.000000 140.000000 7.000000 70.000000 77.000000 70.000000 84.000000 0.000000 84.000000 140.000000
0.000000 0.000000 0.000000 140.000000 7.000000 70.000000 77.000000 70.000000 84.000000 0.000000 84.000000 140.000000
0.000000 0.000000 0.000000 140.000000 7.000000 70.000000 77.000000 70.000000 84.000000 0.000000 84.000000 140.000000
0.000000 0.000000 0.000000 140.000000 7.000000 70.000000 77.000000 70.000000 84.000000 0.000000 84.000000 140.000000
0.000000 0.000000 0.000000 140.000000 7.000000 70.000000 77.000000 70.000000 84.000000 0.000000 84.000000 140.000000
0.000000 0.000000 0.000000 140.000000 7.000000 70.000000 77.000000 70.000000 84.000000 0.000000 84.000000 140.000000
0.000000 0.000000 0.000000 140.000000 7.000000 70.000000 77.000000 70.000000 84.000000 0.000000 84.000000 140.000000
0.000000 0.000000 0.000000 140.000000 7.000000 70.000000 77.000000 70.000000 84.000000 0.000000 84.000000 140.000000
0.000000 0.000000 0.000000 140.000000 7.000000 70.000000 77.000000 70.000000 84.000000 0.000000 84.000000 140.000000
0.000000 0.000000 0.000000 140.000000 7.000000 70.000000 77.000000 70.000000 84.000000 0.000000 84.000000 140.000000
0.000000 0.000000 0.000000 140.000000 7.000000 70.000000 77.000000 70.000000 84.000000 0.000000 84.000000 140.000000
0.000000 0.000000 0.000000 140.000000 7.000000 70.000000 77.000000 70.000000 84.000000 0.000000 84.000000 140.000000
0.000000 0.000000 0.000000 140.000000 7.000000 70.000000 77.000000 70.000000 84.000000 0.000000 84.000000 140.000000
0.000000 0.000000 0.000000 140.000000 7.000000 70.000000 77.000000 70.000000 84.000000 0.000000 84.000000 140.000000
0.000000 0.000000 0.000000 140.000000 7.000000 70.000000 77.000000 70.000000 84.000000 0.000000 84.000000 140.000000
0.000000 0.000000 0.000000 140.000000 7.000000 70.000000 77.000000 70.000000 84.000000 0.000000 84.000000 140.000000
0.000000 0.000000 0.000000 140.000000 7.000000 70.000000 77.000000 70.000000 84.000000 0.000000 84.000000 140.000000