0.0  0.0 40.0 0.0 0.0 40.0 40.0 40.0 0.0 80.0 40.0 80.0
0.1  0.1 40.0 0.0 0.0 40.0 40.0 40.0 0.0 80.0 40.0 80.0
0.2  0.2 40.0 0.0 0.0 40.0 40.0 40.0 0.0 80.0 40.0 80.0
0.3  0.3 40.0 0.0 0.0 40.0 40.0 40.0 0.0 80.0 40.0 80.0
0.5  0.5 40.0 0.0 0.0 40.0 40.0 40.0 0.0 80.0 40.0 80.0
10.5  10.5 40.0 0.0 0.0 40.0 40.0 40.0 0.0 80.0 40.0 80.0
30.5  30.5 40.0 0.0 0.0 40.0 40.0 40.0 0.0 80.0 40.0 80.0
50.5  50.5 40.0 0.0 0.0 40.0 40.0 40.0 0.0 80.0 40.0 80.0
70.5  70.5 40.0 0.0 0.0 40.0 40.0 40.0 0.0 80.0 40.0 80.0
90.5  90.5 40.0 0.0 0.0 40.0 40.0 40.0 0.0 80.0 40.0 80.0
