286.093000 276.665000 292.698000 314.300000 344.846000 395.261000 309.309000 277.456000 46.311000 46.622000 54.954000 62.944000
286.589000 276.728000 293.435000 310.793000 344.287000 399.776000 311.356000 277.213000 44.174000 46.334000 56.522000 63.149000
287.085000 276.799000 294.171000 307.287000 343.728000 404.292000 313.403000 276.970000 42.037000 46.047000 57.503000 62.959000
287.581000 276.862000 294.908000 303.780000 343.169000 408.808000 315.450000 276.727000 39.900000 45.759000 58.485000 62.769000
288.077000 276.925000 295.644000 300.273000 342.610000 413.323000 317.434000 276.980000 37.820000 45.668000 59.467000 62.579000
288.518000 276.993000 296.381000 296.767000 342.051000 417.839000 319.511000 276.741000 35.738000 45.566000 60.467000 62.234000
288.819000 277.037000 297.117000 293.260000 341.493000 422.354000 321.526000 276.522000 33.662000 45.487000 61.374000 61.557000
289.014000 277.056000 297.853000 289.753000 340.934000 426.870000 323.426000 276.231000 31.583000 45.396000 62.168000 60.615000
289.098000 277.056000 298.590000 286.246000 340.369000 431.390000 325.277000 275.963000 29.504000 45.306000 62.856000 59.405000
289.069000 277.052000 299.326000 282.740000 339.830000 435.890000 327.202000 275.705000 27.426000 45.215000 63.489000 57.915000
289.069000 277.052000 300.063000 279.233000 339.249000 440.422000 329.193000 275.454000 25.349000 45.125000 64.095000 56.515000
289.069000 277.052000 300.799000 275.726000 338.642000 444.976000 331.148000 275.200000 23.271000 45.035000 64.663000 55.133000
289.069000 277.052000 301.536000 272.220000 338.028000 449.534000 333.000000 274.932000 21.194000 44.944000 65.194000 53.773000
289.069000 277.052000 302.272000 268.713000 337.413000 454.093000 334.717000 274.647000 19.117000 44.854000 65.690000 52.436000
289.069000 277.052000 303.009000 265.206000 336.798000 458.652000 336.418000 274.360000 17.041000 44.764000 66.153000 51.126000
289.069000 277.052000 303.745000 261.699000 336.184000 463.211000 338.148000 274.076000 14.965000 44.673000 66.626000 49.877000
289.069000 277.052000 304.481000 258.193000 335.569000 467.771000 340.017000 273.810000 12.889000 44.583000 66.927000 48.628000
289.069000 277.052000 305.218000 254.686000 334.954000 472.330000 341.568000 273.504000 10.814000 44.493000 67.033000 47.199000
289.069000 277.052000 305.954000 251.179000 334.345000 476.875000 343.119000 273.198000 8.739000 44.403000 66.965000 45.671000
289.069000 277.052000 306.691000 247.673000 333.712000 481.275000 16.236000 0.000000 6.664000 44.313000 66.692000 43.958000
289.069000 277.052000 307.427000 244.166000 333.117000 486.064000 18.414000 0.186000 4.590000 44.223000 66.270000 42.241000
289.069000 277.052000 308.164000 240.659000 332.546000 490.981000 20.592000 0.373000 20.599000 2.833000 65.879000 40.583000
289.069000 277.052000 308.900000 237.152000 331.981000 495.943000 22.769000 0.559000 23.577000 2.218000 65.476000 38.954000
289.069000 277.052000 309.636000 233.646000 331.417000 0.911000 24.947000 0.746000 25.595000 2.640000 65.065000 37.353000
289.069000 277.052000 310.373000 230.139000 330.852000 5.880000 27.125000 0.932000 28.112000 3.043000 64.646000 35.782000
289.069000 277.052000 311.109000 226.632000 330.287000 10.848000 29.303000 1.119000 30.610000 2.947000 64.222000 34.241000
289.069000 277.052000 311.873000 223.142000 329.723000 15.816000 31.481000 1.305000 33.265000 3.190000 63.795000 32.730000
289.069000 277.052000 312.494000 220.141000 329.158000 20.785000 33.658000 1.491000 35.693000 3.276000 63.365000 31.250000
289.069000 277.052000 313.040000 217.349000 328.588000 25.775000 35.836000 1.678000 38.039000 3.332000 62.936000 29.865000
289.069000 277.052000 313.490000 214.844000 328.043000 30.665000 38.014000 1.864000 40.283000 3.261000 62.510000 28.290000
289.069000 277.052000 313.876000 212.036000 327.458000 35.720000 40.191000 2.051000 42.458000 3.178000 62.089000 26.457000
289.069000 277.052000 314.340000 209.005000 326.846000 40.884000 42.369000 2.237000 44.570000 3.086000 61.674000 24.404000
289.069000 277.052000 314.898000 205.479000 326.229000 46.072000 44.546000 2.423000 46.620000 3.113000 61.261000 22.113000
289.069000 277.052000 315.424000 201.934000 325.612000 51.263000 46.724000 2.610000 48.575000 3.239000 60.850000 19.580000
289.069000 277.052000 315.951000 198.390000 324.994000 56.454000 48.901000 2.796000 50.559000 3.325000 60.437000 17.110000
289.069000 277.052000 316.477000 194.845000 324.377000 61.646000 51.078000 2.983000 52.543000 3.410000 60.025000 14.640000
289.069000 277.052000 317.003000 191.301000 323.759000 66.837000 53.256000 3.169000 54.526000 3.495000 59.613000 12.170000
289.040000 277.048000 317.530000 187.756000 323.142000 72.028000 55.433000 3.355000 56.509000 3.580000 59.200000 9.701000
289.124000 277.048000 318.056000 184.212000 322.524000 77.219000 57.610000 3.542000 58.491000 3.665000 58.788000 7.231000
289.319000 277.067000 318.582000 180.668000 321.906000 82.410000 59.787000 3.728000 60.501000 3.676000 58.376000 4.761000
289.599000 277.115000 319.109000 177.123000 321.289000 87.601000 61.942000 3.843000 62.827000 3.973000 57.964000 2.291000
290.033000 277.174000 319.635000 173.579000 320.671000 92.793000 64.142000 4.101000 64.436000 3.919000 57.551000 499.822000
290.408000 277.255000 320.190000 170.470000 320.053000 97.984000 66.319000 4.287000 68.491000 5.263000 57.132000 497.293000
290.705000 276.945000 320.642000 168.618000 319.436000 103.175000 68.875000 5.690000 71.528000 6.147000 56.718000 494.972000
291.159000 276.359000 321.027000 166.931000 318.818000 108.366000 342.573000 413.621000 350.262000 438.564000 56.338000 492.600000
291.712000 275.551000 321.650000 163.802000 318.201000 113.557000 341.540000 420.345000 349.831000 442.038000 56.037000 489.873000
292.388000 274.299000 322.378000 159.441000 317.583000 118.749000 340.506000 427.069000 349.646000 443.526000 55.768000 487.034000
293.181000 273.249000 323.257000 153.826000 316.966000 123.940000 339.472000 433.793000 349.031000 448.488000 55.504000 483.821000
294.027000 272.398000 323.990000 147.211000 316.372000 129.219000 338.438000 440.517000 348.203000 453.615000 55.217000 480.814000
294.844000 271.476000 324.574000 141.403000 315.806000 134.546000 337.547000 447.238000 348.028000 455.576000 54.908000 478.070000
295.653000 270.556000 324.964000 136.996000 314.992000 139.290000 336.698000 453.953000 347.678000 458.508000 54.672000 475.246000
296.455000 269.638000 325.159000 133.703000 314.307000 144.086000 335.927000 460.664000 347.449000 460.928000 54.450000 472.278000
297.249000 268.722000 325.374000 130.564000 313.670000 149.002000 335.215000 467.374000 347.198000 463.366000 54.190000 469.256000
298.036000 267.808000 325.588000 127.426000 313.061000 153.998000 334.485000 474.085000 346.947000 465.803000 53.959000 466.062000
298.815000 266.896000 325.802000 124.287000 312.427000 159.152000 333.755000 480.796000 346.695000 468.241000 53.664000 462.656000
299.588000 265.987000 326.017000 121.148000 311.831000 163.823000 333.025000 487.508000 346.444000 470.678000 53.266000 459.129000
300.353000 265.081000 326.231000 118.009000 311.294000 168.116000 332.295000 494.219000 346.194000 473.128000 52.755000 455.317000
301.111000 264.177000 326.445000 114.870000 310.717000 172.884000 331.574000 0.896000 345.943000 475.566000 52.154000 451.903000
301.863000 263.278000 326.659000 111.731000 310.112000 177.785000 330.844000 7.642000 345.684000 477.942000 51.705000 448.933000
302.607000 262.381000 326.874000 108.593000 309.506000 182.779000 330.060000 14.577000 345.415000 480.237000 51.418000 446.288000
303.345000 261.489000 327.088000 105.454000 308.860000 187.855000 329.237000 21.636000 345.139000 482.469000 51.249000 443.976000
304.077000 260.600000 327.302000 102.315000 308.326000 192.247000 328.359000 28.885000 344.861000 484.690000 51.256000 441.363000
304.802000 259.716000 327.516000 99.176000 307.672000 197.736000 327.472000 36.202000 344.584000 486.923000 51.303000 438.543000
305.540000 258.865000 327.731000 96.038000 307.058000 202.511000 326.594000 43.485000 344.308000 489.156000 51.325000 435.251000
306.114000 257.517000 327.945000 92.899000 306.514000 206.820000 325.717000 50.769000 344.032000 491.389000 51.345000 431.953000
306.524000 255.654000 328.159000 89.760000 305.937000 211.589000 324.839000 58.052000 343.755000 493.622000 51.366000 428.655000
306.760000 253.257000 328.374000 86.622000 305.437000 216.484000 323.961000 65.335000 343.481000 495.840000 51.387000 425.357000
306.825000 250.357000 328.588000 83.483000 304.999000 221.526000 323.083000 72.619000 343.205000 498.073000 51.407000 422.060000
306.731000 246.948000 328.802000 80.345000 304.023000 226.637000 322.205000 79.902000 342.919000 0.381000 51.456000 418.764000
306.609000 243.631000 329.016000 77.206000 302.912000 231.231000 321.327000 87.185000 342.621000 2.787000 51.472000 415.468000
306.464000 240.347000 329.230000 74.067000 301.695000 235.440000 320.450000 94.468000 342.314000 5.268000 51.308000 412.171000
306.301000 237.100000 329.445000 70.929000 300.958000 240.196000 319.572000 101.752000 342.005000 7.764000 51.042000 408.873000
306.086000 233.846000 329.659000 67.790000 300.296000 245.089000 318.694000 109.035000 341.698000 10.245000 50.598000 405.575000
305.987000 230.804000 329.873000 64.652000 299.683000 250.083000 317.816000 116.318000 341.391000 12.726000 50.111000 402.270000
306.014000 227.958000 330.087000 61.514000 299.042000 255.180000 316.938000 123.601000 341.084000 15.207000 49.661000 398.971000
306.160000 225.298000 330.293000 58.375000 298.475000 259.715000 316.061000 130.885000 340.776000 17.688000 49.256000 395.704000
306.444000 222.905000 330.507000 55.236000 297.898000 264.492000 315.183000 138.168000 340.469000 20.169000 48.911000 392.477000
306.808000 220.869000 330.768000 52.100000 297.176000 269.535000 314.305000 145.451000 340.137000 22.635000 48.611000 389.281000
307.075000 219.006000 331.090000 48.964000 296.546000 273.890000 313.436000 152.781000 339.884000 25.119000 48.320000 386.090000
307.271000 217.423000 331.459000 45.831000 296.395000 279.140000 312.542000 159.973000 339.680000 27.677000 48.020000 382.894000
307.430000 215.552000 331.837000 42.697000 295.891000 284.282000 311.621000 166.967000 339.498000 30.317000 47.721000 379.698000
307.637000 213.534000 332.206000 39.563000 295.326000 289.299000 310.743000 173.813000 339.233000 33.010000 47.421000 376.502000
307.879000 211.143000 332.575000 36.429000 294.719000 294.269000 309.946000 180.447000 338.926000 35.698000 47.121000 373.305000
308.108000 208.784000 332.944000 33.295000 294.106000 299.231000 309.065000 187.002000 338.519000 38.368000 46.821000 370.109000
308.337000 206.424000 333.313000 30.161000 293.493000 304.194000 308.129000 193.534000 338.138000 41.041000 46.521000 366.913000
308.565000 204.065000 333.682000 27.028000 292.880000 309.156000 307.091000 200.056000 337.757000 43.714000 46.221000 363.717000
308.794000 201.705000 334.051000 23.894000 292.268000 314.118000 306.133000 206.685000 337.375000 46.388000 45.921000 360.521000
309.023000 199.346000 334.420000 20.760000 291.655000 319.081000 305.219000 213.237000 336.989000 49.081000 45.621000 357.324000
309.251000 196.986000 334.789000 17.626000 291.042000 324.043000 304.426000 219.745000 336.607000 51.756000 45.321000 354.128000
309.480000 194.627000 335.158000 14.492000 290.429000 329.005000 303.616000 226.304000 336.254000 54.326000 45.022000 350.932000
309.708000 192.268000 335.527000 11.358000 289.816000 333.967000 302.793000 232.980000 335.937000 56.761000 44.722000 347.736000
309.937000 189.908000 335.896000 8.224000 289.203000 338.930000 301.944000 239.837000 335.649000 59.092000 44.422000 344.539000
310.166000 187.549000 336.265000 5.091000 288.591000 343.892000 301.091000 246.749000 335.366000 61.405000 44.122000 341.343000
310.394000 185.190000 336.634000 1.957000 287.978000 348.854000 300.244000 253.611000 335.077000 63.737000 43.822000 338.147000
310.623000 182.830000 337.003000 498.823000 287.365000 353.817000 299.400000 260.436000 334.788000 66.069000 43.522000 334.951000
310.851000 180.471000 337.372000 495.689000 286.752000 358.779000 298.567000 267.187000 334.500000 68.401000 43.222000 331.755000
311.080000 178.112000 337.741000 492.555000 286.139000 363.741000 297.727000 273.984000 334.211000 70.733000 42.922000 328.558000
311.308000 175.753000 338.110000 489.421000 285.526000 368.704000 296.869000 280.932000 333.931000 73.017000 42.622000 325.362000
311.537000 173.394000 338.479000 486.287000 284.914000 373.666000 296.007000 287.896000 333.643000 75.457000 42.323000 322.166000
311.765000 171.034000 338.848000 483.154000 284.301000 378.628000 295.171000 294.669000 333.298000 78.115000 42.023000 318.970000
311.994000 168.675000 339.226000 480.021000 283.688000 383.590000 294.356000 301.277000 332.914000 80.953000 41.712000 315.732000
312.223000 166.316000 339.596000 476.887000 283.075000 388.553000 293.541000 307.885000 332.474000 84.007000 41.413000 312.586000
312.451000 163.957000 339.916000 473.749000 282.462000 393.515000 292.706000 314.659000 332.025000 87.219000 41.167000 309.591000
312.680000 161.598000 340.177000 470.605000 281.849000 398.477000 291.848000 321.593000 331.586000 90.382000 40.986000 306.717000
312.908000 159.239000 340.388000 467.456000 281.237000 403.440000 290.986000 328.570000 331.146000 93.545000 40.858000 303.997000
313.137000 156.880000 340.591000 464.307000 280.624000 408.402000 290.128000 335.517000 330.706000 96.708000 40.742000 301.389000
313.365000 154.521000 340.803000 461.158000 280.011000 413.364000 289.270000 342.464000 330.267000 99.871000 40.622000 298.864000
313.594000 152.162000 341.015000 458.010000 279.398000 418.327000 288.412000 349.412000 329.827000 103.034000 40.504000 296.396000
313.822000 149.803000 341.227000 454.862000 278.785000 423.289000 287.554000 356.359000 329.387000 106.197000 40.385000 293.898000
314.051000 147.444000 341.456000 451.657000 278.172000 428.251000 286.696000 363.306000 328.947000 109.361000 40.266000 291.401000
314.279000 145.086000 341.645000 448.655000 277.560000 433.213000 285.838000 370.253000 328.508000 112.524000 40.147000 288.904000
314.508000 142.727000 341.747000 445.884000 276.947000 438.176000 284.968000 377.204000 328.068000 115.687000 40.028000 286.407000
314.742000 140.369000 341.788000 443.321000 276.334000 443.138000 284.124000 384.157000 327.628000 118.850000 39.923000 283.925000
314.963000 138.023000 341.742000 440.989000 275.721000 448.100000 283.326000 391.085000 327.189000 122.013000 39.804000 281.429000
315.163000 135.661000 341.656000 438.861000 275.108000 453.063000 282.536000 397.960000 326.749000 125.176000 39.616000 278.853000
315.367000 133.225000 341.587000 436.676000 274.495000 458.025000 281.714000 404.779000 326.309000 128.339000 39.336000 276.174000
315.595000 130.694000 341.518000 434.490000 273.883000 462.987000 280.834000 411.567000 325.869000 131.502000 38.986000 273.416000
315.857000 128.094000 341.449000 432.305000 273.270000 467.950000 279.929000 418.353000 325.430000 134.665000 38.623000 270.644000
316.132000 125.482000 341.380000 430.120000 272.651000 472.873000 279.037000 425.145000 324.983000 137.859000 38.274000 267.887000
316.400000 122.884000 341.310000 427.935000 272.059000 477.642000 278.146000 431.937000 324.543000 141.000000 37.925000 265.130000
316.667000 120.285000 341.241000 425.750000 271.423000 482.905000 277.255000 438.729000 324.138000 143.954000 37.576000 262.373000
316.934000 117.687000 341.172000 423.564000 270.762000 488.336000 276.363000 445.521000 323.778000 146.793000 37.226000 259.616000
317.202000 115.088000 341.103000 421.379000 270.062000 493.928000 275.470000 452.283000 323.453000 149.445000 36.877000 256.859000
317.469000 112.490000 341.034000 419.194000 269.433000 498.959000 274.578000 459.091000 323.134000 152.044000 36.528000 254.102000
317.736000 109.891000 340.965000 417.009000 268.788000 4.236000 273.698000 466.082000 322.808000 154.674000 36.179000 251.345000
318.004000 107.293000 340.896000 414.824000 268.121000 9.640000 272.833000 473.183000 322.482000 157.304000 35.829000 248.588000
318.271000 104.694000 340.808000 412.596000 267.448000 15.092000 271.979000 480.468000 322.157000 159.934000 35.472000 245.796000
318.538000 102.096000 340.913000 410.492000 266.780000 20.588000 271.128000 487.798000 321.831000 162.564000 35.122000 243.079000
318.806000 99.497000 341.211000 408.598000 266.079000 26.182000 270.274000 495.099000 321.501000 165.185000 34.816000 240.555000
319.073000 96.899000 341.712000 406.865000 265.450000 31.214000 269.421000 2.399000 321.175000 167.814000 34.566000 238.159000
319.340000 94.300000 342.404000 405.337000 264.816000 36.463000 268.567000 9.699000 320.873000 170.493000 34.359000 235.956000
319.608000 91.702000 343.291000 403.945000 264.106000 41.978000 267.713000 17.000000 320.604000 173.235000 34.160000 233.828000
319.875000 89.103000 344.157000 402.515000 263.491000 47.319000 266.878000 24.302000 320.359000 176.027000 33.953000 231.666000
320.143000 86.505000 345.022000 401.092000 262.995000 52.486000 265.980000 31.603000 320.119000 178.827000 33.745000 229.503000
320.410000 83.906000 345.886000 399.674000 262.290000 57.708000 265.002000 38.893000 319.875000 181.618000 33.538000 227.341000
320.677000 81.308000 346.749000 398.262000 261.559000 63.015000 263.956000 46.169000 319.630000 184.409000 33.330000 225.178000
320.945000 78.710000 347.610000 396.856000 260.747000 68.275000 262.834000 53.438000 319.385000 187.200000 33.123000 223.016000
321.212000 76.111000 348.439000 395.446000 259.945000 73.549000 261.642000 60.698000 319.140000 189.991000 32.916000 220.853000
321.479000 73.513000 349.422000 394.050000 259.163000 78.843000 260.453000 67.945000 318.911000 192.826000 32.708000 218.691000
321.747000 70.914000 350.542000 392.713000 258.385000 84.142000 259.259000 75.186000 318.645000 195.550000 32.501000 216.528000
322.014000 68.316000 351.804000 391.453000 257.608000 89.441000 258.070000 82.433000 318.329000 198.128000 32.294000 214.366000
322.291000 65.718000 353.200000 390.259000 256.832000 94.740000 256.896000 89.695000 317.962000 200.555000 32.086000 212.203000
322.558000 63.120000 354.753000 389.090000 256.060000 100.055000 255.728000 96.914000 317.623000 202.904000 31.879000 210.041000
322.775000 60.511000 356.261000 387.927000 255.265000 105.301000 254.549000 104.254000 317.247000 205.338000 31.671000 207.878000
322.933000 57.902000 357.760000 386.779000 254.508000 110.660000 253.399000 111.762000 316.828000 207.827000 31.464000 205.716000
323.059000 55.320000 359.249000 385.646000 253.778000 116.093000 252.305000 119.326000 316.326000 210.313000 31.257000 203.553000
323.198000 52.776000 360.729000 384.526000 253.053000 121.543000 251.252000 126.688000 315.929000 212.774000 31.049000 201.391000
323.362000 50.263000 362.178000 383.397000 252.329000 126.995000 250.258000 133.937000 315.572000 215.073000 30.842000 199.228000
323.529000 47.756000 363.864000 382.305000 251.605000 132.447000 249.268000 141.010000 315.313000 217.241000 30.635000 197.065000
323.693000 45.243000 365.790000 381.383000 250.881000 137.899000 248.271000 148.140000 315.050000 219.376000 30.427000 194.903000
323.857000 42.730000 367.968000 380.562000 250.157000 143.351000 247.274000 155.271000 314.784000 221.528000 30.220000 192.740000
324.022000 40.216000 370.382000 379.910000 249.433000 148.804000 246.276000 162.402000 314.521000 223.664000 30.012000 190.578000
324.186000 37.703000 373.038000 379.300000 248.716000 154.295000 245.275000 169.524000 314.268000 225.707000 29.805000 188.415000
324.350000 35.190000 375.642000 378.681000 247.968000 159.939000 244.277000 176.654000 314.030000 227.634000 29.598000 186.253000
324.514000 32.677000 378.223000 378.076000 247.270000 165.091000 243.301000 183.831000 313.803000 229.468000 29.390000 184.090000
324.678000 30.164000 380.781000 377.484000 246.604000 170.109000 242.352000 191.068000 313.579000 231.286000 29.183000 181.928000
324.842000 27.651000 383.315000 376.902000 245.944000 175.072000 241.425000 198.352000 313.352000 233.121000 28.975000 179.765000
325.006000 25.138000 385.825000 376.330000 245.286000 180.029000 240.508000 205.651000 313.162000 234.903000 28.768000 177.603000
325.170000 22.625000 388.310000 375.767000 244.628000 184.986000 239.574000 212.928000 312.884000 236.595000 28.561000 175.440000
325.334000 20.112000 390.769000 375.210000 243.970000 189.942000 238.613000 220.176000 312.571000 238.214000 28.353000 173.278000
325.498000 17.599000 374.202000 440.527000 243.312000 194.899000 237.642000 227.414000 312.174000 239.846000 28.146000 171.115000
325.663000 15.086000 373.833000 443.504000 242.653000 199.855000 236.680000 234.662000 311.875000 241.467000 27.939000 168.953000
325.827000 12.573000 373.402000 446.978000 242.082000 204.830000 235.773000 241.956000 311.611000 242.981000 27.731000 166.790000
325.991000 10.060000 373.094000 449.459000 241.510000 209.679000 234.782000 249.222000 311.450000 244.444000 27.524000 164.628000
326.155000 7.547000 372.724000 452.436000 240.501000 214.676000 233.731000 256.422000 311.267000 245.932000 27.316000 162.465000
326.319000 5.034000 372.377000 455.234000 239.611000 219.892000 232.618000 263.637000 311.083000 247.421000 27.109000 160.303000
326.483000 2.521000 372.025000 458.073000 238.828000 225.304000 231.436000 270.931000 310.895000 248.939000 26.893000 158.073000
326.647000 0.008000 371.670000 460.930000 237.909000 230.744000 230.312000 278.335000 310.715000 250.399000 26.686000 156.192000
326.811000 497.495000 371.330000 463.619000 237.104000 235.853000 229.229000 285.779000 310.546000 251.767000 26.521000 154.621000
326.975000 494.982000 371.019000 466.179000 236.386000 240.674000 228.131000 293.198000 310.387000 253.060000 26.411000 153.376000
327.139000 492.469000 370.713000 468.645000 235.590000 246.040000 227.032000 300.617000 310.243000 254.219000 26.344000 152.442000
327.303000 489.956000 370.385000 471.290000 234.855000 251.004000 225.934000 308.036000 310.102000 255.361000 26.285000 151.856000
327.467000 487.444000 370.041000 474.061000 234.054000 256.420000 224.835000 315.455000 309.958000 256.532000 26.217000 151.203000
327.632000 484.931000 369.715000 476.769000 233.317000 261.391000 223.737000 322.874000 309.814000 257.692000 26.150000 150.550000
327.796000 482.418000 369.372000 479.402000 232.516000 266.807000 222.653000 330.304000 309.673000 258.835000 26.082000 149.897000
327.960000 479.905000 368.982000 482.099000 231.772000 271.762000 221.518000 337.716000 309.547000 259.856000 26.014000 149.244000
328.119000 477.392000 368.619000 484.828000 231.011000 277.016000 220.297000 345.078000 309.432000 260.790000 25.943000 148.552000
328.291000 474.884000 368.314000 487.463000 230.180000 282.580000 219.018000 352.411000 309.309000 261.795000 25.879000 147.937000
328.481000 472.372000 368.063000 490.036000 229.437000 287.598000 217.695000 359.755000 309.165000 262.961000 25.832000 147.483000
328.662000 469.837000 367.860000 492.625000 228.634000 293.021000 216.460000 367.149000 308.999000 264.293000 25.793000 147.089000
328.814000 467.270000 367.640000 495.218000 227.898000 297.992000 215.282000 374.547000 308.822000 265.600000 25.750000 146.634000
328.929000 464.680000 367.420000 497.810000 227.096000 303.408000 214.207000 381.997000 308.741000 266.803000 25.692000 146.017000
329.030000 462.084000 367.200000 0.403000 226.360000 308.378000 213.091000 389.537000 308.702000 267.935000 25.627000 145.325000
329.139000 459.493000 366.980000 2.996000 225.554000 313.774000 211.959000 397.181000 308.747000 269.148000 25.565000 144.671000
329.248000 456.902000 366.757000 5.579000 224.836000 318.841000 210.817000 404.806000 308.699000 270.431000 25.503000 144.018000
329.358000 454.311000 366.359000 8.164000 224.232000 324.037000 209.690000 412.683000 308.617000 271.680000 25.441000 143.364000
329.467000 451.720000 365.861000 10.804000 223.150000 329.166000 208.568000 420.850000 308.435000 272.941000 25.380000 142.711000
329.577000 449.129000 365.232000 13.542000 222.318000 334.166000 207.426000 429.308000 308.285000 274.158000 25.318000 142.057000
329.686000 446.538000 364.646000 16.378000 221.543000 339.121000 206.250000 438.042000 308.151000 275.243000 25.256000 141.404000
329.796000 443.948000 364.104000 19.259000 220.805000 344.068000 205.043000 447.180000 308.021000 276.292000 25.191000 140.712000
329.905000 441.357000 363.704000 22.138000 220.072000 349.014000 203.830000 455.999000 307.884000 277.406000 25.129000 140.116000
330.015000 438.766000 363.298000 25.010000 219.339000 353.960000 202.607000 464.571000 307.740000 278.566000 25.086000 139.718000
330.124000 436.175000 362.892000 27.882000 218.607000 358.906000 201.363000 472.906000 307.599000 279.708000 25.067000 139.460000
330.234000 433.584000 362.486000 30.754000 217.874000 363.852000 200.105000 480.988000 307.451000 280.908000 25.067000 139.402000
330.343000 430.993000 362.076000 33.637000 217.142000 368.798000 198.843000 488.823000 307.289000 282.219000 25.069000 139.433000
330.452000 428.402000 361.673000 36.481000 216.409000 373.744000 197.578000 496.754000 307.124000 283.550000 25.067000 139.422000
330.562000 425.811000 361.290000 39.293000 215.677000 378.690000 196.308000 4.723000 306.983000 284.701000 25.065000 139.411000
330.671000 423.220000 360.917000 42.183000 214.944000 383.637000 195.033000 12.723000 306.857000 285.720000 25.063000 139.401000
330.781000 420.629000 360.543000 45.206000 214.212000 388.583000 193.756000 20.733000 306.719000 286.834000 25.062000 139.390000
330.890000 418.039000 360.155000 48.371000 213.479000 393.529000 192.481000 28.733000 306.576000 287.994000 25.060000 139.380000
331.000000 415.448000 359.758000 51.576000 212.747000 398.475000 191.211000 36.702000 306.431000 289.166000 25.058000 139.369000
331.109000 412.857000 359.365000 54.752000 212.014000 403.421000 189.947000 44.633000 306.290000 290.308000 25.056000 139.359000
331.219000 410.266000 358.971000 57.928000 211.280000 408.227000 188.688000 52.533000 306.147000 291.467000 25.054000 139.348000
331.328000 407.675000 358.578000 61.104000 210.548000 412.844000 187.429000 60.428000 305.984000 292.789000 25.052000 139.337000
331.438000 405.084000 358.184000 64.254000 209.833000 418.380000 186.170000 68.328000 305.814000 294.157000 25.050000 139.327000
331.547000 402.493000 357.791000 67.429000 209.053000 424.070000 184.911000 76.229000 305.656000 295.439000 25.048000 139.316000
331.656000 399.902000 357.404000 70.770000 208.234000 429.849000 183.651000 84.129000 305.512000 296.609000 25.046000 139.306000
331.766000 397.311000 357.026000 74.214000 207.406000 435.639000 182.407000 91.973000 305.371000 297.759000 25.044000 139.295000
331.875000 394.721000 356.655000 77.824000 206.576000 441.429000 181.121000 100.021000 305.209000 299.074000 25.042000 139.285000
331.981000 392.130000 356.284000 81.459000 205.752000 447.359000 179.757000 108.299000 305.022000 300.579000 25.040000 139.274000
332.090000 389.539000 355.913000 85.069000 204.907000 453.479000 178.332000 116.786000 304.834000 302.084000 25.038000 139.264000
332.219000 386.949000 355.542000 88.679000 204.094000 458.681000 176.837000 125.504000 304.672000 303.399000 25.037000 139.253000
332.373000 384.361000 355.170000 92.288000 203.302000 463.724000 175.275000 134.423000 304.531000 304.549000 25.035000 139.242000
332.547000 381.773000 354.799000 95.898000 202.514000 468.674000 173.717000 143.313000 304.390000 305.698000 25.033000 139.232000
332.725000 379.186000 354.427000 99.507000 201.727000 473.612000 172.170000 152.169000 304.229000 307.013000 25.031000 139.221000
332.899000 376.598000 354.056000 103.117000 200.940000 478.550000 170.686000 160.823000 304.045000 308.489000 25.029000 139.211000
333.072000 374.011000 353.685000 106.727000 200.153000 483.488000 169.249000 169.304000 303.857000 310.007000 25.027000 139.200000
333.246000 371.424000 353.313000 110.336000 199.366000 488.426000 167.861000 177.585000 303.673000 311.496000 25.025000 139.190000
333.420000 368.836000 352.942000 113.946000 198.586000 493.373000 166.535000 185.690000 303.490000 312.985000 25.023000 139.179000
333.595000 366.249000 352.570000 117.555000 197.775000 498.277000 165.230000 193.565000 303.306000 314.473000 25.021000 139.169000
333.769000 363.662000 352.199000 121.165000 197.015000 3.252000 163.921000 201.456000 303.122000 315.962000 25.019000 139.158000
333.943000 361.074000 351.827000 124.774000 196.288000 8.274000 162.587000 209.498000 302.942000 317.422000 25.017000 139.147000
334.117000 358.487000 351.456000 128.384000 195.569000 13.306000 161.244000 217.586000 302.754000 318.939000 25.015000 139.137000
334.292000 355.900000 351.085000 131.994000 194.851000 18.339000 159.910000 225.628000 302.552000 320.578000 25.013000 139.126000
334.466000 353.312000 350.709000 135.628000 194.127000 23.362000 158.596000 233.548000 302.343000 322.263000 25.011000 139.116000
334.663000 350.725000 350.337000 139.239000 193.433000 28.429000 157.291000 241.411000 302.170000 323.907000 25.010000 139.105000
334.782000 348.137000 349.989000 142.691000 192.688000 33.426000 155.981000 249.303000 301.914000 325.420000 25.008000 139.095000
334.801000 345.551000 349.671000 146.036000 191.910000 38.375000 154.672000 257.195000 301.624000 326.861000 25.006000 139.084000
334.734000 342.966000 349.377000 149.223000 191.124000 43.314000 153.357000 265.116000 301.244000 328.325000 25.004000 139.074000
334.568000 340.383000 349.088000 152.387000 190.336000 48.252000 152.052000 272.981000 300.956000 329.795000 25.002000 139.063000
334.322000 337.799000 348.794000 155.575000 189.549000 53.190000 150.767000 280.723000 300.700000 331.280000 25.000000 139.052000
334.100000 335.216000 348.500000 158.763000 188.762000 58.128000 149.490000 288.420000 300.542000 332.773000 24.998000 139.042000
333.855000 332.632000 348.206000 161.951000 187.975000 63.066000 148.206000 296.162000 300.358000 334.261000 24.996000 139.031000
333.688000 330.049000 347.912000 165.139000 187.188000 68.004000 146.900000 304.026000 300.174000 335.750000 24.994000 139.021000
333.621000 327.464000 347.631000 168.395000 186.401000 72.941000 145.586000 311.947000 299.990000 337.239000 24.992000 139.010000
333.640000 324.878000 347.319000 171.395000 185.614000 77.879000 144.276000 319.839000 299.807000 338.727000 24.990000 139.000000
333.759000 322.290000 346.942000 174.218000 184.827000 82.817000 142.967000 327.731000 299.623000 340.216000 24.988000 138.989000
333.956000 319.703000 346.514000 176.849000 184.040000 87.755000 141.657000 335.624000 299.439000 341.705000 24.986000 138.978000
334.150000 317.188000 346.035000 179.381000 183.253000 92.693000 140.348000 343.516000 299.255000 343.194000 24.985000 138.968000
334.286000 314.344000 345.603000 182.106000 182.466000 97.631000 139.038000 351.408000 299.071000 344.682000 24.983000 138.957000
334.330000 311.216000 345.234000 185.026000 181.709000 102.458000 137.724000 359.329000 298.862000 346.138000 24.981000 138.947000
334.301000 307.792000 344.875000 188.039000 181.021000 107.108000 136.423000 367.164000 298.738000 347.658000 24.979000 138.936000
334.179000 304.084000 344.506000 191.016000 180.081000 112.549000 135.131000 374.926000 298.651000 349.316000 24.977000 138.926000
334.000000 300.047000 344.138000 193.993000 179.077000 118.139000 133.823000 382.772000 298.640000 351.026000 24.975000 138.915000
333.840000 296.082000 343.769000 196.971000 178.032000 123.809000 132.518000 390.749000 298.552000 352.684000 24.973000 138.905000
333.681000 292.118000 343.400000 199.948000 176.979000 129.489000 131.265000 398.858000 298.429000 354.205000 24.971000 138.894000
333.521000 288.154000 343.031000 202.934000 175.926000 135.170000 130.050000 406.947000 298.219000 355.661000 24.969000 138.883000
333.361000 284.190000 342.662000 205.912000 174.873000 140.850000 128.893000 415.026000 298.035000 357.149000 24.967000 138.873000
333.201000 280.227000 342.299000 208.844000 173.821000 146.531000 127.745000 422.892000 297.852000 358.638000 24.965000 138.862000
333.042000 276.263000 341.943000 211.717000 172.761000 152.186000 126.619000 430.603000 297.694000 360.160000 24.963000 138.852000
332.882000 272.300000 341.593000 214.545000 171.626000 158.100000 125.504000 438.108000 297.449000 361.617000 24.961000 138.841000
332.722000 268.337000 341.244000 217.365000 170.649000 163.791000 124.362000 445.586000 297.169000 362.936000 24.959000 138.831000
332.563000 264.374000 340.893000 220.193000 169.775000 168.926000 123.167000 453.300000 296.812000 364.203000 24.958000 138.820000
332.403000 260.411000 340.543000 223.022000 168.944000 173.923000 121.982000 460.839000 296.532000 365.523000 24.956000 138.810000
332.243000 256.448000 340.193000 225.850000 168.116000 178.824000 120.864000 468.242000 296.288000 366.980000 24.954000 138.799000
332.083000 252.485000 339.843000 228.679000 167.326000 183.566000 119.781000 475.346000 296.130000 368.501000 24.952000 138.788000
331.924000 248.523000 339.499000 231.454000 166.476000 188.796000 118.693000 482.430000 295.946000 369.990000 24.950000 138.778000
331.764000 244.561000 339.142000 234.368000 165.586000 194.161000 117.478000 490.337000 295.762000 371.479000 24.948000 138.767000
331.591000 240.600000 338.758000 237.439000 164.687000 199.580000 116.340000 497.750000 295.578000 372.967000 24.946000 138.757000
331.440000 236.638000 338.367000 240.592000 163.786000 205.006000 350.885000 441.665000 295.394000 374.456000 24.944000 138.746000
331.349000 232.670000 337.992000 243.555000 162.886000 210.431000 350.516000 444.642000 295.210000 375.945000 24.942000 138.736000
331.296000 228.696000 337.648000 246.402000 161.986000 215.857000 350.146000 447.619000 295.027000 377.433000 24.940000 138.725000
331.245000 224.716000 337.317000 249.073000 161.085000 221.283000 349.777000 450.596000 294.843000 378.922000 24.938000 138.715000
331.156000 220.735000 336.979000 251.802000 160.185000 226.709000 349.469000 453.077000 294.659000 380.411000 24.936000 138.704000
331.045000 216.755000 336.641000 254.531000 159.284000 232.135000 349.143000 455.715000 294.475000 381.899000 24.934000 138.693000
330.943000 212.775000 336.303000 257.260000 158.384000 237.561000 348.792000 458.534000 294.291000 383.388000 24.933000 138.683000
330.842000 208.795000 335.974000 260.030000 157.484000 242.987000 348.426000 461.485000 294.087000 384.876000 24.931000 138.672000
330.741000 204.815000 335.626000 262.708000 156.583000 248.412000 348.068000 464.370000 293.993000 386.813000 24.929000 138.662000
330.632000 200.760000 335.243000 265.248000 155.691000 253.876000 347.726000 467.122000 293.938000 388.940000 24.927000 138.651000
330.530000 197.025000 334.856000 267.631000 154.754000 259.437000 347.394000 469.797000 293.982000 391.357000 24.925000 138.641000
330.465000 193.562000 334.495000 269.975000 153.914000 264.440000 347.053000 472.549000 293.927000 393.484000 24.923000 138.630000
330.447000 190.382000 334.180000 272.416000 153.053000 269.685000 346.698000 475.405000 293.833000 395.421000 24.921000 138.620000
330.465000 187.473000 333.884000 274.923000 152.162000 275.056000 346.332000 478.354000 293.629000 396.909000 24.919000 138.609000
330.490000 184.884000 333.578000 277.405000 151.263000 280.474000 345.959000 481.360000 293.445000 398.398000 24.917000 138.598000
330.509000 182.221000 333.275000 279.857000 150.363000 285.900000 345.590000 484.338000 293.261000 399.886000 24.915000 138.588000
330.527000 179.558000 332.965000 282.366000 149.429000 291.644000 345.220000 487.315000 293.077000 401.375000 24.913000 138.577000
330.545000 176.894000 332.640000 284.998000 148.712000 297.033000 344.851000 490.292000 292.894000 402.864000 24.911000 138.567000
330.563000 174.231000 332.310000 287.676000 148.163000 300.617000 344.482000 493.269000 292.710000 404.352000 24.909000 138.556000
330.581000 171.568000 331.985000 290.308000 146.272000 306.920000 344.112000 496.246000 292.526000 405.841000 24.907000 138.546000
330.599000 168.905000 331.678000 292.788000 145.193000 312.824000 343.743000 499.223000 292.342000 407.330000 24.906000 138.535000
330.617000 166.242000 331.372000 295.268000 144.310000 318.586000 343.373000 2.201000 292.158000 408.818000 24.904000 138.524000
330.635000 163.579000 331.047000 297.900000 143.475000 324.262000 343.004000 5.178000 291.974000 410.307000 24.902000 138.514000
330.653000 160.916000 330.716000 300.577000 142.655000 329.922000 342.631000 8.184000 291.790000 411.796000 24.900000 138.503000
330.672000 158.253000 330.391000 303.209000 141.835000 335.581000 342.265000 11.133000 291.607000 413.285000 24.898000 138.493000
330.690000 155.591000 330.081000 305.719000 141.015000 341.240000 341.914000 13.959000 291.423000 414.773000 24.896000 138.482000
330.708000 152.928000 329.778000 308.171000 140.195000 346.899000 341.566000 16.769000 291.239000 416.262000 24.894000 138.472000
330.726000 150.266000 329.476000 310.623000 139.375000 352.558000 341.218000 19.567000 291.055000 417.751000 24.892000 138.461000
330.744000 147.603000 329.166000 313.132000 138.556000 358.217000 340.871000 22.365000 290.871000 419.239000 24.890000 138.451000
330.762000 144.941000 328.841000 315.764000 137.736000 363.876000 340.523000 25.175000 290.687000 420.728000 24.888000 138.440000
330.780000 142.279000 328.510000 318.442000 136.916000 369.535000 340.168000 28.031000 290.503000 422.217000 24.886000 138.429000
330.798000 139.617000 328.189000 321.045000 136.096000 375.195000 339.806000 30.952000 290.320000 423.705000 24.884000 138.419000
330.812000 136.954000 327.875000 323.582000 135.276000 380.854000 339.451000 33.807000 290.136000 425.194000 24.882000 138.408000
330.830000 134.292000 327.554000 326.185000 134.456000 386.513000 339.114000 36.542000 289.952000 426.683000 24.880000 138.398000
330.889000 131.623000 327.227000 328.833000 133.636000 392.172000 338.762000 39.555000 289.768000 428.171000 24.879000 138.387000
330.927000 128.970000 326.898000 331.494000 132.807000 397.830000 338.352000 42.766000 289.584000 429.660000 24.877000 138.377000
330.858000 126.376000 326.573000 334.125000 132.027000 403.494000 337.898000 46.196000 289.400000 431.149000 24.875000 138.366000
330.733000 123.883000 326.246000 336.772000 131.142000 409.145000 337.403000 49.859000 289.217000 432.638000 24.873000 138.356000
330.501000 121.741000 325.899000 339.583000 130.280000 414.799000 336.900000 53.661000 289.033000 434.126000 24.871000 138.345000
330.291000 119.780000 325.546000 342.440000 129.450000 420.457000 336.405000 57.417000 288.849000 435.615000 24.869000 138.334000
330.056000 118.115000 325.204000 345.210000 128.629000 426.116000 335.910000 61.174000 288.665000 437.104000 24.867000 138.324000
329.748000 116.169000 324.872000 347.898000 127.809000 431.775000 335.414000 64.930000 288.481000 438.592000 24.865000 138.313000
329.376000 114.077000 324.551000 350.500000 126.989000 437.434000 334.919000 68.686000 288.297000 440.081000 24.863000 138.303000
328.927000 111.605000 324.220000 353.177000 126.169000 443.093000 334.424000 72.442000 288.113000 441.570000 24.861000 138.292000
328.502000 109.160000 323.877000 355.960000 125.350000 448.752000 333.929000 76.199000 287.930000 443.058000 24.859000 138.282000
328.078000 106.716000 323.546000 358.636000 124.530000 454.412000 333.433000 79.955000 287.746000 444.547000 24.857000 138.271000
327.654000 104.272000 323.221000 361.267000 123.710000 460.071000 332.938000 83.711000 287.562000 446.036000 24.855000 138.261000
327.230000 101.828000 322.896000 363.898000 122.890000 465.730000 332.443000 87.467000 287.378000 447.524000 24.854000 138.250000
326.806000 99.384000 322.569000 366.546000 122.053000 471.371000 331.943000 91.240000 287.194000 449.013000 24.852000 138.239000
326.382000 96.940000 322.226000 369.327000 121.183000 477.091000 331.448000 94.997000 287.010000 450.502000 24.850000 138.229000
325.958000 94.497000 321.870000 372.212000 120.538000 482.691000 330.969000 98.670000 286.826000 451.990000 24.848000 138.218000
325.534000 92.053000 321.497000 375.137000 119.798000 488.180000 330.520000 102.162000 286.643000 453.479000 24.846000 138.208000
325.110000 89.610000 321.159000 377.966000 118.963000 493.616000 330.139000 105.491000 286.459000 454.968000 24.844000 138.197000
324.686000 87.167000 320.877000 380.755000 118.128000 499.052000 329.696000 108.662000 286.275000 456.457000 24.842000 138.187000
324.262000 84.724000 320.590000 383.775000 400.500000 443.791000 329.206000 111.647000 286.091000 457.945000 24.840000 138.176000
323.838000 82.281000 320.242000 386.911000 400.130000 446.768000 328.630000 114.722000 285.911000 459.405000 24.838000 138.166000
323.414000 79.838000 319.845000 390.268000 399.822000 449.249000 328.138000 117.848000 285.727000 460.906000 24.836000 138.155000
322.990000 77.395000 319.412000 393.668000 399.514000 451.730000 327.677000 120.972000 285.525000 462.589000 24.834000 138.144000
322.566000 74.953000 318.994000 397.043000 399.268000 453.714000 327.316000 124.139000 285.294000 464.395000 24.832000 138.134000
322.141000 72.510000 318.576000 400.417000 398.926000 456.466000 326.910000 127.439000 285.049000 466.382000 24.830000 138.123000
321.717000 70.068000 318.158000 403.791000 398.604000 459.069000 326.481000 130.900000 284.822000 468.209000 24.828000 138.113000
321.279000 67.628000 317.740000 407.165000 398.292000 461.580000 326.048000 134.403000 284.620000 469.855000 24.827000 138.102000
320.866000 65.186000 317.321000 410.551000 398.009000 463.872000 325.615000 137.906000 284.414000 471.521000 24.825000 138.092000
320.535000 62.730000 316.904000 413.926000 397.703000 466.440000 325.190000 141.351000 284.185000 473.303000 24.823000 138.081000
320.254000 60.258000 316.493000 417.240000 397.356000 469.131000 324.779000 144.674000 283.968000 475.131000 24.821000 138.071000
320.058000 57.772000 316.092000 420.476000 396.994000 472.046000 324.375000 147.951000 283.796000 476.929000 24.819000 138.060000
319.879000 55.285000 315.699000 423.651000 396.644000 474.890000 323.960000 151.303000 283.635000 478.753000 24.817000 138.049000
319.681000 52.800000 315.307000 426.815000 396.318000 477.519000 323.564000 154.753000 283.441000 480.725000 24.815000 138.039000
319.482000 50.315000 314.914000 429.991000 395.968000 480.300000 323.096000 158.053000 283.195000 482.785000 24.813000 138.028000
319.281000 47.830000 314.521000 433.167000 395.566000 483.232000 322.585000 161.210000 282.933000 484.826000 24.811000 138.018000
319.083000 45.345000 314.127000 436.342000 395.119000 486.346000 322.006000 164.284000 282.681000 486.861000 24.809000 138.007000
318.900000 42.859000 313.734000 439.518000 394.664000 489.576000 321.523000 167.405000 282.429000 488.895000 24.807000 137.997000
318.736000 40.372000 313.343000 442.676000 394.218000 492.764000 321.118000 170.683000 282.177000 490.930000 24.805000 137.986000
318.586000 37.883000 312.950000 445.852000 393.771000 495.951000 320.799000 174.058000 281.925000 492.964000 24.803000 137.975000
318.439000 35.395000 312.545000 449.117000 393.324000 499.139000 320.565000 177.527000 281.669000 495.028000 24.802000 137.965000
318.286000 32.907000 312.126000 452.501000 392.877000 2.327000 320.244000 181.078000 281.417000 497.050000 24.800000 137.954000
318.136000 30.418000 311.696000 455.975000 392.430000 5.514000 319.858000 184.523000 281.184000 498.890000 24.798000 137.944000
318.004000 27.929000 311.264000 459.466000 391.983000 8.702000 319.502000 187.875000 280.975000 0.623000 24.796000 137.933000
317.895000 25.438000 310.834000 462.939000 391.537000 11.890000 319.197000 191.142000 280.785000 2.173000 24.794000 137.923000
317.804000 22.947000 310.404000 466.413000 391.090000 15.078000 318.993000 194.339000 280.598000 3.682000 24.792000 137.912000
317.721000 20.456000 309.974000 469.886000 390.643000 18.265000 318.688000 197.606000 280.407000 5.221000 24.790000 137.902000
317.630000 17.965000 309.543000 473.360000 390.196000 21.453000 318.346000 200.962000 280.217000 6.759000 24.788000 137.891000
317.520000 15.422000 309.112000 476.839000 389.749000 24.641000 317.903000 204.433000 280.026000 8.297000 24.786000 137.880000
317.282000 13.271000 308.682000 480.313000 389.302000 27.829000 317.470000 207.923000 279.836000 9.835000 24.784000 137.870000
316.917000 11.493000 308.256000 483.756000 388.856000 31.016000 317.055000 211.225000 279.653000 11.339000 24.782000 137.859000
316.426000 10.109000 307.834000 487.160000 388.409000 34.204000 316.744000 214.354000 279.462000 12.916000 24.780000 137.849000
315.818000 9.102000 307.417000 490.535000 387.962000 37.392000 316.486000 217.587000 279.234000 14.686000 24.778000 137.838000
315.084000 8.483000 307.000000 493.903000 387.515000 40.579000 316.283000 221.119000 278.958000 16.582000 24.776000 137.828000
314.383000 7.823000 306.582000 497.277000 387.068000 43.767000 315.934000 224.820000 278.644000 18.671000 24.775000 137.817000
313.682000 7.170000 306.164000 0.651000 386.621000 46.955000 315.538000 228.841000 278.323000 20.833000 24.773000 137.807000
312.983000 6.522000 305.746000 4.026000 386.175000 50.143000 314.977000 232.548000 278.009000 22.960000 24.771000 137.796000
312.286000 5.881000 305.328000 7.400000 385.728000 53.330000 314.483000 236.129000 277.695000 25.088000 24.769000 137.785000
311.590000 5.245000 304.913000 10.751000 385.281000 56.518000 314.091000 239.380000 277.381000 27.215000 24.767000 137.775000
310.895000 4.615000 304.496000 14.124000 384.834000 59.706000 313.678000 242.732000 277.067000 29.343000 24.765000 137.764000
310.203000 3.992000 304.063000 17.639000 384.387000 62.893000 313.252000 246.178000 276.752000 31.464000 24.763000 137.754000
309.513000 3.374000 303.611000 21.269000 383.940000 66.081000 312.841000 249.494000 276.438000 33.592000 24.761000 137.743000
308.825000 2.762000 303.144000 25.042000 383.494000 69.269000 312.451000 252.658000 276.135000 35.751000 24.759000 137.733000
308.139000 2.156000 302.674000 28.836000 383.047000 72.457000 312.065000 255.785000 275.847000 37.953000 24.757000 137.722000
307.456000 1.555000 302.207000 32.607000 382.600000 75.644000 311.680000 258.900000 275.571000 40.186000 24.755000 137.712000
306.776000 0.960000 301.740000 36.378000 382.153000 78.832000 311.290000 262.057000 275.296000 42.425000 24.753000 137.701000
306.098000 0.370000 301.273000 40.150000 381.706000 82.020000 310.901000 265.213000 275.020000 44.657000 24.751000 137.690000
305.395000 499.810000 300.806000 43.921000 381.259000 85.208000 310.516000 268.329000 274.743000 46.890000 24.750000 137.680000
304.817000 499.222000 300.354000 47.692000 380.813000 88.395000 310.126000 271.485000 274.467000 49.123000 24.748000 137.669000
304.294000 498.525000 299.861000 51.463000 380.471000 91.095000 309.736000 274.642000 274.190000 51.356000 24.746000 137.659000
303.856000 497.695000 299.296000 55.236000 380.555000 92.118000 309.348000 277.786000 273.920000 53.589000 24.744000 137.648000
303.104000 496.853000 298.677000 59.011000 380.879000 92.156000 308.962000 280.914000 273.644000 55.822000 24.742000 137.638000
302.034000 496.223000 297.986000 62.787000 381.356000 91.678000 308.594000 283.891000 273.336000 58.054000 24.740000 137.627000
300.601000 495.712000 297.258000 66.568000 381.720000 91.411000 308.226000 286.867000 272.987000 60.283000 24.738000 137.617000
298.851000 495.378000 296.537000 70.341000 381.868000 91.731000 307.840000 289.995000 272.607000 62.510000 24.736000 137.606000
296.818000 495.118000 295.801000 74.099000 381.605000 93.589000 307.448000 293.170000 272.220000 64.737000 24.734000 137.595000
294.825000 494.853000 295.059000 77.851000 381.228000 95.524000 307.062000 296.298000 271.840000 66.965000 24.732000 137.585000
292.856000 494.608000 294.323000 81.609000 380.913000 97.469000 306.691000 299.303000 271.464000 69.196000 24.730000 137.574000
290.911000 494.381000 293.595000 85.413000 380.645000 99.552000 306.327000 302.251000 271.080000 71.420000 24.728000 137.564000
288.991000 494.172000 292.876000 89.181000 380.430000 101.908000 305.959000 305.229000 270.679000 73.626000 24.726000 137.553000
287.098000 493.977000 292.234000 92.792000 380.197000 104.200000 305.591000 308.206000 270.270000 75.824000 24.724000 137.543000
285.233000 493.796000 291.651000 96.272000 379.963000 106.492000 305.223000 311.184000 269.869000 78.030000 24.723000 137.532000
126.858000 123.446000 291.125000 99.675000 379.730000 108.783000 304.856000 314.161000 269.485000 80.253000 24.721000 137.522000
129.882000 120.114000 290.680000 103.117000 379.497000 111.075000 304.488000 317.138000 269.108000 82.485000 24.719000 137.511000
132.907000 116.782000 290.247000 106.602000 379.263000 113.367000 304.120000 320.116000 268.728000 84.712000 24.717000 137.500000
135.932000 113.450000 289.805000 110.074000 379.030000 115.658000 303.753000 323.093000 268.348000 86.940000 24.715000 137.490000
138.956000 110.118000 289.363000 113.546000 378.796000 117.950000 303.385000 326.070000 267.968000 89.167000 24.713000 137.479000
141.981000 106.786000 288.922000 117.018000 378.563000 120.241000 303.017000 329.048000 267.588000 91.395000 24.711000 137.469000
145.006000 103.455000 288.480000 120.490000 378.329000 122.533000 302.650000 332.025000 267.208000 93.622000 24.709000 137.458000
148.030000 100.123000 288.034000 123.991000 378.096000 124.825000 302.282000 335.003000 266.828000 95.849000 24.707000 137.448000
151.055000 96.791000 287.596000 127.435000 377.862000 127.116000 301.914000 337.980000 266.447000 98.096000 24.705000 137.437000
154.080000 93.459000 287.174000 130.756000 377.629000 129.408000 301.546000 340.957000 266.063000 100.290000 24.703000 137.426000
157.104000 90.127000 286.757000 134.032000 377.395000 131.700000 301.175000 343.964000 265.683000 102.447000 24.701000 137.416000
160.129000 86.795000 286.334000 137.353000 377.159000 134.037000 300.811000 346.913000 265.328000 104.621000 24.699000 137.405000
163.154000 83.463000 285.896000 140.797000 376.925000 136.235000 300.458000 349.769000 265.016000 106.776000 24.697000 137.395000
166.178000 80.131000 285.450000 144.298000 376.706000 138.222000 300.115000 352.551000 264.749000 108.862000 24.696000 137.384000
169.203000 76.800000 285.009000 147.770000 376.505000 140.040000 299.784000 355.228000 264.499000 110.878000 24.694000 137.374000
172.228000 73.468000 284.567000 151.242000 376.318000 141.647000 299.463000 357.830000 264.232000 113.041000 24.692000 137.363000
175.252000 70.136000 284.125000 154.714000 376.133000 143.115000 299.153000 360.339000 263.935000 115.326000 24.690000 137.353000
178.297000 66.782000 283.683000 158.186000 375.945000 144.628000 298.850000 362.791000 263.619000 117.794000 24.688000 137.342000
181.271000 63.449000 283.242000 161.658000 375.758000 146.142000 298.544000 365.273000 263.300000 120.303000 24.686000 137.331000
184.164000 60.240000 282.800000 165.130000 375.571000 147.655000 298.237000 367.754000 262.984000 122.783000 24.684000 137.321000
186.985000 57.156000 282.358000 168.602000 375.383000 149.169000 297.931000 370.235000 262.669000 125.263000 24.682000 137.310000
189.723000 54.195000 281.916000 172.074000 375.196000 150.682000 297.624000 372.716000 262.353000 127.743000 24.680000 137.300000
192.392000 51.255000 281.474000 175.546000 375.008000 152.195000 297.318000 375.197000 262.038000 130.223000 24.678000 137.289000
195.081000 48.293000 281.033000 179.018000 374.821000 153.709000 297.011000 377.678000 261.722000 132.703000 24.676000 137.279000
197.769000 45.332000 280.591000 182.490000 374.633000 155.222000 296.705000 380.160000 261.407000 135.183000 24.674000 137.268000
200.458000 42.370000 280.149000 185.962000 374.446000 156.736000 296.399000 382.641000 261.091000 137.663000 24.672000 137.258000
203.146000 39.408000 279.707000 189.434000 374.259000 158.249000 296.092000 385.122000 260.775000 140.143000 24.671000 137.247000
205.835000 36.447000 279.265000 192.906000 374.071000 159.763000 295.786000 387.603000 260.460000 142.623000 24.669000 137.236000
208.524000 33.485000 278.824000 196.378000 373.884000 161.276000 295.479000 390.084000 260.144000 145.103000 24.667000 137.226000
211.212000 30.523000 278.389000 199.831000 373.696000 162.790000 295.173000 392.565000 259.829000 147.583000 24.665000 137.215000
213.901000 27.562000 277.948000 203.303000 373.509000 164.303000 294.867000 395.046000 259.513000 150.063000 24.663000 137.205000
216.589000 24.600000 277.468000 206.870000 373.322000 165.816000 294.560000 397.528000 259.198000 152.543000 24.661000 137.194000
219.278000 21.638000 276.941000 210.563000 373.134000 167.330000 294.254000 400.009000 258.882000 155.023000 24.659000 137.184000
221.966000 18.677000 276.375000 214.351000 372.947000 168.843000 293.944000 402.519000 258.567000 157.503000 24.657000 137.173000
224.655000 15.715000 275.802000 218.158000 372.759000 170.357000 293.641000 404.972000 258.251000 159.983000 24.655000 137.163000
227.344000 12.753000 275.237000 221.947000 372.572000 171.870000 293.353000 407.302000 257.935000 162.463000 24.653000 137.152000
230.032000 9.792000 274.672000 225.735000 372.385000 173.384000 293.067000 409.616000 257.620000 164.943000 24.651000 137.141000
232.721000 6.830000 274.106000 229.523000 372.197000 174.897000 292.783000 411.918000 257.304000 167.423000 24.649000 137.131000
235.409000 3.868000 273.548000 233.318000 372.010000 176.410000 292.498000 414.220000 256.989000 169.903000 24.647000 137.120000
238.098000 0.907000 272.973000 237.118000 371.822000 177.924000 292.209000 416.563000 256.673000 172.383000 24.645000 137.110000
240.787000 497.945000 272.373000 240.872000 371.635000 179.437000 291.921000 418.895000 256.358000 174.863000 24.644000 137.099000
243.483000 494.985000 271.778000 244.516000 371.447000 180.951000 291.637000 421.189000 256.046000 177.314000 24.642000 137.089000
246.136000 492.040000 271.214000 248.041000 371.260000 182.464000 291.370000 423.348000 255.726000 179.822000 24.640000 137.078000
248.867000 489.071000 270.696000 251.496000 371.073000 183.978000 291.128000 425.316000 255.395000 182.423000 24.638000 137.068000
251.717000 486.006000 270.193000 254.946000 370.885000 185.491000 290.883000 427.300000 255.051000 185.128000 24.636000 137.057000
254.673000 482.822000 269.680000 258.408000 370.698000 187.005000 290.620000 429.436000 254.698000 187.910000 24.634000 137.046000
257.734000 479.551000 269.167000 261.870000 370.510000 188.518000 290.350000 431.617000 254.357000 190.585000 24.632000 137.036000
260.925000 476.267000 268.655000 265.333000 370.323000 190.031000 290.086000 433.753000 254.022000 193.215000 24.630000 137.025000
264.094000 472.998000 268.142000 268.795000 370.136000 191.545000 289.837000 435.766000 253.688000 195.845000 24.628000 137.015000
267.264000 469.730000 267.630000 272.257000 369.948000 193.058000 289.596000 437.722000 253.351000 198.491000 24.626000 137.004000
270.433000 466.462000 267.117000 275.719000 369.761000 194.572000 289.351000 439.707000 252.997000 201.271000 24.624000 136.994000
273.602000 463.194000 266.604000 279.182000 369.577000 196.052000 289.106000 441.692000 252.634000 204.118000 24.622000 136.983000
276.789000 459.884000 266.092000 282.644000 369.390000 197.599000 288.861000 443.677000 252.259000 207.066000 24.620000 136.972000
279.838000 456.672000 265.579000 286.106000 369.182000 199.336000 288.616000 445.662000 251.878000 210.111000 24.619000 136.962000
282.787000 453.608000 265.066000 289.568000 368.945000 201.196000 288.370000 447.647000 251.503000 213.180000 24.617000 136.951000
285.662000 450.684000 264.554000 293.031000 368.686000 203.246000 288.125000 449.632000 251.129000 216.289000 24.615000 136.941000
288.427000 447.861000 264.041000 296.493000 368.424000 205.364000 287.880000 451.617000 250.756000 219.406000 24.613000 136.930000
291.280000 444.980000 263.528000 299.955000 368.166000 207.448000 287.635000 453.602000 250.383000 222.515000 24.611000 136.920000
294.210000 442.010000 263.016000 303.417000 367.908000 209.532000 287.380000 455.590000 250.009000 225.624000 24.609000 136.909000
297.205000 439.153000 262.516000 306.887000 367.650000 211.617000 287.148000 457.539000 249.636000 228.732000 24.607000 136.899000
300.186000 436.461000 261.975000 310.348000 367.392000 213.701000 286.956000 459.527000 249.270000 231.849000 24.605000 136.888000
303.168000 433.838000 261.342000 313.765000 367.134000 215.785000 286.766000 461.713000 248.893000 234.959000 24.603000 136.877000
306.155000 431.142000 260.657000 317.146000 366.876000 217.869000 286.536000 464.018000 248.481000 238.027000 24.601000 136.867000
309.133000 428.277000 259.913000 320.530000 366.618000 219.953000 286.251000 466.508000 248.037000 241.040000 24.599000 136.856000
312.080000 425.370000 259.261000 323.955000 366.360000 222.037000 285.941000 469.077000 247.578000 244.010000 24.597000 136.846000
314.995000 422.537000 258.664000 327.420000 366.102000 224.121000 285.644000 471.609000 247.131000 246.969000 24.595000 136.835000
317.828000 419.763000 258.176000 330.888000 365.844000 226.205000 285.347000 474.142000 246.695000 249.937000 24.593000 136.825000
320.589000 417.123000 257.663000 334.350000 365.586000 228.289000 285.050000 476.675000 246.256000 252.904000 24.592000 136.814000
323.273000 414.593000 257.151000 337.812000 365.327000 230.373000 284.754000 479.208000 245.817000 255.872000 24.590000 136.804000
325.958000 412.062000 256.638000 341.274000 365.069000 232.457000 284.457000 481.740000 245.403000 258.844000 24.588000 136.793000
328.714000 409.414000 256.125000 344.737000 364.811000 234.541000 284.160000 484.273000 244.892000 261.807000 24.586000 136.782000
331.540000 406.640000 255.612000 348.199000 364.552000 236.640000 283.863000 486.806000 244.349000 264.753000 24.584000 136.772000
334.444000 403.847000 255.100000 351.661000 364.294000 238.724000 283.566000 489.338000 243.713000 267.691000 24.582000 136.761000
337.326000 401.074000 254.587000 355.123000 364.040000 240.738000 283.269000 491.871000 243.171000 270.637000 24.580000 136.751000
340.209000 398.301000 254.074000 358.586000 363.790000 242.659000 282.973000 494.404000 242.660000 273.600000 24.578000 136.740000
343.092000 395.528000 253.561000 362.048000 363.544000 244.508000 282.676000 496.937000 242.246000 276.572000 24.576000 136.730000
345.975000 392.755000 253.048000 365.510000 363.299000 246.345000 282.379000 499.469000 241.807000 279.540000 24.574000 136.719000
348.857000 389.982000 252.536000 368.973000 363.053000 248.196000 282.082000 2.002000 241.367000 282.508000 24.572000 136.709000
351.740000 387.209000 252.023000 372.435000 362.807000 250.046000 281.785000 4.535000 240.928000 285.475000 24.570000 136.698000
354.623000 384.436000 251.510000 375.897000 362.561000 251.897000 281.488000 7.067000 240.488000 288.443000 24.568000 136.687000
357.505000 381.663000 250.997000 379.359000 362.316000 253.747000 281.192000 9.600000 240.049000 291.410000 24.567000 136.677000
360.388000 378.889000 250.480000 382.851000 362.070000 255.597000 280.895000 12.133000 239.610000 294.378000 24.565000 136.666000
363.271000 376.116000 249.968000 386.301000 361.824000 257.448000 280.598000 14.666000 239.175000 297.317000 24.563000 136.656000
366.153000 373.343000 249.481000 389.590000 361.578000 259.298000 280.301000 17.198000 238.731000 300.312000 24.561000 136.645000
369.036000 370.570000 249.015000 392.743000 361.332000 261.149000 280.004000 19.731000 238.269000 303.430000 24.559000 136.635000
371.919000 367.797000 248.554000 395.860000 361.086000 262.999000 279.707000 22.264000 237.801000 306.594000 24.557000 136.624000
374.802000 365.024000 248.089000 398.995000 360.840000 264.850000 279.411000 24.797000 237.339000 309.712000 24.555000 136.614000
377.684000 362.251000 247.632000 402.083000 360.594000 266.700000 279.114000 27.329000 236.909000 312.717000 24.553000 136.603000
380.567000 359.478000 247.184000 405.107000 360.348000 268.551000 278.817000 29.862000 236.445000 315.651000 24.551000 136.592000
383.450000 356.705000 246.727000 408.196000 360.102000 270.401000 278.527000 32.382000 235.886000 318.566000 24.549000 136.582000
386.332000 353.932000 246.258000 411.360000 359.856000 272.252000 278.230000 34.914000 235.277000 321.421000 24.547000 136.571000
389.215000 351.159000 245.797000 414.478000 359.610000 274.102000 277.898000 37.512000 234.587000 324.361000 24.545000 136.561000
392.098000 348.386000 245.353000 417.473000 359.364000 275.953000 277.518000 40.196000 233.980000 327.486000 24.543000 136.550000
394.981000 345.612000 244.905000 420.381000 359.118000 277.803000 277.103000 42.945000 233.428000 330.737000 24.541000 136.540000
397.863000 342.839000 244.478000 423.368000 358.872000 279.654000 276.681000 45.707000 232.945000 334.185000 24.540000 136.529000
400.746000 340.066000 244.108000 426.538000 358.626000 281.504000 276.266000 48.455000 232.428000 337.676000 24.538000 136.519000
403.655000 337.275000 243.784000 429.818000 358.380000 283.355000 275.851000 51.204000 231.915000 341.139000 24.536000 136.508000
406.485000 334.513000 243.499000 433.284000 358.135000 285.205000 275.436000 53.953000 231.403000 344.601000 24.534000 136.497000
409.260000 331.831000 243.199000 436.792000 357.889000 287.055000 275.020000 56.702000 230.890000 348.063000 24.532000 136.487000
412.216000 329.213000 242.880000 440.269000 357.643000 288.906000 274.605000 59.451000 230.377000 351.525000 24.530000 136.476000
415.276000 326.612000 242.566000 443.747000 357.397000 290.756000 274.190000 62.200000 229.864000 354.988000 24.528000 136.466000
418.461000 323.971000 242.253000 447.224000 357.143000 292.667000 273.775000 64.948000 229.352000 358.450000 24.526000 136.455000
421.808000 321.302000 241.939000 450.702000 356.896000 294.355000 273.364000 67.702000 228.839000 361.912000 24.524000 136.445000
425.148000 318.644000 241.626000 454.180000 356.701000 295.806000 272.945000 70.446000 228.326000 365.374000 24.522000 136.434000
428.488000 315.985000 241.322000 457.688000 356.547000 297.036000 272.509000 73.171000 227.813000 368.837000 24.520000 136.423000
431.828000 313.327000 241.009000 461.147000 356.445000 298.030000 272.066000 75.887000 227.300000 372.299000 24.518000 136.413000
435.168000 310.669000 240.633000 464.423000 356.350000 298.801000 271.630000 78.612000 226.790000 375.763000 24.516000 136.402000
438.528000 308.015000 240.223000 467.587000 356.247000 299.632000 271.210000 81.356000 226.273000 379.217000 24.514000 136.392000
441.815000 305.360000 239.750000 470.568000 356.144000 300.464000 270.799000 84.110000 225.746000 382.673000 24.513000 136.381000
445.002000 302.681000 239.269000 473.500000 356.041000 301.295000 270.384000 86.859000 225.224000 386.163000 24.511000 136.371000
448.092000 299.960000 238.797000 476.463000 355.938000 302.126000 269.969000 89.608000 224.716000 389.702000 24.509000 136.360000
451.087000 297.200000 238.324000 479.426000 355.836000 302.957000 269.554000 92.356000 224.229000 393.283000 24.507000 136.350000
453.981000 294.425000 237.852000 482.389000 355.733000 303.788000 269.139000 95.105000 223.749000 396.873000 24.505000 136.339000
456.824000 291.672000 237.380000 485.351000 355.630000 304.619000 268.724000 97.854000 223.264000 400.455000 24.503000 136.328000
459.736000 288.889000 236.908000 488.314000 355.527000 305.450000 268.308000 100.603000 222.780000 404.036000 24.501000 136.318000
462.762000 285.951000 236.435000 491.277000 355.424000 306.282000 267.893000 103.352000 222.295000 407.618000 24.499000 136.307000
465.883000 282.901000 235.963000 494.239000 355.321000 307.113000 267.478000 106.101000 221.810000 411.200000 24.497000 136.297000
469.100000 279.709000 235.491000 497.202000 355.218000 307.944000 267.063000 108.849000 221.326000 414.781000 24.495000 136.286000
472.438000 276.498000 235.019000 0.165000 355.115000 308.775000 266.648000 111.598000 220.841000 418.363000 24.494000 136.276000
475.753000 273.309000 234.547000 3.127000 355.012000 309.606000 266.233000 114.347000 220.356000 421.945000 24.494000 136.265000
479.068000 270.120000 234.074000 6.090000 354.909000 310.437000 265.818000 117.096000 219.872000 425.526000 24.495000 136.254000
482.383000 266.931000 233.602000 9.053000 354.806000 311.269000 265.402000 119.845000 219.387000 429.108000 24.496000 136.244000
485.698000 263.742000 233.130000 12.016000 354.703000 312.100000 264.987000 122.594000 218.896000 432.689000 24.496000 136.233000
488.996000 260.517000 232.658000 14.978000 354.600000 312.931000 264.572000 125.342000 218.417000 436.271000 24.497000 136.222000
492.350000 257.358000 232.185000 17.941000 354.498000 313.762000 264.157000 128.091000 217.965000 439.857000 24.498000 136.211000
495.767000 254.347000 231.713000 20.904000 354.395000 314.593000 263.742000 130.840000 217.523000 443.444000 24.499000 136.201000
499.244000 251.448000 231.241000 23.866000 354.292000 315.424000 263.327000 133.589000 217.071000 447.029000 24.499000 136.190000
2.769000 248.699000 230.769000 26.829000 354.189000 316.255000 262.912000 136.338000 216.592000 450.612000 24.500000 136.179000
6.221000 245.970000 230.296000 29.792000 354.086000 317.087000 262.497000 139.087000 216.101000 454.193000 24.501000 136.169000
9.615000 243.134000 229.824000 32.754000 353.983000 317.918000 262.074000 141.869000 215.616000 457.774000 24.501000 136.157000
12.980000 240.180000 229.352000 35.717000 353.880000 318.749000 261.662000 144.590000 215.132000 461.356000 24.502000 136.147000
16.383000 237.135000 228.880000 38.680000 353.777000 319.580000 261.285000 147.166000 214.647000 464.938000 24.503000 136.139000
19.737000 234.098000 228.407000 41.643000 353.674000 320.411000 260.938000 149.668000 214.164000 468.542000 24.503000 136.136000
23.006000 231.036000 227.935000 44.605000 353.571000 321.242000 260.603000 152.193000 213.680000 472.105000 24.503000 136.136000
26.206000 227.836000 227.463000 47.568000 353.468000 322.074000 260.255000 154.837000 213.189000 475.573000 24.503000 136.137000
29.327000 224.510000 226.991000 50.531000 353.365000 322.905000 259.895000 157.543000 212.691000 479.001000 24.503000 136.137000
32.380000 221.162000 226.519000 53.493000 353.262000 323.736000 259.540000 160.220000 212.170000 482.421000 24.503000 136.137000
35.434000 217.815000 226.046000 56.456000 353.160000 324.567000 259.184000 162.896000 211.617000 485.862000 24.503000 136.137000
38.554000 214.489000 225.574000 59.419000 353.057000 325.398000 258.829000 165.573000 211.049000 489.303000 24.503000 136.137000
41.755000 211.291000 225.102000 62.382000 352.954000 326.229000 258.474000 168.249000 210.486000 492.719000 24.503000 136.137000
45.027000 208.216000 224.625000 65.373000 352.851000 327.060000 258.118000 170.926000 209.944000 496.166000 24.503000 136.137000
48.380000 205.269000 224.157000 68.308000 352.755000 327.938000 257.763000 173.602000 209.413000 499.635000 24.503000 136.137000
51.780000 202.321000 223.709000 71.121000 352.646000 328.712000 257.407000 176.279000 208.877000 3.095000 24.510000 136.208000
55.228000 199.373000 223.268000 73.888000 352.505000 329.335000 257.052000 178.955000 208.341000 6.555000 24.510000 135.943000
58.743000 196.562000 222.819000 76.700000 352.353000 329.873000 256.696000 181.632000 207.804000 10.015000 24.476000 135.385000
62.328000 193.879000 222.347000 79.664000 352.220000 330.447000 256.341000 184.308000 207.268000 13.475000 24.396000 134.521000
65.913000 191.196000 221.875000 82.628000 352.115000 331.188000 255.986000 186.985000 206.732000 16.935000 24.282000 133.365000
69.428000 188.385000 221.422000 85.469000 352.017000 332.076000 255.630000 189.661000 206.196000 20.395000 24.161000 131.873000
72.876000 185.437000 220.985000 88.208000 351.894000 333.069000 255.275000 192.338000 205.659000 23.855000 24.047000 130.452000
76.257000 182.467000 220.556000 90.900000 351.772000 334.062000 254.919000 195.014000 205.123000 27.316000 23.933000 129.031000
79.657000 179.519000 220.124000 93.611000 351.664000 334.933000 254.564000 197.691000 204.587000 30.776000 23.819000 127.610000
83.057000 176.572000 219.695000 96.303000 351.569000 335.701000 254.209000 200.368000 204.051000 34.236000 23.705000 126.188000
86.458000 173.624000 219.254000 99.071000 351.480000 336.421000 253.853000 203.044000 203.514000 37.696000 23.591000 124.767000
89.858000 170.677000 218.805000 101.884000 351.385000 337.190000 253.498000 205.721000 202.978000 41.156000 23.477000 123.346000
93.236000 167.749000 218.357000 104.698000 351.296000 337.911000 253.142000 208.397000 202.442000 44.616000 23.363000 121.925000
96.698000 164.802000 217.911000 107.495000 351.224000 338.500000 252.787000 211.074000 201.906000 48.076000 23.249000 120.504000
100.247000 161.755000 217.486000 110.159000 351.155000 339.052000 252.431000 213.750000 201.369000 51.536000 23.135000 119.083000
103.877000 158.579000 217.080000 112.721000 351.079000 339.670000 252.076000 216.427000 200.833000 54.996000 23.021000 117.662000
107.593000 155.303000 216.685000 115.217000 350.994000 340.363000 251.721000 219.103000 200.297000 58.456000 22.907000 116.240000
111.393000 152.009000 216.255000 117.845000 350.917000 340.981000 251.384000 221.705000 199.761000 61.916000 22.793000 114.819000
115.190000 148.756000 215.779000 120.598000 350.849000 341.533000 250.990000 224.621000 199.224000 65.377000 22.679000 113.398000
118.921000 145.482000 215.247000 123.530000 350.776000 342.122000 250.534000 227.815000 198.688000 68.837000 22.565000 111.977000
122.571000 142.079000 214.695000 126.492000 350.687000 342.843000 250.030000 231.297000 198.152000 72.297000 22.451000 110.556000
126.150000 138.554000 214.148000 129.425000 350.589000 343.641000 249.447000 235.083000 197.616000 75.757000 22.337000 109.135000
129.648000 134.900000 213.603000 132.358000 350.500000 344.362000 248.843000 239.118000 197.079000 79.217000 22.223000 107.713000
133.079000 131.225000 213.058000 135.292000 350.424000 344.980000 248.263000 242.899000 196.543000 82.677000 22.109000 106.292000
136.530000 127.573000 212.513000 138.225000 350.359000 345.504000 247.702000 246.559000 196.007000 86.137000 21.995000 104.871000
139.981000 123.920000 211.968000 141.159000 350.301000 345.971000 247.182000 250.023000 195.471000 89.597000 21.881000 103.450000
143.409000 120.286000 211.423000 144.093000 350.240000 346.467000 246.679000 253.459000 194.934000 93.057000 21.767000 102.029000
146.922000 116.634000 210.878000 147.026000 350.178000 346.963000 246.166000 256.921000 194.398000 96.517000 21.653000 100.608000
150.520000 112.882000 210.333000 149.960000 350.143000 347.493000 245.654000 260.384000 193.862000 99.977000 21.539000 99.187000
154.201000 109.001000 209.788000 152.893000 350.021000 347.957000 245.141000 263.846000 193.326000 103.437000 21.425000 97.765000
157.967000 105.020000 209.243000 155.827000 349.863000 348.284000 244.628000 267.308000 192.789000 106.898000 21.311000 96.344000
161.806000 101.019000 208.698000 158.760000 349.630000 348.559000 244.116000 270.771000 192.253000 110.358000 21.197000 94.923000
165.645000 97.039000 208.145000 161.722000 349.469000 348.882000 243.603000 274.233000 191.717000 113.818000 21.083000 93.502000
169.549000 93.054000 207.605000 164.627000 349.350000 349.369000 243.090000 277.695000 191.180000 117.278000 20.969000 92.081000
173.494000 89.092000 207.112000 167.473000 349.296000 350.029000 242.578000 281.157000 190.644000 120.738000 20.855000 90.660000
177.507000 85.172000 206.613000 170.129000 349.210000 350.722000 242.065000 284.620000 190.105000 124.198000 20.741000 89.238000
181.545000 81.265000 206.088000 172.574000 349.131000 351.369000 241.553000 288.082000 189.572000 127.658000 20.627000 87.817000
185.565000 77.345000 205.644000 174.812000 349.066000 351.894000 241.040000 291.544000 189.049000 131.120000 20.513000 86.396000
189.508000 73.390000 205.253000 176.871000 349.008000 352.361000 240.523000 295.035000 188.531000 134.582000 20.399000 84.975000
193.341000 69.436000 204.921000 178.664000 348.947000 352.857000 240.010000 298.486000 188.009000 138.044000 20.285000 83.554000
197.110000 65.552000 204.677000 180.495000 348.885000 353.353000 239.520000 301.754000 187.475000 141.504000 20.171000 82.133000
200.819000 61.760000 204.409000 182.335000 348.824000 353.849000 239.071000 304.909000 186.936000 144.964000 20.057000 80.712000
204.663000 58.061000 204.141000 184.175000 348.763000 354.346000 238.612000 307.900000 186.400000 148.424000 19.943000 79.290000
208.620000 54.434000 203.873000 186.014000 348.702000 354.842000 238.050000 310.787000 185.864000 151.884000 19.829000 77.869000
212.736000 50.778000 203.604000 187.854000 348.640000 355.338000 237.439000 313.672000 185.328000 155.345000 19.715000 76.448000
216.944000 47.057000 203.336000 189.694000 348.579000 355.834000 236.768000 316.564000 184.791000 158.805000 19.601000 75.027000
221.216000 43.284000 203.068000 191.534000 348.518000 356.331000 236.190000 319.501000 184.255000 162.265000 19.487000 73.606000
225.561000 39.441000 202.800000 193.374000 348.456000 356.827000 235.668000 322.503000 183.719000 165.725000 19.373000 72.185000
229.963000 35.548000 202.532000 195.213000 348.399000 357.294000 235.245000 325.463000 183.183000 169.185000 19.259000 70.763000
234.428000 31.571000 202.263000 197.053000 348.334000 357.818000 234.828000 328.236000 182.646000 172.645000 19.145000 69.342000
238.929000 27.618000 201.995000 198.893000 348.254000 358.465000 234.440000 330.903000 182.110000 176.105000 19.031000 67.921000
243.350000 23.758000 201.727000 200.733000 348.169000 359.158000 234.074000 333.388000 181.574000 179.565000 18.917000 66.500000
247.740000 19.810000 201.459000 202.573000 348.072000 359.772000 233.712000 335.833000 181.038000 183.025000 18.803000 65.079000
252.147000 15.718000 201.191000 204.413000 348.065000 360.328000 233.345000 338.306000 180.501000 186.485000 18.689000 63.658000
256.613000 11.478000 200.922000 206.252000 348.101000 360.935000 232.979000 340.779000 179.965000 189.945000 18.612000 62.236000
261.106000 7.143000 200.654000 208.092000 348.204000 361.681000 232.613000 343.252000 179.429000 193.406000 18.445000 60.814000
265.586000 2.850000 200.386000 209.932000 348.220000 362.498000 232.247000 345.725000 178.893000 196.866000 18.081000 59.392000
270.066000 498.556000 200.118000 211.772000 348.200000 363.222000 231.880000 348.198000 178.356000 200.326000 17.582000 57.980000
274.545000 494.263000 199.850000 213.612000 348.095000 363.836000 231.510000 350.700000 177.814000 203.838000 16.883000 56.585000
279.005000 489.947000 199.581000 215.452000 348.030000 364.361000 231.143000 353.161000 177.278000 207.176000 16.101000 55.216000
283.536000 485.673000 199.313000 217.291000 347.976000 364.799000 230.804000 355.461000 176.773000 210.291000 15.364000 53.872000
288.157000 481.493000 199.045000 219.131000 347.911000 365.323000 230.485000 357.624000 176.310000 213.217000 14.635000 52.552000
292.861000 477.356000 198.777000 220.971000 347.831000 365.970000 230.169000 359.752000 175.879000 215.921000 13.994000 51.261000
297.645000 473.194000 198.509000 222.811000 347.749000 366.634000 229.851000 361.898000 175.454000 218.451000 13.007000 49.985000
302.533000 468.944000 198.240000 224.651000 347.669000 367.280000 229.536000 364.026000 175.023000 221.033000 11.727000 48.698000
307.397000 464.643000 197.972000 226.490000 347.582000 367.983000 229.239000 366.033000 174.592000 223.615000 10.144000 47.400000
312.256000 460.360000 197.704000 228.330000 347.482000 368.798000 228.950000 367.982000 174.161000 226.197000 8.258000 46.110000
317.117000 456.081000 197.436000 230.170000 347.378000 369.633000 228.657000 369.961000 173.730000 228.778000 6.057000 44.859000
321.986000 451.809000 197.168000 232.010000 347.294000 370.303000 228.364000 371.939000 173.299000 231.360000 3.990000 43.659000
326.858000 447.541000 196.899000 233.850000 347.233000 370.812000 228.071000 373.918000 172.868000 233.942000 1.970000 42.496000
331.728000 443.271000 196.631000 235.690000 347.176000 371.279000 227.778000 375.896000 172.437000 236.524000 0.000000 41.368000
336.598000 439.001000 196.363000 237.529000 347.114000 371.775000 227.485000 377.874000 172.006000 239.105000 341.757000 429.951000
341.463000 434.740000 196.095000 239.369000 347.053000 372.271000 227.192000 379.853000 171.575000 241.687000 340.833000 437.394000
346.333000 430.470000 195.827000 241.209000 346.992000 372.767000 226.899000 381.831000 171.144000 244.269000 340.095000 443.348000
351.234000 426.157000 195.556000 243.104000 346.930000 373.264000 226.606000 383.810000 170.713000 246.851000 339.356000 449.303000
356.177000 421.787000 195.284000 244.809000 346.869000 373.760000 226.313000 385.788000 170.289000 249.413000 338.555000 455.753000
361.152000 417.373000 195.026000 246.297000 346.808000 374.256000 226.020000 387.767000 169.854000 251.991000 337.773000 462.260000
366.133000 412.952000 194.803000 247.601000 346.747000 374.752000 225.727000 389.745000 169.381000 254.699000 336.897000 469.120000
371.107000 408.538000 194.619000 248.670000 346.685000 375.249000 225.434000 391.723000 168.887000 257.495000 335.947000 476.368000
376.082000 404.125000 194.458000 249.601000 346.624000 375.745000 225.141000 393.702000 168.397000 260.318000 334.922000 483.990000
381.057000 399.711000 194.298000 250.593000 346.537000 376.208000 224.848000 395.680000 167.936000 263.073000 333.812000 491.947000
386.031000 395.298000 194.134000 251.579000 346.536000 376.736000 224.555000 397.659000 167.494000 265.765000 332.647000 0.232000
390.989000 390.888000 193.971000 252.566000 346.571000 377.401000 224.262000 399.637000 167.039000 268.502000 331.498000 8.442000
