20.989000 1444.681000 1.373000 1405.090000 21.287000 1414.301000 27.880000 1370.369000 0.000000 1401.112000 21.945000 1432.403000
23.677000 1441.720000 5.070000 1401.017000 23.639000 1411.710000 30.232000 1367.778000 0.000000 1401.112000 24.970000 1429.071000
26.366000 1438.758000 8.431000 1397.315000 25.992000 1409.118000 32.585000 1365.186000 2.352000 1398.521000 27.994000 1425.739000
29.391000 1435.426000 11.791000 1393.613000 28.344000 1406.527000 34.937000 1362.595000 2.352000 1398.521000 31.019000 1422.408000
31.709000 1432.128000 15.152000 1389.911000 30.697000 1403.935000 37.290000 1360.003000 4.705000 1395.929000 34.044000 1419.076000
34.819000 1428.797000 18.279000 1386.467000 33.049000 1401.344000 39.642000 1357.412000 4.705000 1395.929000 36.702000 1416.091000
37.758000 1425.465000 21.436000 1382.989000 35.402000 1398.753000 41.995000 1354.820000 6.721000 1393.708000 39.441000 1413.130000
40.698000 1422.133000 24.662000 1379.455000 37.754000 1396.161000 44.347000 1352.229000 6.721000 1393.708000 42.129000 1410.169000
43.575000 1418.833000 27.939000 1375.844000 40.107000 1393.570000 46.700000 1349.637000 9.074000 1391.117000 44.768000 1407.206000
46.419000 1415.494000 31.264000 1372.163000 42.459000 1390.978000 49.052000 1347.046000 9.074000 1391.117000 47.325000 1404.367000
49.382000 1412.081000 34.644000 1368.439000 44.812000 1388.387000 51.405000 1344.454000 11.410000 1388.525000 49.809000 1401.653000
52.425000 1408.583000 38.005000 1364.737000 47.164000 1385.795000 53.757000 1341.863000 11.410000 1388.525000 52.212000 1399.062000
55.622000 1405.022000 41.386000 1361.013000 49.517000 1383.204000 56.110000 1339.271000 13.631000 1386.045000 54.544000 1396.493000
58.680000 1401.547000 44.696000 1357.310000 51.869000 1380.612000 58.462000 1336.680000 13.631000 1386.045000 56.897000 1393.901000
61.689000 1398.135000 47.925000 1353.731000 54.222000 1378.021000 60.815000 1334.089000 15.795000 1383.713000 59.249000 1391.310000
64.665000 1394.684000 51.082000 1350.276000 56.574000 1375.429000 63.167000 1331.497000 15.795000 1383.713000 61.602000 1388.719000
67.728000 1391.126000 54.156000 1346.945000 58.927000 1372.838000 65.520000 1328.906000 17.960000 1381.381000 63.954000 1386.127000
70.887000 1387.438000 57.161000 1343.635000 61.280000 1370.246000 67.872000 1326.314000 17.960000 1381.381000 66.307000 1383.536000
74.407000 1383.406000 60.186000 1340.303000 63.632000 1367.655000 70.225000 1323.723000 20.194000 1378.922000 68.659000 1380.944000
78.373000 1378.974000 63.211000 1336.971000 65.985000 1365.064000 72.577000 1321.131000 20.194000 1378.922000 71.012000 1378.353000
82.779000 1374.138000 66.235000 1333.639000 68.337000 1362.472000 74.930000 1318.540000 22.517000 1376.308000 73.384000 1375.739000
87.649000 1368.918000 69.260000 1330.308000 70.690000 1359.881000 77.282000 1315.948000 22.517000 1376.308000 75.687000 1373.147000
92.939000 1363.298000 72.311000 1326.957000 73.062000 1357.267000 79.661000 1313.338000 24.853000 1373.716000 77.907000 1370.678000
98.301000 1357.729000 75.281000 1323.653000 75.365000 1354.675000 81.958000 1310.736000 24.853000 1373.716000 80.056000 1368.334000
103.663000 1352.161000 78.179000 1320.419000 77.599000 1352.217000 84.177000 1308.280000 27.120000 1371.237000 82.122000 1366.114000
109.025000 1346.592000 81.236000 1317.166000 79.784000 1349.863000 86.545000 1305.946000 27.120000 1371.237000 84.119000 1363.915000
114.388000 1341.023000 84.373000 1313.821000 81.901000 1347.530000 88.986000 1303.764000 29.340000 1368.792000 86.135000 1361.693000
119.750000 1335.455000 87.610000 1310.349000 84.031000 1345.184000 91.518000 1301.673000 29.340000 1368.792000 88.151000 1359.472000
125.052000 1329.866000 90.993000 1306.831000 86.130000 1342.872000 94.191000 1299.572000 31.607000 1366.314000 90.168000 1357.251000
129.822000 1324.910000 94.364000 1303.341000 88.184000 1340.609000 96.849000 1297.461000 31.607000 1366.314000 92.184000 1355.030000
133.661000 1320.921000 97.735000 1299.850000 90.311000 1338.278000 99.508000 1295.350000 33.943000 1363.721000 94.201000 1352.808000
136.370000 1318.104000 101.106000 1296.360000 92.390000 1335.940000 102.167000 1293.239000 33.943000 1363.721000 96.217000 1350.587000
137.948000 1316.463000 104.477000 1292.870000 94.421000 1333.704000 104.826000 1291.129000 36.266000 1361.107000 98.234000 1348.366000
138.578000 1315.807000 107.872000 1289.346000 96.669000 1331.530000 107.495000 1289.043000 36.266000 1361.107000 100.250000 1346.144000
138.715000 1315.820000 111.136000 1285.889000 99.045000 1329.291000 110.147000 1286.937000 38.500000 1358.649000 102.267000 1343.923000
139.229000 1315.253000 114.269000 1282.616000 101.587000 1326.891000 112.715000 1284.647000 38.500000 1358.649000 104.283000 1341.702000
140.332000 1314.039000 117.256000 1279.458000 104.330000 1324.444000 115.219000 1282.255000 40.685000 1356.295000 106.299000 1339.481000
142.050000 1312.147000 120.101000 1276.494000 107.077000 1322.026000 117.658000 1279.691000 40.685000 1356.295000 108.316000 1337.259000
144.386000 1309.572000 122.806000 1273.566000 109.824000 1319.609000 120.012000 1277.074000 42.782000 1353.984000 110.352000 1335.016000
147.226000 1306.444000 125.487000 1270.601000 112.571000 1317.191000 122.356000 1274.480000 42.782000 1353.984000 112.319000 1332.794000
150.300000 1303.059000 128.183000 1267.641000 115.318000 1314.774000 124.708000 1271.888000 44.932000 1351.639000 114.203000 1330.696000
153.480000 1299.555000 130.835000 1264.684000 118.065000 1312.356000 127.061000 1269.297000 44.932000 1351.639000 116.015000 1328.722000
156.777000 1295.845000 133.569000 1261.714000 120.834000 1309.924000 129.413000 1266.705000 47.149000 1349.193000 117.746000 1326.872000
160.140000 1292.123000 136.424000 1258.713000 123.465000 1307.509000 131.766000 1264.114000 47.149000 1349.193000 119.406000 1325.043000
163.603000 1288.419000 139.385000 1255.677000 125.955000 1305.166000 134.118000 1261.522000 49.418000 1346.693000 121.087000 1323.192000
167.109000 1284.707000 142.455000 1252.619000 128.289000 1302.904000 136.471000 1258.931000 49.418000 1346.693000 122.767000 1321.340000
170.691000 1280.993000 145.656000 1249.559000 130.471000 1300.699000 138.823000 1256.339000 51.735000 1344.122000 124.447000 1319.489000
174.395000 1277.289000 148.835000 1246.503000 132.507000 1298.492000 141.176000 1253.748000 51.735000 1344.122000 126.128000 1317.638000
178.605000 1273.039000 152.015000 1243.446000 134.515000 1296.268000 143.528000 1251.156000 54.107000 1341.509000 127.808000 1315.787000
183.415000 1268.209000 155.194000 1240.390000 136.531000 1294.046000 145.881000 1248.565000 54.107000 1341.509000 129.488000 1313.936000
188.548000 1262.927000 158.374000 1237.334000 138.547000 1291.825000 148.233000 1245.973000 56.460000 1338.917000 131.169000 1312.085000
193.050000 1258.433000 161.549000 1234.256000 140.564000 1289.604000 150.586000 1243.382000 56.460000 1338.917000 132.849000 1310.234000
196.983000 1254.473000 164.739000 1231.219000 142.580000 1287.383000 152.938000 1240.791000 58.812000 1336.326000 134.530000 1308.383000
200.357000 1251.127000 167.942000 1228.277000 144.597000 1285.161000 155.291000 1238.199000 58.812000 1336.326000 136.210000 1306.532000
203.436000 1248.147000 171.116000 1225.348000 146.613000 1282.940000 157.643000 1235.608000 61.165000 1333.734000 137.890000 1304.681000
206.682000 1244.927000 174.255000 1222.465000 148.630000 1280.719000 159.996000 1233.016000 61.165000 1333.734000 139.571000 1302.830000
210.710000 1240.904000 177.372000 1219.641000 150.646000 1278.498000 162.348000 1230.425000 63.537000 1331.121000 141.251000 1300.979000
215.029000 1236.702000 180.484000 1216.829000 152.663000 1276.276000 164.701000 1227.833000 63.537000 1331.121000 142.931000 1299.128000
219.317000 1232.467000 183.609000 1213.969000 154.679000 1274.055000 167.053000 1225.242000 65.840000 1328.529000 144.612000 1297.277000
223.293000 1228.675000 186.673000 1210.982000 156.715000 1271.812000 169.406000 1222.650000 65.840000 1328.529000 146.292000 1295.426000
226.896000 1225.284000 189.687000 1208.024000 158.682000 1269.590000 171.758000 1220.059000 68.060000 1326.060000 147.973000 1293.575000
230.126000 1222.266000 192.629000 1205.177000 160.566000 1267.491000 174.111000 1217.467000 68.060000 1326.060000 149.653000 1291.724000
233.024000 1219.694000 195.689000 1202.300000 162.378000 1265.517000 176.463000 1214.876000 70.195000 1323.709000 151.311000 1289.853000
235.603000 1217.298000 198.799000 1199.300000 164.109000 1263.667000 178.816000 1212.284000 70.195000 1323.709000 153.036000 1288.021000
238.271000 1214.702000 201.985000 1196.179000 165.769000 1261.838000 181.169000 1209.693000 72.211000 1321.487000 154.806000 1286.272000
240.876000 1212.172000 205.250000 1193.039000 167.470000 1259.965000 183.521000 1207.101000 72.211000 1321.487000 156.632000 1284.533000
243.401000 1209.767000 208.493000 1189.919000 169.100000 1258.113000 185.874000 1204.510000 74.110000 1319.396000 158.350000 1282.787000
246.024000 1207.268000 211.736000 1186.800000 170.649000 1256.385000 188.214000 1201.912000 74.110000 1319.396000 160.009000 1281.102000
248.816000 1204.550000 214.979000 1183.680000 172.125000 1254.781000 190.580000 1199.320000 75.917000 1317.424000 161.693000 1279.472000
251.771000 1201.676000 218.222000 1180.560000 173.499000 1253.323000 193.013000 1196.765000 75.917000 1317.424000 163.463000 1277.687000
254.889000 1198.594000 221.465000 1177.441000 174.860000 1251.844000 195.492000 1194.259000 77.627000 1315.590000 165.308000 1275.773000
258.175000 1195.402000 224.708000 1174.321000 176.289000 1250.250000 198.052000 1191.742000 77.627000 1315.590000 167.273000 1273.672000
261.451000 1192.251000 227.951000 1171.201000 177.727000 1248.666000 200.736000 1189.510000 79.319000 1313.754000 169.224000 1271.489000
264.726000 1189.099000 231.194000 1168.081000 179.229000 1247.031000 203.485000 1187.386000 79.319000 1313.754000 171.173000 1269.341000
268.002000 1185.948000 234.437000 1164.962000 180.787000 1245.333000 206.337000 1185.538000 81.148000 1311.800000 173.122000 1267.194000
271.278000 1182.797000 237.680000 1161.842000 182.412000 1243.581000 209.086000 1183.413000 81.148000 1311.800000 175.072000 1265.047000
274.554000 1179.646000 240.944000 1158.702000 184.150000 1241.727000 211.777000 1181.188000 83.073000 1309.728000 177.021000 1262.900000
277.820000 1176.425000 244.145000 1155.602000 185.987000 1239.861000 214.333000 1178.654000 83.073000 1309.728000 178.975000 1260.695000
280.853000 1173.529000 247.300000 1152.587000 187.890000 1237.931000 216.882000 1176.198000 85.098000 1307.569000 180.926000 1258.813000
283.643000 1170.876000 250.401000 1149.605000 189.905000 1235.929000 219.416000 1173.759000 85.098000 1307.569000 182.852000 1257.087000
286.191000 1168.459000 253.556000 1146.591000 191.901000 1233.957000 221.938000 1171.332000 87.247000 1305.397000 184.736000 1255.606000
288.511000 1166.353000 256.757000 1143.491000 193.884000 1231.935000 224.458000 1168.908000 87.247000 1305.397000 186.580000 1254.127000
290.615000 1164.358000 260.021000 1140.351000 195.892000 1230.036000 226.981000 1166.482000 89.373000 1303.242000 188.407000 1252.510000
292.791000 1162.255000 263.264000 1137.231000 197.952000 1228.289000 229.503000 1164.055000 89.373000 1303.242000 190.237000 1250.633000
294.953000 1160.175000 266.507000 1134.111000 200.032000 1226.645000 232.026000 1161.629000 91.498000 1301.086000 192.069000 1248.829000
297.115000 1158.096000 269.750000 1130.991000 202.092000 1224.898000 234.548000 1159.202000 91.498000 1301.086000 193.903000 1246.990000
299.277000 1156.016000 273.019000 1127.854000 204.112000 1222.984000 237.070000 1156.776000 93.624000 1298.930000 195.733000 1245.218000
301.439000 1153.936000 276.189000 1124.773000 206.086000 1220.963000 239.593000 1154.350000 93.624000 1298.930000 197.553000 1243.589000
303.601000 1151.856000 279.428000 1121.746000 208.005000 1219.063000 242.115000 1151.923000 95.750000 1296.774000 199.369000 1242.013000
305.770000 1149.778000 282.887000 1118.595000 209.883000 1217.257000 244.637000 1149.497000 95.750000 1296.774000 201.189000 1240.384000
307.886000 1147.737000 286.528000 1115.310000 211.694000 1215.525000 247.160000 1147.070000 97.876000 1294.619000 203.019000 1238.612000
310.157000 1145.574000 290.368000 1111.869000 213.485000 1213.805000 249.682000 1144.644000 97.876000 1294.619000 204.855000 1236.769000
312.575000 1143.215000 294.423000 1108.336000 215.286000 1212.072000 252.204000 1142.217000 100.001000 1292.463000 206.687000 1234.964000
315.151000 1140.707000 298.487000 1104.843000 217.088000 1210.339000 254.727000 1139.791000 100.001000 1292.463000 208.510000 1233.181000
317.881000 1137.994000 302.551000 1101.351000 218.890000 1208.606000 257.249000 1137.364000 102.127000 1290.307000 210.321000 1231.427000
320.775000 1135.182000 306.614000 1097.858000 220.691000 1206.873000 259.772000 1134.938000 102.127000 1290.307000 212.122000 1229.694000
323.658000 1132.409000 310.678000 1094.365000 222.493000 1205.139000 262.294000 1132.511000 104.253000 1288.151000 213.922000 1227.964000
326.541000 1129.636000 314.759000 1090.847000 224.295000 1203.406000 264.816000 1130.085000 104.253000 1288.151000 215.724000 1226.231000
329.423000 1126.863000 318.688000 1087.356000 226.096000 1201.673000 267.339000 1127.659000 106.379000 1285.996000 217.526000 1224.498000
332.306000 1124.089000 322.457000 1084.005000 227.898000 1199.940000 269.861000 1125.232000 106.379000 1285.996000 219.328000 1222.765000
335.189000 1121.316000 326.050000 1080.775000 229.700000 1198.207000 272.383000 1122.806000 108.505000 1283.840000 221.129000 1221.032000
338.110000 1118.584000 329.472000 1077.670000 231.501000 1196.474000 274.906000 1120.379000 108.505000 1283.840000 222.931000 1219.298000
341.368000 1115.719000 332.735000 1074.575000 233.303000 1194.740000 277.428000 1117.953000 110.630000 1281.684000 224.733000 1217.565000
345.028000 1112.575000 335.970000 1071.452000 235.105000 1193.007000 279.951000 1115.526000 110.630000 1281.684000 226.534000 1215.832000
349.104000 1109.174000 339.213000 1068.333000 236.906000 1191.274000 282.473000 1113.100000 112.756000 1279.528000 228.315000 1214.119000
353.573000 1105.517000 342.456000 1065.213000 238.708000 1189.541000 284.995000 1110.673000 112.756000 1279.528000 230.173000 1212.387000
358.371000 1101.575000 345.699000 1062.093000 240.510000 1187.808000 287.544000 1108.229000 114.882000 1277.373000 232.116000 1210.548000
363.167000 1097.555000 348.942000 1058.973000 242.312000 1186.075000 290.003000 1105.793000 114.882000 1277.373000 234.137000 1208.574000
367.970000 1093.566000 352.185000 1055.854000 244.113000 1184.341000 292.403000 1103.486000 117.008000 1275.217000 236.242000 1206.493000
372.773000 1089.576000 355.428000 1052.734000 245.915000 1182.608000 294.855000 1101.303000 117.008000 1275.217000 238.426000 1204.393000
377.576000 1085.586000 358.671000 1049.614000 247.717000 1180.875000 297.388000 1099.270000 119.121000 1273.070000 240.588000 1202.313000
382.215000 1081.649000 361.915000 1046.494000 249.461000 1179.082000 299.989000 1097.315000 119.121000 1273.070000 242.750000 1200.234000
386.089000 1078.458000 365.158000 1043.375000 250.902000 1177.467000 302.714000 1095.351000 121.261000 1270.914000 244.912000 1198.154000
388.960000 1076.112000 368.409000 1040.327000 252.190000 1175.981000 305.421000 1093.379000 121.261000 1270.914000 247.074000 1196.074000
390.792000 1074.630000 371.896000 1036.967000 253.360000 1174.649000 308.127000 1091.406000 123.468000 1268.715000 249.236000 1193.994000
391.637000 1073.965000 375.656000 1033.367000 254.648000 1173.163000 310.834000 1089.433000 123.468000 1268.715000 251.398000 1191.914000
391.726000 1074.043000 379.583000 1029.444000 256.090000 1171.548000 313.540000 1087.460000 125.721000 1266.458000 253.560000 1189.834000
391.828000 1074.007000 383.386000 1026.049000 257.834000 1169.755000 316.247000 1085.487000 125.721000 1266.458000 255.722000 1187.755000
392.227000 1073.618000 387.000000 1022.888000 259.635000 1168.022000 318.956000 1083.538000 128.042000 1264.157000 257.884000 1185.675000
393.124000 1072.730000 390.400000 1020.143000 261.437000 1166.289000 321.671000 1081.569000 128.042000 1264.157000 260.046000 1183.595000
394.610000 1071.249000 393.782000 1017.243000 263.239000 1164.556000 324.349000 1079.435000 130.388000 1261.847000 262.208000 1181.515000
396.664000 1069.198000 397.252000 1014.210000 265.040000 1162.823000 326.972000 1077.196000 130.388000 1261.847000 264.370000 1179.435000
399.171000 1066.688000 401.054000 1010.671000 266.842000 1161.089000 329.551000 1074.787000 132.723000 1259.546000 266.532000 1177.356000
401.966000 1063.815000 404.936000 1007.092000 268.651000 1159.358000 332.070000 1072.336000 132.723000 1259.546000 268.694000 1175.276000
404.749000 1061.047000 408.818000 1003.514000 270.457000 1157.604000 334.585000 1069.907000 135.057000 1257.245000 270.856000 1173.196000
407.644000 1058.243000 412.700000 999.935000 272.200000 1155.860000 337.107000 1067.481000 135.057000 1257.245000 273.018000 1171.116000
410.615000 1055.425000 416.598000 996.298000 273.898000 1154.208000 339.630000 1065.055000 137.391000 1254.944000 275.180000 1169.036000
413.698000 1052.591000 420.352000 992.861000 275.542000 1152.686000 342.152000 1062.628000 137.391000 1254.944000 277.342000 1166.956000
416.920000 1049.564000 423.993000 989.606000 277.137000 1151.269000 344.674000 1060.202000 139.726000 1252.643000 279.504000 1164.877000
420.254000 1046.426000 427.526000 986.491000 278.735000 1149.874000 347.197000 1057.775000 139.726000 1252.643000 281.666000 1162.797000
423.665000 1043.120000 430.916000 983.638000 280.338000 1148.459000 349.719000 1055.349000 142.060000 1250.342000 283.828000 1160.717000
427.187000 1039.713000 434.274000 980.749000 281.940000 1147.043000 352.242000 1052.922000 142.060000 1250.342000 285.990000 1158.637000
430.688000 1036.347000 437.689000 977.779000 283.543000 1145.627000 354.764000 1050.496000 144.419000 1248.013000 288.152000 1156.557000
434.189000 1032.982000 441.090000 974.832000 285.145000 1144.212000 357.286000 1048.069000 144.419000 1248.013000 290.314000 1154.478000
437.690000 1029.616000 444.490000 971.884000 286.748000 1142.796000 359.809000 1045.643000 146.663000 1245.734000 292.476000 1152.398000
441.191000 1026.250000 447.890000 968.937000 288.353000 1141.377000 362.331000 1043.217000 146.663000 1245.734000 294.638000 1150.318000
444.961000 1022.700000 451.291000 965.989000 289.942000 1139.984000 364.853000 1040.790000 148.829000 1243.578000 296.800000 1148.238000
449.460000 1018.345000 454.691000 963.042000 291.553000 1138.568000 367.376000 1038.364000 148.829000 1243.578000 298.962000 1146.158000
454.118000 1013.732000 458.091000 960.094000 293.180000 1137.102000 369.898000 1035.937000 150.911000 1241.469000 301.124000 1144.079000
458.430000 1009.553000 461.491000 957.147000 294.800000 1135.590000 372.420000 1033.511000 150.911000 1241.469000 303.312000 1141.981000
462.127000 1006.045000 464.892000 954.199000 296.467000 1133.997000 374.943000 1031.084000 152.894000 1239.389000 305.412000 1139.895000
464.896000 1003.470000 468.292000 951.251000 298.185000 1132.347000 377.465000 1028.658000 152.894000 1239.389000 307.454000 1137.921000
466.520000 1002.133000 471.692000 948.304000 299.966000 1130.613000 379.988000 1026.231000 154.787000 1237.308000 309.538000 1136.071000
467.760000 1001.049000 475.093000 945.356000 301.747000 1128.879000 382.489000 1023.825000 154.787000 1237.308000 311.704000 1134.359000
469.072000 999.930000 478.493000 942.409000 303.460000 1127.251000 385.053000 1021.379000 156.682000 1235.210000 313.934000 1132.690000
470.405000 998.756000 481.893000 939.461000 305.119000 1125.655000 387.663000 1018.847000 156.682000 1235.210000 316.284000 1131.007000
471.791000 997.584000 485.294000 936.514000 306.833000 1124.028000 390.329000 1016.284000 158.614000 1233.101000 318.615000 1129.320000
473.378000 996.270000 488.694000 933.566000 308.593000 1122.314000 392.919000 1013.751000 158.614000 1233.101000 320.947000 1127.632000
475.248000 994.648000 492.094000 930.619000 310.437000 1120.540000 395.567000 1011.319000 160.588000 1230.894000 323.278000 1125.945000
477.460000 992.730000 495.495000 927.671000 312.197000 1118.826000 398.314000 1008.917000 160.588000 1230.894000 325.609000 1124.257000
480.030000 990.503000 498.895000 924.724000 313.909000 1117.178000 401.125000 1006.430000 162.621000 1228.651000 327.940000 1122.529000
482.896000 987.987000 502.295000 921.776000 315.570000 1115.602000 404.050000 1003.771000 162.621000 1228.651000 330.071000 1120.892000
485.942000 985.310000 505.695000 918.829000 317.152000 1114.080000 407.017000 1001.311000 164.695000 1226.464000 332.004000 1119.401000
489.074000 982.629000 509.096000 915.881000 318.813000 1112.504000 410.018000 998.963000 164.695000 1226.464000 333.743000 1118.057000
492.282000 979.845000 512.496000 912.934000 320.525000 1110.835000 413.102000 996.866000 166.807000 1224.322000 335.299000 1116.787000
495.576000 976.938000 515.896000 909.986000 322.293000 1109.143000 416.095000 994.509000 166.807000 1224.322000 336.674000 1115.440000
498.883000 974.027000 519.297000 907.039000 323.989000 1107.481000 419.041000 992.068000 168.976000 1222.214000 338.130000 1114.031000
502.148000 971.139000 522.697000 904.091000 325.640000 1105.874000 421.935000 989.348000 168.976000 1222.214000 339.592000 1112.624000
505.368000 968.303000 526.097000 901.144000 327.415000 1104.292000 424.899000 986.720000 171.147000 1220.077000 340.977000 1111.237000
508.615000 965.480000 529.498000 898.196000 329.255000 1102.704000 427.922000 984.100000 171.147000 1220.077000 342.277000 1109.956000
511.936000 962.610000 532.898000 895.248000 331.193000 1101.146000 430.954000 981.482000 173.323000 1218.003000 343.499000 1108.810000
515.233000 959.752000 536.276000 892.320000 333.202000 1099.623000 433.976000 978.862000 173.323000 1218.003000 344.637000 1107.771000
518.530000 956.894000 539.738000 889.373000 335.193000 1098.086000 436.999000 976.242000 175.526000 1216.082000 345.697000 1106.752000
521.827000 954.036000 543.285000 886.323000 337.183000 1096.550000 440.021000 973.622000 175.526000 1216.082000 346.778000 1105.712000
525.125000 951.177000 546.909000 883.146000 339.174000 1095.013000 443.044000 971.002000 177.741000 1214.219000 347.859000 1104.672000
528.422000 948.319000 550.624000 879.886000 341.165000 1093.476000 446.066000 968.382000 177.741000 1214.219000 348.940000 1103.632000
531.720000 945.396000 554.400000 876.653000 343.156000 1091.940000 449.089000 965.762000 179.944000 1212.298000 350.021000 1102.592000
535.031000 942.706000 558.145000 873.494000 345.160000 1090.372000 452.111000 963.142000 179.944000 1212.298000 351.102000 1101.552000
538.300000 940.202000 561.888000 870.352000 347.014000 1088.856000 455.134000 960.522000 182.120000 1210.225000 352.183000 1100.512000
541.499000 937.851000 565.651000 867.175000 348.740000 1087.481000 458.156000 957.902000 182.120000 1210.225000 353.285000 1099.452000
544.646000 935.774000 569.369000 864.003000 350.346000 1086.201000 461.179000 955.282000 184.290000 1208.081000 354.309000 1098.411000
547.720000 933.671000 573.046000 860.869000 351.804000 1084.931000 464.224000 952.643000 184.290000 1208.081000 355.249000 1097.477000
550.761000 931.481000 576.671000 857.800000 353.200000 1083.575000 467.200000 950.041000 186.454000 1205.948000 356.126000 1096.698000
553.819000 929.281000 580.285000 854.754000 354.655000 1082.166000 470.132000 947.521000 186.454000 1205.948000 356.888000 1096.007000
556.753000 927.243000 583.932000 851.709000 356.096000 1080.780000 473.005000 945.030000 188.512000 1203.837000 357.765000 1095.228000
560.146000 924.562000 587.460000 848.616000 357.538000 1079.393000 475.935000 942.490000 188.512000 1203.837000 358.705000 1094.294000
564.141000 921.191000 590.947000 845.504000 358.979000 1078.006000 478.914000 939.908000 190.474000 1201.887000 359.750000 1093.233000
568.787000 917.086000 594.351000 842.439000 360.420000 1076.620000 481.844000 937.368000 190.474000 1201.887000 360.795000 1092.172000
574.109000 912.250000 597.876000 839.362000 361.862000 1075.233000 484.717000 934.877000 192.339000 1200.042000 361.750000 1091.257000
579.954000 906.717000 601.475000 836.220000 363.303000 1073.847000 487.649000 932.357000 192.339000 1200.042000 362.633000 1090.460000
585.499000 901.663000 605.198000 832.955000 364.744000 1072.460000 490.625000 929.755000 194.105000 1198.360000 363.500000 1089.642000
590.528000 897.139000 608.976000 829.585000 366.186000 1071.074000 493.670000 927.116000 194.105000 1198.360000 364.413000 1088.747000
595.038000 893.152000 612.677000 826.292000 367.627000 1069.687000 496.693000 924.496000 195.798000 1196.704000 365.385000 1087.811000
599.039000 889.690000 616.333000 823.081000 369.068000 1068.301000 499.715000 921.876000 195.798000 1196.704000 366.345000 1086.889000
602.659000 886.710000 619.931000 819.901000 370.510000 1066.914000 502.738000 919.256000 197.510000 1195.022000 367.338000 1085.954000
606.193000 883.731000 623.587000 816.690000 371.951000 1065.528000 505.760000 916.636000 197.510000 1195.022000 368.377000 1084.934000
609.677000 880.794000 627.288000 813.398000 373.393000 1064.141000 508.805000 913.997000 199.222000 1193.340000 369.479000 1083.874000
613.234000 877.796000 631.056000 810.067000 374.834000 1062.754000 511.781000 911.395000 199.222000 1193.340000 370.560000 1082.834000
616.745000 874.786000 634.802000 806.755000 376.275000 1061.368000 514.714000 908.875000 200.934000 1191.658000 371.641000 1081.794000
620.185000 871.886000 638.549000 803.444000 377.717000 1059.981000 517.587000 906.385000 200.934000 1191.658000 372.722000 1080.754000
623.567000 869.058000 642.295000 800.132000 379.158000 1058.595000 520.519000 903.865000 202.647000 1189.976000 373.803000 1079.714000
626.818000 866.292000 646.041000 796.821000 380.599000 1057.208000 523.495000 901.263000 202.647000 1189.976000 374.884000 1078.674000
629.991000 863.624000 649.787000 793.509000 382.041000 1055.822000 526.540000 898.624000 204.359000 1188.295000 375.965000 1077.634000
633.098000 861.084000 653.533000 790.198000 383.482000 1054.435000 529.563000 896.004000 204.359000 1188.295000 377.046000 1076.594000
635.984000 858.389000 657.280000 786.886000 384.923000 1053.049000 532.608000 893.365000 206.071000 1186.613000 378.127000 1075.554000
638.622000 855.618000 661.026000 783.575000 386.365000 1051.662000 535.568000 890.744000 206.071000 1186.613000 379.208000 1074.514000
641.063000 853.219000 664.772000 780.263000 387.827000 1050.255000 538.442000 888.223000 207.784000 1184.931000 380.289000 1073.474000
643.251000 850.986000 668.518000 776.952000 389.227000 1048.889000 541.235000 885.831000 207.784000 1184.931000 381.370000 1072.435000
645.550000 849.058000 672.264000 773.640000 390.582000 1047.603000 543.942000 883.539000 209.496000 1183.249000 382.430000 1071.415000
648.174000 846.741000 675.993000 770.326000 391.880000 1046.354000 546.542000 881.285000 209.496000 1183.249000 383.568000 1070.376000
651.153000 844.119000 679.851000 767.028000 393.215000 1045.096000 549.233000 878.974000 211.208000 1181.567000 384.790000 1069.230000
654.471000 841.152000 683.785000 763.730000 394.606000 1043.783000 551.967000 876.582000 211.208000 1181.567000 386.090000 1067.949000
658.108000 837.791000 687.798000 760.384000 396.042000 1042.453000 554.762000 874.160000 212.920000 1179.885000 387.475000 1066.562000
661.783000 834.475000 691.888000 756.959000 397.455000 1041.148000 557.497000 871.768000 212.920000 1179.885000 388.937000 1065.155000
665.459000 831.159000 695.911000 753.428000 398.864000 1039.799000 560.188000 869.456000 214.633000 1178.203000 390.379000 1063.769000
669.134000 827.843000 699.862000 749.935000 400.284000 1038.528000 562.810000 867.183000 214.633000 1178.203000 391.803000 1062.394000
672.810000 824.528000 703.863000 746.609000 401.730000 1037.423000 565.432000 864.910000 216.345000 1176.521000 393.279000 1061.008000
676.499000 821.175000 707.794000 743.426000 403.186000 1036.381000 568.139000 862.618000 216.345000 1176.521000 394.831000 1059.560000
680.031000 817.911000 711.699000 740.212000 404.632000 1035.276000 570.916000 860.208000 218.057000 1174.840000 396.443000 1058.032000
683.415000 814.848000 715.559000 736.867000 406.053000 1034.005000 573.751000 857.697000 218.057000 1174.840000 398.136000 1056.416000
686.653000 811.928000 719.318000 733.536000 407.461000 1032.656000 576.660000 855.176000 219.770000 1173.158000 399.871000 1054.841000
689.751000 809.202000 723.004000 730.342000 408.870000 1031.347000 579.520000 852.707000 219.770000 1173.158000 401.574000 1053.392000
692.713000 806.531000 726.613000 727.257000 410.285000 1030.037000 582.345000 850.259000 221.488000 1171.466000 403.272000 1051.985000
695.471000 804.039000 730.100000 724.167000 411.729000 1028.728000 585.238000 847.815000 221.488000 1171.466000 404.975000 1050.535000
698.008000 801.725000 733.606000 721.025000 413.211000 1027.418000 588.196000 845.437000 223.200000 1169.783000 406.694000 1048.972000
700.401000 799.657000 737.112000 717.894000 414.722000 1026.108000 591.155000 843.106000 223.200000 1169.783000 408.411000 1047.359000
702.974000 797.342000 740.618000 714.764000 416.239000 1024.798000 594.103000 840.739000 224.883000 1168.154000 410.135000 1045.770000
705.729000 794.849000 744.125000 711.634000 417.750000 1023.488000 597.031000 838.263000 224.883000 1168.154000 411.923000 1044.166000
708.797000 792.129000 747.631000 708.504000 419.262000 1022.178000 599.911000 835.756000 226.527000 1166.593000 413.747000 1042.544000
711.979000 789.199000 751.139000 705.380000 420.773000 1020.868000 602.728000 833.341000 226.527000 1166.593000 415.635000 1040.906000
714.534000 787.028000 754.645000 702.250000 422.284000 1019.558000 605.459000 831.038000 228.142000 1165.084000 417.534000 1039.266000
716.818000 785.096000 758.143000 699.087000 423.795000 1018.248000 608.062000 828.746000 228.142000 1165.084000 419.423000 1037.628000
719.070000 783.369000 761.630000 695.881000 425.329000 1016.919000 610.593000 826.411000 229.751000 1163.586000 421.312000 1035.991000
721.514000 781.288000 765.108000 692.642000 426.778000 1015.608000 613.016000 824.092000 229.751000 1163.586000 423.201000 1034.353000
724.322000 778.873000 768.584000 689.397000 428.141000 1014.397000 615.530000 821.813000 231.366000 1162.078000 425.090000 1032.716000
727.793000 775.681000 772.062000 686.159000 429.423000 1013.315000 618.089000 819.576000 231.366000 1162.078000 426.979000 1031.078000
731.275000 772.708000 775.540000 682.920000 430.619000 1012.333000 620.770000 817.295000 232.981000 1160.569000 428.868000 1029.441000
734.597000 769.838000 779.018000 679.682000 431.730000 1011.370000 623.380000 814.957000 232.981000 1160.569000 430.757000 1027.803000
737.856000 766.928000 782.496000 676.443000 432.863000 1010.388000 626.002000 812.639000 234.595000 1159.060000 432.646000 1026.166000
740.988000 764.150000 786.068000 673.218000 433.996000 1009.405000 628.624000 810.321000 234.595000 1159.060000 434.535000 1024.528000
743.986000 761.507000 790.029000 669.950000 435.130000 1008.423000 631.247000 808.003000 236.210000 1157.552000 436.424000 1022.891000
746.849000 759.004000 794.184000 666.641000 436.263000 1007.440000 633.869000 805.744000 236.210000 1157.552000 438.313000 1021.253000
749.586000 756.623000 798.446000 663.394000 437.397000 1006.458000 636.654000 803.311000 237.825000 1156.043000 440.202000 1019.616000
752.240000 754.240000 802.562000 660.279000 438.530000 1005.475000 639.508000 800.749000 237.825000 1156.043000 442.091000 1017.978000
754.914000 751.843000 806.454000 657.305000 439.664000 1004.493000 642.466000 798.037000 239.440000 1154.534000 443.980000 1016.341000
757.588000 749.446000 809.955000 654.352000 440.797000 1003.510000 645.319000 795.474000 239.440000 1154.534000 445.869000 1014.703000
760.262000 747.049000 813.310000 651.391000 441.930000 1002.528000 648.104000 793.042000 241.055000 1153.026000 447.759000 1013.066000
762.936000 744.652000 816.568000 648.550000 443.064000 1001.545000 650.727000 790.783000 241.055000 1153.026000 449.648000 1011.428000
765.610000 742.255000 819.739000 645.837000 444.197000 1000.563000 653.349000 788.465000 242.670000 1151.517000 451.537000 1009.791000
768.261000 739.785000 822.823000 643.241000 445.331000 999.580000 655.971000 786.147000 242.670000 1151.517000 453.426000 1008.153000
770.630000 737.644000 825.807000 640.664000 446.464000 998.598000 658.594000 783.829000 244.284000 1150.008000 455.315000 1006.515000
772.690000 735.778000 828.772000 638.064000 447.598000 997.615000 661.216000 781.511000 244.284000 1150.008000 457.182000 1004.897000
774.454000 734.181000 831.747000 635.465000 448.731000 996.633000 663.816000 779.213000 245.899000 1148.500000 459.133000 1003.260000
775.924000 732.865000 834.721000 632.866000 449.864000 995.650000 666.500000 776.895000 245.899000 1148.500000 461.170000 1001.524000
777.166000 731.809000 837.695000 630.267000 451.020000 994.648000 669.269000 774.477000 247.514000 1146.991000 463.289000 999.658000
778.313000 730.744000 840.670000 627.668000 452.091000 993.665000 672.119000 771.927000 247.514000 1146.991000 465.494000 997.692000
779.404000 729.818000 843.629000 625.082000 453.077000 992.782000 675.055000 769.278000 249.129000 1145.482000 467.783000 995.708000
780.335000 728.971000 846.630000 622.483000 453.981000 992.028000 678.085000 766.598000 249.129000 1145.482000 470.049000 993.743000
780.975000 728.412000 849.703000 619.817000 454.798000 991.374000 681.074000 763.948000 250.744000 1143.974000 472.316000 991.778000
781.332000 728.100000 852.831000 617.063000 455.532000 990.738000 683.995000 761.354000 250.744000 1143.974000 474.583000 989.813000
781.485000 727.972000 856.032000 614.243000 456.287000 990.083000 686.876000 758.833000 252.359000 1142.465000 476.850000 987.848000
781.524000 728.138000 859.275000 611.410000 457.043000 989.428000 689.695000 756.375000 252.359000 1142.465000 479.117000 985.883000
782.162000 727.611000 862.502000 608.590000 457.799000 988.773000 692.483000 753.913000 253.973000 1140.956000 481.384000 983.918000
783.707000 726.292000 865.705000 605.800000 458.554000 988.118000 695.257000 751.411000 253.973000 1140.956000 483.651000 981.953000
786.188000 724.154000 869.034000 602.963000 459.310000 987.463000 698.009000 748.909000 255.588000 1139.448000 485.918000 979.988000
789.506000 721.276000 872.474000 599.942000 460.065000 986.808000 700.815000 746.408000 255.588000 1139.448000 488.184000 978.023000
793.474000 717.725000 876.031000 596.810000 460.821000 986.153000 703.686000 743.885000 257.203000 1137.939000 490.429000 976.077000
797.578000 714.139000 879.701000 593.494000 461.577000 985.498000 706.613000 741.310000 257.203000 1137.939000 492.742000 974.094000
801.682000 710.553000 883.495000 590.130000 462.332000 984.843000 709.612000 738.677000 258.818000 1136.430000 495.099000 972.029000
805.786000 706.966000 887.265000 586.796000 463.088000 984.188000 712.636000 736.035000 258.818000 1136.430000 497.494000 969.953000
809.890000 703.380000 891.036000 583.463000 463.844000 983.533000 715.648000 733.403000 260.433000 1134.922000 499.897000 967.870000
813.880000 699.798000 894.808000 580.132000 464.622000 982.859000 718.661000 730.771000 260.433000 1134.922000 502.277000 965.806000
817.272000 696.813000 898.580000 576.801000 465.331000 982.222000 721.673000 728.139000 262.048000 1133.413000 504.700000 963.732000
819.890000 694.495000 902.353000 573.470000 465.993000 981.647000 724.685000 725.507000 262.048000 1133.413000 507.192000 961.568000
821.702000 692.880000 906.124000 570.137000 466.597000 981.121000 727.697000 722.875000 263.662000 1131.904000 509.744000 959.356000
822.748000 691.936000 909.894000 566.803000 467.126000 980.665000 730.709000 720.243000 263.662000 1131.904000 512.342000 957.082000
823.204000 691.591000 913.664000 563.470000 467.598000 980.257000 733.721000 717.611000 265.277000 1130.396000 515.009000 954.770000
823.588000 691.264000 917.435000 560.136000 468.022000 979.911000 736.733000 714.979000 265.277000 1130.396000 517.654000 952.477000
823.979000 690.913000 921.205000 556.803000 468.377000 979.603000 739.745000 712.347000 266.892000 1128.887000 520.298000 950.185000
824.364000 690.703000 924.976000 553.470000 468.755000 979.275000 742.757000 709.715000 266.892000 1128.887000 522.943000 947.892000
825.210000 689.993000 928.746000 550.136000 469.133000 978.948000 745.769000 707.083000 268.507000 1127.378000 525.588000 945.600000
826.632000 688.783000 932.517000 546.803000 469.511000 978.620000 748.781000 704.451000 268.507000 1127.378000 528.232000 943.307000
828.662000 687.039000 936.287000 543.469000 469.889000 978.293000 751.793000 701.819000 270.122000 1125.870000 530.877000 941.015000
831.285000 684.768000 940.040000 540.162000 470.266000 977.965000 754.805000 699.187000 270.122000 1125.870000 533.522000 938.722000
834.387000 681.974000 943.852000 536.829000 470.644000 977.638000 757.817000 696.555000 271.739000 1124.352000 536.167000 936.430000
837.570000 679.192000 947.742000 533.328000 471.022000 977.310000 760.829000 693.923000 271.739000 1124.352000 538.811000 934.137000
840.753000 676.411000 951.698000 529.726000 471.400000 976.983000 763.841000 691.291000 273.340000 1122.865000 541.456000 931.845000
843.936000 673.629000 955.733000 525.955000 471.778000 976.655000 766.853000 688.659000 273.340000 1122.865000 544.101000 929.552000
847.120000 670.848000 959.826000 522.160000 472.155000 976.328000 769.865000 686.027000 274.942000 1121.405000 546.745000 927.260000
850.303000 668.066000 963.902000 518.390000 472.533000 976.000000 772.877000 683.395000 274.942000 1121.405000 549.390000 924.967000
853.410000 665.255000 967.978000 514.620000 472.911000 975.673000 775.889000 680.763000 276.619000 1119.892000 552.035000 922.675000
856.053000 662.925000 972.054000 510.850000 473.289000 975.345000 778.901000 678.131000 276.619000 1119.892000 554.679000 920.382000
858.111000 661.096000 976.130000 507.080000 473.667000 975.018000 781.913000 675.499000 278.337000 1118.274000 557.324000 918.090000
859.562000 659.796000 980.202000 503.302000 474.044000 974.690000 784.926000 672.867000 278.337000 1118.274000 559.969000 915.797000
860.437000 659.002000 984.278000 499.532000 474.422000 974.363000 787.938000 670.235000 280.119000 1116.549000 562.595000 913.519000
860.870000 658.669000 988.373000 495.806000 474.800000 974.035000 790.950000 667.603000 280.119000 1116.549000 565.282000 911.227000
861.260000 658.462000 992.491000 492.138000 475.178000 973.708000 793.962000 664.971000 281.934000 1114.793000 568.047000 908.863000
862.100000 657.758000 996.628000 488.514000 475.556000 973.380000 796.974000 662.339000 281.934000 1114.793000 570.879000 906.407000
863.508000 656.559000 1000.769000 484.898000 475.934000 973.053000 799.986000 659.707000 283.736000 1113.060000 573.790000 903.872000
865.517000 654.833000 1004.907000 481.274000 476.334000 972.706000 802.998000 657.074000 283.736000 1113.060000 576.759000 901.339000
868.113000 652.586000 1009.044000 477.650000 476.665000 972.397000 806.010000 654.442000 285.538000 1111.327000 579.705000 898.850000
871.182000 649.821000 1013.181000 474.026000 476.953000 972.169000 809.022000 651.810000 285.538000 1111.327000 582.649000 896.372000
874.331000 647.070000 1017.318000 470.402000 477.181000 971.971000 812.034000 649.178000 287.346000 1109.596000 585.610000 893.867000
877.480000 644.318000 1021.462000 466.780000 477.466000 971.724000 815.046000 646.546000 287.346000 1109.596000 588.530000 891.347000
880.629000 641.566000 1025.592000 463.154000 477.801000 971.434000 818.058000 643.914000 289.112000 1107.883000 591.379000 888.918000
883.778000 638.815000 1029.693000 459.517000 478.083000 971.167000 821.070000 641.282000 289.112000 1107.883000 594.182000 886.542000
886.926000 636.063000 1033.783000 455.877000 478.315000 970.988000 824.082000 638.650000 290.963000 1106.140000 596.913000 884.185000
889.985000 633.294000 1037.884000 452.240000 478.485000 970.840000 827.094000 636.018000 290.963000 1106.140000 599.677000 881.869000
892.506000 631.049000 1042.036000 448.594000 478.693000 970.661000 830.106000 633.386000 292.936000 1104.268000 602.427000 879.580000
894.448000 629.257000 1046.119000 444.972000 478.842000 970.532000 833.118000 630.754000 292.936000 1104.268000 605.124000 877.340000
896.105000 627.770000 1050.124000 441.467000 478.956000 970.433000 836.130000 628.122000 295.018000 1102.269000 607.759000 875.061000
897.777000 626.386000 1054.056000 438.073000 479.092000 970.315000 839.142000 625.490000 295.018000 1102.269000 610.369000 872.723000
899.765000 624.667000 1057.973000 434.661000 479.220000 970.204000 842.154000 622.858000 297.211000 1100.154000 612.992000 870.405000
902.345000 622.526000 1061.954000 431.155000 479.310000 970.104000 845.166000 620.226000 297.211000 1100.154000 615.614000 868.087000
905.512000 619.878000 1065.936000 427.649000 479.334000 970.105000 848.178000 617.594000 299.535000 1098.021000 618.236000 865.769000
908.793000 617.250000 1069.853000 424.236000 479.358000 970.106000 851.190000 614.962000 299.535000 1098.021000 620.859000 863.451000
912.074000 614.623000 1073.769000 420.823000 479.448000 970.006000 854.203000 612.330000 301.839000 1095.909000 623.481000 861.133000
915.355000 611.995000 1077.729000 417.336000 479.598000 969.877000 857.215000 609.698000 301.839000 1095.909000 626.103000 858.815000
918.637000 609.368000 1081.775000 413.793000 479.688000 969.777000 860.227000 607.066000 304.143000 1093.796000 628.726000 856.497000
921.918000 606.742000 1085.763000 410.299000 479.734000 969.759000 863.239000 604.434000 304.143000 1093.796000 631.348000 854.179000
925.120000 604.079000 1089.694000 406.856000 479.712000 969.778000 866.251000 601.802000 306.447000 1091.684000 633.970000 851.861000
927.833000 601.889000 1093.639000 403.399000 479.712000 969.778000 869.263000 599.170000 306.447000 1091.684000 636.593000 849.543000
930.016000 600.112000 1097.592000 399.937000 479.712000 969.778000 872.275000 596.538000 308.751000 1089.572000 639.215000 847.225000
931.913000 598.612000 1101.537000 396.480000 479.712000 969.778000 875.287000 593.906000 308.751000 1089.572000 641.837000 844.907000
933.626000 597.202000 1105.491000 393.018000 479.712000 969.778000 878.279000 591.305000 311.056000 1087.459000 644.460000 842.589000
935.555000 595.458000 1109.436000 389.562000 479.712000 969.778000 881.344000 588.651000 311.056000 1087.459000 647.082000 840.271000
937.899000 593.321000 1113.370000 386.127000 479.712000 969.778000 884.492000 585.812000 313.360000 1085.347000 649.704000 837.953000
940.678000 590.688000 1117.427000 382.652000 479.712000 969.778000 887.716000 582.861000 313.360000 1085.347000 652.327000 835.635000
943.525000 588.073000 1121.588000 379.068000 479.712000 969.778000 891.020000 579.721000 315.664000 1083.234000 654.949000 833.317000
946.371000 585.459000 1125.852000 375.370000 479.712000 969.778000 894.407000 576.538000 315.664000 1083.234000 657.571000 830.998000
949.217000 582.845000 1130.234000 371.591000 479.712000 969.778000 897.773000 573.376000 317.968000 1081.122000 660.194000 828.680000
952.054000 580.208000 1134.682000 367.817000 479.712000 969.778000 901.138000 570.224000 317.968000 1081.122000 662.816000 826.362000
954.940000 577.585000 1139.130000 364.021000 479.712000 969.778000 904.529000 567.105000 320.272000 1079.010000 665.438000 824.044000
957.749000 575.160000 1143.439000 360.267000 479.712000 969.778000 907.866000 564.098000 320.272000 1079.010000 668.061000 821.726000
960.427000 572.858000 1147.629000 356.680000 479.712000 969.778000 911.154000 561.233000 322.576000 1076.897000 670.683000 819.408000
962.991000 570.715000 1151.718000 353.219000 479.712000 969.778000 914.391000 558.410000 322.576000 1076.897000 673.305000 817.090000
965.438000 568.702000 1155.658000 349.862000 479.712000 969.778000 917.686000 555.545000 324.880000 1074.785000 675.928000 814.772000
967.745000 566.676000 1159.573000 346.484000 479.712000 969.778000 921.047000 552.579000 324.880000 1074.785000 678.550000 812.454000
970.070000 564.639000 1163.575000 343.008000 479.712000 969.778000 924.408000 549.613000 327.184000 1072.672000 681.172000 810.136000
972.395000 562.602000 1167.635000 339.484000 479.712000 969.778000 927.700000 546.729000 327.184000 1072.672000 683.795000 807.818000
974.720000 560.566000 1171.743000 335.897000 479.712000 969.778000 930.939000 543.891000 329.488000 1070.560000 686.417000 805.500000
977.045000 558.529000 1175.919000 332.272000 479.712000 969.778000 934.097000 541.111000 329.488000 1070.560000 689.039000 803.182000
979.370000 556.492000 1180.072000 328.667000 479.712000 969.778000 937.136000 538.427000 331.793000 1068.447000 691.662000 800.864000
981.655000 554.395000 1184.226000 325.062000 479.712000 969.778000 940.041000 535.866000 17.354000 1420.974000 694.284000 798.546000
983.600000 552.670000 1188.380000 321.457000 479.712000 969.778000 942.804000 533.456000 331.793000 1068.447000 696.906000 796.228000
985.136000 551.295000 1192.534000 317.852000 479.712000 969.778000 945.448000 531.114000 334.074000 1066.351000 699.529000 793.910000
986.239000 550.302000 1196.710000 314.228000 479.712000 969.778000 947.965000 528.784000 334.074000 1066.351000 702.148000 791.588000
986.947000 549.707000 1200.801000 310.622000 479.712000 969.778000 950.503000 526.440000 19.211000 1418.878000 704.770000 789.270000
987.772000 549.138000 1204.823000 307.135000 479.712000 969.778000 953.042000 524.095000 336.485000 1064.240000 707.407000 786.971000
989.054000 548.041000 1208.771000 303.760000 479.712000 969.778000 955.581000 521.750000 336.485000 1064.240000 710.063000 784.698000
990.874000 546.477000 1212.703000 300.365000 479.712000 969.778000 958.119000 519.406000 21.069000 1416.783000 712.735000 782.447000
993.216000 544.446000 1216.701000 296.877000 479.712000 969.778000 960.658000 517.061000 22.926000 1414.687000 715.408000 780.196000
995.987000 541.936000 1220.698000 293.390000 479.712000 969.778000 963.183000 514.753000 339.013000 1062.044000 718.072000 777.935000
998.825000 539.450000 1224.631000 289.995000 479.712000 969.778000 965.866000 512.359000 339.013000 1062.044000 720.736000 775.675000
1001.662000 536.964000 1228.579000 286.619000 479.712000 969.778000 968.709000 509.769000 341.664000 1059.740000 723.400000 773.415000
1004.500000 534.478000 1232.600000 283.132000 479.712000 969.778000 971.719000 507.045000 24.783000 1412.592000 726.059000 771.146000
1007.338000 531.992000 1236.692000 279.526000 479.712000 969.778000 974.889000 504.124000 341.664000 1059.740000 728.706000 768.859000
1010.176000 529.506000 1240.868000 275.902000 479.712000 969.778000 978.217000 501.118000 26.641000 1410.496000 731.342000 766.556000
1013.000000 526.954000 1245.022000 272.297000 479.712000 969.778000 981.531000 498.148000 344.433000 1057.351000 733.975000 764.250000
1015.572000 524.663000 1249.175000 268.692000 479.712000 969.778000 984.846000 495.178000 344.433000 1057.351000 736.611000 761.947000
1017.862000 522.626000 1253.329000 265.087000 479.712000 969.778000 988.160000 492.208000 347.331000 1054.948000 739.247000 759.644000
1019.864000 520.842000 1257.483000 261.482000 479.712000 969.778000 991.455000 489.216000 347.331000 1054.948000 741.882000 757.341000
1021.592000 519.302000 1261.637000 257.877000 479.712000 969.778000 994.807000 486.267000 28.498000 1408.401000 744.518000 755.038000
1023.091000 518.029000 1265.768000 254.291000 479.712000 969.778000 998.208000 483.398000 350.206000 1052.560000 747.131000 752.754000
1024.559000 516.812000 1269.984000 250.687000 479.712000 969.778000 1001.656000 480.578000 350.206000 1052.560000 749.812000 750.433000
1026.303000 515.394000 1274.285000 246.983000 479.690000 969.797000 1005.164000 477.797000 30.355000 1406.305000 752.541000 748.049000
1028.367000 513.641000 1278.669000 243.149000 479.752000 969.798000 1008.669000 475.018000 353.081000 1050.173000 755.328000 745.616000
1030.772000 511.601000 1283.138000 239.215000 479.900000 969.699000 1012.184000 472.266000 353.081000 1050.173000 758.189000 743.114000
1033.516000 509.267000 1287.692000 235.263000 480.129000 969.470000 1015.723000 469.550000 32.213000 1404.209000 761.108000 740.563000
1036.559000 506.576000 1292.223000 231.330000 480.445000 969.142000 1019.254000 466.819000 355.956000 1047.785000 764.074000 737.949000
1039.632000 503.945000 1296.754000 227.398000 480.845000 968.795000 1022.784000 464.089000 34.070000 1402.114000 767.108000 735.298000
1042.705000 501.314000 1301.286000 223.465000 481.223000 968.468000 1026.315000 461.359000 355.956000 1047.785000 770.120000 732.666000
1045.778000 498.682000 1305.817000 219.532000 481.601000 968.140000 1029.845000 458.629000 358.832000 1045.398000 773.132000 730.034000
1048.851000 496.051000 1310.364000 215.577000 481.979000 967.813000 1033.376000 455.899000 358.832000 1045.398000 776.144000 727.402000
1051.924000 493.419000 1314.879000 211.674000 482.356000 967.485000 1036.917000 453.181000 35.927000 1400.018000 779.156000 724.770000
1054.973000 490.713000 1319.332000 207.854000 482.734000 967.158000 1040.441000 450.451000 37.785000 1397.923000 782.168000 722.138000
1057.726000 488.334000 1323.769000 204.026000 483.090000 966.850000 1043.900000 447.660000 361.707000 1043.010000 785.180000 719.506000
1060.188000 486.205000 1328.251000 200.110000 483.530000 966.523000 1047.319000 444.789000 361.707000 1043.010000 788.192000 716.873000
1062.486000 484.294000 1332.784000 196.061000 484.056000 966.096000 1050.672000 441.857000 39.642000 1395.827000 791.204000 714.241000
1064.762000 482.411000 1337.359000 191.962000 484.663000 965.540000 1054.009000 438.912000 364.589000 1040.582000 794.216000 711.609000
1067.218000 480.272000 1341.917000 187.892000 485.356000 964.884000 1057.356000 435.980000 364.589000 1040.582000 797.228000 708.977000
1069.960000 477.884000 1346.475000 183.822000 486.134000 964.210000 1060.704000 433.048000 41.499000 1393.731000 800.240000 706.345000
1073.007000 475.132000 1351.041000 179.694000 486.890000 963.555000 1064.051000 430.116000 367.297000 1038.247000 803.252000 703.713000
1076.085000 472.436000 1355.580000 175.737000 487.646000 962.900000 1067.398000 427.184000 367.297000 1038.247000 806.265000 701.081000
1079.162000 469.741000 1360.106000 171.931000 488.401000 962.245000 1070.751000 424.256000 369.859000 1036.053000 809.277000 698.449000
1082.239000 467.045000 1364.654000 168.202000 489.157000 961.590000 1074.091000 421.321000 43.357000 1391.636000 812.289000 695.817000
1085.316000 464.349000 1369.257000 164.257000 489.913000 960.935000 1077.413000 418.366000 369.859000 1036.053000 815.301000 693.185000
1088.400000 461.656000 1373.905000 160.191000 490.668000 960.280000 1080.739000 415.395000 372.319000 1034.033000 818.313000 690.553000
1091.476000 458.935000 1378.607000 155.934000 491.424000 959.625000 1084.087000 412.417000 45.214000 1389.540000 821.325000 687.921000
1094.462000 456.246000 1383.343000 151.796000 492.179000 958.970000 1087.468000 409.448000 372.319000 1034.033000 824.337000 685.289000
1097.409000 453.652000 1388.103000 147.684000 492.935000 958.315000 1090.860000 406.485000 47.071000 1387.445000 827.349000 682.657000
1100.293000 451.075000 1392.851000 143.558000 493.691000 957.660000 1094.245000 403.520000 374.620000 1031.981000 830.361000 680.025000
1103.146000 448.568000 1397.600000 139.433000 494.424000 957.024000 1097.630000 400.555000 374.620000 1031.981000 833.373000 677.393000
1105.945000 446.169000 1402.348000 135.308000 495.226000 956.351000 1101.015000 397.589000 48.929000 1385.349000 836.385000 674.761000
1108.713000 443.840000 1407.096000 131.182000 496.075000 955.615000 1104.400000 394.624000 377.008000 1029.739000 839.397000 672.129000
1111.560000 441.527000 1411.844000 127.057000 496.976000 954.812000 1107.785000 391.659000 377.008000 1029.739000 842.409000 669.497000
1114.443000 439.090000 1416.592000 122.931000 497.939000 953.977000 1111.170000 388.694000 379.474000 1027.404000 845.399000 666.884000
1117.431000 436.580000 1421.340000 118.806000 498.865000 953.174000 1114.555000 385.729000 50.786000 1383.254000 848.473000 664.253000
1120.397000 434.103000 1426.089000 114.680000 499.853000 952.340000 1117.918000 382.782000 379.474000 1027.404000 851.632000 661.522000
1123.363000 431.625000 1430.837000 110.555000 500.893000 951.438000 1121.362000 379.817000 382.049000 1025.199000 854.873000 658.660000
1126.329000 429.148000 1435.585000 106.430000 501.980000 950.474000 1124.891000 376.760000 382.049000 1025.199000 858.200000 655.698000
1129.295000 426.670000 1440.333000 102.304000 503.136000 949.472000 1128.496000 373.586000 52.643000 1381.158000 861.611000 652.718000
1132.262000 424.193000 1445.081000 98.179000 504.269000 948.490000 1132.193000 370.309000 384.605000 1023.056000 864.999000 649.757000
1135.233000 421.727000 1449.830000 94.053000 505.403000 947.507000 1135.943000 366.991000 54.501000 1379.062000 868.388000 646.796000
1138.183000 419.231000 1454.578000 89.928000 506.536000 946.525000 1139.684000 363.664000 384.605000 1023.056000 871.776000 643.835000
1140.937000 416.651000 1459.326000 85.803000 507.670000 945.542000 1143.372000 360.363000 56.358000 1376.967000 875.165000 640.874000
1143.486000 414.256000 1464.074000 81.677000 508.803000 944.560000 1146.974000 357.185000 387.152000 1020.864000 878.554000 637.913000
1145.844000 412.035000 1468.822000 77.552000 509.937000 943.577000 1150.507000 354.143000 387.152000 1020.864000 881.942000 634.952000
1148.015000 409.957000 1473.571000 73.426000 511.070000 942.595000 1153.961000 351.194000 58.215000 1374.871000 885.331000 631.990000
1150.023000 408.085000 1478.319000 69.301000 512.203000 941.612000 1157.339000 348.263000 389.693000 1018.551000 888.719000 629.029000
1152.007000 406.365000 1483.067000 65.176000 513.337000 940.630000 1160.737000 345.314000 389.693000 1018.551000 892.108000 626.068000
1154.262000 404.498000 1487.815000 61.050000 514.470000 939.647000 1164.136000 342.364000 60.073000 1372.776000 895.496000 623.107000
1156.799000 402.247000 1492.563000 56.925000 515.604000 938.665000 1167.534000 339.414000 392.261000 1016.196000 898.885000 620.146000
1159.651000 399.699000 1497.312000 52.799000 516.737000 937.682000 1170.933000 336.465000 392.261000 1016.196000 902.250000 617.198000
1162.820000 396.830000 1502.060000 48.674000 517.871000 936.700000 1174.331000 333.515000 61.930000 1370.680000 905.705000 614.237000
1166.262000 393.570000 1506.808000 44.549000 519.004000 935.717000 1177.730000 330.566000 394.874000 1013.889000 909.249000 611.211000
1169.726000 390.359000 1511.536000 40.419000 520.115000 934.754000 1181.128000 327.616000 394.874000 1013.889000 912.878000 608.100000
1173.191000 387.149000 1516.335000 36.293000 521.295000 933.753000 1184.527000 324.666000 397.519000 1011.596000 916.594000 604.925000
1176.655000 383.939000 1521.216000 32.191000 522.522000 932.690000 1187.925000 321.717000 397.519000 1011.596000 920.426000 601.725000
1180.120000 380.729000 1526.169000 28.120000 523.807000 931.579000 1191.324000 318.767000 63.787000 1368.585000 924.157000 598.569000
1183.610000 377.484000 1531.205000 24.073000 525.167000 930.398000 1194.700000 315.837000 400.170000 1009.307000 927.839000 595.438000
1186.993000 374.313000 1536.311000 20.030000 526.584000 929.168000 1198.161000 312.888000 400.170000 1009.307000 931.458000 592.309000
1190.283000 371.333000 1541.397000 15.982000 528.049000 927.876000 1201.691000 309.820000 65.645000 1366.489000 934.998000 589.213000
1193.478000 368.480000 1546.483000 11.935000 529.583000 926.547000 1205.311000 306.619000 67.502000 1364.393000 938.480000 586.180000
1196.579000 365.819000 1551.569000 7.887000 531.094000 925.237000 1208.853000 303.491000 402.814000 1007.014000 941.910000 583.197000
1199.574000 363.232000 1556.655000 3.840000 532.605000 923.927000 1212.338000 300.537000 402.814000 1007.014000 945.458000 580.152000
