191.777000 17.165000 180.173000 55.882000 160.048000 53.673000 93.910000 24.230000 24.385000 182.111000 2.578000 143.448000
191.655000 18.157000 179.789000 58.382000 163.073000 50.341000 93.849000 24.727000 24.155000 180.184000 6.606000 139.888000
191.471000 19.646000 179.409000 60.854000 166.098000 47.009000 93.787000 25.223000 23.924000 178.257000 10.538000 136.475000
191.348000 20.638000 179.030000 63.325000 169.122000 43.677000 93.726000 25.719000 23.694000 176.331000 14.396000 133.230000
191.226000 21.631000 178.650000 65.796000 172.147000 40.345000 93.665000 26.215000 23.463000 174.404000 18.105000 129.914000
191.103000 22.622000 178.271000 68.267000 175.172000 37.013000 93.593000 26.715000 23.233000 172.478000 21.888000 126.447000
190.962000 23.765000 177.891000 70.738000 178.196000 33.681000 93.540000 27.205000 23.002000 170.551000 25.759000 122.812000
190.815000 24.955000 177.512000 73.209000 181.221000 30.349000 93.535000 27.682000 22.772000 168.625000 29.567000 119.097000
190.674000 26.098000 177.132000 75.680000 184.246000 27.018000 93.561000 28.169000 22.541000 166.698000 33.373000 115.333000
190.548000 27.119000 176.753000 78.151000 187.270000 23.686000 93.584000 28.682000 22.311000 164.772000 37.160000 111.787000
190.433000 28.052000 176.373000 80.622000 190.295000 20.354000 93.573000 29.225000 22.080000 162.845000 40.860000 108.451000
190.307000 29.073000 175.989000 83.122000 193.320000 17.022000 93.542000 29.779000 21.850000 160.919000 44.506000 105.315000
190.166000 30.216000 175.605000 85.561000 196.364000 13.668000 93.520000 30.326000 21.619000 158.992000 48.078000 102.406000
190.019000 31.406000 175.253000 87.766000 199.353000 10.357000 93.498000 30.873000 21.389000 157.066000 51.579000 99.652000
189.878000 32.549000 174.954000 89.856000 2.294000 7.116000 93.476000 31.420000 21.148000 155.140000 55.100000 96.850000
189.752000 33.570000 174.676000 91.672000 5.143000 3.954000 93.454000 31.967000 20.917000 153.214000 58.621000 94.048000
189.633000 34.533000 174.377000 93.627000 8.109000 0.824000 93.433000 32.514000 20.754000 151.336000 62.142000 91.246000
189.510000 35.525000 174.057000 95.706000 11.109000 197.670000 93.421000 33.089000 20.649000 149.277000 65.663000 88.444000
189.387000 36.518000 173.721000 97.902000 14.213000 194.506000 93.392000 33.611000 20.519000 146.997000 69.185000 85.642000
189.265000 37.510000 173.368000 100.246000 17.231000 191.352000 93.320000 34.011000 20.323000 144.526000 72.706000 82.840000
189.142000 38.503000 172.958000 102.861000 20.196000 188.221000 93.221000 34.350000 20.051000 141.832000 76.227000 80.038000
189.020000 39.495000 172.578000 105.333000 23.304000 185.061000 93.121000 34.714000 19.760000 138.963000 79.748000 77.236000
188.897000 40.488000 172.199000 107.804000 26.519000 181.783000 93.051000 35.183000 19.482000 136.147000 83.269000 74.433000
188.775000 41.480000 1.149000 180.033000 29.865000 178.518000 92.997000 35.705000 19.203000 133.330000 86.808000 71.654000
188.652000 42.472000 0.246000 185.404000 33.356000 175.383000 92.935000 36.201000 18.925000 130.514000 90.288000 68.808000
188.529000 43.465000 199.378000 190.385000 36.848000 172.333000 92.874000 36.697000 18.647000 127.697000 93.689000 65.917000
188.407000 44.457000 198.509000 195.366000 40.348000 169.207000 92.813000 37.194000 18.369000 124.880000 97.005000 63.072000
188.284000 45.450000 197.640000 0.346000 43.797000 165.921000 92.752000 37.690000 18.090000 122.064000 100.230000 60.250000
188.162000 46.442000 196.772000 5.327000 47.180000 162.615000 92.690000 38.186000 17.812000 119.247000 103.382000 57.427000
188.039000 47.435000 195.903000 10.308000 50.513000 159.433000 92.629000 38.682000 17.534000 116.431000 106.461000 54.511000
187.917000 48.427000 195.034000 15.289000 53.774000 156.314000 92.568000 39.179000 17.256000 113.614000 109.527000 51.521000
187.798000 49.390000 194.165000 20.270000 57.004000 153.207000 92.506000 39.675000 16.977000 110.798000 112.603000 48.561000
187.671000 50.411000 193.294000 25.274000 60.247000 150.087000 92.445000 40.171000 16.699000 107.981000 115.680000 45.602000
187.530000 51.554000 192.425000 30.256000 63.490000 146.967000 92.384000 40.667000 16.421000 105.165000 118.756000 42.643000
187.387000 52.714000 191.571000 35.097000 66.712000 143.868000 92.323000 41.163000 16.143000 102.348000 121.814000 39.660000
187.242000 53.886000 190.737000 39.822000 69.997000 140.729000 92.261000 41.660000 15.864000 99.532000 124.916000 36.694000
187.101000 55.028000 189.917000 44.405000 73.328000 137.504000 92.204000 42.127000 15.586000 96.715000 128.087000 33.898000
186.958000 56.187000 189.101000 48.966000 76.714000 134.246000 92.142000 42.635000 15.308000 93.899000 131.220000 31.213000
186.799000 57.480000 188.281000 53.550000 80.045000 131.021000 92.063000 43.326000 15.030000 91.082000 134.283000 28.691000
186.630000 58.847000 187.462000 58.134000 83.330000 127.882000 91.958000 44.124000 14.751000 88.266000 137.300000 26.239000
186.450000 60.307000 186.642000 62.718000 86.552000 124.783000 91.836000 45.104000 14.473000 85.449000 140.224000 23.769000
186.262000 61.825000 185.822000 67.302000 89.795000 121.663000 91.710000 46.126000 14.195000 82.633000 143.174000 21.294000
186.078000 63.314000 184.994000 71.904000 93.038000 118.543000 91.587000 47.118000 13.917000 79.816000 146.125000 18.818000
185.894000 64.803000 184.175000 76.489000 96.281000 115.423000 91.465000 48.111000 13.638000 77.000000 149.075000 16.342000
185.710000 66.291000 183.404000 80.979000 99.524000 112.304000 91.342000 49.103000 13.360000 74.183000 152.025000 13.867000
185.527000 67.780000 182.675000 85.347000 102.767000 109.184000 91.220000 50.096000 13.082000 71.367000 154.995000 11.377000
185.343000 69.269000 181.995000 89.620000 105.989000 106.085000 91.097000 51.088000 12.804000 68.550000 157.916000 8.916000
185.159000 70.758000 181.323000 93.875000 109.274000 102.945000 90.974000 52.081000 12.525000 65.734000 160.763000 6.514000
185.001000 72.250000 180.642000 98.149000 112.605000 99.720000 90.852000 53.073000 12.247000 62.917000 163.669000 4.110000
184.745000 73.735000 179.962000 102.423000 115.970000 96.483000 90.729000 54.065000 11.969000 60.101000 166.607000 1.715000
184.457000 75.205000 179.282000 106.696000 119.350000 93.241000 90.607000 55.058000 11.691000 57.284000 169.600000 199.332000
184.080000 76.640000 178.601000 110.970000 122.677000 90.016000 90.488000 56.021000 11.412000 54.468000 172.605000 196.950000
183.775000 78.134000 177.921000 115.244000 126.141000 86.769000 90.365000 57.026000 11.134000 51.651000 175.639000 194.535000
183.515000 79.809000 177.240000 119.518000 129.753000 83.417000 90.224000 58.213000 179.224000 145.764000 178.725000 192.080000
183.318000 81.596000 176.560000 123.792000 133.522000 80.007000 90.059000 59.507000 178.855000 148.741000 181.753000 189.647000
183.073000 83.569000 175.880000 128.065000 137.431000 76.532000 89.875000 60.983000 178.272000 151.876000 184.734000 187.297000
182.824000 85.583000 175.199000 132.339000 141.501000 73.019000 89.687000 62.501000 177.879000 155.051000 187.649000 184.977000
182.579000 87.568000 174.519000 136.613000 145.565000 69.526000 89.504000 63.990000 177.486000 158.227000 190.603000 182.627000
182.334000 89.553000 173.839000 140.887000 149.628000 66.033000 89.320000 65.479000 177.093000 161.403000 193.490000 180.307000
182.089000 91.538000 173.158000 145.161000 153.692000 62.540000 89.136000 66.967000 176.700000 164.579000 196.330000 178.069000
181.844000 93.523000 172.478000 149.434000 157.756000 59.048000 88.952000 68.456000 176.307000 167.755000 199.136000 175.836000
181.598000 95.508000 171.797000 153.708000 161.821000 55.510000 88.768000 69.945000 175.914000 170.930000 1.925000 173.617000
181.353000 97.493000 171.111000 158.008000 165.698000 52.088000 88.584000 71.434000 175.521000 174.106000 4.723000 171.391000
181.108000 99.478000 170.430000 162.283000 169.390000 48.821000 88.400000 72.922000 175.134000 177.283000 7.544000 169.145000
180.863000 101.463000 169.782000 166.386000 172.904000 45.694000 88.217000 74.411000 174.741000 180.458000 10.437000 166.843000
180.608000 103.420000 169.174000 170.390000 176.221000 42.711000 88.033000 75.900000 174.318000 183.630000 13.175000 164.664000
180.383000 105.417000 168.599000 174.222000 179.468000 39.616000 87.849000 77.388000 173.855000 186.797000 15.914000 162.484000
180.189000 107.543000 168.030000 178.029000 182.789000 36.368000 87.665000 78.877000 173.363000 189.961000 124.708000 121.247000
179.918000 109.780000 167.455000 181.863000 186.175000 33.111000 87.481000 80.366000 172.865000 193.124000 125.149000 119.806000
179.597000 112.066000 166.879000 185.696000 189.506000 29.886000 87.297000 81.854000 172.372000 196.287000 125.589000 118.364000
179.218000 114.307000 166.304000 189.529000 192.791000 26.746000 87.114000 83.343000 171.880000 199.451000 126.030000 116.923000
178.772000 116.508000 165.728000 193.363000 196.013000 23.647000 86.930000 84.832000 171.388000 2.614000 126.470000 115.483000
178.347000 118.723000 165.153000 197.196000 199.239000 20.526000 86.750000 86.291000 170.895000 5.778000 126.910000 114.043000
177.921000 120.937000 164.577000 1.029000 2.584000 17.408000 86.566000 87.792000 170.393000 8.922000 127.351000 112.603000
177.496000 123.152000 164.002000 4.863000 5.973000 14.292000 86.363000 89.476000 169.901000 12.085000 127.791000 111.164000
177.070000 125.366000 163.426000 8.696000 9.461000 11.178000 86.137000 91.266000 169.472000 15.346000 128.230000 109.725000
176.645000 127.581000 162.851000 12.530000 12.850000 8.062000 85.892000 93.239000 169.078000 18.734000 128.670000 108.287000
176.220000 129.795000 162.276000 16.363000 16.195000 4.944000 85.643000 95.253000 168.747000 22.221000 129.110000 106.850000
175.794000 132.010000 161.700000 20.196000 19.404000 1.822000 85.398000 97.237000 168.426000 25.726000 129.549000 105.412000
175.369000 134.224000 161.125000 24.030000 22.758000 198.708000 85.152000 99.222000 168.096000 29.211000 129.989000 103.975000
174.944000 136.439000 160.549000 27.863000 26.187000 195.593000 84.907000 101.207000 167.765000 32.697000 130.428000 102.539000
174.518000 138.653000 159.974000 31.696000 29.695000 192.451000 84.662000 103.192000 167.434000 36.183000 130.867000 101.103000
174.093000 140.868000 159.400000 35.601000 33.279000 189.239000 84.417000 105.177000 167.104000 39.669000 131.306000 99.668000
173.667000 143.082000 158.824000 39.216000 36.799000 186.061000 84.172000 107.162000 166.783000 43.125000 131.745000 98.233000
173.242000 145.297000 158.241000 42.574000 40.231000 183.015000 83.927000 109.147000 166.452000 46.625000 132.184000 96.798000
172.817000 147.511000 157.647000 45.671000 43.691000 180.011000 83.682000 111.132000 166.057000 50.307000 132.642000 95.298000
172.392000 149.717000 157.046000 48.509000 47.149000 176.969000 83.437000 113.117000 165.627000 54.099000 133.082000 94.056000
171.967000 151.931000 156.442000 51.059000 50.590000 173.870000 83.191000 115.102000 165.134000 58.072000 133.424000 93.060000
171.536000 154.191000 155.841000 53.680000 54.008000 170.810000 82.946000 117.087000 164.630000 62.090000 133.639000 92.306000
171.098000 156.509000 155.239000 56.301000 57.408000 167.863000 82.701000 119.072000 164.136000 66.078000 133.757000 91.799000
170.654000 158.873000 154.637000 58.922000 60.805000 164.931000 82.456000 121.057000 163.642000 70.067000 133.856000 91.548000
170.209000 161.245000 154.036000 61.543000 64.205000 161.984000 82.211000 123.041000 163.149000 74.055000 133.975000 91.232000
169.765000 163.608000 153.434000 64.164000 67.605000 159.036000 81.966000 125.026000 162.655000 78.043000 134.093000 90.915000
169.322000 165.972000 152.833000 66.785000 71.006000 156.089000 81.721000 127.011000 162.161000 82.031000 134.212000 90.599000
168.878000 168.335000 152.231000 69.405000 74.406000 153.141000 81.475000 128.996000 161.667000 86.019000 134.331000 90.282000
168.434000 170.699000 151.629000 72.026000 77.806000 150.194000 81.230000 130.981000 161.173000 90.007000 134.449000 89.966000
167.990000 173.062000 151.028000 74.647000 81.207000 147.246000 80.985000 132.966000 160.679000 93.995000 134.568000 89.649000
167.546000 175.425000 150.426000 77.268000 84.607000 144.299000 80.740000 134.951000 160.185000 97.983000 134.686000 89.333000
167.103000 177.789000 149.824000 79.889000 88.007000 141.351000 80.495000 136.936000 159.692000 101.971000 134.805000 89.016000
166.659000 180.152000 149.223000 82.510000 91.407000 138.404000 80.250000 138.921000 159.198000 105.959000 134.923000 88.700000
166.215000 182.515000 148.621000 85.131000 94.815000 135.459000 80.005000 140.906000 158.704000 109.948000 135.042000 88.384000
165.771000 184.879000 148.019000 87.752000 98.181000 132.532000 79.745000 142.938000 158.210000 113.936000 135.161000 88.067000
165.327000 187.242000 147.399000 90.437000 101.618000 129.573000 79.524000 144.553000 157.716000 117.924000 135.279000 87.751000
164.884000 189.606000 146.845000 92.782000 105.171000 126.474000 79.362000 145.863000 157.222000 121.912000 135.398000 87.434000
164.440000 191.969000 146.386000 94.866000 108.822000 123.255000 79.274000 146.864000 156.729000 125.900000 135.516000 87.118000
163.996000 194.332000 146.016000 96.701000 112.574000 119.911000 79.130000 148.054000 156.235000 129.888000 135.642000 86.783000
163.552000 196.722000 145.732000 98.206000 116.450000 116.550000 78.923000 149.418000 155.741000 133.876000 135.761000 86.465000
163.108000 199.086000 145.552000 99.603000 120.304000 113.209000 78.651000 151.133000 155.247000 137.864000 135.843000 86.244000
162.666000 1.271000 145.374000 101.118000 124.157000 109.869000 78.301000 153.180000 154.753000 141.853000 135.879000 86.149000
162.226000 3.360000 145.191000 102.607000 128.011000 106.528000 77.967000 155.047000 154.260000 145.841000 135.879000 86.149000
161.788000 5.270000 145.007000 104.095000 131.865000 103.188000 77.636000 156.949000 153.766000 149.829000 135.872000 86.168000
161.350000 7.154000 144.823000 105.584000 135.735000 99.802000 77.304000 158.851000 153.272000 153.817000 135.872000 86.168000
160.912000 9.065000 144.639000 107.073000 139.467000 96.535000 76.972000 160.753000 152.778000 157.805000 135.872000 86.168000
160.474000 10.976000 144.455000 108.562000 143.011000 93.493000 76.640000 162.655000 152.287000 161.791000 135.872000 86.168000
160.036000 12.886000 144.271000 110.050000 146.245000 90.722000 76.308000 164.557000 151.794000 165.779000 135.872000 86.168000
159.598000 14.797000 144.088000 111.539000 149.233000 88.162000 75.976000 166.459000 151.284000 169.775000 135.872000 86.168000
159.160000 16.708000 143.904000 113.028000 152.036000 85.932000 75.645000 168.361000 150.753000 173.781000 135.872000 86.168000
158.721000 18.618000 143.720000 114.516000 154.956000 83.407000 75.313000 170.263000 150.205000 177.795000 135.872000 86.168000
158.283000 20.529000 143.536000 116.005000 158.005000 80.764000 74.981000 172.165000 149.655000 181.809000 135.872000 86.168000
157.845000 22.439000 143.352000 117.494000 161.280000 77.835000 74.649000 174.067000 149.107000 185.822000 135.872000 86.168000
157.407000 24.350000 143.168000 118.982000 164.681000 74.888000 74.317000 175.969000 148.560000 189.835000 135.872000 86.168000
156.969000 26.261000 142.984000 120.471000 168.127000 71.921000 73.985000 177.871000 148.013000 193.848000 135.872000 86.168000
156.531000 28.171000 142.801000 121.960000 171.618000 68.874000 73.654000 179.773000 147.465000 197.862000 135.872000 86.168000
156.093000 30.082000 142.617000 123.448000 175.168000 65.797000 73.322000 181.674000 146.897000 1.901000 135.872000 86.168000
155.655000 31.993000 142.433000 124.937000 178.661000 62.769000 72.994000 183.580000 146.395000 5.915000 135.872000 86.168000
155.216000 33.903000 142.249000 126.426000 182.106000 59.803000 72.650000 185.503000 145.943000 9.738000 135.872000 86.168000
154.770000 35.866000 142.065000 127.915000 185.655000 56.757000 72.300000 187.383000 145.581000 13.444000 135.872000 86.168000
154.331000 37.653000 141.881000 129.403000 189.261000 53.580000 72.000000 189.110000 145.113000 16.958000 135.872000 86.168000
153.976000 39.233000 141.697000 130.892000 192.867000 50.403000 71.745000 190.725000 144.611000 20.385000 135.872000 86.168000
153.682000 40.666000 141.514000 132.381000 196.400000 47.338000 71.541000 192.187000 144.055000 24.036000 135.872000 86.168000
153.450000 41.866000 141.330000 133.869000 199.835000 44.412000 71.382000 193.494000 143.606000 27.800000 135.872000 86.168000
153.300000 42.975000 141.146000 135.358000 3.297000 41.484000 71.255000 194.548000 143.209000 31.487000 135.872000 86.168000
153.170000 44.114000 140.962000 136.847000 6.874000 38.429000 71.105000 195.967000 142.958000 35.118000 135.872000 86.168000
153.022000 45.314000 140.778000 138.335000 10.549000 35.231000 70.893000 197.491000 142.681000 38.845000 135.872000 86.168000
152.860000 46.625000 140.594000 139.824000 14.318000 31.942000 70.641000 199.277000 142.365000 42.773000 135.872000 86.168000
152.694000 47.956000 140.411000 141.313000 18.195000 28.672000 70.432000 0.780000 142.013000 46.601000 135.872000 86.168000
152.553000 49.107000 140.227000 142.801000 22.043000 25.444000 70.275000 2.130000 141.592000 50.264000 135.872000 86.168000
152.427000 50.126000 140.043000 144.290000 25.910000 22.148000 70.168000 3.096000 141.188000 53.768000 135.872000 86.168000
152.290000 51.241000 139.859000 145.779000 29.727000 18.839000 70.042000 4.088000 140.858000 57.379000 135.872000 86.168000
152.143000 52.430000 139.675000 147.267000 33.437000 15.711000 69.915000 5.080000 140.400000 61.059000 135.872000 86.168000
152.002000 53.573000 139.491000 148.756000 37.045000 12.696000 69.789000 6.072000 139.882000 64.674000 135.872000 86.168000
151.879000 54.564000 139.307000 150.245000 40.551000 9.810000 69.663000 7.064000 139.260000 68.142000 135.872000 86.168000
151.757000 55.556000 139.124000 151.734000 43.948000 6.875000 69.537000 8.056000 138.629000 71.555000 135.872000 86.168000
151.616000 56.699000 138.940000 153.222000 47.307000 3.875000 69.410000 9.048000 138.077000 75.013000 135.872000 86.168000
151.469000 57.888000 138.756000 154.711000 50.679000 0.895000 69.284000 10.040000 137.576000 78.483000 135.872000 86.168000
151.328000 59.032000 138.572000 156.200000 54.050000 197.914000 69.158000 11.032000 137.173000 81.961000 135.872000 86.168000
151.202000 60.052000 138.388000 157.688000 57.422000 194.934000 69.032000 12.024000 136.744000 85.434000 135.872000 86.168000
151.083000 61.015000 138.204000 159.177000 60.794000 191.953000 68.906000 13.016000 136.315000 88.908000 135.872000 86.168000
150.960000 62.008000 138.020000 160.666000 64.165000 188.973000 68.779000 14.008000 135.886000 92.381000 135.872000 86.168000
150.837000 63.000000 137.837000 162.154000 67.537000 185.993000 68.653000 15.000000 135.457000 95.855000 135.872000 86.168000
150.715000 63.993000 137.653000 163.643000 70.908000 183.012000 68.527000 15.992000 135.028000 99.329000 135.872000 86.168000
150.592000 64.985000 137.488000 165.109000 74.280000 180.032000 68.401000 16.984000 134.599000 102.802000 135.872000 86.168000
150.470000 65.978000 137.259000 166.597000 77.651000 177.052000 68.274000 17.976000 134.196000 106.309000 135.872000 86.168000
150.347000 66.970000 136.951000 168.213000 81.023000 174.071000 68.148000 18.968000 133.706000 109.751000 135.872000 86.168000
150.225000 67.963000 136.575000 169.952000 84.395000 171.091000 68.022000 19.960000 133.181000 113.055000 135.872000 86.168000
150.102000 68.955000 136.119000 171.820000 87.766000 168.111000 67.896000 20.952000 132.579000 116.307000 135.872000 86.168000
149.980000 69.948000 135.599000 173.708000 91.138000 165.130000 67.769000 21.944000 132.054000 119.611000 135.872000 86.168000
149.857000 70.940000 135.098000 175.575000 94.509000 162.150000 67.643000 22.936000 131.565000 123.053000 135.872000 86.168000
149.734000 71.932000 134.598000 177.441000 97.881000 159.170000 67.517000 23.928000 131.162000 126.560000 135.872000 86.168000
149.612000 72.925000 134.097000 179.308000 101.252000 156.189000 67.391000 24.920000 130.729000 130.063000 135.872000 86.168000
149.489000 73.917000 133.596000 181.174000 104.624000 153.209000 67.265000 25.912000 130.304000 133.508000 135.872000 86.168000
149.367000 74.910000 133.095000 183.040000 107.996000 150.229000 67.138000 26.904000 129.893000 136.831000 135.872000 86.168000
149.244000 75.902000 132.595000 184.907000 111.367000 147.248000 67.008000 27.925000 129.485000 140.137000 135.872000 86.168000
149.122000 76.895000 132.094000 186.773000 114.739000 144.268000 66.882000 28.905000 129.074000 143.461000 135.872000 86.168000
148.999000 77.887000 131.593000 188.640000 118.110000 141.288000 66.775000 29.702000 128.667000 146.748000 135.872000 86.168000
148.876000 78.880000 131.096000 190.510000 121.482000 138.307000 66.693000 30.393000 128.281000 149.884000 135.872000 86.168000
148.754000 79.872000 130.577000 192.366000 124.853000 135.327000 66.630000 30.901000 127.910000 152.888000 135.872000 86.168000
148.631000 80.865000 130.079000 194.212000 128.225000 132.347000 66.570000 31.368000 127.502000 155.954000 135.872000 86.168000
148.509000 81.857000 129.664000 196.088000 131.597000 129.366000 66.507000 31.864000 127.173000 159.131000 135.872000 86.168000
148.383000 82.879000 129.302000 198.017000 134.968000 126.386000 66.444000 32.360000 126.880000 162.457000 135.872000 86.168000
148.264000 83.843000 129.041000 0.001000 138.328000 123.399000 66.381000 32.856000 126.663000 165.835000 135.872000 86.168000
148.156000 84.714000 128.731000 1.992000 141.710000 120.418000 66.318000 33.352000 126.374000 169.120000 135.872000 86.168000
148.058000 85.511000 128.356000 3.961000 145.159000 117.474000 66.255000 33.848000 126.045000 172.308000 135.872000 86.168000
147.972000 86.203000 127.909000 5.926000 148.647000 114.569000 66.192000 34.344000 125.634000 175.402000 135.872000 86.168000
147.896000 86.820000 127.383000 7.864000 152.204000 111.690000 66.129000 34.840000 125.242000 178.575000 135.872000 86.168000
147.831000 87.345000 126.795000 9.768000 155.763000 108.838000 66.065000 35.336000 124.836000 181.854000 135.872000 86.168000
147.773000 87.812000 126.247000 11.664000 159.339000 105.959000 66.002000 35.832000 124.441000 185.056000 135.872000 86.168000
147.712000 88.308000 125.751000 13.578000 162.982000 102.935000 65.939000 36.328000 124.042000 188.122000 135.872000 86.168000
147.651000 88.804000 125.321000 15.535000 166.682000 99.780000 65.876000 36.824000 123.728000 191.159000 135.872000 86.168000
147.589000 89.301000 124.921000 17.507000 170.406000 96.489000 65.813000 37.320000 123.454000 194.277000 135.872000 86.168000
147.528000 89.797000 124.509000 19.470000 174.015000 93.273000 65.750000 37.816000 123.259000 197.476000 135.872000 86.168000
147.467000 90.293000 124.097000 21.433000 177.551000 90.213000 65.687000 38.312000 122.988000 0.622000 135.872000 86.168000
147.406000 90.789000 123.685000 23.396000 180.994000 87.233000 65.624000 38.808000 122.681000 3.631000 135.872000 86.168000
147.344000 91.285000 123.273000 25.358000 184.328000 84.291000 65.561000 39.304000 122.287000 6.576000 135.872000 86.168000
147.283000 91.782000 122.854000 27.344000 187.569000 81.429000 65.497000 39.800000 121.894000 9.520000 135.872000 86.168000
147.222000 92.278000 122.441000 29.308000 190.728000 78.698000 65.434000 40.296000 121.587000 12.529000 135.872000 86.168000
147.160000 92.774000 122.069000 31.137000 193.802000 76.067000 65.371000 40.792000 121.315000 15.676000 135.872000 86.168000
147.099000 93.270000 121.744000 32.847000 196.792000 73.454000 65.308000 41.288000 121.120000 18.875000 135.872000 86.168000
147.038000 93.767000 121.460000 34.422000 199.804000 70.822000 65.245000 41.784000 120.849000 22.022000 135.872000 86.168000
146.977000 94.263000 121.182000 35.976000 2.816000 68.190000 65.182000 42.280000 120.542000 25.031000 135.872000 86.168000
146.919000 94.730000 120.897000 37.552000 5.850000 65.539000 65.119000 42.776000 120.148000 27.975000 135.872000 86.168000
146.858000 95.239000 120.612000 39.128000 8.801000 62.906000 65.056000 43.272000 119.781000 30.952000 135.872000 86.168000
146.774000 95.909000 120.327000 40.704000 11.665000 60.373000 64.993000 43.768000 119.413000 33.930000 135.872000 86.168000
146.670000 96.744000 120.042000 42.280000 14.448000 57.971000 64.929000 44.264000 119.045000 36.907000 135.872000 86.168000
146.566000 97.579000 119.757000 43.857000 17.145000 55.669000 64.866000 44.760000 118.667000 39.888000 135.872000 86.168000
146.486000 98.234000 119.472000 45.433000 19.759000 53.385000 64.803000 45.256000 118.306000 42.867000 135.872000 86.168000
146.425000 98.728000 119.187000 47.009000 22.394000 51.082000 64.740000 45.752000 117.993000 45.828000 135.872000 86.168000
146.345000 99.382000 118.902000 48.585000 25.030000 48.779000 64.677000 46.248000 117.716000 48.756000 135.872000 86.168000
146.241000 100.218000 118.617000 50.161000 27.666000 46.476000 64.614000 46.744000 117.446000 51.652000 135.872000 86.168000
146.137000 101.053000 118.333000 51.738000 30.301000 44.173000 64.551000 47.240000 117.150000 54.533000 135.872000 86.168000
146.057000 101.707000 118.048000 53.314000 32.937000 41.870000 64.488000 47.736000 116.836000 57.415000 135.872000 86.168000
145.996000 102.202000 117.763000 54.890000 35.572000 39.567000 64.424000 48.232000 116.529000 60.299000 135.872000 86.168000
145.920000 102.877000 117.478000 56.466000 38.230000 37.245000 64.361000 48.728000 116.223000 63.183000 135.872000 86.168000
145.816000 103.675000 117.193000 58.042000 40.804000 34.941000 64.298000 49.224000 115.916000 66.067000 135.872000 86.168000
145.693000 104.654000 116.927000 59.589000 43.307000 32.757000 64.235000 49.720000 115.609000 68.952000 135.872000 86.168000
145.567000 105.676000 116.609000 61.196000 45.738000 30.684000 64.172000 50.216000 115.311000 71.837000 135.872000 86.168000
145.445000 106.669000 116.241000 63.023000 48.153000 28.591000 64.109000 50.712000 115.005000 74.721000 135.872000 86.168000
145.322000 107.661000 115.822000 64.970000 50.632000 26.406000 64.046000 51.208000 114.643000 77.600000 135.872000 86.168000
145.199000 108.654000 115.464000 67.126000 53.097000 24.201000 63.983000 51.704000 114.242000 80.471000 135.872000 86.168000
145.077000 109.646000 115.150000 69.319000 55.487000 22.109000 63.920000 52.200000 113.786000 83.336000 135.872000 86.168000
144.954000 110.638000 114.895000 71.476000 57.808000 20.136000 63.856000 52.696000 113.322000 86.201000 135.872000 86.168000
144.832000 111.631000 114.621000 73.627000 60.045000 18.181000 63.793000 53.192000 112.866000 89.067000 135.872000 86.168000
144.709000 112.623000 114.350000 75.762000 62.304000 16.207000 63.730000 53.688000 112.411000 91.933000 135.872000 86.168000
144.587000 113.616000 114.094000 77.774000 64.563000 14.233000 63.667000 54.184000 111.955000 94.798000 135.872000 86.168000
144.464000 114.608000 113.845000 79.729000 66.822000 12.259000 63.604000 54.680000 111.499000 97.664000 135.872000 86.168000
144.341000 115.601000 113.593000 81.713000 69.081000 10.285000 63.541000 55.176000 111.029000 100.525000 135.872000 86.168000
144.219000 116.593000 113.340000 83.697000 71.340000 8.311000 63.482000 55.643000 110.597000 103.391000 135.872000 86.168000
144.096000 117.586000 113.088000 85.681000 73.577000 6.356000 63.419000 56.151000 110.236000 106.280000 135.872000 86.168000
143.974000 118.578000 112.835000 87.665000 75.882000 4.364000 63.337000 56.842000 109.927000 109.202000 135.872000 86.168000
143.851000 119.571000 112.583000 89.649000 78.231000 2.290000 63.229000 57.639000 109.691000 112.149000 135.872000 86.168000
143.729000 120.563000 112.330000 91.633000 80.639000 0.185000 63.103000 58.619000 109.491000 115.100000 135.872000 86.168000
143.606000 121.556000 112.078000 93.617000 82.988000 198.111000 62.973000 59.640000 109.278000 118.046000 135.872000 86.168000
143.483000 122.548000 111.825000 95.601000 85.293000 196.119000 62.847000 60.632000 109.064000 120.992000 135.872000 86.168000
143.361000 123.540000 111.573000 97.585000 87.508000 194.183000 62.720000 61.624000 108.850000 123.938000 135.872000 86.168000
143.238000 124.533000 111.321000 99.569000 89.813000 192.191000 62.594000 62.616000 108.637000 126.884000 135.872000 86.168000
143.116000 125.525000 111.068000 101.553000 92.165000 190.136000 62.468000 63.608000 108.432000 129.825000 135.872000 86.168000
142.993000 126.518000 110.816000 103.537000 94.576000 188.032000 62.342000 64.600000 108.219000 132.771000 135.872000 86.168000
142.871000 127.510000 110.563000 105.521000 97.056000 185.840000 62.216000 65.592000 107.942000 135.741000 135.872000 86.168000
142.748000 128.503000 110.311000 107.505000 99.578000 183.636000 62.089000 66.584000 107.631000 138.744000 135.872000 86.168000
142.617000 129.498000 110.058000 109.489000 102.078000 181.452000 61.963000 67.576000 107.256000 141.771000 135.872000 86.168000
142.506000 130.464000 109.806000 111.473000 104.586000 179.260000 61.837000 68.568000 106.871000 144.803000 135.872000 86.168000
142.430000 131.442000 109.557000 113.450000 107.132000 177.057000 61.711000 69.560000 106.497000 147.830000 135.872000 86.168000
142.353000 132.561000 109.305000 115.434000 109.722000 174.772000 61.584000 70.552000 106.122000 150.856000 135.872000 86.168000
142.243000 133.791000 109.032000 117.453000 112.379000 172.450000 61.458000 71.544000 105.747000 153.883000 135.872000 86.168000
142.080000 135.179000 108.732000 119.520000 115.015000 170.147000 61.332000 72.536000 105.372000 156.910000 135.872000 86.168000
141.896000 136.595000 108.411000 121.622000 117.650000 167.844000 61.206000 73.528000 105.003000 159.954000 135.872000 86.168000
141.723000 137.984000 108.086000 123.731000 120.286000 165.541000 61.079000 74.520000 104.628000 162.982000 135.872000 86.168000
141.551000 139.373000 107.766000 125.833000 122.921000 163.238000 60.953000 75.512000 104.224000 165.920000 135.872000 86.168000
141.379000 140.763000 107.445000 127.935000 125.557000 160.935000 60.827000 76.504000 103.780000 168.740000 135.872000 86.168000
141.207000 142.152000 107.125000 130.037000 128.193000 158.632000 60.701000 77.496000 103.307000 171.471000 135.872000 86.168000
141.035000 143.542000 106.804000 132.139000 130.828000 156.329000 60.575000 78.488000 102.832000 174.189000 135.872000 86.168000
140.863000 144.931000 106.483000 134.241000 133.464000 154.026000 60.448000 79.480000 102.355000 176.917000 135.872000 86.168000
140.691000 146.320000 106.163000 136.343000 136.099000 151.723000 60.322000 80.472000 101.862000 179.631000 135.872000 86.168000
140.519000 147.710000 105.842000 138.445000 138.715000 149.426000 60.196000 81.464000 101.362000 182.339000 135.872000 86.168000
140.347000 149.099000 105.521000 140.546000 141.399000 147.123000 60.070000 82.456000 100.868000 185.053000 135.872000 86.168000
140.175000 150.489000 105.207000 142.655000 144.164000 144.789000 59.943000 83.448000 100.390000 187.781000 135.872000 86.168000
140.003000 151.878000 104.879000 144.757000 147.001000 142.415000 59.817000 84.440000 99.921000 190.516000 135.872000 86.168000
139.831000 153.267000 104.527000 146.823000 149.918000 140.010000 59.691000 85.432000 99.448000 193.247000 135.872000 86.168000
139.659000 154.657000 104.174000 148.839000 152.905000 137.601000 59.565000 86.424000 98.975000 195.979000 135.872000 86.168000
139.487000 156.046000 103.842000 150.818000 155.874000 135.199000 59.439000 87.416000 98.502000 198.710000 135.872000 86.168000
139.325000 157.424000 103.548000 152.760000 158.839000 132.810000 59.312000 88.408000 98.029000 1.442000 135.872000 86.168000
139.149000 158.813000 103.262000 154.751000 161.805000 130.406000 59.186000 89.400000 97.556000 4.173000 135.872000 86.168000
138.908000 160.259000 102.947000 156.923000 164.783000 127.931000 59.060000 90.392000 97.083000 6.905000 135.872000 86.168000
138.630000 161.777000 102.603000 159.202000 167.779000 125.365000 58.934000 91.384000 96.609000 9.636000 135.872000 86.168000
138.286000 163.352000 102.237000 161.663000 170.788000 122.729000 58.807000 92.376000 96.136000 12.368000 135.872000 86.168000
137.928000 164.938000 101.867000 164.165000 173.800000 120.080000 58.681000 93.368000 95.658000 15.130000 135.872000 86.168000
137.581000 166.513000 101.501000 166.638000 176.808000 117.444000 58.555000 94.360000 95.185000 17.843000 135.872000 86.168000
137.233000 168.087000 101.135000 169.111000 179.817000 114.808000 58.429000 95.352000 94.736000 20.373000 135.872000 86.168000
136.885000 169.662000 100.768000 171.584000 182.826000 112.173000 58.303000 96.344000 94.317000 22.792000 135.872000 86.168000
136.538000 171.236000 100.402000 174.057000 185.835000 109.537000 58.176000 97.336000 93.922000 25.027000 135.872000 86.168000
136.190000 172.811000 100.036000 176.530000 188.844000 106.901000 58.050000 98.328000 93.531000 27.214000 135.872000 86.168000
135.843000 174.385000 99.670000 179.004000 191.853000 104.265000 57.924000 99.320000 93.136000 29.431000 135.872000 86.168000
135.495000 175.960000 99.304000 181.477000 194.862000 101.630000 57.798000 100.312000 92.740000 31.648000 135.872000 86.168000
135.148000 177.535000 98.937000 183.950000 197.870000 98.994000 57.671000 101.304000 92.345000 33.866000 135.872000 86.168000
134.804000 179.113000 98.571000 186.423000 0.879000 96.358000 57.545000 102.296000 91.950000 36.083000 135.872000 86.168000
134.453000 180.684000 98.205000 188.896000 3.888000 93.723000 57.419000 103.288000 91.574000 38.300000 135.872000 86.168000
134.087000 182.240000 97.839000 191.369000 6.897000 91.087000 57.293000 104.280000 91.148000 40.502000 135.872000 86.168000
133.717000 183.790000 97.473000 193.842000 9.884000 88.471000 57.166000 105.272000 90.660000 42.719000 135.872000 86.168000
133.351000 185.346000 97.107000 196.315000 12.954000 85.836000 57.040000 106.264000 90.173000 45.016000 135.872000 86.168000
133.000000 186.917000 96.740000 198.788000 16.110000 83.101000 56.915000 107.249000 89.759000 47.417000 135.872000 86.168000
132.656000 188.496000 96.374000 1.261000 19.332000 80.216000 56.789000 108.241000 89.387000 49.898000 135.872000 86.168000
132.309000 190.070000 96.008000 3.734000 22.672000 77.268000 56.656000 109.267000 89.095000 52.393000 135.872000 86.168000
131.961000 191.645000 95.642000 6.207000 25.961000 74.364000 56.513000 110.337000 88.779000 54.873000 135.872000 86.168000
131.614000 193.219000 95.272000 8.709000 29.201000 71.549000 56.364000 111.442000 88.464000 57.353000 135.872000 86.168000
131.266000 194.794000 94.918000 11.166000 32.358000 68.784000 56.213000 112.553000 88.148000 59.833000 135.872000 86.168000
130.919000 196.368000 94.570000 13.446000 35.598000 65.968000 56.063000 113.658000 87.833000 62.313000 135.872000 86.168000
130.571000 197.943000 94.118000 15.604000 38.890000 63.084000 55.914000 114.762000 87.517000 64.793000 135.872000 86.168000
130.223000 199.518000 93.627000 17.625000 42.229000 60.137000 55.764000 115.867000 87.202000 67.273000 135.872000 86.168000
129.876000 1.092000 93.066000 19.718000 45.636000 57.152000 55.614000 116.971000 86.886000 69.753000 135.872000 86.168000
129.528000 2.667000 92.604000 21.952000 49.021000 54.187000 55.465000 118.076000 86.570000 72.233000 135.872000 86.168000
129.181000 4.242000 92.200000 24.153000 52.406000 51.222000 55.315000 119.180000 86.255000 74.713000 135.872000 86.168000
128.834000 5.816000 91.900000 26.260000 55.791000 48.257000 55.166000 120.285000 85.939000 77.193000 135.872000 86.168000
128.483000 7.388000 91.607000 28.237000 59.175000 45.292000 55.016000 121.389000 85.624000 79.673000 135.872000 86.168000
128.127000 8.957000 91.314000 30.215000 62.560000 42.327000 54.867000 122.494000 85.308000 82.153000 135.872000 86.168000
127.768000 10.523000 90.999000 32.343000 65.945000 39.361000 54.717000 123.598000 84.993000 84.633000 135.872000 86.168000
127.408000 12.089000 90.676000 34.518000 69.330000 36.396000 54.567000 124.703000 84.677000 87.113000 135.872000 86.168000
127.049000 13.656000 90.361000 36.647000 72.715000 33.431000 54.418000 125.807000 84.361000 89.593000 135.872000 86.168000
126.689000 15.222000 90.064000 38.653000 76.100000 30.466000 54.268000 126.912000 84.046000 92.073000 135.872000 86.168000
126.330000 16.788000 89.775000 40.603000 79.485000 27.501000 54.119000 128.016000 83.730000 94.553000 135.872000 86.168000
125.971000 18.355000 89.482000 42.581000 82.870000 24.536000 53.969000 129.121000 83.415000 97.033000 135.872000 86.168000
125.619000 19.897000 89.189000 44.560000 86.255000 21.571000 53.819000 130.225000 83.099000 99.513000 135.872000 86.168000
125.260000 21.462000 88.896000 46.538000 89.640000 18.605000 53.670000 131.330000 82.784000 101.993000 135.872000 86.168000
124.858000 23.179000 88.603000 48.517000 93.003000 15.659000 53.520000 132.434000 82.468000 104.473000 135.872000 86.168000
124.411000 25.006000 88.310000 50.495000 96.449000 12.695000 53.371000 133.539000 82.153000 106.953000 135.872000 86.168000
123.921000 26.985000 88.017000 52.473000 99.966000 9.611000 53.221000 134.643000 81.837000 109.433000 135.872000 86.168000
123.424000 28.987000 87.724000 54.452000 103.534000 6.435000 53.072000 135.748000 81.522000 111.916000 135.872000 86.168000
122.934000 30.965000 87.431000 56.430000 107.181000 3.239000 52.922000 136.852000 81.207000 114.396000 135.872000 86.168000
122.445000 32.943000 87.138000 58.409000 110.815000 0.056000 52.779000 137.965000 80.886000 116.860000 135.872000 86.168000
121.955000 34.920000 86.845000 60.387000 114.487000 196.861000 52.623000 139.068000 80.559000 119.301000 135.872000 86.168000
121.465000 36.898000 86.552000 62.366000 118.202000 193.586000 52.441000 140.131000 80.227000 121.726000 135.872000 86.168000
120.976000 38.876000 86.259000 64.344000 121.985000 190.272000 52.249000 141.145000 79.894000 124.147000 135.872000 86.168000
120.486000 40.854000 85.966000 66.322000 125.746000 186.977000 52.069000 142.127000 79.561000 126.571000 135.872000 86.168000
119.997000 42.831000 85.673000 68.301000 129.507000 183.682000 51.917000 143.108000 79.229000 128.996000 135.872000 86.168000
119.507000 44.809000 85.380000 70.279000 133.268000 180.388000 51.777000 144.099000 78.897000 131.420000 135.872000 86.168000
119.017000 46.787000 85.087000 72.258000 137.029000 177.093000 51.630000 145.088000 78.565000 133.845000 135.872000 86.168000
118.528000 48.765000 84.794000 74.236000 140.790000 173.799000 51.484000 146.077000 78.232000 136.270000 135.872000 86.168000
118.038000 50.742000 84.497000 76.244000 144.551000 170.504000 51.333000 147.096000 77.900000 138.694000 135.872000 86.168000
117.549000 52.720000 84.203000 78.210000 148.312000 167.209000 51.186000 148.073000 77.575000 141.125000 135.872000 86.168000
117.059000 54.698000 83.933000 79.995000 152.051000 163.934000 51.062000 148.868000 77.238000 143.541000 135.872000 86.168000
116.569000 56.676000 83.691000 81.672000 155.874000 160.640000 50.967000 149.557000 76.868000 145.932000 135.872000 86.168000
116.082000 58.633000 83.471000 83.168000 159.782000 157.246000 50.894000 150.063000 76.472000 148.357000 135.872000 86.168000
115.593000 60.610000 83.256000 84.623000 163.772000 153.721000 50.825000 150.529000 76.087000 150.779000 135.872000 86.168000
115.090000 62.694000 83.036000 86.107000 167.870000 150.077000 50.752000 151.023000 75.807000 153.072000 135.872000 86.168000
114.568000 64.912000 82.816000 87.591000 171.983000 146.452000 50.678000 151.518000 75.571000 155.230000 135.872000 86.168000
114.032000 67.238000 82.592000 89.104000 176.030000 142.935000 50.605000 152.013000 75.434000 157.387000 135.872000 86.168000
113.494000 69.583000 82.373000 90.575000 180.027000 139.441000 50.532000 152.507000 75.195000 159.702000 135.872000 86.168000
112.958000 71.908000 82.175000 91.865000 183.962000 135.887000 50.459000 153.002000 74.915000 162.180000 135.872000 86.168000
112.422000 74.233000 82.006000 93.048000 187.850000 132.206000 50.385000 153.496000 74.526000 164.678000 135.872000 86.168000
111.886000 76.557000 81.860000 94.050000 191.697000 128.448000 50.308000 154.020000 74.159000 167.151000 135.872000 86.168000
111.351000 78.882000 81.718000 95.010000 195.494000 124.674000 50.234000 154.503000 73.793000 169.624000 135.872000 86.168000
110.815000 81.207000 81.571000 95.999000 199.309000 120.941000 50.184000 154.803000 73.427000 172.097000 135.872000 86.168000
110.279000 83.531000 81.425000 96.988000 3.093000 117.371000 50.162000 154.997000 73.061000 174.571000 135.872000 86.168000
109.744000 85.856000 81.278000 97.978000 6.918000 113.928000 50.162000 155.009000 72.695000 177.044000 135.872000 86.168000
109.208000 88.181000 81.127000 98.996000 10.796000 110.572000 50.166000 154.980000 72.328000 179.517000 135.872000 86.168000
108.672000 90.506000 80.981000 99.973000 14.725000 107.192000 50.166000 154.980000 71.962000 181.990000 135.872000 86.168000
108.137000 92.830000 80.856000 100.768000 18.727000 103.716000 50.166000 154.980000 71.596000 184.463000 135.872000 86.168000
107.601000 95.155000 80.761000 101.457000 22.787000 100.191000 50.166000 154.980000 71.230000 186.936000 135.872000 86.168000
107.065000 97.480000 80.688000 101.963000 26.895000 96.604000 50.166000 154.980000 70.864000 189.409000 135.872000 86.168000
106.530000 99.804000 80.619000 102.429000 31.071000 92.980000 50.166000 154.980000 70.498000 191.882000 135.872000 86.168000
105.994000 102.129000 80.546000 102.924000 35.225000 89.375000 50.166000 154.980000 70.131000 194.355000 135.872000 86.168000
105.447000 104.465000 80.472000 103.418000 39.378000 85.770000 50.166000 154.980000 69.765000 196.828000 135.872000 86.168000
104.920000 106.770000 80.399000 103.913000 43.532000 82.165000 50.166000 154.980000 69.399000 199.301000 135.872000 86.168000
104.464000 109.039000 80.326000 104.407000 47.686000 78.560000 50.166000 154.980000 69.033000 1.774000 135.872000 86.168000
104.055000 111.339000 80.253000 104.902000 51.840000 74.955000 50.166000 154.980000 68.667000 4.247000 135.872000 86.168000
103.716000 113.698000 80.175000 105.426000 55.993000 71.350000 50.166000 154.980000 68.301000 6.720000 135.872000 86.168000
103.412000 116.167000 80.102000 105.908000 60.147000 67.745000 50.166000 154.980000 67.934000 9.193000 135.872000 86.168000
103.063000 118.766000 80.050000 106.209000 64.301000 64.140000 50.166000 154.980000 67.568000 11.666000 135.872000 86.168000
102.666000 121.476000 80.033000 106.387000 68.470000 60.513000 50.166000 154.980000 67.202000 14.139000 135.872000 86.168000
102.234000 124.287000 80.033000 106.385000 72.589000 56.965000 50.166000 154.980000 66.836000 16.612000 135.872000 86.168000
101.796000 127.116000 80.011000 106.542000 76.689000 53.459000 50.166000 154.980000 66.470000 19.085000 135.872000 86.168000
101.364000 129.926000 79.960000 106.881000 80.915000 49.693000 50.166000 154.980000 66.103000 21.558000 135.872000 86.168000
100.932000 132.736000 79.908000 107.219000 85.215000 45.790000 50.166000 154.980000 65.737000 24.031000 135.872000 86.168000
100.500000 135.546000 79.886000 107.376000 89.597000 41.707000 50.166000 154.980000 65.371000 26.504000 135.872000 86.168000
100.068000 138.356000 79.882000 107.403000 94.100000 37.429000 50.166000 154.980000 65.005000 28.977000 135.872000 86.168000
99.642000 141.173000 79.864000 107.524000 98.581000 33.209000 50.166000 154.980000 64.639000 31.450000 135.872000 86.168000
99.205000 143.967000 79.839000 107.692000 103.062000 28.989000 50.166000 154.980000 64.273000 33.923000 135.872000 86.168000
98.741000 146.742000 79.817000 107.841000 107.542000 24.769000 50.166000 154.980000 63.906000 36.396000 135.872000 86.168000
98.265000 149.554000 79.791000 108.026000 112.023000 20.550000 50.166000 154.980000 63.540000 38.869000 135.872000 86.168000
97.795000 152.439000 79.744000 108.347000 116.501000 16.309000 50.166000 154.980000 63.174000 41.343000 135.872000 86.168000
97.349000 155.400000 79.671000 108.830000 120.982000 12.088000 50.166000 154.980000 62.808000 43.816000 135.872000 86.168000
96.916000 158.384000 79.593000 109.354000 125.476000 7.982000 50.166000 154.980000 62.442000 46.289000 135.872000 86.168000
96.477000 161.352000 79.520000 109.848000 129.989000 4.005000 50.166000 154.980000 62.076000 48.762000 135.872000 86.168000
96.037000 164.319000 79.447000 110.343000 134.516000 0.144000 50.166000 154.980000 61.709000 51.235000 135.872000 86.168000
95.598000 167.287000 79.374000 110.837000 139.045000 196.303000 50.166000 154.980000 61.343000 53.708000 135.872000 86.168000
95.158000 170.255000 79.300000 111.332000 143.571000 192.441000 50.166000 154.980000 60.977000 56.181000 135.872000 86.168000
94.719000 173.222000 79.227000 111.827000 148.097000 188.578000 50.166000 154.980000 60.627000 58.662000 135.872000 86.168000
94.280000 176.190000 79.154000 112.321000 152.624000 184.716000 50.166000 154.980000 60.222000 61.133000 135.872000 86.168000
93.840000 179.158000 79.081000 112.816000 157.150000 180.854000 50.166000 154.980000 59.733000 63.558000 135.872000 86.168000
93.401000 182.125000 79.007000 113.310000 161.668000 176.995000 50.166000 154.980000 59.184000 65.949000 135.872000 86.168000
92.961000 185.093000 78.934000 113.805000 166.194000 173.133000 50.166000 154.980000 58.596000 68.345000 135.872000 86.168000
92.522000 188.061000 78.861000 114.300000 170.773000 169.252000 50.166000 154.980000 58.094000 70.783000 135.872000 86.168000
92.083000 191.028000 78.788000 114.794000 175.392000 165.348000 50.166000 154.980000 57.649000 73.259000 135.872000 86.168000
91.643000 193.996000 78.714000 115.289000 180.065000 161.425000 50.166000 154.980000 57.309000 75.737000 135.872000 86.168000
91.204000 196.964000 78.645000 115.755000 184.743000 157.510000 50.166000 154.980000 56.943000 78.210000 135.872000 86.168000
90.764000 199.931000 78.572000 116.261000 189.415000 153.587000 50.166000 154.980000 56.577000 80.683000 135.872000 86.168000
90.325000 2.899000 78.477000 116.950000 194.105000 149.608000 50.166000 154.980000 56.210000 83.156000 135.872000 86.168000
89.885000 5.866000 78.353000 117.745000 198.816000 145.554000 50.166000 154.980000 55.844000 85.629000 135.872000 86.168000
89.446000 8.834000 78.206000 118.722000 3.543000 141.444000 50.166000 154.980000 55.478000 88.102000 135.872000 86.168000
89.007000 11.802000 78.055000 119.740000 8.274000 137.323000 50.166000 154.980000 55.111000 90.575000 135.872000 86.168000
88.580000 14.776000 77.909000 120.730000 13.002000 133.213000 50.166000 154.980000 54.745000 93.048000 135.872000 86.168000
88.111000 17.744000 77.762000 121.719000 17.743000 129.119000 50.166000 154.980000 54.379000 95.521000 135.872000 86.168000
87.551000 20.673000 77.616000 122.708000 22.458000 124.995000 50.166000 154.980000 54.013000 97.995000 135.872000 86.168000
86.938000 23.562000 77.469000 123.697000 27.118000 120.808000 50.166000 154.980000 53.646000 100.468000 135.872000 86.168000
86.268000 26.449000 77.323000 124.687000 31.758000 116.597000 50.166000 154.980000 53.280000 102.941000 135.872000 86.168000
85.690000 29.374000 77.176000 125.676000 36.419000 112.410000 50.166000 154.980000 52.914000 105.414000 135.872000 86.168000
85.190000 32.345000 77.030000 126.665000 41.134000 108.286000 50.166000 154.980000 52.548000 107.887000 135.872000 86.168000
84.706000 35.316000 76.883000 127.654000 45.874000 104.191000 50.166000 154.980000 52.181000 110.360000 135.872000 86.168000
84.144000 38.266000 76.737000 128.643000 50.602000 100.081000 50.166000 154.980000 51.811000 112.862000 135.872000 86.168000
83.506000 41.204000 76.590000 129.633000 55.330000 95.971000 50.166000 154.980000 51.444000 115.323000 135.872000 86.168000
82.771000 44.128000 76.444000 130.622000 60.058000 91.862000 50.166000 154.980000 51.101000 117.602000 135.872000 86.168000
81.977000 47.036000 76.297000 131.611000 64.785000 87.752000 50.166000 154.980000 50.786000 119.774000 135.872000 86.168000
81.099000 49.938000 76.138000 132.599000 69.513000 83.642000 50.166000 154.980000 50.493000 121.765000 135.872000 86.168000
80.286000 52.851000 76.002000 133.589000 74.241000 79.532000 50.166000 154.980000 50.204000 123.714000 135.872000 86.168000
79.519000 55.770000 75.921000 134.584000 78.961000 75.426000 50.166000 154.980000 49.898000 125.695000 135.872000 86.168000
78.763000 58.691000 75.886000 135.583000 83.688000 71.316000 50.166000 154.980000 49.618000 127.675000 135.872000 86.168000
77.978000 61.607000 75.887000 136.583000 88.455000 67.185000 50.166000 154.980000 49.393000 129.640000 135.872000 86.168000
77.241000 64.531000 75.875000 137.580000 93.268000 63.026000 50.166000 154.980000 49.215000 131.586000 135.872000 86.168000
76.576000 67.465000 75.845000 138.576000 98.121000 58.845000 50.166000 154.980000 49.073000 133.514000 135.872000 86.168000
75.868000 70.393000 75.821000 139.573000 102.980000 54.660000 50.166000 154.980000 48.914000 135.436000 135.872000 86.168000
75.231000 73.331000 75.796000 140.570000 107.832000 50.479000 50.166000 154.980000 48.736000 137.360000 135.872000 86.168000
74.668000 76.281000 75.772000 141.566000 112.685000 46.298000 50.166000 154.980000 48.563000 139.284000 135.872000 86.168000
73.984000 79.218000 75.747000 142.563000 117.537000 42.117000 50.166000 154.980000 48.391000 141.208000 135.872000 86.168000
73.268000 82.139000 75.723000 143.560000 122.389000 37.937000 50.166000 154.980000 48.218000 143.133000 135.872000 86.168000
72.574000 85.055000 75.698000 144.557000 127.257000 33.733000 50.166000 154.980000 48.046000 145.057000 135.872000 86.168000
71.961000 87.997000 75.674000 145.553000 132.080000 29.566000 50.166000 154.980000 47.874000 146.982000 135.872000 86.168000
71.429000 90.964000 75.649000 146.550000 136.871000 25.488000 50.166000 154.980000 47.701000 148.906000 135.872000 86.168000
71.020000 93.907000 75.625000 147.547000 141.685000 21.504000 50.166000 154.980000 47.529000 150.830000 135.872000 86.168000
70.581000 96.887000 75.600000 148.544000 146.476000 17.649000 50.166000 154.980000 47.356000 152.755000 135.872000 86.168000
70.115000 100.028000 75.576000 149.540000 151.296000 13.824000 50.166000 154.980000 47.184000 154.679000 135.872000 86.168000
69.628000 103.305000 75.551000 150.537000 156.116000 9.997000 50.166000 154.980000 47.015000 156.630000 135.872000 86.168000
69.133000 106.647000 75.527000 151.534000 160.965000 6.138000 50.166000 154.980000 46.843000 158.555000 135.872000 86.168000
68.649000 109.914000 75.502000 152.531000 165.875000 2.231000 50.166000 154.980000 46.651000 160.308000 135.872000 86.168000
68.181000 113.076000 75.478000 153.527000 170.769000 198.336000 50.166000 154.980000 46.434000 161.961000 135.872000 86.168000
67.702000 116.314000 75.453000 154.524000 175.679000 194.429000 50.166000 154.980000 46.198000 163.441000 135.872000 86.168000
67.207000 119.655000 75.429000 155.521000 180.505000 190.589000 50.166000 154.980000 45.958000 164.896000 135.872000 86.168000
66.682000 123.072000 75.404000 156.518000 185.367000 186.741000 50.166000 154.980000 45.722000 166.378000 135.872000 86.168000
66.193000 126.563000 75.380000 157.514000 190.312000 182.834000 50.166000 154.980000 45.486000 167.859000 135.872000 86.168000
65.771000 130.115000 75.355000 158.511000 195.321000 178.853000 50.166000 154.980000 45.250000 169.341000 135.872000 86.168000
65.390000 133.780000 75.331000 159.508000 0.421000 174.739000 50.166000 154.980000 45.014000 170.822000 135.872000 86.168000
65.088000 137.530000 75.306000 160.504000 5.685000 170.550000 50.166000 154.980000 44.778000 172.303000 135.872000 86.168000
64.775000 141.294000 75.282000 161.501000 10.771000 166.503000 50.166000 154.980000 44.542000 173.785000 135.872000 86.168000
64.440000 145.040000 75.257000 162.498000 15.857000 162.455000 50.166000 154.980000 44.305000 175.266000 135.872000 86.168000
64.111000 148.787000 75.236000 163.524000 36.613000 136.192000 50.166000 154.980000 44.069000 176.747000 135.872000 86.168000
63.781000 152.533000 75.222000 164.503000 36.613000 136.192000 50.166000 154.980000 43.833000 178.229000 135.872000 86.168000
63.452000 156.280000 75.104000 165.291000 38.630000 133.970000 50.166000 154.980000 43.597000 179.710000 135.872000 86.168000
63.136000 160.044000 74.945000 165.966000 38.630000 133.970000 50.166000 154.980000 43.361000 181.191000 135.872000 86.168000
62.793000 163.816000 74.685000 166.451000 40.646000 131.749000 50.166000 154.980000 43.125000 182.673000 135.872000 86.168000
62.391000 167.357000 74.499000 166.891000 40.646000 131.749000 50.166000 154.980000 42.889000 184.154000 135.872000 86.168000
61.950000 170.754000 74.349000 167.380000 42.662000 129.528000 50.166000 154.980000 42.653000 185.635000 135.872000 86.168000
61.440000 173.995000 74.296000 167.878000 42.662000 129.528000 50.166000 154.980000 42.416000 187.117000 135.872000 86.168000
60.954000 176.995000 74.218000 168.372000 44.679000 127.307000 50.166000 154.980000 42.180000 188.598000 135.872000 86.168000
60.490000 179.923000 74.139000 168.866000 44.679000 127.307000 50.166000 154.980000 41.944000 190.079000 135.872000 86.168000
59.984000 183.079000 74.060000 169.360000 46.695000 125.085000 50.166000 154.980000 41.708000 191.561000 135.872000 86.168000
59.462000 186.357000 73.981000 169.853000 46.695000 125.085000 50.166000 154.980000 41.472000 193.042000 135.872000 86.168000
58.931000 189.635000 73.903000 170.347000 48.712000 122.864000 50.166000 154.980000 41.236000 194.524000 135.872000 86.168000
58.436000 192.771000 73.824000 170.841000 48.712000 122.864000 50.166000 154.980000 41.000000 196.005000 135.872000 86.168000
57.978000 195.666000 73.745000 171.335000 50.728000 120.643000 50.166000 154.980000 40.764000 197.486000 135.872000 86.168000
57.506000 198.628000 73.667000 171.829000 50.728000 120.643000 50.166000 154.980000 40.528000 198.968000 135.872000 86.168000
57.034000 1.591000 73.588000 172.322000 52.745000 118.422000 50.166000 154.980000 40.291000 0.449000 135.872000 86.168000
56.562000 4.564000 73.509000 172.816000 52.745000 118.422000 50.166000 154.980000 40.055000 1.930000 135.872000 86.168000
56.090000 7.527000 73.431000 173.310000 54.761000 116.200000 50.166000 154.980000 39.819000 3.412000 135.872000 86.168000
55.613000 10.438000 73.352000 173.804000 54.761000 116.200000 50.166000 154.980000 39.583000 4.893000 135.872000 86.168000
55.131000 13.281000 73.273000 174.298000 56.777000 113.979000 50.166000 154.980000 39.347000 6.374000 135.872000 86.168000
54.644000 16.072000 73.194000 174.791000 56.777000 113.979000 50.166000 154.980000 39.111000 7.856000 135.872000 86.168000
54.156000 18.854000 73.116000 175.285000 58.794000 111.758000 50.166000 154.980000 38.875000 9.337000 135.872000 86.168000
53.668000 21.645000 73.037000 175.779000 58.794000 111.758000 50.166000 154.980000 38.639000 10.818000 135.872000 86.168000
53.181000 24.437000 72.958000 176.273000 60.810000 109.537000 50.166000 154.980000 38.403000 12.300000 135.872000 86.168000
52.694000 27.228000 72.880000 176.766000 60.810000 109.537000 50.166000 154.980000 38.166000 13.781000 135.872000 86.168000
52.207000 30.020000 72.801000 177.260000 62.827000 107.315000 50.166000 154.980000 37.930000 15.262000 135.872000 86.168000
51.720000 32.812000 72.722000 177.754000 62.827000 107.315000 50.166000 154.980000 37.694000 16.744000 135.872000 86.168000
51.233000 35.603000 72.643000 178.248000 64.843000 105.094000 50.166000 154.980000 37.458000 18.225000 135.872000 86.168000
50.745000 38.385000 72.565000 178.742000 64.843000 105.094000 50.166000 154.980000 37.222000 19.707000 135.872000 86.168000
50.257000 41.176000 72.486000 179.235000 66.860000 102.873000 50.166000 154.980000 36.991000 21.159000 135.872000 86.168000
49.775000 44.019000 72.407000 179.729000 66.860000 102.873000 50.166000 154.980000 36.755000 22.652000 135.872000 86.168000
49.298000 46.930000 72.329000 180.223000 68.876000 100.652000 50.166000 154.980000 36.495000 24.327000 135.872000 86.168000
48.826000 49.893000 72.250000 180.717000 68.876000 100.652000 50.166000 154.980000 36.204000 26.109000 135.872000 86.168000
48.355000 52.866000 72.171000 181.211000 70.893000 98.430000 50.166000 154.980000 35.889000 28.072000 135.872000 86.168000
47.882000 55.829000 72.093000 181.704000 70.893000 98.430000 50.166000 154.980000 35.569000 30.076000 135.872000 86.168000
47.410000 58.791000 72.014000 182.198000 72.909000 96.209000 50.170000 154.951000 35.254000 32.051000 135.872000 86.168000
46.938000 61.754000 71.935000 182.692000 72.909000 96.209000 50.166000 154.979000 34.939000 34.026000 135.872000 86.168000
46.466000 64.717000 71.856000 183.186000 74.925000 93.988000 50.144000 155.129000 34.625000 36.001000 135.872000 86.168000
45.993000 67.679000 71.778000 183.679000 74.925000 93.988000 50.119000 155.297000 34.310000 37.977000 135.872000 86.168000
45.521000 70.642000 71.699000 184.173000 76.942000 91.767000 50.096000 155.446000 33.995000 39.952000 135.872000 86.168000
45.049000 73.605000 71.620000 184.667000 76.942000 91.767000 50.066000 155.652000 33.680000 41.927000 135.872000 86.168000
44.577000 76.567000 71.542000 185.161000 78.985000 89.526000 50.023000 155.940000 33.365000 43.902000 135.872000 86.168000
44.104000 79.530000 71.468000 185.626000 78.985000 89.526000 49.972000 156.286000 33.051000 45.877000 135.872000 86.168000
43.632000 82.493000 71.384000 186.147000 80.927000 87.316000 49.924000 156.613000 32.736000 47.852000 135.872000 86.168000
43.160000 85.456000 71.281000 186.791000 80.927000 87.316000 49.873000 156.958000 32.421000 49.827000 135.872000 86.168000
42.688000 88.418000 71.172000 187.481000 82.823000 85.192000 49.804000 157.424000 32.106000 51.802000 135.872000 86.168000
42.216000 91.381000 71.069000 188.124000 82.823000 85.192000 49.726000 157.948000 31.791000 53.778000 135.872000 86.168000
41.743000 94.344000 70.986000 188.646000 84.645000 83.137000 49.653000 158.442000 31.476000 55.753000 135.872000 86.168000
41.271000 97.306000 70.912000 189.111000 84.645000 83.137000 49.580000 158.937000 31.162000 57.728000 135.872000 86.168000
40.799000 100.269000 70.833000 189.605000 86.444000 81.104000 49.507000 159.432000 30.847000 59.703000 135.872000 86.168000
40.327000 103.232000 70.755000 190.099000 86.444000 81.104000 49.433000 159.926000 30.532000 61.678000 135.872000 86.168000
39.854000 106.195000 70.681000 190.563000 88.305000 79.031000 49.360000 160.421000 30.217000 63.653000 135.877000 86.197000
39.382000 109.157000 70.597000 191.085000 88.305000 79.031000 49.287000 160.916000 29.902000 65.628000 135.872000 86.169000
38.910000 112.120000 70.494000 191.729000 90.225000 76.928000 49.214000 161.410000 29.588000 67.604000 135.848000 86.019000
38.438000 115.083000 70.385000 192.419000 90.225000 76.928000 49.140000 161.905000 29.273000 69.579000 135.787000 85.828000
37.965000 118.045000 70.282000 193.062000 92.124000 74.836000 49.067000 162.399000 28.958000 71.554000 135.795000 85.703000
37.493000 121.008000 70.199000 193.584000 92.124000 74.836000 48.994000 162.894000 28.643000 73.529000 135.941000 85.652000
37.021000 123.971000 70.125000 194.049000 94.023000 72.745000 48.921000 163.389000 28.328000 75.504000 136.118000 85.450000
36.549000 126.933000 70.051000 194.514000 94.023000 72.745000 48.847000 163.883000 28.013000 77.479000 136.183000 85.130000
36.076000 129.896000 69.967000 195.035000 95.922000 70.653000 48.774000 164.378000 27.699000 79.454000 136.130000 84.637000
35.604000 132.859000 69.865000 195.679000 95.922000 70.653000 48.701000 164.872000 27.384000 81.430000 136.198000 84.119000
35.130000 135.821000 69.755000 196.369000 97.821000 68.561000 48.628000 165.367000 27.069000 83.405000 136.430000 83.547000
34.660000 138.784000 69.653000 197.013000 97.821000 68.561000 48.554000 165.862000 26.754000 85.380000 136.675000 82.876000
34.199000 141.748000 69.569000 197.534000 99.719000 66.470000 48.481000 166.356000 26.439000 87.355000 136.896000 82.139000
33.761000 144.637000 69.495000 197.999000 99.719000 66.470000 48.408000 166.851000 26.124000 89.330000 137.111000 81.195000
33.191000 147.840000 69.417000 198.493000 101.618000 64.378000 48.335000 167.345000 25.810000 91.305000 137.412000 80.068000
32.502000 151.309000 69.338000 198.987000 101.618000 64.378000 48.262000 167.840000 25.495000 93.280000 137.724000 78.775000
31.686000 155.056000 69.259000 199.481000 103.517000 62.286000 48.188000 168.335000 25.180000 95.255000 137.973000 77.247000
30.752000 159.069000 69.180000 199.974000 103.517000 62.286000 48.115000 168.829000 24.865000 97.231000 138.226000 75.686000
29.663000 163.444000 69.102000 0.468000 105.416000 60.194000 48.038000 169.353000 24.550000 99.206000 138.442000 74.073000
28.710000 167.597000 69.023000 0.962000 105.416000 60.194000 47.964000 169.835000 24.236000 101.181000 138.701000 72.419000
27.853000 171.536000 68.944000 1.456000 107.315000 58.103000 47.913000 170.136000 23.921000 103.156000 139.097000 70.790000
27.097000 175.302000 68.866000 1.949000 107.315000 58.103000 47.891000 170.330000 23.606000 105.131000 139.569000 69.047000
26.441000 178.825000 68.787000 2.443000 109.213000 56.011000 47.891000 170.342000 23.296000 107.077000 140.029000 67.159000
25.891000 182.259000 68.708000 2.937000 109.213000 56.011000 47.895000 170.313000 22.981000 109.064000 140.373000 65.149000
25.293000 185.862000 68.629000 3.431000 111.112000 53.919000 47.895000 170.313000 22.642000 111.233000 140.648000 62.970000
24.688000 189.510000 68.551000 3.925000 111.112000 53.919000 47.895000 170.313000 22.273000 113.508000 140.954000 60.849000
24.090000 193.113000 68.472000 4.418000 113.011000 51.828000 47.895000 170.313000 21.879000 115.965000 141.260000 58.727000
23.512000 196.594000 68.393000 4.912000 113.011000 51.828000 47.895000 170.313000 21.481000 118.463000 141.566000 56.606000
22.944000 0.017000 68.310000 5.435000 114.910000 49.736000 47.895000 170.313000 21.087000 120.932000 141.872000 54.484000
22.371000 3.470000 68.231000 5.917000 114.910000 49.736000 47.895000 170.313000 20.694000 123.401000 142.177000 52.401000
21.793000 6.952000 68.176000 6.218000 116.809000 47.644000 47.895000 170.313000 20.300000 125.870000 142.483000 50.222000
21.225000 10.377000 68.152000 6.411000 116.809000 47.644000 47.895000 170.313000 19.907000 128.339000 142.794000 47.845000
20.672000 13.709000 68.152000 6.423000 118.703000 45.545000 47.895000 170.313000 19.513000 130.808000 143.112000 45.327000
20.136000 16.938000 68.157000 6.394000 118.703000 45.545000 47.895000 170.313000 19.117000 133.277000 143.434000 42.611000
19.608000 20.120000 68.157000 6.394000 120.601000 43.453000 47.895000 170.313000 18.726000 135.746000 143.757000 39.798000
19.072000 23.350000 68.157000 6.394000 120.601000 43.453000 47.895000 170.313000 18.346000 138.217000 144.079000 37.023000
18.554000 26.475000 68.157000 6.394000 122.524000 41.399000 47.895000 170.313000 17.970000 140.687000 144.401000 34.249000
18.033000 29.612000 68.157000 6.394000 122.524000 41.399000 47.895000 170.313000 17.589000 143.158000 144.723000 31.475000
17.488000 32.899000 68.162000 6.365000 124.478000 39.395000 47.895000 170.313000 17.217000 145.594000 145.045000 28.701000
16.941000 36.192000 68.157000 6.393000 124.478000 39.395000 47.895000 170.313000 16.724000 148.094000 145.369000 25.970000
16.401000 39.450000 68.138000 6.514000 126.457000 37.429000 47.895000 170.313000 16.115000 150.784000 145.692000 23.117000
15.876000 42.615000 68.103000 6.737000 126.457000 37.429000 47.895000 170.313000 15.388000 153.595000 146.003000 20.059000
15.332000 45.890000 68.055000 7.037000 128.440000 35.470000 47.895000 170.313000 14.548000 156.595000 146.300000 16.844000
14.759000 49.344000 68.024000 7.232000 128.440000 35.470000 47.895000 170.313000 13.559000 159.693000 146.585000 13.423000
14.211000 52.641000 68.005000 7.352000 130.418000 33.503000 47.895000 170.313000 12.716000 162.692000 146.869000 9.880000
13.690000 55.785000 67.976000 7.537000 130.418000 33.503000 47.895000 170.313000 11.983000 165.502000 147.155000 6.381000
13.174000 58.893000 67.926000 7.858000 132.396000 31.536000 47.895000 170.313000 11.365000 168.189000 147.441000 2.881000
12.661000 61.990000 67.847000 8.340000 132.396000 31.536000 47.895000 170.313000 10.857000 170.688000 147.727000 199.382000
12.140000 65.128000 67.764000 8.862000 134.374000 29.570000 47.895000 170.313000 10.467000 173.150000 148.013000 195.882000
11.624000 68.236000 67.685000 9.356000 134.374000 29.570000 47.895000 170.313000 10.062000 175.588000 148.314000 192.450000
11.101000 71.390000 67.606000 9.850000 136.352000 27.603000 47.895000 170.313000 9.678000 177.905000 148.600000 188.670000
10.560000 74.649000 67.552000 10.369000 136.352000 27.603000 47.895000 170.313000 9.301000 180.176000 148.806000 184.580000
10.032000 77.833000 67.415000 10.805000 138.331000 25.637000 47.895000 170.313000 8.916000 182.492000 148.905000 180.166000
9.526000 80.884000 67.234000 11.166000 138.331000 25.637000 47.895000 170.313000 8.512000 184.930000 148.923000 175.442000
9.025000 83.900000 66.982000 11.791000 140.309000 23.670000 47.895000 170.313000 8.098000 187.426000 148.925000 170.370000
8.514000 86.980000 66.716000 12.547000 140.309000 23.670000 47.895000 170.313000 7.689000 189.892000 148.944000 165.448000
7.990000 90.135000 66.515000 13.477000 142.287000 21.704000 47.895000 170.313000 7.279000 192.358000 148.985000 161.169000
7.474000 93.244000 66.351000 14.638000 142.287000 21.704000 47.895000 170.313000 6.870000 194.824000 148.999000 157.199000
6.978000 96.232000 66.301000 15.368000 144.265000 19.737000 47.895000 170.313000 6.461000 197.291000 148.868000 153.541000
6.492000 99.163000 66.300000 15.963000 144.265000 19.737000 47.895000 170.313000 6.052000 199.757000 148.624000 149.605000
5.996000 102.151000 66.397000 16.290000 146.243000 17.770000 47.899000 170.284000 5.642000 2.223000 148.240000 145.465000
5.510000 105.083000 66.386000 16.916000 146.243000 17.770000 47.895000 170.312000 5.233000 4.690000 147.823000 140.696000
5.044000 107.893000 66.319000 17.703000 148.221000 15.804000 47.877000 170.433000 4.824000 7.156000 147.412000 136.129000
4.585000 110.656000 66.113000 18.876000 148.221000 15.804000 47.848000 170.628000 4.414000 9.622000 146.988000 131.764000
4.118000 113.466000 65.917000 20.022000 150.200000 13.837000 47.804000 170.928000 4.005000 12.089000 146.562000 127.511000
3.632000 116.398000 65.720000 21.168000 150.200000 13.837000 47.749000 171.301000 3.596000 14.555000 146.139000 123.217000
3.136000 119.386000 65.524000 22.313000 152.178000 11.871000 47.680000 171.767000 3.187000 17.021000 145.715000 118.924000
2.645000 122.346000 65.328000 23.459000 152.178000 11.871000 47.602000 172.291000 2.777000 19.487000 145.292000 114.631000
2.154000 125.305000 65.131000 24.604000 154.156000 9.904000 47.529000 172.786000 2.368000 21.954000 144.868000 110.339000
1.663000 128.265000 64.935000 25.750000 154.156000 9.904000 47.456000 173.281000 1.959000 24.420000 144.390000 106.045000
1.172000 131.224000 64.739000 26.896000 156.134000 7.938000 47.383000 173.775000 1.550000 26.886000 144.082000 101.747000
0.681000 134.184000 64.543000 28.041000 156.134000 7.938000 47.309000 174.270000 1.140000 29.353000 143.917000 97.435000
0.190000 137.144000 64.346000 29.187000 158.112000 5.971000 47.236000 174.765000 0.731000 31.819000 143.942000 93.306000
