396.000000 386.474000 193.807000 253.552000 346.682000 378.119000 223.969000 401.616000 166.593000 271.192000 330.350000 16.652000
401.087000 382.045000 193.643000 254.539000 346.720000 378.789000 223.676000 403.594000 166.169000 273.750000 329.201000 24.862000
406.236000 377.596000 193.479000 255.525000 346.717000 379.294000 223.383000 405.573000 165.755000 276.243000 328.053000 33.073000
411.461000 373.131000 193.316000 256.512000 346.648000 379.626000 223.090000 407.551000 165.321000 278.866000 326.904000 41.283000
416.740000 368.663000 193.152000 257.498000 346.612000 379.926000 222.797000 409.529000 164.881000 281.672000 325.756000 49.493000
422.002000 364.198000 192.988000 258.485000 346.569000 380.271000 222.504000 411.508000 164.368000 284.464000 324.607000 57.703000
427.263000 359.733000 192.820000 259.500000 346.511000 380.739000 222.211000 413.486000 163.812000 287.097000 323.459000 65.914000
432.525000 355.268000 192.656000 260.475000 346.446000 381.265000 221.918000 415.465000 163.203000 289.638000 322.330000 73.916000
437.786000 350.803000 192.517000 261.268000 346.385000 381.761000 221.625000 417.443000 162.647000 292.270000 321.413000 80.971000
443.074000 346.329000 192.410000 261.955000 346.323000 382.257000 221.327000 419.387000 162.134000 295.030000 320.600000 87.577000
448.250000 341.862000 192.329000 262.460000 346.262000 382.753000 221.041000 421.406000 161.697000 297.812000 319.904000 93.909000
453.343000 337.441000 192.266000 262.856000 346.201000 383.250000 220.771000 423.616000 161.235000 300.573000 319.108000 100.651000
458.355000 333.091000 192.171000 263.563000 346.140000 383.746000 220.500000 425.952000 160.774000 303.335000 318.224000 107.956000
463.262000 328.802000 192.014000 264.361000 346.078000 384.242000 220.211000 428.481000 160.313000 306.097000 317.135000 116.269000
468.128000 324.533000 191.835000 265.433000 346.017000 384.738000 219.893000 431.078000 159.852000 308.858000 316.029000 124.869000
473.029000 320.258000 191.678000 266.231000 345.956000 385.234000 219.565000 433.639000 159.391000 311.620000 314.905000 133.116000
477.924000 315.981000 191.583000 266.938000 345.895000 385.731000 219.243000 436.201000 158.930000 314.381000 313.832000 141.042000
482.818000 311.704000 191.515000 267.363000 345.830000 386.256000 218.921000 438.763000 158.469000 317.143000 312.890000 148.611000
487.691000 307.489000 191.433000 267.857000 345.772000 386.724000 218.599000 441.325000 158.008000 319.905000 312.042000 155.785000
492.694000 303.041000 191.351000 268.350000 345.729000 387.069000 218.277000 443.887000 157.547000 322.666000 311.303000 162.625000
497.817000 298.355000 191.269000 268.843000 345.692000 387.369000 217.955000 446.449000 157.086000 325.428000 310.626000 169.285000
3.066000 293.443000 191.188000 269.336000 345.649000 387.715000 217.633000 449.011000 156.624000 328.189000 309.887000 175.764000
8.436000 288.291000 191.106000 269.830000 345.592000 388.183000 217.315000 451.578000 156.163000 330.951000 309.072000 182.123000
13.949000 282.867000 191.024000 270.323000 345.523000 388.737000 216.993000 454.141000 155.702000 333.713000 308.268000 188.688000
19.412000 277.618000 190.964000 270.845000 345.466000 389.205000 216.650000 456.675000 155.241000 336.474000 307.434000 195.384000
24.791000 272.588000 190.835000 271.285000 345.423000 389.551000 216.278000 459.172000 154.775000 339.219000 306.596000 202.170000
30.085000 267.745000 190.664000 271.626000 345.386000 389.851000 215.879000 461.669000 154.316000 342.361000 305.763000 208.920000
35.297000 263.082000 190.423000 272.128000 345.343000 390.196000 215.481000 464.121000 153.879000 345.625000 304.919000 215.853000
40.426000 258.656000 190.181000 272.778000 345.285000 390.664000 215.112000 466.396000 153.465000 349.116000 304.047000 222.877000
45.463000 254.244000 190.005000 273.583000 345.220000 391.189000 214.773000 468.565000 153.065000 352.257000 303.146000 230.108000
50.580000 249.761000 189.868000 274.558000 345.159000 391.685000 214.458000 470.552000 152.665000 355.191000 302.240000 237.443000
55.754000 245.229000 189.715000 275.479000 345.098000 392.182000 214.148000 472.498000 152.249000 357.631000 301.339000 244.737000
60.842000 240.754000 189.561000 276.399000 345.037000 392.678000 213.833000 474.473000 151.815000 360.247000 300.442000 251.994000
65.909000 236.334000 189.407000 277.320000 344.975000 393.174000 213.519000 476.448000 151.379000 362.880000 299.562000 259.115000
70.912000 231.951000 189.253000 278.240000 344.914000 393.670000 213.204000 478.423000 150.940000 365.524000 298.704000 266.074000
75.928000 227.557000 189.100000 279.161000 344.853000 394.167000 212.889000 480.398000 150.501000 368.168000 297.850000 272.992000
80.908000 223.173000 188.946000 280.081000 344.791000 394.663000 212.574000 482.373000 150.064000 370.801000 296.988000 279.969000
85.843000 218.872000 188.792000 281.002000 344.730000 395.159000 212.259000 484.349000 149.630000 373.417000 296.130000 286.904000
90.688000 214.627000 188.639000 281.923000 344.673000 395.626000 211.945000 486.324000 149.216000 375.912000 295.291000 293.656000
95.623000 210.326000 188.485000 282.843000 344.608000 396.151000 211.630000 488.299000 148.817000 378.320000 294.476000 300.302000
100.602000 205.943000 188.331000 283.764000 344.528000 396.798000 211.315000 490.274000 148.402000 380.814000 293.679000 306.765000
105.641000 201.529000 188.178000 284.684000 344.442000 397.490000 211.000000 492.249000 147.973000 383.401000 292.886000 313.187000
110.620000 197.146000 188.024000 285.605000 344.362000 398.137000 210.685000 494.224000 147.537000 386.052000 292.086000 319.667000
115.555000 192.845000 187.870000 286.525000 344.297000 398.662000 210.370000 496.199000 147.071000 388.830000 291.289000 326.106000
120.422000 188.581000 187.716000 287.446000 344.244000 399.100000 210.056000 498.175000 146.572000 391.735000 290.511000 332.362000
125.312000 184.298000 187.563000 288.366000 344.182000 399.608000 209.739000 0.152000 146.060000 394.756000 289.757000 338.511000
130.201000 180.015000 187.409000 289.287000 344.103000 400.299000 209.424000 2.127000 145.560000 397.922000 289.022000 344.479000
135.090000 175.732000 187.255000 290.207000 343.998000 401.097000 209.121000 4.093000 145.099000 401.072000 288.278000 350.408000
156.739000 156.726000 187.102000 291.128000 343.872000 402.106000 208.834000 6.047000 144.649000 404.213000 287.562000 356.369000
156.739000 156.726000 186.948000 292.048000 343.746000 403.115000 208.561000 7.992000 144.192000 407.354000 286.889000 362.305000
159.764000 153.394000 186.794000 292.969000 343.646000 403.934000 208.289000 9.936000 143.736000 410.494000 286.173000 368.184000
159.764000 153.394000 186.641000 293.889000 343.566000 404.587000 208.015000 11.882000 143.279000 413.635000 285.400000 374.002000
162.788000 150.062000 186.487000 294.810000 343.486000 405.241000 207.741000 13.827000 142.822000 416.775000 284.574000 379.785000
162.788000 150.062000 186.333000 295.731000 343.385000 406.059000 207.468000 15.773000 142.365000 419.916000 283.687000 385.567000
165.813000 146.730000 186.179000 296.651000 343.263000 407.039000 207.194000 17.718000 141.909000 423.056000 282.819000 391.354000
165.813000 146.730000 186.027000 297.572000 343.133000 408.091000 206.920000 19.664000 141.452000 426.196000 281.951000 397.141000
168.838000 143.398000 185.873000 298.488000 343.014000 409.055000 206.646000 21.609000 140.990000 429.376000 281.083000 402.928000
168.838000 143.398000 185.711000 299.408000 342.910000 409.896000 206.372000 23.555000 140.533000 432.455000 280.215000 408.716000
171.862000 140.066000 185.543000 300.347000 342.812000 410.692000 206.098000 25.500000 140.100000 435.333000 279.330000 414.474000
171.862000 140.066000 185.375000 301.312000 342.708000 411.534000 205.826000 27.444000 139.692000 438.046000 278.574000 420.293000
174.907000 136.712000 185.209000 302.299000 342.589000 412.498000 205.553000 29.389000 139.318000 440.570000 277.898000 426.229000
174.907000 136.712000 185.051000 303.261000 342.463000 413.520000 205.266000 31.344000 138.961000 442.911000 277.292000 432.190000
177.895000 133.402000 184.888000 304.259000 342.337000 414.542000 204.964000 33.310000 138.616000 445.158000 276.808000 438.078000
177.895000 133.402000 184.695000 305.418000 342.214000 415.521000 204.649000 35.285000 138.283000 447.329000 276.250000 443.824000
180.842000 130.184000 184.478000 306.713000 342.114000 416.340000 204.336000 37.233000 137.938000 449.576000 275.617000 449.510000
180.842000 130.184000 184.258000 308.044000 342.034000 416.993000 204.017000 39.236000 137.577000 451.926000 275.010000 455.228000
183.726000 127.003000 184.040000 309.357000 341.950000 417.667000 203.678000 41.361000 137.202000 454.369000 274.403000 460.947000
183.726000 127.003000 183.819000 310.687000 341.853000 418.452000 203.337000 43.503000 136.818000 456.869000 273.795000 466.666000
186.620000 123.775000 183.578000 312.139000 341.749000 419.295000 202.994000 45.657000 136.434000 459.369000 273.193000 472.412000
186.620000 123.775000 183.328000 313.648000 341.647000 420.120000 202.650000 47.810000 136.054000 461.828000 272.586000 478.127000
189.575000 120.427000 183.082000 315.128000 341.540000 420.991000 202.309000 49.952000 135.702000 464.126000 271.950000 483.664000
189.575000 120.427000 182.842000 316.579000 341.421000 421.956000 201.975000 52.048000 135.403000 466.265000 271.278000 489.099000
192.587000 117.002000 182.591000 318.086000 341.317000 422.791000 201.651000 54.079000 134.991000 468.391000 270.577000 494.357000
192.587000 117.002000 182.321000 319.716000 341.237000 423.444000 201.322000 56.146000 134.548000 470.656000 269.870000 499.583000
195.618000 113.580000 182.043000 321.391000 341.157000 424.097000 200.976000 58.316000 134.005000 473.053000 269.169000 4.837000
195.618000 113.580000 181.773000 323.021000 341.057000 424.916000 200.613000 60.590000 133.544000 475.438000 268.468000 10.090000
198.664000 110.155000 181.522000 324.529000 340.934000 425.896000 200.239000 62.938000 133.116000 477.780000 267.767000 15.344000
198.664000 110.155000 181.281000 325.979000 340.808000 426.918000 199.850000 65.379000 132.785000 480.126000 267.066000 20.598000
201.702000 106.734000 181.036000 327.459000 340.685000 427.910000 199.452000 67.877000 132.428000 482.474000 266.380000 25.788000
201.702000 106.734000 180.790000 328.939000 340.563000 428.903000 199.058000 70.346000 132.070000 484.822000 265.658000 31.295000
204.741000 103.313000 180.545000 330.419000 340.440000 429.895000 198.665000 72.815000 131.712000 487.170000 264.881000 36.986000
204.741000 103.313000 180.299000 331.899000 340.318000 430.888000 198.271000 75.284000 131.355000 489.518000 264.055000 42.862000
207.779000 99.892000 180.054000 333.378000 340.195000 431.880000 197.878000 77.752000 130.997000 491.866000 263.188000 49.012000
207.779000 99.892000 179.808000 334.858000 340.073000 432.873000 197.484000 80.221000 130.639000 494.214000 262.346000 54.954000
210.817000 96.471000 179.563000 336.338000 339.946000 433.894000 197.091000 82.690000 130.282000 496.562000 261.520000 60.740000
210.817000 96.471000 179.317000 337.818000 339.827000 434.858000 196.697000 85.159000 129.924000 498.910000 260.673000 66.571000
213.855000 93.050000 179.071000 339.298000 339.723000 435.700000 196.304000 87.628000 129.566000 1.257000 259.819000 72.398000
213.855000 93.050000 178.826000 340.777000 339.625000 436.496000 195.910000 90.097000 374.946000 440.619000 258.972000 78.229000
216.893000 89.629000 178.580000 342.257000 339.518000 437.367000 195.517000 92.566000 374.577000 443.597000 258.129000 84.123000
216.893000 89.629000 178.335000 343.737000 339.402000 438.303000 195.123000 95.035000 374.023000 448.062000 257.303000 89.861000
219.931000 86.208000 178.089000 345.217000 339.294000 439.174000 194.730000 97.504000 373.530000 452.032000 256.538000 95.378000
219.931000 86.208000 177.844000 346.696000 339.193000 439.999000 194.336000 99.973000 372.766000 456.655000 255.808000 100.714000
222.969000 82.787000 177.598000 348.176000 339.088000 440.842000 193.943000 102.442000 372.170000 461.276000 255.143000 105.832000
222.969000 82.787000 177.353000 349.656000 338.988000 441.648000 193.549000 104.911000 371.552000 465.976000 254.488000 110.788000
226.007000 79.365000 177.112000 351.107000 338.904000 442.318000 193.160000 107.351000 370.959000 470.639000 253.823000 115.794000
226.007000 79.365000 176.861000 352.615000 338.847000 442.797000 192.768000 109.843000 370.357000 475.301000 253.158000 120.800000
229.045000 75.944000 176.596000 354.215000 338.786000 443.292000 192.353000 112.559000 369.755000 479.962000 252.493000 125.806000
229.045000 75.944000 176.318000 355.889000 338.706000 443.939000 191.899000 115.440000 369.153000 484.623000 251.829000 130.812000
232.083000 72.523000 176.018000 357.697000 338.624000 444.603000 191.399000 118.484000 368.551000 489.285000 251.190000 135.765000
232.083000 72.523000 175.716000 359.521000 338.541000 445.278000 190.871000 121.759000 367.949000 493.946000 250.458000 140.900000
235.121000 69.102000 175.418000 361.316000 338.457000 445.954000 190.332000 125.022000 367.347000 498.607000 249.683000 146.266000
235.121000 69.102000 175.118000 363.123000 338.375000 446.617000 189.792000 128.267000 366.744000 3.269000 248.833000 151.836000
238.159000 65.681000 174.815000 364.946000 338.295000 447.264000 189.255000 131.512000 366.142000 7.930000 247.984000 157.684000
238.159000 65.681000 174.493000 366.891000 338.230000 447.789000 188.717000 134.757000 365.540000 12.592000 247.200000 163.560000
241.197000 62.260000 174.155000 368.922000 338.173000 448.256000 188.180000 138.002000 364.938000 17.253000 246.482000 169.213000
241.197000 62.260000 173.833000 370.867000 338.112000 448.752000 187.642000 141.248000 364.336000 21.914000 245.794000 174.725000
244.215000 58.840000 173.530000 372.690000 338.054000 449.219000 187.105000 144.493000 363.734000 26.576000 245.119000 180.029000
244.215000 58.840000 173.231000 374.497000 337.989000 449.743000 186.567000 147.738000 363.132000 31.237000 244.432000 185.428000
247.303000 55.419000 172.928000 376.321000 337.909000 450.390000 186.030000 150.983000 362.529000 35.898000 243.736000 190.925000
247.303000 55.419000 172.644000 378.030000 337.824000 451.083000 185.490000 154.245000 361.924000 40.512000 243.041000 196.382000
250.473000 51.991000 172.360000 379.799000 337.744000 451.730000 184.952000 157.491000 361.322000 45.277000 242.341000 201.774000
250.473000 51.991000 172.040000 381.767000 337.679000 452.255000 184.428000 160.650000 360.735000 50.258000 241.632000 207.084000
253.714000 48.554000 171.677000 383.856000 337.621000 452.722000 183.923000 163.696000 360.168000 55.415000 240.917000 212.330000
253.714000 48.554000 171.300000 386.124000 337.560000 453.218000 183.432000 166.655000 359.616000 60.787000 240.201000 217.565000
257.038000 45.108000 170.954000 388.198000 337.502000 453.685000 182.944000 169.598000 359.067000 66.312000 239.492000 222.818000
257.038000 45.108000 170.641000 390.104000 337.437000 454.209000 182.453000 172.557000 358.514000 71.788000 238.772000 228.077000
260.431000 41.662000 170.338000 391.927000 337.358000 454.856000 181.962000 175.517000 357.962000 77.265000 238.025000 233.294000
260.431000 41.662000 170.050000 393.694000 337.272000 455.549000 181.471000 178.476000 357.410000 82.741000 237.264000 238.411000
263.804000 38.216000 169.741000 395.532000 337.192000 456.196000 180.980000 181.436000 356.857000 88.218000 236.496000 243.438000
263.804000 38.216000 169.381000 397.515000 337.127000 456.721000 180.488000 184.395000 356.305000 93.694000 235.766000 248.283000
267.177000 34.771000 168.997000 399.646000 337.070000 457.188000 179.997000 187.355000 355.753000 99.171000 235.083000 252.994000
267.177000 34.771000 168.624000 401.808000 337.008000 457.684000 179.506000 190.314000 355.201000 104.647000 234.409000 257.548000
270.550000 31.326000 168.278000 403.983000 336.947000 458.180000 179.015000 193.274000 354.649000 110.124000 233.721000 262.250000
270.550000 31.326000 167.946000 406.149000 336.886000 458.677000 178.524000 196.234000 354.097000 115.600000 232.997000 267.084000
273.923000 27.880000 167.607000 408.314000 336.825000 459.173000 178.033000 199.193000 353.545000 121.077000 232.256000 272.088000
273.923000 27.880000 167.268000 410.479000 336.763000 459.669000 177.542000 202.153000 352.992000 126.553000 231.528000 277.005000
277.296000 24.435000 166.929000 412.644000 336.702000 460.165000 177.051000 205.112000 352.440000 132.030000 230.796000 281.963000
277.296000 24.435000 166.590000 414.810000 336.641000 460.661000 176.560000 208.072000 351.888000 137.506000 230.028000 287.133000
280.693000 20.960000 166.251000 416.975000 336.583000 461.128000 176.068000 211.031000 351.336000 142.983000 229.257000 292.333000
280.693000 20.960000 165.912000 419.140000 336.522000 461.637000 175.577000 213.991000 350.793000 148.507000 228.518000 297.330000
283.970000 17.537000 165.573000 421.305000 336.442000 462.328000 175.086000 216.951000 350.232000 153.658000 227.783000 302.299000
283.970000 17.537000 165.234000 423.470000 336.334000 463.142000 174.595000 219.910000 349.630000 158.523000 227.043000 307.273000
287.158000 14.248000 164.895000 425.635000 336.215000 464.107000 174.104000 222.870000 349.017000 163.088000 226.331000 311.917000
287.158000 14.248000 164.556000 427.800000 336.108000 464.978000 173.632000 225.860000 348.444000 167.333000 225.665000 316.386000
290.263000 11.025000 164.217000 429.966000 336.009000 465.774000 173.112000 228.804000 347.917000 171.368000 225.065000 320.592000
290.263000 11.025000 163.878000 432.131000 335.905000 466.615000 172.525000 231.573000 347.436000 175.330000 224.321000 324.533000
293.225000 7.805000 163.537000 434.307000 335.786000 467.579000 171.963000 234.239000 346.975000 179.126000 223.523000 328.829000
293.225000 7.805000 163.198000 436.473000 335.660000 468.601000 171.472000 236.728000 346.524000 182.777000 222.598000 333.339000
296.272000 4.560000 162.870000 438.581000 335.538000 469.594000 171.027000 239.209000 346.065000 186.645000 221.755000 338.066000
296.272000 4.560000 162.556000 440.615000 335.415000 470.586000 170.673000 241.724000 345.566000 190.691000 220.945000 343.078000
299.367000 1.356000 162.252000 442.591000 335.292000 471.579000 170.294000 244.235000 345.023000 194.929000 220.237000 348.027000
299.367000 1.356000 161.946000 444.586000 335.170000 472.571000 169.914000 246.746000 344.474000 199.379000 219.500000 353.002000
302.531000 498.251000 161.647000 446.535000 335.073000 473.567000 169.535000 249.256000 343.918000 203.716000 218.772000 357.920000
302.531000 498.251000 161.366000 448.361000 334.879000 474.556000 169.155000 251.767000 343.449000 207.792000 218.062000 362.716000
305.746000 495.162000 161.093000 450.142000 334.633000 475.533000 168.776000 254.278000 343.026000 211.719000 217.358000 367.466000
305.746000 495.162000 160.812000 451.969000 334.311000 476.502000 168.396000 256.789000 342.654000 215.364000 216.648000 372.262000
308.943000 492.058000 160.518000 453.889000 333.892000 477.457000 168.017000 259.300000 342.198000 219.196000 215.920000 377.180000
308.943000 492.058000 160.205000 455.923000 333.396000 478.403000 167.637000 261.811000 341.705000 223.143000 215.183000 382.155000
312.140000 488.954000 159.878000 458.049000 332.849000 479.338000 167.258000 264.322000 341.119000 227.325000 214.450000 387.101000
312.140000 488.954000 159.545000 460.222000 332.204000 480.266000 166.878000 266.832000 340.559000 231.438000 213.718000 392.047000
315.338000 485.851000 159.218000 462.349000 331.586000 481.197000 166.499000 269.343000 339.999000 235.550000 212.985000 396.993000
315.338000 485.851000 158.906000 464.383000 330.967000 482.128000 166.119000 271.854000 339.440000 239.662000 212.253000 401.939000
318.535000 482.747000 158.606000 466.319000 330.348000 483.059000 165.740000 274.365000 338.880000 243.775000 211.520000 406.886000
318.535000 482.747000 158.330000 468.123000 329.729000 483.990000 165.360000 276.876000 338.320000 247.887000 210.787000 411.790000
321.733000 479.643000 158.080000 469.761000 329.110000 484.921000 164.981000 279.387000 337.761000 252.000000 210.060000 416.810000
321.733000 479.643000 157.829000 471.400000 328.492000 485.853000 164.601000 281.898000 337.201000 256.112000 209.329000 422.034000
324.926000 476.500000 157.553000 473.204000 327.873000 486.784000 164.222000 284.409000 336.642000 260.224000 208.575000 427.409000
324.926000 476.500000 157.245000 475.198000 327.254000 487.715000 163.842000 286.919000 336.082000 264.337000 207.789000 432.990000
328.127000 473.434000 156.941000 477.176000 326.635000 488.646000 163.463000 289.430000 335.522000 268.449000 206.977000 438.680000
328.127000 473.434000 156.661000 479.003000 326.017000 489.577000 163.083000 291.941000 334.963000 272.562000 206.159000 444.327000
331.344000 470.531000 156.387000 480.783000 325.398000 490.508000 162.704000 294.452000 334.403000 276.674000 205.346000 450.017000
331.344000 470.531000 156.107000 482.610000 324.779000 491.440000 162.324000 296.963000 333.843000 280.786000 204.533000 455.591000
334.567000 467.690000 155.807000 484.559000 324.160000 492.371000 161.945000 299.474000 333.284000 284.899000 203.728000 460.961000
334.567000 467.690000 155.495000 486.594000 323.541000 493.302000 161.565000 301.985000 332.725000 289.052000 202.933000 466.177000
337.785000 464.788000 155.200000 488.514000 322.897000 494.229000 161.186000 304.495000 332.166000 293.098000 202.146000 471.189000
337.785000 464.788000 154.910000 490.397000 322.371000 495.161000 160.807000 307.006000 331.601000 296.943000 201.361000 476.084000
340.985000 461.722000 154.618000 492.300000 321.926000 496.114000 160.427000 309.517000 331.030000 300.641000 200.574000 481.022000
340.985000 461.722000 154.326000 494.202000 321.562000 497.088000 160.048000 312.028000 330.454000 304.137000 199.787000 485.960000
344.179000 458.579000 154.034000 496.094000 321.220000 498.058000 159.668000 314.539000 329.877000 307.527000 198.998000 490.885000
344.179000 458.579000 153.753000 497.932000 320.821000 499.012000 159.289000 317.050000 329.301000 310.957000 198.211000 495.822000
347.376000 455.475000 153.526000 499.414000 320.443000 499.961000 158.909000 319.561000 328.725000 314.387000 197.435000 0.827000
347.376000 455.475000 153.298000 0.897000 320.146000 0.932000 158.530000 322.071000 328.149000 317.817000 196.673000 5.921000
350.574000 452.371000 132.403000 133.903000 319.931000 1.924000 158.150000 324.582000 327.574000 321.247000 195.923000 11.082000
350.574000 452.371000 134.419000 131.681000 319.834000 2.920000 157.771000 327.093000 326.998000 324.678000 195.175000 16.256000
353.771000 449.267000 136.436000 129.460000 319.712000 3.913000 157.391000 329.604000 326.422000 328.108000 194.425000 21.416000
353.771000 449.267000 138.452000 127.239000 319.589000 4.905000 157.012000 332.115000 325.846000 331.538000 193.677000 26.590000
356.969000 446.163000 140.468000 125.018000 319.467000 5.898000 156.632000 334.626000 325.270000 334.968000 192.931000 31.722000
356.969000 446.163000 142.485000 122.796000 319.344000 6.890000 156.253000 337.137000 324.694000 338.399000 192.165000 36.844000
360.166000 443.059000 144.501000 120.575000 319.222000 7.882000 155.873000 339.648000 324.118000 341.829000 191.365000 41.999000
360.166000 443.059000 146.518000 118.354000 319.099000 8.875000 155.494000 342.158000 323.542000 345.259000 190.547000 47.132000
363.363000 439.955000 148.534000 116.133000 318.979000 9.876000 155.114000 344.669000 322.966000 348.689000 189.734000 52.207000
363.363000 439.955000 150.551000 113.911000 318.856000 10.869000 154.735000 347.180000 322.390000 352.120000 188.947000 57.144000
366.561000 436.851000 152.567000 111.690000 318.724000 11.816000 154.355000 349.691000 321.814000 355.550000 188.160000 62.081000
366.561000 436.851000 154.584000 109.469000 318.580000 12.702000 153.976000 352.202000 321.231000 359.052000 187.349000 67.168000
369.758000 433.747000 156.600000 107.247000 318.426000 13.542000 153.596000 354.713000 320.651000 362.241000 186.531000 72.302000
369.758000 433.747000 158.616000 105.026000 318.270000 14.374000 153.217000 357.219000 320.150000 365.208000 185.720000 77.390000
372.955000 430.643000 160.633000 102.805000 318.116000 15.214000 152.838000 359.730000 319.707000 367.965000 184.928000 82.356000
372.955000 430.643000 162.649000 100.584000 317.962000 16.055000 152.456000 362.263000 319.320000 370.414000 184.146000 87.265000
376.153000 427.540000 164.666000 98.362000 317.808000 16.895000 152.072000 364.827000 319.016000 372.785000 183.359000 92.202000
376.153000 427.540000 166.682000 96.141000 317.654000 17.736000 151.686000 367.415000 318.715000 375.320000 182.572000 97.140000
379.350000 424.436000 168.699000 93.920000 317.501000 18.576000 151.299000 370.006000 318.393000 377.923000 181.795000 102.033000
379.350000 424.436000 170.715000 91.699000 317.347000 19.417000 150.913000 372.593000 318.047000 380.632000 181.003000 107.058000
382.547000 421.332000 172.731000 89.477000 317.193000 20.257000 150.527000 375.180000 317.726000 383.422000 180.141000 112.292000
382.547000 421.332000 174.748000 87.256000 317.039000 21.098000 150.141000 377.767000 317.453000 386.092000 179.234000 117.688000
385.730000 418.220000 176.764000 85.035000 316.885000 21.939000 149.755000 380.354000 317.127000 388.617000 178.265000 123.293000
385.730000 418.220000 178.781000 82.814000 316.731000 22.779000 149.369000 382.941000 316.743000 391.013000 177.257000 129.027000
388.954000 415.116000 180.797000 80.592000 316.577000 23.620000 148.982000 385.528000 316.308000 393.288000 176.257000 134.717000
388.954000 415.116000 182.814000 78.371000 316.424000 24.460000 148.596000 388.114000 315.798000 395.589000 175.259000 140.406000
392.251000 412.051000 184.830000 76.150000 316.270000 25.301000 148.210000 390.701000 315.311000 397.897000 174.262000 146.096000
392.251000 412.051000 186.847000 73.929000 316.116000 26.141000 147.824000 393.288000 314.824000 400.204000 173.253000 151.830000
395.604000 409.038000 188.863000 71.707000 315.962000 26.982000 147.438000 395.875000 314.336000 402.512000 172.261000 157.432000
395.604000 409.038000 190.879000 69.486000 315.808000 27.822000 147.052000 398.462000 313.849000 404.819000 171.330000 162.845000
399.029000 406.064000 192.896000 67.265000 315.654000 28.663000 146.665000 401.049000 313.362000 407.127000 170.439000 168.142000
399.029000 406.064000 194.912000 65.044000 315.500000 29.503000 146.279000 403.636000 312.875000 409.435000 169.601000 173.194000
402.497000 403.097000 196.929000 62.822000 315.347000 30.344000 145.900000 406.224000 312.387000 411.742000 168.760000 178.276000
402.497000 403.097000 198.945000 60.601000 315.193000 31.184000 145.507000 408.810000 311.900000 414.050000 167.888000 183.537000
405.949000 400.123000 200.962000 58.380000 315.039000 32.025000 145.083000 411.392000 311.413000 416.357000 167.012000 188.814000
405.949000 400.123000 202.978000 56.159000 314.885000 32.865000 144.647000 413.973000 310.926000 418.665000 166.141000 194.062000
409.401000 397.149000 204.995000 53.937000 314.731000 33.706000 144.223000 416.555000 310.438000 420.973000 165.269000 199.321000
409.401000 397.149000 207.011000 51.716000 314.577000 34.546000 143.830000 419.141000 309.951000 423.280000 164.393000 204.597000
412.854000 394.175000 209.027000 49.495000 314.423000 35.387000 143.451000 421.729000 309.464000 425.588000 163.497000 209.995000
412.854000 394.175000 211.044000 47.274000 314.270000 36.227000 143.065000 424.316000 308.976000 427.895000 162.592000 215.450000
416.306000 391.201000 213.060000 45.052000 314.116000 37.068000 142.678000 426.903000 308.479000 430.185000 161.692000 220.876000
416.306000 391.201000 215.077000 42.831000 313.962000 37.908000 142.292000 429.490000 307.993000 432.492000 160.791000 226.302000
419.764000 388.233000 217.093000 40.610000 313.808000 38.749000 141.906000 432.077000 307.570000 434.890000 159.891000 231.727000
419.764000 388.233000 219.110000 38.389000 313.654000 39.589000 141.520000 434.664000 307.183000 437.405000 158.991000 237.153000
423.224000 385.261000 221.126000 36.167000 313.500000 40.430000 141.134000 437.251000 306.860000 440.011000 158.090000 242.579000
423.224000 385.261000 223.142000 33.946000 313.346000 41.270000 140.748000 439.837000 306.547000 442.634000 157.190000 248.005000
426.628000 382.274000 225.159000 31.725000 313.193000 42.111000 140.361000 442.424000 306.224000 445.239000 156.290000 253.431000
426.628000 382.274000 227.175000 29.504000 313.039000 42.951000 139.975000 445.011000 305.902000 447.844000 155.389000 258.857000
430.003000 379.193000 229.192000 27.282000 312.885000 43.792000 139.589000 447.598000 305.579000 450.449000 154.489000 264.283000
430.003000 379.193000 231.208000 25.061000 312.731000 44.632000 139.203000 450.185000 305.256000 453.054000 153.583000 269.737000
433.393000 375.978000 233.225000 22.840000 312.577000 45.473000 138.817000 452.772000 304.934000 455.659000 152.688000 275.135000
433.393000 375.978000 235.241000 20.619000 312.423000 46.313000 138.431000 455.359000 304.611000 458.264000 151.812000 280.411000
436.773000 372.714000 237.258000 18.397000 312.269000 47.154000 138.044000 457.946000 304.289000 460.869000 150.945000 285.642000
436.773000 372.714000 239.274000 16.176000 312.116000 47.994000 137.658000 460.533000 303.966000 463.474000 150.069000 290.918000
440.097000 369.487000 241.290000 13.955000 311.962000 48.835000 137.272000 463.120000 303.643000 466.079000 149.173000 296.315000
440.097000 369.487000 243.307000 11.734000 311.808000 49.676000 136.886000 465.707000 303.321000 468.685000 148.263000 301.799000
443.361000 366.368000 245.323000 9.512000 311.654000 50.516000 136.500000 468.294000 302.998000 471.290000 147.368000 307.197000
443.361000 366.368000 247.340000 7.291000 311.500000 51.357000 136.114000 470.881000 302.676000 473.895000 146.487000 312.502000
446.640000 363.270000 249.356000 5.070000 311.346000 52.197000 135.727000 473.467000 302.353000 476.500000 145.619000 317.734000
446.640000 363.270000 251.373000 2.848000 311.192000 53.038000 135.341000 476.054000 302.030000 479.105000 144.773000 322.832000
450.024000 360.044000 253.389000 0.627000 311.039000 53.878000 134.955000 478.641000 301.712000 481.700000 143.930000 327.913000
450.024000 360.044000 255.405000 498.406000 310.885000 54.719000 134.569000 481.228000 301.390000 484.305000 143.082000 333.024000
453.486000 356.684000 257.422000 496.185000 310.731000 55.559000 134.183000 483.815000 301.046000 486.960000 142.241000 338.094000
453.486000 356.684000 259.438000 493.963000 310.577000 56.400000 133.797000 486.402000 300.673000 489.683000 141.393000 343.204000
457.032000 353.217000 261.455000 491.742000 310.423000 57.240000 133.410000 488.989000 300.280000 492.456000 140.545000 348.315000
457.032000 353.217000 263.471000 489.521000 310.269000 58.081000 133.024000 491.576000 299.882000 495.238000 139.698000 353.414000
460.657000 349.730000 265.488000 487.300000 310.115000 58.921000 132.638000 494.163000 299.488000 498.011000 138.855000 358.496000
460.657000 349.730000 267.504000 485.078000 309.962000 59.762000 132.252000 496.750000 299.094000 0.783000 138.032000 363.457000
464.260000 346.264000 269.521000 482.857000 309.808000 60.602000 131.866000 499.337000 298.700000 3.556000 137.218000 368.360000
464.260000 346.264000 271.537000 480.636000 309.654000 61.443000 131.480000 1.924000 298.307000 6.329000 136.405000 373.264000
467.864000 342.797000 273.553000 478.415000 309.500000 62.283000 131.093000 4.511000 297.913000 9.101000 135.586000 378.208000
467.864000 342.797000 275.577000 476.195000 309.346000 63.124000 147.346000 130.643000 297.519000 11.874000 134.742000 383.335000
471.467000 339.331000 277.549000 473.974000 309.192000 63.964000 149.699000 128.052000 297.126000 14.647000 133.860000 388.571000
471.467000 339.331000 279.653000 471.744000 309.038000 64.805000 152.051000 125.460000 296.732000 17.419000 132.965000 393.984000
475.071000 335.864000 281.891000 469.503000 308.885000 65.645000 154.404000 122.869000 296.338000 20.192000 132.105000 399.453000
475.071000 335.864000 284.269000 467.252000 308.731000 66.486000 156.756000 120.278000 295.944000 22.965000 131.296000 404.903000
478.674000 332.398000 286.785000 464.998000 308.577000 67.326000 159.109000 117.686000 295.551000 25.737000 130.518000 410.358000
478.674000 332.398000 289.452000 462.746000 308.423000 68.167000 161.461000 115.095000 295.157000 28.510000 129.745000 415.812000
482.277000 328.932000 292.104000 460.494000 308.269000 69.007000 163.814000 112.503000 294.763000 31.282000 128.961000 421.325000
482.277000 328.932000 294.756000 458.242000 308.115000 69.848000 166.166000 109.912000 294.369000 34.055000 128.182000 426.625000
485.881000 325.465000 297.408000 455.990000 307.961000 70.688000 168.519000 107.320000 293.990000 36.806000 127.435000 431.707000
485.881000 325.465000 300.060000 453.738000 307.807000 71.529000 170.871000 104.729000 293.571000 39.578000 126.723000 436.644000
489.484000 321.999000 302.722000 451.456000 307.654000 72.369000 173.224000 102.137000 293.079000 42.467000 126.017000 441.260000
489.484000 321.999000 305.373000 449.243000 307.500000 73.210000 175.576000 99.546000 292.533000 45.484000 125.287000 446.006000
493.087000 318.533000 307.966000 447.146000 307.346000 74.050000 177.929000 96.954000 291.914000 48.618000 124.527000 450.936000
493.087000 318.533000 310.520000 445.045000 307.192000 74.891000 180.281000 94.363000 291.254000 51.772000 123.764000 455.907000
496.691000 315.066000 313.020000 442.814000 307.038000 75.731000 182.614000 91.793000 290.609000 54.905000 123.001000 460.878000
496.691000 315.066000 315.515000 440.437000 306.884000 76.572000 185.016000 89.202000 289.965000 58.038000 122.241000 465.808000
0.316000 311.580000 318.022000 437.976000 306.730000 77.413000 187.501000 86.489000 289.320000 61.170000 121.510000 470.577000
0.316000 311.580000 320.533000 435.553000 306.577000 78.253000 190.044000 83.628000 288.675000 64.303000 120.804000 475.181000
3.862000 308.112000 323.050000 433.128000 306.423000 79.094000 192.697000 80.686000 288.034000 67.439000 120.103000 479.806000
3.862000 308.112000 325.573000 430.701000 306.269000 79.934000 195.303000 77.815000 287.385000 70.569000 119.340000 484.715000
7.324000 304.752000 328.096000 428.274000 306.115000 80.775000 197.859000 75.000000 286.722000 73.685000 118.603000 489.513000
7.324000 304.752000 330.618000 425.848000 305.961000 81.615000 200.462000 72.151000 286.053000 76.795000 117.768000 494.950000
10.708000 301.527000 333.141000 423.422000 305.807000 82.456000 203.114000 69.211000 285.389000 79.911000 117.464000 496.926000
10.708000 301.527000 335.663000 420.995000 305.653000 83.296000 205.823000 66.227000 284.741000 83.041000 365.271000 439.419000
14.008000 298.407000 338.185000 418.569000 305.500000 84.137000 208.511000 63.265000 284.100000 86.177000 364.963000 441.900000
14.008000 298.407000 340.708000 416.142000 305.346000 84.977000 211.200000 60.304000 283.455000 89.310000 364.655000 444.381000
17.217000 295.314000 343.230000 413.716000 305.188000 85.853000 213.889000 57.342000 282.810000 92.442000 364.409000 446.366000
17.217000 295.314000 345.752000 411.289000 305.037000 87.260000 216.577000 54.380000 282.166000 95.575000 364.039000 449.343000
20.476000 292.195000 348.296000 408.842000 304.904000 88.885000 219.266000 51.419000 281.514000 98.697000 363.652000 452.458000
20.476000 292.195000 350.762000 406.415000 304.783000 90.773000 221.962000 48.459000 280.889000 101.854000 363.281000 455.448000
23.804000 289.042000 353.143000 404.095000 304.665000 92.324000 224.612000 45.499000 280.254000 105.009000 362.924000 458.331000
23.804000 289.042000 355.446000 401.909000 304.535000 93.596000 227.357000 42.529000 279.584000 108.146000 362.561000 461.252000
27.179000 285.815000 357.665000 399.830000 304.399000 94.306000 230.226000 39.538000 278.970000 111.382000 362.207000 464.051000
27.179000 285.815000 359.785000 397.791000 304.265000 94.973000 233.210000 36.525000 278.375000 114.693000 361.880000 466.726000
30.622000 282.616000 361.989000 395.692000 304.132000 95.640000 236.310000 33.501000 277.786000 117.945000 361.576000 469.190000
30.622000 282.616000 364.239000 393.506000 303.998000 96.306000 239.546000 30.477000 277.242000 121.110000 361.276000 471.669000
34.096000 279.543000 366.543000 391.289000 303.865000 96.973000 242.762000 27.454000 276.670000 124.184000 360.950000 474.411000
34.096000 279.543000 368.793000 389.104000 303.737000 97.638000 245.979000 24.432000 276.091000 127.303000 360.580000 477.333000
37.561000 276.509000 370.997000 387.005000 303.598000 98.288000 249.196000 21.409000 275.507000 130.558000 360.165000 480.434000
37.561000 276.509000 373.138000 384.945000 303.433000 98.965000 252.412000 18.386000 274.965000 133.890000 359.728000 483.773000
41.023000 273.442000 375.279000 382.885000 303.260000 99.745000 255.630000 15.315000 274.463000 137.359000 359.290000 487.126000
41.023000 273.442000 377.483000 380.786000 303.100000 100.650000 258.655000 12.384000 274.047000 140.836000 358.857000 490.457000
44.465000 270.328000 379.733000 378.601000 302.968000 101.645000 261.503000 9.597000 273.624000 144.157000 358.423000 493.789000
44.465000 270.328000 382.038000 376.384000 302.849000 102.654000 264.198000 6.979000 273.207000 147.433000 357.989000 497.121000
47.882000 267.264000 384.288000 374.199000 302.723000 103.646000 266.707000 4.397000 272.785000 150.754000 357.556000 0.453000
47.882000 267.264000 386.492000 372.099000 302.596000 104.638000 269.130000 1.707000 272.347000 154.198000 357.122000 3.785000
51.282000 264.317000 388.633000 370.040000 302.470000 105.630000 271.577000 499.001000 271.901000 157.699000 356.689000 7.117000
51.282000 264.317000 390.795000 367.960000 302.344000 106.622000 273.965000 496.390000 271.459000 161.171000 356.255000 10.449000
54.679000 261.386000 392.957000 365.880000 302.218000 107.614000 276.463000 493.698000 271.018000 164.643000 355.821000 13.781000
54.679000 261.386000 395.119000 363.800000 302.088000 108.635000 279.020000 490.858000 270.602000 168.119000 355.388000 17.113000
58.080000 258.439000 397.281000 361.720000 301.961000 109.615000 281.658000 487.896000 270.088000 171.587000 354.954000 20.445000
58.080000 258.439000 399.422000 359.661000 301.854000 110.412000 284.367000 484.912000 269.526000 175.073000 354.521000 23.777000
61.480000 255.491000 401.626000 357.562000 301.772000 111.103000 287.055000 481.951000 268.897000 178.495000 354.087000 27.109000
61.480000 255.491000 403.877000 355.397000 301.709000 111.611000 289.744000 478.989000 268.183000 181.735000 353.653000 30.441000
64.880000 252.544000 406.187000 353.163000 301.650000 112.078000 292.433000 476.027000 267.406000 184.858000 353.220000 33.773000
64.880000 252.544000 408.532000 350.873000 301.587000 112.574000 295.121000 473.066000 266.589000 187.798000 352.786000 37.105000
68.280000 249.596000 410.833000 348.623000 301.523000 113.070000 297.810000 470.104000 265.689000 190.678000 352.353000 40.437000
68.280000 249.596000 413.251000 346.422000 301.460000 113.566000 300.498000 467.142000 264.814000 193.591000 351.919000 43.769000
71.681000 246.649000 415.740000 344.266000 301.397000 114.062000 303.173000 464.175000 263.939000 196.504000 351.485000 47.101000
71.681000 246.649000 418.303000 342.143000 301.334000 114.558000 305.882000 461.214000 263.064000 199.391000 351.081000 50.067000
75.081000 243.701000 420.981000 340.001000 301.271000 115.054000 308.662000 458.277000 262.189000 202.303000 350.913000 51.661000
75.081000 243.701000 423.639000 337.860000 301.208000 115.550000 311.492000 455.374000 261.319000 205.388000 350.869000 52.457000
78.481000 240.754000 426.298000 335.719000 301.145000 116.046000 314.381000 452.442000 260.456000 208.573000 350.952000 52.774000
78.481000 240.754000 428.956000 333.579000 301.082000 116.542000 317.330000 449.661000 259.599000 211.931000 350.942000 53.364000
81.882000 237.806000 431.614000 331.438000 301.019000 117.038000 320.327000 447.017000 258.742000 215.313000 350.837000 54.582000
81.882000 237.806000 434.273000 329.311000 300.955000 117.534000 323.348000 444.498000 257.884000 218.670000 350.511000 57.082000
85.282000 234.858000 436.939000 327.173000 300.892000 118.030000 326.344000 441.858000 257.027000 222.027000 350.185000 59.940000
85.282000 234.858000 439.596000 324.960000 300.829000 118.526000 329.285000 439.062000 256.169000 225.384000 349.770000 62.759000
88.682000 231.911000 442.206000 322.637000 300.766000 119.022000 332.180000 436.162000 255.318000 228.747000 349.322000 65.537000
88.682000 231.911000 444.772000 320.223000 300.703000 119.518000 335.075000 433.357000 254.458000 232.126000 348.790000 68.366000
92.083000 228.963000 447.293000 317.782000 300.640000 120.014000 337.957000 430.584000 253.541000 235.314000 348.328000 71.309000
92.083000 228.963000 449.808000 315.353000 300.577000 120.510000 340.838000 427.817000 252.662000 238.016000 347.905000 74.377000
95.483000 226.016000 452.309000 312.947000 300.514000 121.006000 343.720000 425.044000 251.856000 240.391000 347.565000 77.484000
95.483000 226.016000 454.873000 310.501000 300.450000 121.502000 346.603000 422.271000 251.122000 242.367000 347.200000 80.565000
98.883000 223.068000 457.485000 307.990000 300.387000 121.998000 349.486000 419.498000 250.487000 244.588000 346.836000 83.645000
98.883000 223.068000 460.152000 305.427000 300.324000 122.494000 352.369000 416.725000 249.932000 246.996000 346.471000 86.725000
102.284000 220.121000 462.890000 302.791000 300.261000 122.990000 355.251000 413.952000 249.433000 249.827000 346.106000 89.806000
102.284000 220.121000 465.684000 300.102000 300.198000 123.486000 358.134000 411.179000 249.019000 252.828000 345.742000 92.886000
105.684000 217.173000 468.524000 297.349000 300.135000 123.982000 361.024000 408.407000 248.575000 255.825000 345.377000 95.967000
105.684000 217.173000 471.435000 294.557000 300.072000 124.478000 363.867000 405.633000 248.136000 258.781000 345.012000 99.047000
109.084000 214.226000 474.303000 291.765000 300.009000 124.974000 366.813000 402.849000 247.719000 261.554000 344.648000 102.128000
109.084000 214.226000 477.149000 288.981000 299.946000 125.470000 369.883000 400.056000 247.330000 264.221000 344.283000 105.208000
112.484000 211.278000 480.040000 286.280000 299.882000 125.966000 373.074000 397.257000 246.964000 266.706000 343.918000 108.288000
112.484000 211.278000 482.981000 283.695000 299.819000 126.462000 376.384000 394.460000 246.602000 269.150000 343.554000 111.369000
115.885000 208.331000 485.977000 281.206000 299.760000 126.929000 379.832000 391.667000 246.236000 271.624000 343.189000 114.449000
115.885000 208.331000 489.011000 278.738000 299.697000 127.437000 383.261000 388.872000 245.870000 274.097000 342.824000 117.530000
119.285000 205.383000 492.029000 276.250000 299.615000 128.128000 386.691000 386.077000 245.504000 276.570000 342.460000 120.610000
119.285000 205.383000 495.048000 273.763000 299.508000 128.925000 390.121000 383.283000 245.138000 279.043000 342.095000 123.691000
122.685000 202.436000 498.066000 271.275000 299.381000 129.905000 393.550000 380.488000 244.771000 281.516000 341.730000 126.771000
122.685000 202.436000 1.085000 268.787000 299.251000 130.926000 396.980000 377.693000 244.405000 283.989000 341.366000 129.851000
126.086000 199.488000 4.091000 266.290000 299.125000 131.918000 400.408000 374.854000 244.039000 286.462000 341.001000 132.932000
126.086000 199.488000 7.121000 263.797000 298.999000 132.910000 403.634000 372.129000 243.673000 288.935000 340.636000 136.012000
129.486000 196.541000 10.203000 261.389000 298.869000 133.931000 406.659000 369.558000 243.307000 291.408000 340.272000 139.093000
129.486000 196.541000 13.312000 259.043000 298.746000 134.895000 409.486000 367.127000 242.940000 293.881000 339.907000 142.173000
132.886000 193.593000 16.420000 256.601000 298.635000 135.766000 412.128000 364.818000 242.574000 296.354000 339.543000 145.254000
132.886000 193.593000 19.502000 254.031000 298.538000 136.533000 414.583000 362.435000 242.208000 298.827000 339.182000 148.341000
136.287000 190.646000 22.570000 251.283000 298.450000 137.223000 417.098000 360.007000 241.842000 301.300000 338.818000 151.422000
136.287000 190.646000 25.636000 248.541000 298.353000 137.990000 419.678000 357.581000 241.476000 303.773000 338.432000 154.468000
139.687000 187.698000 28.676000 245.882000 298.238000 138.890000 422.342000 355.048000 241.122000 306.255000 338.018000 157.471000
139.687000 187.698000 31.698000 243.262000 298.119000 139.826000 425.083000 352.381000 240.716000 308.640000 337.583000 160.440000
143.087000 184.751000 34.695000 240.669000 298.004000 140.726000 427.909000 349.607000 240.188000 311.356000 337.144000 163.402000
143.087000 184.751000 37.764000 238.031000 297.907000 141.493000 430.813000 346.814000 239.607000 314.187000 336.709000 166.371000
146.488000 181.803000 40.880000 235.330000 297.819000 142.183000 433.695000 344.041000 238.928000 317.299000 336.274000 169.340000
146.488000 181.803000 44.047000 232.562000 297.718000 142.980000 436.578000 341.268000 238.362000 320.142000 335.840000 172.309000
149.888000 178.855000 47.277000 229.762000 297.607000 143.851000 439.461000 338.495000 237.869000 322.884000 335.405000 175.278000
149.888000 178.855000 50.470000 226.994000 297.503000 144.657000 442.343000 335.722000 237.515000 325.306000 334.970000 178.247000
153.288000 175.908000 53.725000 224.195000 297.417000 145.327000 445.205000 332.969000 237.148000 327.780000 334.535000 181.217000
